1.000000000000000000e+00
7.980769230769231282e-01
7.603021978021977656e-01
6.978021978021977656e-01
6.900183150183150094e-01
6.513278388278388453e-01
6.169871794871795156e-01
6.110347985347985844e-01
5.904304029304029422e-01
5.750915750915750468e-01
5.570054945054945250e-01
5.563186813186813406e-01
5.373168498168497953e-01
5.370879120879120672e-01
5.066391941391941156e-01
5.025183150183150094e-01
4.858058608058608008e-01
4.725274725274725141e-01
4.688644688644688641e-01
4.581043956043955867e-01
4.436813186813186594e-01
4.164377289377289570e-01
4.253663003663003539e-01
4.253663003663003539e-01
4.054487179487179516e-01
3.994963369963370203e-01
3.921703296703296648e-01
3.745421245421245438e-01
3.793498168498168344e-01
3.663003663003662758e-01
3.502747252747252515e-01
3.493589743589743390e-01
3.516483516483516758e-01
3.411172161172161266e-01
3.461538461538461453e-01
3.248626373626373742e-01
3.296703296703296648e-01
3.232600732600732774e-01
3.150183150183150094e-01
3.079212454212454375e-01
3.015109890109889945e-01
2.886904761904761640e-01
2.864010989010988828e-01
2.948717948717948789e-01
2.880036630036629797e-01
2.864010989010988828e-01
2.724358974358974117e-01
2.747252747252747485e-01
2.692307692307692180e-01
2.543498168498168344e-01
2.662545787545787523e-01
2.593864468864469086e-01
2.463369963369963500e-01
2.518315018315018250e-01
2.477106227106227188e-01
2.513736263736263687e-01
2.486263736263736313e-01
2.367216117216117133e-01
2.339743589743589758e-01
2.342032967032967039e-01
2.298534798534798418e-01
2.218406593406593297e-01
2.282509157509157449e-01
2.232142857142857262e-01
2.255036630036630074e-01
2.250457875457875512e-01
2.202380952380952328e-01
2.229853479853479981e-01
2.021520146520146555e-01
1.959706959706959684e-01
2.035256410256410242e-01
1.987179487179487059e-01
1.952838827838827840e-01
2.007783882783882867e-01
1.893315018315018250e-01
1.939102564102564152e-01
1.952838827838827840e-01
1.870421245421245438e-01
1.863553113553113594e-01
1.806318681318681285e-01
1.854395604395604469e-01
1.799450549450549441e-01
1.671245421245421137e-01
1.765109890109890223e-01
1.737637362637362570e-01
1.849816849816849906e-01
1.701007326007326070e-01
1.668956043956043855e-01
1.668956043956043855e-01
1.698717948717948789e-01
1.678113553113552980e-01
1.636904761904761918e-01
1.579670329670329609e-01
1.611721611721611824e-01
1.559065934065934078e-01
1.531593406593406703e-01
1.488095238095238082e-01
1.449175824175824301e-01
1.458333333333333426e-01
1.474358974358974395e-01
1.476648351648351676e-01
1.421703296703296648e-01
1.444597069597069461e-01
1.490384615384615363e-01
1.437728937728937617e-01
1.380494505494505586e-01
1.403388278388278398e-01
1.369047619047619180e-01
1.339285714285714246e-01
1.277472527472527375e-01
1.279761904761904656e-01
1.277472527472527375e-01
1.318681318681318715e-01
1.295787545787545902e-01
1.229395604395604330e-01
1.243131868131868156e-01
1.245421245421245438e-01
1.240842490842490875e-01
1.243131868131868156e-01
1.149267399267399209e-01
1.172161172161172160e-01
1.190476190476190410e-01
1.217948717948717924e-01
1.199633699633699674e-01
1.188186813186813129e-01
1.137820512820512803e-01
1.085164835164835195e-01
1.169871794871794879e-01
1.156135531135531191e-01
1.096611721611721602e-01
1.130952380952380959e-01
1.133241758241758240e-01
1.098901098901098883e-01
1.073717948717948650e-01
1.082875457875457914e-01
1.066849816849816807e-01
1.066849816849816807e-01
1.037087912087912150e-01
1.094322344322344320e-01
1.092032967032967039e-01
1.034798534798534730e-01
1.039377289377289432e-01
1.055402930402930400e-01
1.000457875457875512e-01
9.890109890109889668e-02
9.661172161172161543e-02
9.798534798534798418e-02
9.294871794871795156e-02
8.836996336996337520e-02
9.615384615384615918e-02
9.500915750915750468e-02
9.500915750915750468e-02
9.546703296703296093e-02
9.478021978021977656e-02
9.020146520146520019e-02
8.882783882783883145e-02
8.447802197802198321e-02
8.470695970695971133e-02
8.241758241758241621e-02
8.836996336996337520e-02
8.539377289377289570e-02
8.264652014652014433e-02
8.562271062271062383e-02
8.379120879120878496e-02
8.310439560439560058e-02
8.356227106227105683e-02
7.852564102564102422e-02
7.371794871794871973e-02
7.600732600732600097e-02
7.234432234432235098e-02
7.760989010989011172e-02
7.326007326007326348e-02
7.234432234432235098e-02
7.554945054945054472e-02
7.348901098901099160e-02
7.348901098901099160e-02
6.753663003663003261e-02
6.845238095238095899e-02
7.051282051282051211e-02
6.936813186813187149e-02
6.913919413919414336e-02
7.119963369963369648e-02
6.639194139194139199e-02
6.524725274725275137e-02
6.776556776556776074e-02
6.799450549450548886e-02
6.707875457875457637e-02
6.135531135531135244e-02
6.707875457875457637e-02
6.547619047619047949e-02
6.181318681318681563e-02
5.837912087912087988e-02
6.456043956043956700e-02
6.250000000000000000e-02
6.227106227106227188e-02
6.227106227106227188e-02
5.860805860805860801e-02
6.112637362637362431e-02
5.815018315018315176e-02
5.975274725274725557e-02
6.021062271062271182e-02
5.837912087912087988e-02
5.998168498168498369e-02
5.837912087912087988e-02
6.364468864468864062e-02
6.295787545787545625e-02
6.181318681318681563e-02
6.227106227106227188e-02
5.746336996336996045e-02
6.112637362637362431e-02
5.769230769230769551e-02
5.975274725274725557e-02
5.975274725274725557e-02
6.043956043956043994e-02
5.998168498168498369e-02
6.135531135531135244e-02
5.677655677655677607e-02
5.975274725274725557e-02
5.380036630036630352e-02
5.219780219780219971e-02
5.677655677655677607e-02
5.517399267399267226e-02
5.563186813186812851e-02
5.425824175824175977e-02
5.792124542124542363e-02
5.654761904761904795e-02
5.815018315018315176e-02
5.540293040293040039e-02
5.357142857142856845e-02
5.837912087912087988e-02
5.128205128205128027e-02
5.380036630036630352e-02
5.265567765567765596e-02
5.151098901098900840e-02
4.830586080586080772e-02
4.945054945054944834e-02
4.739010989010988828e-02
5.311355311355311221e-02
4.967948717948717646e-02
5.036630036630036777e-02
4.761904761904761640e-02
4.601648351648351953e-02
4.807692307692307959e-02
4.739010989010988828e-02
4.761904761904761640e-02
4.647435897435897578e-02
4.464285714285714385e-02
4.716117216117216016e-02
4.441391941391941572e-02
4.899267399267399209e-02
5.013736263736263965e-02
4.761904761904761640e-02
4.647435897435897578e-02
4.349816849816849629e-02
4.349816849816849629e-02
4.441391941391941572e-02
4.418498168498168760e-02
4.372710622710622441e-02
4.349816849816849629e-02
4.120879120879120810e-02
4.097985347985347998e-02
4.441391941391941572e-02
4.097985347985347998e-02
4.052197802197802373e-02
4.052197802197802373e-02
4.143772893772893623e-02
3.731684981684981611e-02
4.029304029304029561e-02
4.189560439560439248e-02
3.754578754578754424e-02
3.525641025641025605e-02
4.097985347985347998e-02
4.189560439560439248e-02
4.075091575091575186e-02
3.937728937728937617e-02
4.097985347985347998e-02
4.120879120879120810e-02
4.120879120879120810e-02
4.097985347985347998e-02
4.304029304029304004e-02
4.212454212454212754e-02
3.731684981684981611e-02
3.777472527472527236e-02
3.708791208791208799e-02
3.663003663003663174e-02
3.411172161172160849e-02
3.731684981684981611e-02
3.685897435897435986e-02
3.685897435897435986e-02
3.685897435897435986e-02
3.456959706959707168e-02
3.685897435897435986e-02
3.777472527472527236e-02
3.411172161172160849e-02
3.800366300366300049e-02
3.708791208791208799e-02
3.731684981684981611e-02
3.617216117216117549e-02
3.708791208791208799e-02
3.754578754578754424e-02
3.411172161172160849e-02
3.869047619047619180e-02
3.479853479853479981e-02
3.525641025641025605e-02
3.434065934065934356e-02
3.388278388278388037e-02
3.571428571428571230e-02
3.800366300366300049e-02
3.525641025641025605e-02
3.571428571428571230e-02
3.754578754578754424e-02
3.342490842490842412e-02
3.434065934065934356e-02
3.182234432234432031e-02
2.861721611721611616e-02
3.182234432234432031e-02
3.159340659340659219e-02
3.159340659340659219e-02
3.067765567765567622e-02
2.747252747252747207e-02
2.541208791208791201e-02
3.067765567765567622e-02
3.090659340659340781e-02
3.021978021978021997e-02
2.861721611721611616e-02
3.090659340659340781e-02
2.907509157509157588e-02
2.747252747252747207e-02
2.655677655677655610e-02
2.976190476190476025e-02
2.701465201465201582e-02
2.632783882783882798e-02
2.609890109890109985e-02
2.609890109890109985e-02
2.655677655677655610e-02
2.747252747252747207e-02
2.609890109890109985e-02
2.632783882783882798e-02
2.564102564102564014e-02
2.586996336996336826e-02
2.793040293040293179e-02
2.815934065934065991e-02
2.747252747252747207e-02
2.472527472527472417e-02
2.518315018315018389e-02
2.976190476190476025e-02
2.701465201465201582e-02
2.815934065934065991e-02
2.495421245421245576e-02
2.632783882783882798e-02
2.518315018315018389e-02
2.701465201465201582e-02
2.655677655677655610e-02
2.518315018315018389e-02
2.701465201465201582e-02
2.907509157509157588e-02
2.678571428571428423e-02
2.678571428571428423e-02
2.312271062271062383e-02
2.472527472527472417e-02
2.632783882783882798e-02
2.358058608058608008e-02
2.266483516483516411e-02
2.472527472527472417e-02
2.426739926739926792e-02
2.472527472527472417e-02
2.380952380952380820e-02
2.449633699633699604e-02
2.586996336996336826e-02
2.358058608058608008e-02
2.174908424908424814e-02
2.152014652014652002e-02
2.312271062271062383e-02
2.380952380952380820e-02
2.449633699633699604e-02
2.266483516483516411e-02
2.312271062271062383e-02
2.312271062271062383e-02
1.877289377289377212e-02
1.900183150183150024e-02
2.060439560439560405e-02
2.152014652014652002e-02
2.220695970695970786e-02
2.266483516483516411e-02
2.197802197802197974e-02
2.014652014652014780e-02
2.335164835164835195e-02
2.060439560439560405e-02
1.900183150183150024e-02
1.854395604395604399e-02
2.152014652014652002e-02
2.014652014652014780e-02
1.854395604395604399e-02
1.877289377289377212e-02
1.739926739926739990e-02
1.877289377289377212e-02
1.808608058608058775e-02
1.945970695970695996e-02
1.877289377289377212e-02
1.808608058608058775e-02
1.785714285714285615e-02
