1.000000000000000000e+00
8.415993848519800480e-01
7.939254133025759330e-01
7.627835447904651733e-01
7.312572087658593123e-01
7.224144559784698716e-01
7.220299884659746592e-01
7.016532103037292911e-01
6.893502499038831610e-01
6.612841214917339894e-01
6.466743560169165850e-01
6.397539407920030952e-01
6.309111880046136545e-01
6.305267204921184421e-01
6.089965397923875479e-01
5.932333717800846173e-01
6.101499423298730740e-01
5.951557093425605682e-01
5.724721261053441479e-01
5.709342560553632984e-01
5.590157631680122696e-01
5.409457900807381758e-01
5.424836601307189143e-01
5.155709342560553798e-01
5.201845444059977064e-01
5.359477124183006369e-01
5.271049596309111962e-01
5.178777393310265431e-01
5.159554017685505922e-01
5.178777393310265431e-01
4.863514033064206266e-01
4.994232987312571814e-01
4.921184159938485347e-01
4.998077662437523938e-01
4.725105728565935914e-01
4.851980007689350449e-01
5.021145713187236126e-01
4.821222606689734569e-01
4.890426758938869467e-01
4.640522875816993631e-01
4.625144175317185691e-01
4.590542099192618242e-01
4.471357170319107954e-01
4.525182622068435467e-01
4.340638216070741850e-01
4.317570165321030218e-01
4.306036139946174401e-01
4.213763936947327871e-01
4.367550941945405607e-01
4.206074586697424178e-01
4.171472510572856729e-01
4.094579008073817583e-01
4.002306805074971052e-01
3.990772779700115236e-01
4.079200307574010198e-01
4.056132256824298565e-01
3.979238754325259420e-01
4.002306805074971052e-01
3.913879277201076645e-01
3.817762399077277991e-01
3.729334871203383583e-01
3.540945790080738398e-01
3.683198769703959763e-01
3.660130718954248130e-01
3.806228373702422174e-01
3.733179546328335152e-01
3.687043444828911887e-01
3.617839292579776989e-01
3.640907343329488621e-01
3.625528642829680681e-01
3.490965013456363009e-01
3.356401384083044781e-01
3.444828911956939743e-01
3.567858515955401599e-01
3.471741637831603500e-01
3.498654363706266701e-01
3.394848135332564354e-01
3.364090734332949029e-01
3.364090734332949029e-01
3.364090734332949029e-01
3.333333333333333148e-01
3.287197231833909883e-01
3.341022683583237396e-01
3.271818531334102498e-01
3.129565551710880578e-01
3.125720876585928454e-01
3.202614379084967045e-01
3.010380622837370290e-01
3.071895424836601496e-01
3.141099577085736394e-01
3.044982698961937739e-01
3.114186851211072637e-01
3.114186851211072637e-01
3.052672049211841432e-01
3.060361399461745679e-01
2.945021145713186961e-01
2.971933871587850717e-01
2.937331795463283268e-01
2.918108419838523759e-01
2.948865820838139085e-01
2.879661668589004186e-01
2.883506343713956310e-01
2.856593617839292554e-01
2.906574394463667943e-01
2.902729719338715819e-01
2.841214917339484614e-01
2.775855440215301839e-01
2.722029988465974881e-01
2.821991541714725105e-01
2.741253364090734390e-01
2.864282968089196246e-01
2.798923490965013472e-01
2.733564013840830698e-01
2.648981161091887859e-01
2.579777008842752961e-01
2.760476739715493899e-01
2.591311034217608777e-01
2.572087658592848713e-01
2.452902729719338704e-01
2.583621683967704530e-01
2.595155709342560346e-01
2.579777008842752961e-01
2.595155709342560346e-01
2.464436755094194520e-01
2.587466359092656654e-01
2.475970780469050336e-01
2.491349480968857999e-01
2.425990003844675225e-01
2.368319876970395865e-01
2.322183775470972600e-01
2.510572856593618063e-01
2.460592079969242674e-01
2.291426374471357275e-01
2.468281430219146366e-01
2.433679354094578917e-01
2.399077277970011468e-01
2.410611303344867284e-01
2.360630526720492173e-01
2.349096501345636356e-01
2.264513648596693518e-01
2.249134948096885855e-01
2.314494425221068907e-01
2.156862745098039325e-01
2.318339100346020754e-01
2.218377547097270253e-01
2.260668973471741672e-01
2.106881968473663935e-01
2.083813917723952303e-01
2.202998846597462590e-01
2.126105344098423722e-01
2.183775470972702804e-01
2.083813917723952303e-01
2.126105344098423722e-01
2.199154171472510466e-01
2.099192618223759965e-01
2.176086120722798833e-01
2.087658592848904149e-01
2.110726643598615782e-01
2.195309496347558620e-01
2.126105344098423722e-01
2.153018069973087201e-01
2.145328719723183508e-01
2.129950019223375568e-01
2.068435217224144640e-01
2.079969242599000456e-01
2.133794694348327692e-01
1.976163014225297831e-01
2.095347943098808119e-01
2.053056516724336700e-01
2.114571318723567905e-01
1.980007689350249955e-01
1.937716262975778536e-01
2.053056516724336700e-01
1.849288735101883852e-01
1.910803537101115057e-01
1.941560938100730382e-01
1.941560938100730382e-01
1.983852364475201802e-01
2.006920415224913434e-01
1.922337562475970874e-01
1.864667435601691792e-01
1.964628988850442015e-01
1.945405613225682506e-01
1.903114186851211087e-01
1.837754709727028035e-01
1.868512110726643638e-01
1.814686658977316402e-01
1.837754709727028035e-01
1.860822760476739668e-01
1.764705882352941291e-01
1.783929257977700800e-01
1.718569780853517748e-01
1.730103806228373564e-01
1.722414455978469872e-01
1.787773933102652923e-01
1.818531334102268249e-01
1.795463283352556616e-01
1.856978085351787822e-01
1.745482506728181504e-01
1.687812379853902423e-01
1.710880430603614055e-01
1.703191080353710085e-01
1.741637831603229658e-01
1.730103806228373564e-01
1.691657054978854269e-01
1.676278354479046606e-01
1.680123029603998452e-01
1.703191080353710085e-01
1.660899653979238666e-01
1.607074202229911708e-01
1.580161476355247951e-01
1.526336024605920716e-01
1.434063821607074185e-01
1.607074202229911708e-01
1.568627450980392135e-01
1.595540176855055614e-01
1.726259131103421718e-01
1.687812379853902423e-01
1.695501730103806115e-01
1.522491349480968870e-01
1.541714725105728656e-01
1.572472126105343981e-01
1.630142252979623341e-01
1.557093425605536319e-01
1.622452902729719371e-01
1.553248750480584472e-01
1.572472126105343981e-01
1.553248750480584472e-01
1.557093425605536319e-01
1.587850826605151922e-01
1.484044598231449574e-01
1.526336024605920716e-01
1.545559400230680502e-01
1.484044598231449574e-01
1.380238369857746950e-01
1.399461745482506736e-01
1.472510572856593480e-01
1.426374471357170215e-01
1.410995770857362552e-01
1.430219146482122339e-01
1.541714725105728656e-01
1.460976547481737664e-01
1.357170319108035317e-01
1.341791618608227654e-01
1.361014994232987441e-01
1.449442522106881848e-01
1.434063821607074185e-01
1.418685121107266522e-01
1.449442522106881848e-01
1.441753171856978155e-01
1.372549019607843257e-01
1.391772395232602766e-01
1.318723567858516021e-01
1.399461745482506736e-01
1.410995770857362552e-01
1.384083044982699073e-01
1.395617070357554890e-01
1.349480968858131624e-01
1.341791618608227654e-01
1.349480968858131624e-01
1.403306420607458582e-01
1.349480968858131624e-01
1.334102268358323684e-01
1.368704344482891133e-01
1.287966166858900419e-01
1.291810841983852265e-01
1.330257593233371838e-01
1.276432141484044602e-01
1.222606689734717367e-01
1.287966166858900419e-01
1.372549019607843257e-01
1.249519415609380985e-01
1.268742791234140632e-01
1.230296039984621337e-01
1.188004613610149918e-01
1.249519415609380985e-01
1.241830065359477153e-01
1.264898116109188786e-01
1.272587466359092756e-01
1.284121491733948572e-01
1.261053440984236940e-01
1.261053440984236940e-01
1.284121491733948572e-01
1.172625913110342116e-01
1.203383314109957719e-01
1.361014994232987441e-01
1.218762014609765520e-01
1.249519415609380985e-01
1.226451364859669352e-01
1.195693963860053888e-01
1.145713187235678637e-01
1.114955786236063034e-01
1.168781237985390270e-01
1.207227989234909704e-01
1.207227989234909704e-01
1.330257593233371838e-01
1.245674740484428999e-01
1.184159938485197933e-01
1.272587466359092756e-01
1.245674740484428999e-01
1.241830065359477153e-01
1.168781237985390270e-01
1.176470588235294101e-01
1.188004613610149918e-01
1.188004613610149918e-01
1.168781237985390270e-01
1.153402537485582469e-01
1.199538638985005734e-01
1.161091887735486300e-01
1.180315263360246086e-01
1.130334486735870836e-01
1.088043060361399417e-01
1.068819684736639769e-01
1.038062283737024166e-01
1.141868512110726652e-01
1.126489811610918851e-01
1.149557862360630484e-01
1.184159938485197933e-01
1.099577085736255233e-01
1.126489811610918851e-01
1.157247212610534454e-01
1.126489811610918851e-01
1.145713187235678637e-01
1.245674740484428999e-01
1.080353710111495585e-01
1.045751633986928136e-01
1.126489811610918851e-01
1.011149557862360687e-01
1.107266435986159203e-01
1.057285659361783953e-01
1.091887735486351402e-01
1.061130334486735938e-01
1.022683583237216504e-01
1.095732410611303387e-01
1.041906958861976151e-01
1.095732410611303387e-01
9.996155324875048709e-02
9.534794309880814667e-02
1.084198385236447570e-01
1.034217608612072320e-01
1.038062283737024166e-01
9.611687812379854368e-02
1.011149557862360687e-01
1.003460207612456717e-01
9.611687812379854368e-02
9.957708573625528858e-02
9.957708573625528858e-02
9.611687812379854368e-02
1.026528258362168350e-01
1.022683583237216504e-01
9.842368319876970695e-02
1.014994232987312534e-01
9.727028066128412531e-02
1.022683583237216504e-01
9.381007304882738040e-02
1.030372933487120335e-01
9.381007304882738040e-02
1.034217608612072320e-01
9.996155324875048709e-02
1.011149557862360687e-01
9.265667051134178489e-02
9.996155324875048709e-02
1.007304882737408702e-01
1.011149557862360687e-01
1.011149557862360687e-01
9.534794309880814667e-02
9.765474817377930994e-02
9.611687812379854368e-02
1.007304882737408702e-01
9.496347558631296204e-02
9.650134563629372830e-02
1.011149557862360687e-01
9.496347558631296204e-02
9.073433294886582012e-02
9.188773548635140176e-02
9.188773548635140176e-02
9.034986543637062162e-02
9.111880046136101863e-02
9.304113802383698340e-02
9.688581314878892681e-02
9.880815071126489157e-02
9.765474817377930994e-02
9.727028066128412531e-02
8.958093041138023849e-02
8.150711264898116704e-02
9.381007304882738040e-02
9.534794309880814667e-02
8.996539792387543699e-02
9.304113802383698340e-02
8.842752787389465685e-02
8.765859284890427372e-02
9.304113802383698340e-02
9.457900807381776354e-02
9.188773548635140176e-02
9.727028066128412531e-02
9.919261822376009008e-02
9.803921568627450844e-02
9.111880046136101863e-02
9.381007304882738040e-02
9.304113802383698340e-02
8.765859284890427372e-02
