1.000000000000000000e+00
8.734140715109572906e-01
8.490484429065744409e-01
8.271337946943483344e-01
8.140138408304498085e-01
8.088235294117647189e-01
7.840253748558246860e-01
7.569204152249134898e-01
7.456747404844290550e-01
7.387543252595155652e-01
7.275086505190311303e-01
7.162629757785466955e-01
7.178489042675894050e-01
6.907439446366782088e-01
6.823817762399077003e-01
6.842560553633217912e-01
6.616205305651672308e-01
6.577277970011533581e-01
6.522491349480968870e-01
6.365340253748558164e-01
6.242791234140715462e-01
6.100057670126873832e-01
6.059688581314879308e-01
5.961649365628604036e-01
5.880911188004613877e-01
5.885236447520184599e-01
5.754036908881199341e-01
5.723760092272203170e-01
5.689158016147635166e-01
5.586793540945790282e-01
5.494521337946943751e-01
5.474336793540945934e-01
5.470011534025375211e-01
5.314302191464821412e-01
5.285467128027682149e-01
5.204728950403690879e-01
5.138408304498269796e-01
5.160034602076124521e-01
5.105247981545559810e-01
5.053344867358707804e-01
4.923587081891580008e-01
4.871683967704729112e-01
4.828431372549019662e-01
4.847174163783160572e-01
4.811130334486735660e-01
4.685697808535178588e-01
4.615051903114186782e-01
4.590542099192618242e-01
4.577566320645905518e-01
4.558823529411764608e-01
4.493944636678200433e-01
4.423298731257208627e-01
4.473760092272203170e-01
4.434832756632064443e-01
4.377162629757785361e-01
4.300749711649365370e-01
4.230103806228373564e-01
4.119088811995386123e-01
4.084486735870818674e-01
4.178200692041522668e-01
4.096020761245674491e-01
3.928777393310265431e-01
4.036908881199538501e-01
3.944636678200691970e-01
3.868223760092271979e-01
3.873990772779700165e-01
3.921568627450980338e-01
3.735582468281430368e-01
3.774509803921568540e-01
3.731257208765859090e-01
3.724048442906574552e-01
3.680795847750865102e-01
3.569780853517877661e-01
3.651960784313725283e-01
3.581314878892733478e-01
3.565455594002306938e-01
3.487600922722030039e-01
3.415513264129181326e-01
3.427047289504037142e-01
3.434256055363321680e-01
3.350634371395617150e-01
3.408304498269896232e-01
3.304498269896193885e-01
3.167531718569780996e-01
3.272779700115340251e-01
3.199250288350634630e-01
3.261245674740484435e-01
3.177623990772779905e-01
3.151672433679353902e-01
3.161764705882352811e-01
3.079584775086505188e-01
3.147347174163783179e-01
3.124279123414071546e-01
3.059400230680507371e-01
2.913783160322952481e-01
3.078143021914648281e-01
3.057958477508650463e-01
3.026239907727796830e-01
2.946943483275663023e-01
2.939734717416378484e-01
2.870530565167243586e-01
2.942618223760092300e-01
2.880622837370241940e-01
2.893598615916955219e-01
2.837370242214533045e-01
2.812860438292964504e-01
2.824394463667820321e-01
2.818627450980392135e-01
2.753748558246827960e-01
2.762399077277969961e-01
2.758073817762399238e-01
2.752306805074971052e-01
2.709054209919261602e-01
2.658592848904267614e-01
2.675893886966551061e-01
2.685986159169549969e-01
2.673010380622837245e-01
2.615340253748558164e-01
2.585063437139561437e-01
2.579296424452133807e-01
2.586505190311418900e-01
2.504325259515570723e-01
2.536043829296424357e-01
2.517301038062284002e-01
2.476931949250288367e-01
2.475490196078431460e-01
2.474048442906574274e-01
2.435121107266436102e-01
2.466839677047289459e-01
2.391868512110726652e-01
2.471164936562860459e-01
2.440888119953864011e-01
2.383217993079584651e-01
2.390426758938869745e-01
2.293829296424452213e-01
2.332756632064590663e-01
2.338523644752018571e-01
2.280853517877739212e-01
2.292387543252595028e-01
2.298154555940022936e-01
2.283737024221453304e-01
2.256343713956170671e-01
2.202998846597462590e-01
2.171280276816608956e-01
2.227508650519031130e-01
2.200115340253748497e-01
2.165513264129181048e-01
2.220299884659746315e-01
2.178489042675893772e-01
2.148212226066897323e-01
2.094867358708189242e-01
2.091983852364475149e-01
2.081891580161476241e-01
2.009803921568627527e-01
2.068915801614763517e-01
2.018454440599769251e-01
2.022779700115340251e-01
2.001153402537485526e-01
2.017012687427912343e-01
1.995386389850057618e-01
2.076124567474048332e-01
1.979527104959630801e-01
1.980968858131487986e-01
2.002595155709342434e-01
1.937716262975778536e-01
1.942041522491349537e-01
1.939158016147635444e-01
1.950692041522491260e-01
1.907439446366782088e-01
1.929065743944636813e-01
1.901672433679354179e-01
1.900230680507496994e-01
1.813725490196078372e-01
1.815167243367935279e-01
1.849769319492503006e-01
1.777681660899654015e-01
1.831026528258362096e-01
1.831026528258362096e-01
1.782006920415225015e-01
1.799307958477508740e-01
1.805074971164936648e-01
1.769031141868512014e-01
1.725778546712802841e-01
1.747404844290657566e-01
1.780565167243367830e-01
1.696943483275663300e-01
1.732987312572087657e-01
1.725778546712802841e-01
1.734429065743944565e-01
1.714244521337947025e-01
1.645040369088812127e-01
1.656574394463667943e-01
1.652249134948096942e-01
1.685409457900807484e-01
1.645040369088812127e-01
1.639273356401384218e-01
1.604671280276816492e-01
1.642156862745098034e-01
1.621972318339100216e-01
1.541234140715109502e-01
1.596020761245674768e-01
1.601787773933102677e-01
1.557093425605536319e-01
1.571510957324106228e-01
1.534025374855824686e-01
1.561418685121107319e-01
1.516724336793540961e-01
1.482122260668973512e-01
1.460495963091118787e-01
1.536908881199538501e-01
1.477797001153402512e-01
1.464821222606689788e-01
1.487889273356401421e-01
1.522491349480968870e-01
1.523933102652825777e-01
1.493656286043829329e-01
1.459054209919261880e-01
1.460495963091118787e-01
1.469146482122260788e-01
1.460495963091118787e-01
1.463379469434832880e-01
1.394175317185697704e-01
1.339388696655132716e-01
1.420126874279123430e-01
1.415801614763552430e-01
1.379757785467128073e-01
1.376874279123413980e-01
1.378316032295271165e-01
1.404267589388696613e-01
1.423010380622837245e-01
1.397058823529411797e-01
1.333621683967704807e-01
1.376874279123413980e-01
1.392733564013840797e-01
1.358131487889273348e-01
1.311995386389850082e-01
1.345155709342560624e-01
1.313437139561706990e-01
1.340830449826989623e-01
1.314878892733563898e-01
1.257208765859284816e-01
1.307670126874279082e-01
1.264417531718569909e-01
1.275951557093425726e-01
1.241349480968858138e-01
1.323529411764705899e-01
1.242791234140715045e-01
1.247116493656286046e-01
1.265859284890426817e-01
1.281718569780853634e-01
1.265859284890426817e-01
1.264417531718569909e-01
1.239907727797001091e-01
1.218281430219146505e-01
1.242791234140715045e-01
1.237024221453287137e-01
1.205305651672433642e-01
1.185121107266435964e-01
1.198096885813148826e-01
1.213956170703575504e-01
1.186562860438293010e-01
1.196655132641291780e-01
1.209630911188004643e-01
1.190888119953863872e-01
1.218281430219146505e-01
1.113033448673587111e-01
1.169261822376009285e-01
1.175028835063437194e-01
1.157727797001153469e-01
1.159169550173010377e-01
1.176470588235294101e-01
1.163494809688581377e-01
1.127450980392156882e-01
1.120242214532871927e-01
1.087081891580161525e-01
1.111591695501730065e-01
1.111591695501730065e-01
1.138985005767012698e-01
1.118800461361015020e-01
1.084198385236447570e-01
1.115916955017301065e-01
1.064013840830449892e-01
1.088523644752018432e-01
1.088523644752018432e-01
1.046712802768166028e-01
1.051038062283737029e-01
1.016435986159169580e-01
1.089965397923875479e-01
1.046712802768166028e-01
1.023644752018454396e-01
1.014994232987312534e-01
9.818339100346021309e-02
1.051038062283737029e-01
1.013552479815455626e-01
1.013552479815455626e-01
1.002018454440599809e-01
9.630911188004613599e-02
9.486735870818915894e-02
9.847174163783160850e-02
1.004901960784313764e-01
9.904844290657439931e-02
9.919261822376009008e-02
9.356978085351787267e-02
9.198385236447520485e-02
9.529988465974624512e-02
9.558823529411764053e-02
9.602076124567474058e-02
9.515570934256055435e-02
9.284890426758939108e-02
9.039792387543252317e-02
8.636101499423298744e-02
9.111880046136101863e-02
8.924452133794694153e-02
8.910034602076125076e-02
8.765859284890427372e-02
8.910034602076125076e-02
8.910034602076125076e-02
8.520761245674740580e-02
8.996539792387543699e-02
8.837946943483275530e-02
8.549596309111880121e-02
8.866782006920415071e-02
8.837946943483275530e-02
9.039792387543252317e-02
8.924452133794694153e-02
8.737024221453287831e-02
8.953287197231833694e-02
8.996539792387543699e-02
9.270472895040368644e-02
8.737024221453287831e-02
8.578431372549019662e-02
8.607266435986159203e-02
8.823529411764706454e-02
8.607266435986159203e-02
8.938869665513264617e-02
8.549596309111880121e-02
8.693771626297577826e-02
8.679354094579008749e-02
8.938869665513264617e-02
8.708189158016148290e-02
8.491926182237601040e-02
8.318915801614763794e-02
8.203575547866205631e-02
8.405420991926182417e-02
8.275663206459053789e-02
8.650519031141867821e-02
8.607266435986159203e-02
8.304498269896193330e-02
8.102652825836216544e-02
8.448673587081891034e-02
8.362168396770472412e-02
8.174740484429066090e-02
8.174740484429066090e-02
8.362168396770472412e-02
8.275663206459053789e-02
7.799884659746252058e-02
8.376585928489042876e-02
8.275663206459053789e-02
8.275663206459053789e-02
8.088235294117647467e-02
8.189158016147635166e-02
8.203575547866205631e-02
8.117070357554787008e-02
8.145905420991926549e-02
8.290080738177624253e-02
8.232410611303345171e-02
7.425028835063436639e-02
7.742214532871972976e-02
7.929642445213379298e-02
7.612456747404844348e-02
7.843137254901960675e-02
7.828719723183391599e-02
7.843137254901960675e-02
7.958477508650518839e-02
7.929642445213379298e-02
7.771049596309112517e-02
8.102652825836216544e-02
7.771049596309112517e-02
7.641291810841983889e-02
7.468281430219146644e-02
7.698961937716262971e-02
7.381776239907728021e-02
7.670126874279123430e-02
7.324106113033448939e-02
7.511534025374855261e-02
6.992502883506343525e-02
7.280853517877738934e-02
7.266435986159169858e-02
7.064590542099193071e-02
7.252018454440599393e-02
7.497116493656286185e-02
7.410611303344867562e-02
7.295271049596309398e-02
7.093425605536332612e-02
7.064590542099193071e-02
7.252018454440599393e-02
7.223183391003459852e-02
6.848327566320645821e-02
7.266435986159169858e-02
7.223183391003459852e-02
7.425028835063436639e-02
