1.000000000000000000e+00
8.783865141481035366e-01
8.741721854304635997e-01
8.428657435279951482e-01
8.165763596227172405e-01
8.081477021874372557e-01
7.977122215532811422e-01
7.866746939594622123e-01
7.814569536423841001e-01
7.627934978928356813e-01
7.583784868553080649e-01
7.573750752558700006e-01
7.453341360626128953e-01
7.391129841460967187e-01
7.212522576760986848e-01
7.031908488862130824e-01
6.997792494481236414e-01
7.037928958458760098e-01
6.869355809753160402e-01
6.795103351394742308e-01
6.614489263495886284e-01
6.572345976319485805e-01
6.528195865944210752e-01
6.351595424443106097e-01
6.399759181216134740e-01
6.323499899658839851e-01
6.183022275737507512e-01
6.221151916516154401e-01
6.154926750953241266e-01
6.158940397350993745e-01
6.000401364639774693e-01
5.936183022275737242e-01
5.884005619104957230e-01
5.843869155127433546e-01
5.677302829620710645e-01
5.719446116797110014e-01
5.739514348785872411e-01
5.593016255267910797e-01
5.498695564920730305e-01
5.392333935380293486e-01
5.438490868954445334e-01
5.283965482640979872e-01
5.253863134657836831e-01
5.308047361027493638e-01
5.211719847481436352e-01
5.065221753963475848e-01
5.047160345173590246e-01
5.045153521974714561e-01
4.998996588400562158e-01
4.922737306843267269e-01
4.752157334938791888e-01
4.834437086092715496e-01
4.736102749347782526e-01
4.780252859723058134e-01
4.671884406983744520e-01
4.593618302227573946e-01
4.607666064619707069e-01
4.425045153521974806e-01
4.565522777443307145e-01
4.388922335942203601e-01
4.384908689544451121e-01
4.410997391129841683e-01
4.344772225566927437e-01
4.222356010435480700e-01
4.294601645595023109e-01
4.198274132048966378e-01
4.138069436082680852e-01
4.075857916917519641e-01
4.103953441701785887e-01
4.067830624122014682e-01
3.995584988962472273e-01
3.899257475416415542e-01
3.965482640979329787e-01
3.951434878587196664e-01
3.935380292996187301e-01
3.877182420228778015e-01
3.814970901063616249e-01
3.843066425847883050e-01
3.798916315472606886e-01
3.718643387517559518e-01
3.680513746738912073e-01
3.644390929159140868e-01
3.696568332329921991e-01
3.628336343568131506e-01
3.678506923540036389e-01
3.574152117198474699e-01
3.574152117198474699e-01
3.538029299618703494e-01
3.423640377282761160e-01
3.523981537226570371e-01
3.409592614890628037e-01
3.381497090106361791e-01
3.273128637367048177e-01
3.303230985350190663e-01
3.295203692554685704e-01
3.273128637367048177e-01
3.204896648605257692e-01
3.301224162151314423e-01
3.148705599036724645e-01
3.078466787076058475e-01
3.094521372667067838e-01
3.144691952638972721e-01
3.106562311860325276e-01
3.074453140678305996e-01
3.042343969496287270e-01
2.960064218342364217e-01
2.966084687938992381e-01
3.058398555087296633e-01
3.014248444712021024e-01
2.980132450331126059e-01
2.921934577563716773e-01
2.885811759983945568e-01
2.937989163154726135e-01
2.835641180012040685e-01
2.787477423239012597e-01
2.833634356813165001e-01
2.763395544852498276e-01
2.887818583182821808e-01
2.771422837648003235e-01
2.616897451334537217e-01
2.651013445715432737e-01
2.630945213726670895e-01
2.673088500903070264e-01
2.644992976118804018e-01
2.596829219345775375e-01
2.604856512141280334e-01
2.612883804936785292e-01
2.508528998595223602e-01
2.508528998595223602e-01
2.432269717037928991e-01
2.448324302628938354e-01
2.464378888219947716e-01
2.416215131446919628e-01
2.476419827413204877e-01
2.398153722657034026e-01
2.327914910696367579e-01
2.343969496287377219e-01
2.279751153923339491e-01
2.325908087497491339e-01
2.283764800321091692e-01
2.285771623519967932e-01
2.277744330724463251e-01
2.269717037928958570e-01
2.247641982741320488e-01
2.197471402769415882e-01
2.191450933172787441e-01
2.225566927553682406e-01
2.179409993979530280e-01
2.141280353200883113e-01
2.155328115593016236e-01
2.087096126831226306e-01
2.065021071643588224e-01
2.050973309251454824e-01
2.024884607666064540e-01
1.974714027694160212e-01
2.006823198876178937e-01
1.946618502909893689e-01
1.940598033313264970e-01
1.964679911699779291e-01
1.934577563716636528e-01
1.942604856512141209e-01
1.902468392534617803e-01
1.848284166164960995e-01
1.856311458960465677e-01
1.806140878988561072e-01
1.860325105358217879e-01
1.884406983744732200e-01
1.806140878988561072e-01
1.772024884607666106e-01
1.770018061408789867e-01
1.725867951033513981e-01
1.776038531005418308e-01
1.701786072646999937e-01
1.731888420630142422e-01
1.709813365442504618e-01
1.766004415011037665e-01
1.735902067027894902e-01
1.679711017459361855e-01
1.705799719044752139e-01
1.653622315873971571e-01
1.655629139072847811e-01
1.607465382299819445e-01
1.615492675095324127e-01
1.613485851896447887e-01
1.601444912703190726e-01
1.647601846277342852e-01
1.515151515151515194e-01
1.519165161549267395e-01
1.553281155930162638e-01
1.473008227975115270e-01
1.495083283162753351e-01
1.426851294400963144e-01
1.507124222356010512e-01
1.497090106361629591e-01
1.450933172787477465e-01
1.434878587196468103e-01
1.428858117599839384e-01
1.466987758378486828e-01
1.438892233594220305e-01
1.414810355207706261e-01
1.460967288781858386e-01
1.477021874372867749e-01
1.406783062412201579e-01
1.394742123218944418e-01
1.402769416014449100e-01
1.386714830423439737e-01
1.370660244832430374e-01
1.360626128838049453e-01
1.356612482440296974e-01
1.396748946417820658e-01
1.382701184025687258e-01
1.330523780854906690e-01
1.320489664860525769e-01
1.278346377684126123e-01
1.294400963275135485e-01
1.338551073650411372e-01
1.288380493678507044e-01
1.236203090507726338e-01
1.226168974513345417e-01
1.274332731286373643e-01
1.234196267308850098e-01
1.288380493678507044e-01
1.212121212121212155e-01
1.228175797712221518e-01
1.264298615291992722e-01
1.194059803331326552e-01
1.234196267308850098e-01
1.238209913706602439e-01
1.173991571342564710e-01
1.157936985751555348e-01
1.161950632149307688e-01
1.161950632149307688e-01
1.149909692956050528e-01
1.173991571342564710e-01
1.145896046558298187e-01
1.141882400160545846e-01
1.135861930563917266e-01
1.109773228978526982e-01
1.121814168171784004e-01
1.103752759381898402e-01
1.089704996989765140e-01
1.087698173790889039e-01
1.083684527393136698e-01
1.079670880995384358e-01
1.069636765001003437e-01
1.053582179409993935e-01
1.035520770620108333e-01
1.053582179409993935e-01
1.063616295404374856e-01
1.067629941802127197e-01
1.067629941802127197e-01
1.037527593818984573e-01
1.019466185029098970e-01
1.071643588199879538e-01
1.045554886614489254e-01
1.019466185029098970e-01
1.057595825807746276e-01
1.073650411398755777e-01
1.075657234597632017e-01
1.075657234597632017e-01
1.063616295404374856e-01
1.011438892233594289e-01
1.005418422636965708e-01
9.572546658639373429e-02
9.652819586594421630e-02
9.993979530403371281e-02
9.873570138470801061e-02
9.151113786875376965e-02
9.512341962673089013e-02
9.692956050571945037e-02
9.391932570740517405e-02
9.311659642785470592e-02
9.532410194661850023e-02
9.211318482841661381e-02
9.351796106762993999e-02
9.412000802729279803e-02
8.950431466987758544e-02
8.830022075055188324e-02
9.291591410796708195e-02
8.609271523178807506e-02
8.809953843066425927e-02
8.368452739313667066e-02
8.629339755167569903e-02
8.609271523178807506e-02
8.288179811358618865e-02
8.488862131246237286e-02
8.789885611077663530e-02
8.368452739313667066e-02
8.288179811358618865e-02
8.248043347381095458e-02
8.127633955448525238e-02
8.609271523178807506e-02
8.087497491471001831e-02
8.127633955448525238e-02
8.248043347381095458e-02
8.067429259482239434e-02
7.866746939594622401e-02
7.666064619707003980e-02
7.746337547662050793e-02
7.746337547662050793e-02
7.746337547662050793e-02
7.826610475617097606e-02
8.027292795504716028e-02
8.027292795504716028e-02
8.167770419426048645e-02
7.826610475617097606e-02
8.107565723459762841e-02
7.686132851695764989e-02
7.645996387718241583e-02
7.806542243628336597e-02
7.987156331527192621e-02
7.947019867549669214e-02
7.385109371864338745e-02
7.485450531808147956e-02
7.264699979931768525e-02
7.405177603853101143e-02
7.605859923740718176e-02
7.264699979931768525e-02
7.485450531808147956e-02
7.023881196066626698e-02
6.883403572145294080e-02
7.084085892032912501e-02
7.184427051976720324e-02
7.023881196066626698e-02
7.064017660044150104e-02
7.184427051976720324e-02
6.662653020268914650e-02
7.023881196066626698e-02
6.803130644190247267e-02
6.823198876179008276e-02
7.204495283965482721e-02
7.204495283965482721e-02
7.023881196066626698e-02
7.124222356010435908e-02
7.064017660044150104e-02
6.943608268111579884e-02
7.164358819987959315e-02
6.682721252257675659e-02
6.903471804134056478e-02
7.104154124021673511e-02
6.983744732089103291e-02
6.803130644190247267e-02
6.301424844471202602e-02
6.642584788280152253e-02
6.702789484246438056e-02
6.160947220549869291e-02
6.582380092313867836e-02
6.522175396347582033e-02
6.682721252257675659e-02
6.421834236403772822e-02
6.361629540437487018e-02
6.040537828617299071e-02
6.461970700381296229e-02
6.562311860325105439e-02
6.160947220549869291e-02
6.281356612482440205e-02
6.120810756572345884e-02
6.281356612482440205e-02
6.281356612482440205e-02
6.562311860325105439e-02
6.421834236403772822e-02
6.381697772426249415e-02
6.401766004415010425e-02
6.100742524583584181e-02
6.160947220549869291e-02
6.301424844471202602e-02
5.859923740718443047e-02
5.518763796909492009e-02
5.980333132651013267e-02
5.900060204695966454e-02
5.879991972707204750e-02
5.900060204695966454e-02
6.482038932370058626e-02
5.779650812763395540e-02
6.020469596628537368e-02
5.859923740718443047e-02
6.100742524583584181e-02
6.221151916516155095e-02
5.578968492875777813e-02
5.980333132651013267e-02
5.960264900662251564e-02
5.799719044752157243e-02
5.338149709010635985e-02
5.960264900662251564e-02
5.699377884808348727e-02
5.779650812763395540e-02
5.799719044752157243e-02
5.679309652819586329e-02
5.759582580774633837e-02
5.819787276740918947e-02
5.920128436684728157e-02
5.960264900662251564e-02
5.558900260887016109e-02
5.599036724864539516e-02
5.378286172988160085e-02
5.097330925145494851e-02
5.458559100943206899e-02
5.659241420830824626e-02
5.719446116797110430e-02
5.578968492875777813e-02
5.498695564920730305e-02
