1.000000000000000000e+00
8.214804063860667860e-01
7.706821480406386149e-01
7.235123367198839084e-01
7.100870827285921116e-01
6.643686502177068576e-01
6.491291727140783285e-01
6.135703918722786865e-01
6.052249637155298068e-01
5.769230769230768718e-01
5.566037735849056478e-01
5.380986937590711561e-01
5.253991291727140300e-01
5.116110304789549534e-01
4.920174165457184556e-01
4.811320754716981174e-01
4.771407837445573175e-01
4.560957910014513672e-01
4.194484760522496636e-01
4.357764876632801432e-01
4.190856313497822727e-01
4.071117561683599284e-01
3.984034833091437133e-01
3.947750362844702487e-01
3.849782293178519721e-01
3.911465892597967842e-01
3.853410740203193074e-01
3.708272859216255601e-01
3.476052249637155422e-01
3.494194484760522745e-01
3.479680696661828776e-01
3.254716981132075304e-01
3.312772133526850626e-01
3.283744557329463243e-01
3.022496371552975125e-01
3.004354136429608357e-01
3.091436865021770508e-01
2.928156748911465712e-01
2.888243831640058268e-01
2.859216255442670329e-01
2.873730043541364298e-01
2.801161103047895562e-01
2.710449927431059503e-01
2.663280116110304796e-01
2.670537010159651503e-01
2.485486211901306308e-01
2.572568940493468737e-01
2.626995645863570150e-01
2.518142235123367323e-01
2.394775036284470249e-01
2.307692307692307820e-01
2.354862119013062527e-01
2.256894049346879483e-01
2.246008708272859145e-01
2.187953555878084100e-01
2.137155297532656040e-01
2.071843251088534010e-01
2.046444121915819980e-01
2.039187227866473273e-01
2.060957910014513672e-01
2.013788098693758966e-01
2.046444121915819980e-01
2.013788098693758966e-01
1.970246734397677890e-01
1.883164005805515184e-01
1.952104499274310567e-01
1.832365747460087124e-01
1.781567489114659064e-01
1.825108853410740140e-01
1.781567489114659064e-01
1.799709724238026110e-01
1.759796806966618388e-01
1.796081277213352756e-01
1.738026124818577711e-01
1.712626995645863681e-01
1.607402031930333930e-01
1.708998548621190050e-01
1.774310595065312079e-01
1.658200290275761990e-01
1.603773584905660299e-01
1.509433962264150886e-01
1.603773584905660299e-01
1.531204644412191562e-01
1.542089985486211901e-01
1.429608127721335165e-01
1.480406386066763502e-01
1.473149492017416518e-01
1.415094339622641473e-01
1.342525399129172736e-01
1.382438316400580458e-01
1.404208998548621135e-01
1.389695210449927443e-01
1.328011611030479044e-01
1.364296081277213413e-01
1.266328011611030369e-01
1.240928882438316339e-01
1.309869375907111722e-01
1.237300435413642985e-01
1.197387518142235124e-01
1.262699564586357015e-01
1.295355587808418030e-01
1.248185776487663323e-01
1.190130624092888278e-01
1.121190130624092895e-01
1.142960812772133572e-01
1.095791001451378865e-01
1.153846153846153910e-01
1.139332365747460080e-01
1.150217706821480418e-01
1.095791001451378865e-01
1.128447024673439741e-01
1.146589259796806926e-01
1.168359941944847602e-01
1.171988388969521094e-01
1.044992743105950667e-01
9.941944847605224678e-02
1.088534107402031881e-01
1.164731494920174110e-01
1.041364296081277174e-01
1.037735849056603821e-01
1.117561683599419403e-01
9.978229317851959601e-02
1.019593613933236637e-01
9.941944847605224678e-02
1.055878084179971005e-01
1.081277213352685035e-01
9.905660377358491142e-02
9.252539912917270848e-02
1.008708272859216298e-01
1.034107402031930328e-01
9.724238026124817913e-02
9.760522496371552836e-02
9.361393323657474230e-02
9.579100145137880995e-02
9.361393323657474230e-02
9.143686502177068853e-02
9.143686502177068853e-02
9.760522496371552836e-02
9.687953555878084377e-02
1.026850507982583482e-01
8.744557329462990247e-02
9.216255442670537312e-02
8.780841799709723783e-02
8.889695210449927165e-02
8.925979680696662089e-02
8.671988388969520400e-02
8.526850507982583482e-02
8.272859216255443182e-02
8.417997097242380100e-02
8.345428156748911641e-02
8.708272859216255324e-02
8.200290275761973335e-02
8.381712626995645177e-02
8.127721335268504876e-02
7.764876632801161194e-02
7.982583454281567958e-02
7.148040638606675823e-02
7.402031930333817511e-02
8.454281567489115023e-02
7.873730043541364576e-02
7.982583454281567958e-02
8.236574746008708259e-02
7.365747460087082588e-02
8.127721335268504876e-02
7.075471698113207364e-02
7.438316400580551047e-02
7.728592162554426270e-02
7.256894049346879205e-02
7.148040638606675823e-02
7.728592162554426270e-02
7.365747460087082588e-02
7.438316400580551047e-02
7.184325108853410746e-02
7.256894049346879205e-02
6.603773584905660299e-02
7.002902757619738905e-02
6.603773584905660299e-02
7.148040638606675823e-02
6.494920174165456916e-02
7.474600870827285970e-02
6.603773584905660299e-02
6.458635703918723381e-02
6.386066763425253534e-02
6.458635703918723381e-02
6.531204644412191840e-02
5.914368650217707163e-02
5.986937590711175622e-02
6.240928882438316616e-02
6.240928882438316616e-02
6.059506531204644081e-02
5.986937590711175622e-02
5.587808417997097016e-02
5.696661828737300398e-02
5.478955007256894327e-02
5.442670537010159404e-02
5.515239477503628557e-02
5.986937590711175622e-02
5.841799709724238010e-02
6.023222060957909851e-02
5.442670537010159404e-02
5.370101596516690945e-02
5.551523947750362786e-02
5.805515239477503781e-02
5.224963715529753333e-02
5.152394775036284180e-02
5.261248185776487563e-02
4.898403483309143880e-02
5.333817126269956715e-02
5.116110304789549951e-02
5.297532656023221792e-02
5.370101596516690945e-02
5.660377358490566169e-02
5.587808417997097016e-02
4.970972423802612339e-02
5.732946298984034628e-02
4.825834542815674727e-02
4.644412191582002886e-02
5.333817126269956715e-02
4.644412191582002886e-02
5.079825834542815721e-02
5.333817126269956715e-02
4.716981132075472039e-02
4.862119013062408956e-02
4.934687953555878109e-02
5.116110304789549951e-02
5.732946298984034628e-02
5.261248185776487563e-02
4.680696661828737115e-02
4.753265602322206268e-02
4.644412191582002886e-02
4.680696661828737115e-02
4.644412191582002886e-02
4.970972423802612339e-02
5.261248185776487563e-02
5.224963715529753333e-02
4.499274310595065274e-02
4.898403483309143880e-02
4.825834542815674727e-02
4.535558780841799503e-02
4.535558780841799503e-02
4.426705370101596815e-02
4.716981132075472039e-02
4.426705370101596815e-02
4.245283018867924280e-02
4.535558780841799503e-02
3.882438316400580597e-02
3.809869375907111444e-02
3.955007256894049056e-02
4.281567489114659203e-02
4.499274310595065274e-02
4.100145137880986668e-02
3.955007256894049056e-02
3.664731494920173832e-02
3.846153846153846367e-02
3.991291727140783979e-02
3.737300435413642985e-02
3.555878084179971144e-02
3.555878084179971144e-02
4.063860667634252438e-02
3.047895500725689502e-02
2.830188679245283084e-02
3.265602322206095920e-02
3.737300435413642985e-02
3.374455732946299302e-02
3.555878084179971144e-02
3.374455732946299302e-02
3.374455732946299302e-02
3.047895500725689502e-02
3.447024673439767761e-02
3.628447024673439603e-02
3.193033381712626767e-02
2.866473149492017314e-02
3.265602322206095920e-02
2.975326560232220696e-02
3.084179970972423732e-02
2.685050798258345472e-02
2.939042089985486120e-02
2.866473149492017314e-02
3.156748911465892538e-02
2.539912917271407861e-02
2.576197387518142090e-02
2.358490566037736019e-02
3.193033381712626767e-02
3.047895500725689502e-02
2.793904208998548508e-02
2.866473149492017314e-02
2.939042089985486120e-02
2.721335268505079702e-02
3.047895500725689502e-02
3.011611030478954926e-02
2.902757619738751890e-02
2.612481857764876667e-02
3.011611030478954926e-02
3.047895500725689502e-02
2.757619738751814278e-02
2.539912917271407861e-02
2.576197387518142090e-02
2.467343976777939055e-02
2.431059506531204478e-02
2.539912917271407861e-02
2.576197387518142090e-02
2.902757619738751890e-02
2.866473149492017314e-02
3.047895500725689502e-02
2.648766328011610896e-02
2.793904208998548508e-02
2.721335268505079702e-02
2.793904208998548508e-02
2.721335268505079702e-02
2.358490566037736019e-02
2.503628447024673284e-02
2.939042089985486120e-02
2.939042089985486120e-02
2.939042089985486120e-02
2.576197387518142090e-02
2.830188679245283084e-02
2.902757619738751890e-02
2.394775036284470249e-02
2.576197387518142090e-02
2.358490566037736019e-02
2.467343976777939055e-02
2.358490566037736019e-02
2.213352685050798407e-02
1.959361393323657413e-02
1.705370101596516766e-02
2.104499274310595025e-02
2.140783744557329601e-02
2.031930333817126219e-02
1.959361393323657413e-02
2.140783744557329601e-02
1.777939042089985572e-02
1.560232220609579154e-02
2.140783744557329601e-02
1.959361393323657413e-02
1.850507982583454378e-02
1.886792452830188607e-02
2.249637155297532637e-02
1.814223512336719801e-02
1.995645863570391990e-02
2.031930333817126219e-02
2.140783744557329601e-02
2.503628447024673284e-02
2.431059506531204478e-02
2.213352685050798407e-02
2.539912917271407861e-02
2.249637155297532637e-02
2.249637155297532637e-02
2.249637155297532637e-02
2.322206095791001443e-02
2.249637155297532637e-02
2.539912917271407861e-02
2.177068214804063831e-02
2.467343976777939055e-02
2.539912917271407861e-02
2.431059506531204478e-02
2.576197387518142090e-02
2.648766328011610896e-02
1.995645863570391990e-02
2.431059506531204478e-02
2.648766328011610896e-02
2.249637155297532637e-02
2.721335268505079702e-02
2.285921625544267213e-02
2.140783744557329601e-02
2.140783744557329601e-02
2.358490566037736019e-02
2.213352685050798407e-02
1.741654571843250995e-02
1.632801161103047960e-02
1.632801161103047960e-02
1.850507982583454378e-02
1.777939042089985572e-02
1.850507982583454378e-02
2.068214804063860796e-02
1.886792452830188607e-02
2.104499274310595025e-02
2.031930333817126219e-02
1.959361393323657413e-02
2.104499274310595025e-02
1.814223512336719801e-02
1.523947750362844751e-02
1.669085631349782189e-02
1.596516690856313384e-02
1.814223512336719801e-02
1.814223512336719801e-02
1.378809869375907139e-02
1.523947750362844751e-02
1.560232220609579154e-02
1.814223512336719801e-02
1.777939042089985572e-02
1.523947750362844751e-02
1.669085631349782189e-02
1.850507982583454378e-02
1.596516690856313384e-02
1.814223512336719801e-02
1.705370101596516766e-02
1.523947750362844751e-02
1.741654571843250995e-02
1.669085631349782189e-02
1.959361393323657413e-02
1.705370101596516766e-02
