1.000000000000000000e+00
7.636363636363636687e-01
7.390374331550801923e-01
6.898395721925133506e-01
6.962566844919786391e-01
6.278074866310160429e-01
6.556149732620321080e-01
6.427807486631016420e-01
5.775401069518716346e-01
5.839572192513369231e-01
5.893048128342246450e-01
5.668449197860963018e-01
5.358288770053476480e-01
5.229946524064170710e-01
5.155080213903743269e-01
4.973262032085561390e-01
4.770053475935828735e-01
4.962566844919786280e-01
4.866310160427807507e-01
4.663101604278074852e-01
4.588235294117646856e-01
4.491978609625668639e-01
4.459893048128342197e-01
4.320855614973261871e-01
4.053475935828876886e-01
4.224598930481283654e-01
4.192513368983957212e-01
3.850267379679144231e-01
3.903743315508021450e-01
3.839572192513369120e-01
3.732620320855615237e-01
3.807486631016042677e-01
3.871657754010695007e-01
3.828877005347593454e-01
3.668449197860962352e-01
3.657754010695187241e-01
3.497326203208556139e-01
3.604278074866310022e-01
3.069518716577540052e-01
3.165775401069518824e-01
3.069518716577540052e-01
3.187165775401069601e-01
3.026737967914438499e-01
3.251336898395721930e-01
2.855614973262032286e-01
2.919786096256684615e-01
2.951871657754010503e-01
2.684491978609625518e-01
2.941176470588235392e-01
2.609625668449198077e-01
2.812834224598930732e-01
2.449197860962566975e-01
2.491978609625668528e-01
2.705882352941176294e-01
2.566844919786096524e-01
2.427807486631015921e-01
2.459893048128342363e-01
2.491978609625668528e-01
2.342245989304812814e-01
2.267379679144385096e-01
2.513368983957219305e-01
2.406417112299465144e-01
2.363636363636363591e-01
2.299465240641711261e-01
2.256684491978609708e-01
2.245989304812834320e-01
2.331550802139037426e-01
2.256684491978609708e-01
2.160427807486630936e-01
2.042780748663101664e-01
2.096256684491978606e-01
2.000000000000000111e-01
2.096256684491978606e-01
2.256684491978609708e-01
2.042780748663101664e-01
1.957219251336898280e-01
2.074866310160427829e-01
1.914438502673796727e-01
1.882352941176470562e-01
1.764705882352941291e-01
1.850267379679144397e-01
1.764705882352941291e-01
1.561497326203208635e-01
1.882352941176470562e-01
1.764705882352941291e-01
1.636363636363636354e-01
1.647058823529411742e-01
1.561497326203208635e-01
1.572192513368984024e-01
1.540106951871657859e-01
1.625668449197860965e-01
1.550802139037433247e-01
1.711229946524064072e-01
1.679144385026737907e-01
1.796791443850267456e-01
1.465240641711229863e-01
1.454545454545454475e-01
1.486631016042780640e-01
1.390374331550802145e-01
1.636363636363636354e-01
1.572192513368984024e-01
1.443850267379679086e-01
1.561497326203208635e-01
1.475935828877005251e-01
1.508021390374331416e-01
1.475935828877005251e-01
1.508021390374331416e-01
1.326203208556149815e-01
1.422459893048128310e-01
1.486631016042780640e-01
1.219251336898395655e-01
1.379679144385026757e-01
1.475935828877005251e-01
1.379679144385026757e-01
1.165775401069518713e-01
1.208556149732620266e-01
1.240641711229946570e-01
1.390374331550802145e-01
1.176470588235294101e-01
1.133689839572192548e-01
1.229946524064171182e-01
1.080213903743315468e-01
1.080213903743315468e-01
1.080213903743315468e-01
1.016042780748663138e-01
1.026737967914438526e-01
1.037433155080213915e-01
9.839572192513368343e-02
8.877005347593583395e-02
9.411764705882352811e-02
9.304812834224598928e-02
1.037433155080213915e-01
1.016042780748663138e-01
9.197860962566845044e-02
1.101604278074866244e-01
8.983957219251337278e-02
1.048128342245989303e-01
8.021390374331550943e-02
8.983957219251337278e-02
8.770053475935829512e-02
8.877005347593583395e-02
8.449197860962566475e-02
9.411764705882352811e-02
8.877005347593583395e-02
7.593582887700535411e-02
8.663101604278074241e-02
7.807486631016043177e-02
9.839572192513368343e-02
6.951871657754010725e-02
7.914438502673797060e-02
7.593582887700535411e-02
8.021390374331550943e-02
7.486631016042780140e-02
6.951871657754010725e-02
7.486631016042780140e-02
6.310160427807486039e-02
5.668449197860962741e-02
7.058823529411764608e-02
5.882352941176470507e-02
7.379679144385026257e-02
6.737967914438502959e-02
6.631016042780749076e-02
6.524064171122995193e-02
8.128342245989304826e-02
7.486631016042780140e-02
6.417112299465241310e-02
6.951871657754010725e-02
6.844919786096256842e-02
7.593582887700535411e-02
7.486631016042780140e-02
6.203208556149732850e-02
5.775401069518716624e-02
7.593582887700535411e-02
6.310160427807486039e-02
6.844919786096256842e-02
5.775401069518716624e-02
7.486631016042780140e-02
6.631016042780749076e-02
6.096256684491978273e-02
6.417112299465241310e-02
7.486631016042780140e-02
5.775401069518716624e-02
8.128342245989304826e-02
6.631016042780749076e-02
5.561497326203208857e-02
6.844919786096256842e-02
5.989304812834224390e-02
6.844919786096256842e-02
6.951871657754010725e-02
5.561497326203208857e-02
6.096256684491978273e-02
6.417112299465241310e-02
5.775401069518716624e-02
6.417112299465241310e-02
6.844919786096256842e-02
5.882352941176470507e-02
6.417112299465241310e-02
6.631016042780749076e-02
6.737967914438502959e-02
5.561497326203208857e-02
4.812834224598930288e-02
6.096256684491978273e-02
5.240641711229946514e-02
6.203208556149732850e-02
5.454545454545454281e-02
4.705882352941176405e-02
5.347593582887700397e-02
6.631016042780749076e-02
4.491978609625668639e-02
4.598930481283422522e-02
5.026737967914438748e-02
4.278074866310160179e-02
5.240641711229946514e-02
5.561497326203208857e-02
5.561497326203208857e-02
4.491978609625668639e-02
6.203208556149732850e-02
6.203208556149732850e-02
4.598930481283422522e-02
6.203208556149732850e-02
5.668449197860962741e-02
5.454545454545454281e-02
5.989304812834224390e-02
6.524064171122995193e-02
5.026737967914438748e-02
5.026737967914438748e-02
5.026737967914438748e-02
4.278074866310160179e-02
4.278074866310160179e-02
5.775401069518716624e-02
6.096256684491978273e-02
4.278074866310160179e-02
4.171122994652406296e-02
4.278074866310160179e-02
3.850267379679144647e-02
4.278074866310160179e-02
4.705882352941176405e-02
5.347593582887700397e-02
4.491978609625668639e-02
4.705882352941176405e-02
5.454545454545454281e-02
5.133689839572192631e-02
6.417112299465241310e-02
4.385026737967914756e-02
4.491978609625668639e-02
5.133689839572192631e-02
5.561497326203208857e-02
5.133689839572192631e-02
5.668449197860962741e-02
4.598930481283422522e-02
5.240641711229946514e-02
4.491978609625668639e-02
4.491978609625668639e-02
3.957219251336898530e-02
4.812834224598930288e-02
4.705882352941176405e-02
4.278074866310160179e-02
4.812834224598930288e-02
4.278074866310160179e-02
4.385026737967914756e-02
3.850267379679144647e-02
3.850267379679144647e-02
3.957219251336898530e-02
4.171122994652406296e-02
4.064171122994652413e-02
4.278074866310160179e-02
4.385026737967914756e-02
3.636363636363636187e-02
4.171122994652406296e-02
5.026737967914438748e-02
4.491978609625668639e-02
4.491978609625668639e-02
4.064171122994652413e-02
4.064171122994652413e-02
3.315508021390374538e-02
3.743315508021390070e-02
3.850267379679144647e-02
2.994652406417112195e-02
3.315508021390374538e-02
4.812834224598930288e-02
3.957219251336898530e-02
4.064171122994652413e-02
3.208556149732620655e-02
3.315508021390374538e-02
3.422459893048128421e-02
3.422459893048128421e-02
3.850267379679144647e-02
3.422459893048128421e-02
3.529411764705882304e-02
3.636363636363636187e-02
3.101604278074866425e-02
3.315508021390374538e-02
2.780748663101604429e-02
2.459893048128342086e-02
2.459893048128342086e-02
3.743315508021390070e-02
2.673796791443850199e-02
3.743315508021390070e-02
2.994652406417112195e-02
2.887700534759358312e-02
3.101604278074866425e-02
2.673796791443850199e-02
3.636363636363636187e-02
3.208556149732620655e-02
2.780748663101604429e-02
3.101604278074866425e-02
2.994652406417112195e-02
2.352941176470588203e-02
2.566844919786096316e-02
2.352941176470588203e-02
2.994652406417112195e-02
3.208556149732620655e-02
2.139037433155080090e-02
3.208556149732620655e-02
2.673796791443850199e-02
1.604278074866310327e-02
2.352941176470588203e-02
2.352941176470588203e-02
3.636363636363636187e-02
2.566844919786096316e-02
2.887700534759358312e-02
3.422459893048128421e-02
2.352941176470588203e-02
2.566844919786096316e-02
2.032085561497326207e-02
3.101604278074866425e-02
3.101604278074866425e-02
3.208556149732620655e-02
2.673796791443850199e-02
2.887700534759358312e-02
2.673796791443850199e-02
2.245989304812834320e-02
2.780748663101604429e-02
2.245989304812834320e-02
2.245989304812834320e-02
2.780748663101604429e-02
2.780748663101604429e-02
2.352941176470588203e-02
2.352941176470588203e-02
2.673796791443850199e-02
2.780748663101604429e-02
2.566844919786096316e-02
2.139037433155080090e-02
1.497326203208556097e-02
2.352941176470588203e-02
1.925133689839572323e-02
2.459893048128342086e-02
1.818181818181818094e-02
1.497326203208556097e-02
1.604278074866310327e-02
2.139037433155080090e-02
2.352941176470588203e-02
2.352941176470588203e-02
1.283422459893048158e-02
2.139037433155080090e-02
1.497326203208556097e-02
2.032085561497326207e-02
1.604278074866310327e-02
1.925133689839572323e-02
1.711229946524064210e-02
1.818181818181818094e-02
2.139037433155080090e-02
1.497326203208556097e-02
1.711229946524064210e-02
1.497326203208556097e-02
1.283422459893048158e-02
2.139037433155080090e-02
1.818181818181818094e-02
1.604278074866310327e-02
2.245989304812834320e-02
2.245989304812834320e-02
1.818181818181818094e-02
1.818181818181818094e-02
2.352941176470588203e-02
1.497326203208556097e-02
1.176470588235294101e-02
1.711229946524064210e-02
1.818181818181818094e-02
1.604278074866310327e-02
9.625668449197861617e-03
1.604278074866310327e-02
2.139037433155080090e-02
1.069518716577540045e-02
1.711229946524064210e-02
1.925133689839572323e-02
1.925133689839572323e-02
1.069518716577540045e-02
1.176470588235294101e-02
1.711229946524064210e-02
1.711229946524064210e-02
1.176470588235294101e-02
1.604278074866310327e-02
1.176470588235294101e-02
1.925133689839572323e-02
1.283422459893048158e-02
1.497326203208556097e-02
1.176470588235294101e-02
1.176470588235294101e-02
1.818181818181818094e-02
1.069518716577540045e-02
2.032085561497326207e-02
