1.000000000000000000e+00
7.675840978593272412e-01
7.084607543323139245e-01
7.135575942915391989e-01
6.921508664627931129e-01
7.013251783893985625e-01
6.839959225280326516e-01
6.360856269113149830e-01
6.095820591233435115e-01
5.769622833843017773e-01
5.840978593272171393e-01
5.351681957186544825e-01
5.749235474006115787e-01
5.575942915392456678e-01
5.300713557594292080e-01
5.066258919469928124e-01
4.648318042813455730e-01
5.015290519877675379e-01
4.780835881753313088e-01
4.505606523955147935e-01
4.128440366972477293e-01
4.434250764525993760e-01
4.576962283384301555e-01
4.322120285423037833e-01
4.148827726809378169e-01
4.046890927624872680e-01
4.108053007135575863e-01
4.383282364933741015e-01
4.057084607543323118e-01
4.311926605504587395e-01
4.108053007135575863e-01
4.322120285423037833e-01
3.802242609582059396e-01
4.097859327217125425e-01
3.904179408766564885e-01
4.097859327217125425e-01
4.138634046890927731e-01
3.618756371049949294e-01
3.690112130479102914e-01
3.618756371049949294e-01
3.577981651376146988e-01
3.679918450560652476e-01
3.690112130479102914e-01
3.333333333333333148e-01
3.486238532110091937e-01
3.445463812436289630e-01
3.333333333333333148e-01
3.261977573904179528e-01
3.129459734964322171e-01
3.109072375127420740e-01
2.935779816513761631e-01
2.976554536187563937e-01
2.956167176350662507e-01
3.170234454638124477e-01
2.945973496432212069e-01
2.823649337410805149e-01
2.752293577981651529e-01
2.823649337410805149e-01
2.680937818552497354e-01
2.905198776758409762e-01
2.854230377166157018e-01
2.844036697247706580e-01
3.027522935779816682e-01
2.650356778797146040e-01
2.731906218144750098e-01
2.599388379204892741e-01
2.884811416921508886e-01
2.446483180428134507e-01
2.691131498470947792e-01
2.629969418960244609e-01
2.711518858307849222e-01
2.579001019367991865e-01
2.538226299694189558e-01
2.680937818552497354e-01
2.731906218144750098e-01
2.854230377166157018e-01
2.844036697247706580e-01
2.670744138634046916e-01
2.497451580020387252e-01
2.283384301732925559e-01
2.364933741080530172e-01
2.161060142711518917e-01
2.324159021406727865e-01
2.324159021406727865e-01
2.395514780835881763e-01
2.212028542303771661e-01
2.171253822629969354e-01
2.140672782874617763e-01
2.262996941896024405e-01
2.252803261977573968e-01
2.364933741080530172e-01
2.099898063200815457e-01
2.364933741080530172e-01
2.364933741080530172e-01
2.364933741080530172e-01
2.334352701325178303e-01
2.252803261977573968e-01
2.201834862385321223e-01
2.273190621814475121e-01
2.079510703363914303e-01
2.262996941896024405e-01
2.181447502548420070e-01
2.283384301732925559e-01
1.977573904179408815e-01
1.997961264016309968e-01
1.824668705402650304e-01
1.834862385321101019e-01
2.161060142711518917e-01
1.967380224260958099e-01
1.865443425076452610e-01
1.753312945973496406e-01
1.794087665647298713e-01
1.824668705402650304e-01
1.743119266055045968e-01
1.681957186544342508e-01
1.896024464831804202e-01
1.804281345565749151e-01
1.987767584097859253e-01
1.926605504587156070e-01
1.763506625891947122e-01
1.865443425076452610e-01
1.875637104994903048e-01
1.794087665647298713e-01
1.702344546381243662e-01
1.896024464831804202e-01
2.089704383282365019e-01
1.865443425076452610e-01
1.732925586136595253e-01
1.896024464831804202e-01
1.783893985728847997e-01
1.845056065239551457e-01
1.722731906218144815e-01
1.702344546381243662e-01
1.834862385321101019e-01
1.722731906218144815e-01
1.488277268093781969e-01
1.529051987767583998e-01
1.559633027522935866e-01
1.651376146788990917e-01
1.498470948012232407e-01
1.600407747196737895e-01
1.783893985728847997e-01
1.630988786952089764e-01
1.824668705402650304e-01
1.580020387359837020e-01
1.651376146788990917e-01
1.804281345565749151e-01
1.794087665647298713e-01
1.671763506625892071e-01
1.641182466870540202e-01
1.712538226299694100e-01
1.671763506625892071e-01
1.824668705402650304e-01
1.508664627930682844e-01
1.610601427115188611e-01
1.539245667686034713e-01
1.773700305810397559e-01
1.732925586136595253e-01
1.681957186544342508e-01
1.508664627930682844e-01
1.732925586136595253e-01
1.569826707441386304e-01
1.773700305810397559e-01
1.559633027522935866e-01
1.508664627930682844e-01
1.355759429153924611e-01
1.314984709480122305e-01
1.365953109072375049e-01
1.416921508664627793e-01
1.294597349643221151e-01
1.223241590214067254e-01
1.253822629969418845e-01
1.376146788990825764e-01
1.274209989806319998e-01
1.151885830784913356e-01
1.172273190621814509e-01
1.406727828746177356e-01
1.213047910295616677e-01
1.406727828746177356e-01
1.396534148827726918e-01
1.100917431192660612e-01
1.100917431192660612e-01
1.406727828746177356e-01
1.233435270132517830e-01
1.202854230377166100e-01
1.518858307849133560e-01
1.345565749235473896e-01
9.582059123343526774e-02
1.233435270132517830e-01
1.100917431192660612e-01
1.111111111111111049e-01
1.274209989806319998e-01
1.151885830784913356e-01
1.314984709480122305e-01
1.100917431192660612e-01
1.172273190621814509e-01
1.090723751274210035e-01
1.121304791029561626e-01
1.029561671763506575e-01
1.172273190621814509e-01
1.039755351681957152e-01
9.989806320081549840e-02
1.131498470948012203e-01
1.121304791029561626e-01
1.233435270132517830e-01
1.202854230377166100e-01
9.989806320081549840e-02
1.121304791029561626e-01
1.121304791029561626e-01
1.039755351681957152e-01
1.111111111111111049e-01
9.785932721712538307e-02
9.989806320081549840e-02
9.887869520897044073e-02
1.029561671763506575e-01
9.378185524974515241e-02
1.060142711518858305e-01
1.141692150866462779e-01
1.049949031600407728e-01
9.785932721712538307e-02
1.213047910295616677e-01
1.070336391437308882e-01
1.111111111111111049e-01
1.172273190621814509e-01
1.060142711518858305e-01
1.070336391437308882e-01
1.182466870540265086e-01
1.131498470948012203e-01
9.480122324159021008e-02
1.029561671763506575e-01
1.172273190621814509e-01
1.039755351681957152e-01
9.683995922528032541e-02
9.785932721712538307e-02
9.582059123343526774e-02
1.111111111111111049e-01
1.049949031600407728e-01
9.887869520897044073e-02
9.378185524974515241e-02
1.049949031600407728e-01
8.766564729867482031e-02
1.060142711518858305e-01
9.378185524974515241e-02
9.683995922528032541e-02
1.049949031600407728e-01
9.785932721712538307e-02
9.785932721712538307e-02
1.080530071355759458e-01
8.154943934760448820e-02
8.868501529051987797e-02
7.543323139653414222e-02
7.951070336391437288e-02
9.785932721712538307e-02
9.683995922528032541e-02
9.072375127420999330e-02
9.989806320081549840e-02
8.562691131498470498e-02
7.849133537206931521e-02
9.582059123343526774e-02
9.683995922528032541e-02
9.378185524974515241e-02
1.029561671763506575e-01
7.645259938837919989e-02
8.970438328236493564e-02
9.989806320081549840e-02
7.951070336391437288e-02
9.989806320081549840e-02
8.562691131498470498e-02
9.276248725790010863e-02
9.072375127420999330e-02
9.683995922528032541e-02
8.766564729867482031e-02
9.276248725790010863e-02
7.951070336391437288e-02
8.868501529051987797e-02
8.358817533129460353e-02
8.154943934760448820e-02
7.951070336391437288e-02
8.154943934760448820e-02
8.766564729867482031e-02
8.766564729867482031e-02
8.562691131498470498e-02
7.747196738022425755e-02
8.358817533129460353e-02
8.460754332313964732e-02
8.053007135575943054e-02
1.019367991845055998e-01
9.174311926605505096e-02
9.378185524974515241e-02
7.951070336391437288e-02
9.683995922528032541e-02
8.766564729867482031e-02
1.039755351681957152e-01
9.989806320081549840e-02
9.887869520897044073e-02
9.582059123343526774e-02
7.849133537206931521e-02
8.766564729867482031e-02
9.887869520897044073e-02
7.747196738022425755e-02
7.237512742099898311e-02
7.033639143730886778e-02
9.480122324159021008e-02
7.135575942915392544e-02
7.033639143730886778e-02
9.378185524974515241e-02
7.951070336391437288e-02
6.523955147808359334e-02
8.358817533129460353e-02
7.135575942915392544e-02
8.970438328236493564e-02
6.625891946992865100e-02
7.747196738022425755e-02
7.849133537206931521e-02
8.358817533129460353e-02
7.747196738022425755e-02
8.562691131498470498e-02
6.727828746177369479e-02
8.562691131498470498e-02
7.747196738022425755e-02
7.237512742099898311e-02
7.645259938837919989e-02
7.339449541284404077e-02
8.256880733944954587e-02
7.237512742099898311e-02
8.154943934760448820e-02
7.849133537206931521e-02
7.339449541284404077e-02
7.135575942915392544e-02
6.218144750254842035e-02
6.320081549439347801e-02
6.523955147808359334e-02
6.829765545361875245e-02
7.339449541284404077e-02
7.645259938837919989e-02
6.727828746177369479e-02
7.033639143730886778e-02
7.237512742099898311e-02
7.033639143730886778e-02
6.625891946992865100e-02
6.116207951070336268e-02
7.135575942915392544e-02
7.339449541284404077e-02
7.033639143730886778e-02
6.625891946992865100e-02
7.849133537206931521e-02
6.625891946992865100e-02
6.523955147808359334e-02
6.727828746177369479e-02
6.829765545361875245e-02
6.422018348623853568e-02
6.727828746177369479e-02
7.237512742099898311e-02
6.218144750254842035e-02
7.135575942915392544e-02
6.320081549439347801e-02
5.300713557594291525e-02
7.339449541284404077e-02
6.218144750254842035e-02
6.320081549439347801e-02
6.931702344546381012e-02
6.014271151885830502e-02
7.033639143730886778e-02
6.931702344546381012e-02
7.237512742099898311e-02
7.339449541284404077e-02
6.116207951070336268e-02
7.339449541284404077e-02
5.708460754332313897e-02
8.970438328236493564e-02
7.135575942915392544e-02
7.033639143730886778e-02
7.135575942915392544e-02
6.625891946992865100e-02
6.320081549439347801e-02
7.339449541284404077e-02
7.441386340468909844e-02
6.523955147808359334e-02
6.523955147808359334e-02
7.441386340468909844e-02
5.912334352701325429e-02
7.237512742099898311e-02
7.339449541284404077e-02
6.422018348623853568e-02
6.523955147808359334e-02
7.339449541284404077e-02
6.116207951070336268e-02
7.645259938837919989e-02
6.422018348623853568e-02
5.606523955147808130e-02
5.606523955147808130e-02
6.829765545361875245e-02
7.237512742099898311e-02
6.727828746177369479e-02
5.912334352701325429e-02
7.033639143730886778e-02
6.218144750254842035e-02
7.951070336391437288e-02
5.912334352701325429e-02
5.504587155963303058e-02
8.868501529051987797e-02
