1.000000000000000000e+00
8.912379011716760058e-01
8.540499235863474592e-01
8.321446765155374736e-01
8.245033112582781376e-01
8.163525216505348459e-01
7.972491085073866168e-01
7.761079979623025649e-01
7.763627101375445427e-01
7.432501273560876420e-01
7.470708099847173100e-01
7.363728986245542396e-01
7.124299541518084311e-01
7.190524707080998557e-01
6.917982679572083349e-01
6.874681609780947111e-01
6.836474783494651541e-01
6.765155374426897739e-01
6.706571574121242829e-01
6.767702496179317517e-01
6.604686704024452792e-01
6.497707590422822088e-01
6.365257259296994707e-01
6.316861946001018913e-01
6.316861946001018913e-01
6.230259806418746438e-01
6.153846153846154188e-01
5.922058074375955439e-01
6.001018848700967467e-01
5.947529291900153225e-01
5.838003056546102743e-01
5.718288334182374255e-01
5.794701986754966505e-01
5.672440142638818239e-01
5.652063168619460010e-01
5.565461029037187535e-01
5.657157412124299567e-01
5.392256749872643695e-01
5.328578706062149228e-01
5.249617931737137200e-01
5.236882322975038306e-01
5.216505348955680077e-01
5.028018339276617565e-01
5.127356087620987823e-01
5.086602139582272475e-01
5.033112582781457123e-01
4.941416199694345646e-01
4.987264391237901107e-01
4.885379521141110515e-01
4.865002547121752285e-01
4.867549668874172064e-01
4.798777381558838595e-01
4.793683138053999038e-01
4.679062659195109553e-01
4.607743250127356305e-01
4.600101884870096969e-01
4.559347936831380510e-01
4.493122771268466820e-01
4.513499745287824494e-01
4.584819154355578297e-01
4.365766683647478441e-01
4.391237901171676228e-01
4.322465613856342204e-01
4.330106979113601540e-01
4.335201222618441097e-01
4.205298013245032940e-01
4.161996943453897257e-01
4.207845134997452718e-01
4.055017829852267108e-01
4.100866021395822569e-01
3.981151299032093527e-01
3.902190524707080943e-01
4.062659195109526444e-01
3.983698420784513305e-01
3.914926133469179836e-01
3.970962812022414412e-01
3.779928680590932122e-01
3.813041263372389245e-01
3.848700967906266146e-01
3.754457463066734335e-01
3.774834437086092565e-01
3.759551706571573892e-01
3.739174732552216218e-01
3.568517575140091602e-01
3.828323993886907917e-01
3.713703515028018431e-01
3.619460010188487176e-01
3.560876209882832266e-01
3.652572592969943743e-01
3.619460010188487176e-01
3.573611818644931160e-01
3.461538461538461453e-01
3.466632705043301010e-01
3.522669383596536141e-01
3.400407539480387320e-01
3.385124808965868648e-01
3.410596026490066435e-01
3.214467651553744032e-01
3.217014773306163811e-01
3.229750382068262704e-01
3.239938869077941819e-01
3.168619460010188571e-01
3.104941416199694104e-01
3.097300050942435323e-01
3.041263372389200192e-01
3.036169128884360635e-01
3.092205807437595766e-01
3.076923076923077094e-01
2.967396841569027166e-01
3.018339276617422184e-01
3.020886398369841963e-01
2.995415180845644176e-01
2.995415180845644176e-01
3.018339276617422184e-01
2.890983188996433806e-01
2.903718797758532699e-01
3.010697911360162848e-01
2.939378502292409601e-01
2.870606214977076132e-01
2.896077432501273363e-01
2.888436067244014027e-01
2.824758023433520115e-01
2.898624554253693142e-01
2.878247580234335468e-01
2.664289353031074614e-01
2.766174223127865761e-01
2.727967396841569081e-01
2.656647987773815833e-01
2.659195109526235612e-01
2.664289353031074614e-01
2.559857361181864244e-01
2.618441161487519153e-01
2.598064187468160924e-01
2.422312786551197028e-01
2.600611309220580702e-01
2.514009169638308783e-01
2.526744778400407676e-01
2.554763117677024686e-01
2.432501273560876143e-01
2.414671421293937970e-01
2.422312786551197028e-01
2.526744778400407676e-01
2.384105960264900625e-01
2.417218543046357748e-01
2.409577177789098412e-01
2.470708099847172823e-01
2.320427916454406436e-01
2.386653082017320404e-01
2.320427916454406436e-01
2.361181864493122895e-01
2.343352012226184444e-01
2.289862455425369370e-01
2.310239429444727322e-01
2.170147733061640327e-01
2.274579724910850698e-01
2.223637289862455402e-01
2.277126846663270476e-01
2.187977585328578778e-01
2.228731533367294959e-01
2.172694854814060106e-01
2.185430463576158999e-01
2.210901681100356508e-01
2.098828323993886802e-01
2.070809984717269514e-01
2.121752419765664810e-01
2.126846663270504367e-01
2.116658176260825253e-01
2.050433010697911285e-01
2.050433010697911285e-01
2.060621497707590399e-01
2.047885888945491506e-01
2.004584819154355546e-01
2.024961793173713775e-01
1.979113601630158037e-01
2.014773306164034661e-01
2.007131940906775325e-01
1.956189505858380029e-01
1.994396332144676431e-01
1.938359653591441578e-01
1.833927661742231208e-01
1.879775853285786946e-01
1.915435557819663848e-01
1.864493122771268552e-01
1.846663270504330101e-01
1.902699949057564954e-01
1.816097809475293035e-01
1.823739174732552093e-01
1.744778400407539509e-01
1.808456444218033699e-01
1.770249617931737018e-01
1.747325522159959288e-01
1.816097809475293035e-01
1.798267957208354584e-01
1.765155374426897739e-01
1.719307182883341723e-01
1.760061130922058181e-01
1.721854304635761501e-01
1.706571574121243107e-01
1.647987773815588475e-01
1.681100356597045320e-01
1.602139582272032736e-01
1.632705043301069803e-01
1.609780947529291795e-01
1.627610799796230245e-01
1.647987773815588475e-01
1.612328069281711573e-01
1.645440652063168696e-01
1.563932755985736056e-01
1.625063678043810467e-01
1.574121242995415171e-01
1.538461538461538547e-01
1.609780947529291795e-01
1.574121242995415171e-01
1.635252165053489581e-01
1.563932755985736056e-01
1.563932755985736056e-01
1.551197147223637163e-01
1.528273051451859432e-01
1.482424859908303694e-01
1.472236372898624579e-01
1.538461538461538547e-01
1.523178807947019875e-01
1.520631686194600096e-01
1.507896077432501203e-01
1.515537442689760539e-01
1.477330616403464136e-01
1.479877738155883915e-01
1.456953642384105907e-01
1.428935303107488619e-01
1.434029546612328176e-01
1.418746816097809504e-01
1.418746816097809504e-01
1.393275598573611718e-01
1.431482424859908398e-01
1.403464085583290832e-01
1.477330616403464136e-01
1.383087111563932881e-01
1.398369842078451275e-01
1.416199694345389726e-01
1.380539989811513102e-01
1.324503311258278249e-01
1.306673458991339798e-01
1.365257259296994430e-01
1.370351502801833987e-01
1.355068772287315315e-01
1.380539989811513102e-01
1.349974528782475758e-01
1.327050433010698027e-01
1.327050433010698027e-01
1.370351502801833987e-01
1.334691798267957086e-01
1.296484971981660683e-01
1.286296484971981569e-01
1.225165562913907297e-01
1.327050433010698027e-01
1.281202241467142011e-01
1.291390728476821126e-01
1.291390728476821126e-01
1.265919510952623617e-01
1.227712684666327075e-01
1.209882832399388625e-01
1.192052980132450313e-01
1.227712684666327075e-01
1.222618441161487518e-01
1.207335710646968985e-01
1.176770249617931779e-01
1.166581762608252665e-01
1.176770249617931779e-01
1.128374936321956123e-01
1.169128884360672443e-01
1.199694345389709649e-01
1.105450840550178254e-01
1.146204788588894574e-01
1.146204788588894574e-01
1.113092205807437590e-01
1.153846153846153910e-01
1.148751910341314353e-01
1.176770249617931779e-01
1.136016301579215459e-01
1.174223127865512001e-01
1.166581762608252665e-01
1.143657666836474796e-01
1.113092205807437590e-01
1.026490066225165532e-01
1.021395822720325974e-01
1.062149770759042294e-01
1.057055527254202737e-01
1.069791136016301630e-01
1.100356597045338836e-01
1.074885379521141049e-01
1.113092205807437590e-01
1.044319918492103982e-01
1.006113092205807441e-01
9.933774834437085477e-02
1.034131431482424868e-01
1.100356597045338836e-01
1.049414161996943401e-01
9.475292919001528091e-02
1.008660213958227220e-01
9.577177789098319238e-02
9.169638308711156038e-02
9.806418746816097931e-02
9.933774834437085477e-02
1.003565970453387662e-01
1.029037187977585310e-01
9.628120224146714812e-02
9.577177789098319238e-02
9.653591441670911211e-02
9.704533876719306784e-02
9.577177789098319238e-02
1.049414161996943401e-01
1.006113092205807441e-01
9.653591441670911211e-02
9.577177789098319238e-02
9.449821701477330305e-02
9.347936831380540545e-02
9.246051961283749399e-02
9.118695873662760465e-02
9.322465613856342759e-02
8.965868568517575132e-02
8.838512480896586199e-02
8.634742740703005293e-02
8.813041263372389800e-02
8.762098828323994226e-02
8.914926133469179559e-02
8.914926133469179559e-02
8.507386653082017747e-02
8.991339786041772919e-02
8.354559347936831026e-02
8.278145695364239054e-02
9.042282221090168493e-02
8.507386653082017747e-02
8.507386653082017747e-02
7.921548650025471427e-02
8.940397350993377346e-02
8.762098828323994226e-02
8.150789607743250120e-02
8.380030565461028813e-02
8.201732042791645694e-02
8.201732042791645694e-02
8.405501782985226600e-02
7.717778909831890521e-02
8.583800305654609719e-02
7.972491085073867001e-02
8.278145695364239054e-02
7.947019867549669214e-02
8.023433520122261187e-02
7.590422822210901588e-02
8.125318390219052334e-02
7.896077432501273641e-02
7.692307692307692735e-02
7.284768211920529535e-02
7.590422822210901588e-02
7.972491085073867001e-02
7.590422822210901588e-02
7.641365257259297161e-02
7.641365257259297161e-02
8.405501782985226600e-02
7.717778909831890521e-02
8.074375955170656760e-02
8.430973000509424387e-02
8.278145695364239054e-02
7.794192562404482494e-02
8.125318390219052334e-02
8.023433520122261187e-02
7.463066734589914042e-02
7.564951604686703801e-02
7.819663779928680281e-02
7.539480387162506014e-02
7.233825776872133961e-02
7.615894039735099375e-02
7.564951604686703801e-02
7.488537952114110441e-02
7.131940906775344202e-02
7.564951604686703801e-02
7.386653082017320682e-02
6.851757514009169936e-02
7.361181864493122895e-02
7.768721344880284707e-02
7.463066734589914042e-02
7.412124299541518468e-02
6.622516556291391243e-02
6.877228731533367723e-02
7.080998471726948629e-02
6.469689251146204523e-02
7.208354559347936175e-02
6.520631686194600096e-02
6.342333163525216977e-02
7.157412124299541989e-02
6.698930208863983216e-02
6.851757514009169936e-02
7.233825776872133961e-02
6.877228731533367723e-02
6.826286296484972149e-02
6.597045338767193456e-02
6.979113601630157482e-02
7.004584819154355269e-02
6.877228731533367723e-02
7.080998471726948629e-02
6.342333163525216977e-02
6.647987773815589030e-02
