1.000000000000000000e+00
8.360655737704918433e-01
7.782717421505973565e-01
7.668796888024451697e-01
7.399277577104751424e-01
7.182550708530147654e-01
6.851903306474020905e-01
6.615726590719643863e-01
6.751875520978048995e-01
6.571269797165879556e-01
6.371214226173936845e-01
6.290636287857738207e-01
6.196165601555987390e-01
5.973881633787163636e-01
5.726590719644345517e-01
5.798833009169214181e-01
5.534870797443733892e-01
5.523756599055292815e-01
5.409836065573770947e-01
5.223673242567379305e-01
5.257015837732703645e-01
5.134759655459849581e-01
5.209780494581828236e-01
5.106974159488746334e-01
4.973603778827452304e-01
4.984717977215893381e-01
4.845790497360377702e-01
4.923589886079466349e-01
4.687413170325090417e-01
4.679077521533759332e-01
4.595721033620450147e-01
4.431786607390941768e-01
4.356765768268963668e-01
4.512364545707140961e-01
4.173381494859683127e-01
4.120589052514587181e-01
4.223395387607668527e-01
4.228952486801889621e-01
4.178938594053903666e-01
4.017782717421505834e-01
4.045568213392609080e-01
3.956654626285079357e-01
4.056682411781050157e-01
3.853848291191998010e-01
3.778827452070019355e-01
3.784384551264239893e-01
3.695470964156710170e-01
3.639899972214504231e-01
3.570436232286746114e-01
3.603778827452069899e-01
3.392609058071686667e-01
3.542650736315643423e-01
3.431508752431230991e-01
3.337038066129480174e-01
3.417616004445679367e-01
3.409280355654348282e-01
3.370380661294803959e-01
3.334259516532370182e-01
3.234231731036398827e-01
3.256460127813281535e-01
3.239788830230619365e-01
3.203667685468185589e-01
3.184217838288413427e-01
3.206446235065296135e-01
3.114754098360655865e-01
3.073075854404000995e-01
3.161989441511530718e-01
3.067518755209780457e-01
3.114754098360655865e-01
3.028619060850236133e-01
3.031397610447346680e-01
3.034176160044456672e-01
2.970269519310919648e-01
2.923034176160044240e-01
3.011947763267574518e-01
2.898027229786051540e-01
2.823006390664073439e-01
2.784106696304529116e-01
2.703528757988329922e-01
2.642400666851903446e-01
2.772992497916088039e-01
2.747985551542094784e-01
2.603500972492359122e-01
2.597943873298138584e-01
2.659071964434565061e-01
2.647957766046123984e-01
2.486801889413726152e-01
2.534037232564601005e-01
2.572936926924145329e-01
2.497916087802167229e-01
2.439566546262850744e-01
2.336760211169769397e-01
2.489580439010836421e-01
2.353431508752431289e-01
2.297860516810225073e-01
2.264517921644901288e-01
2.231175326479577781e-01
2.281189219227563181e-01
2.311753264795776697e-01
2.222839677688246696e-01
2.303417616004445612e-01
2.170047235343150749e-01
2.142261739372047780e-01
2.136704640177827241e-01
2.120033342595165349e-01
2.036676854681856164e-01
2.106140594609613725e-01
2.092247846624062102e-01
2.081133648235621025e-01
2.078355098638510756e-01
2.058905251458738594e-01
1.975548763545429409e-01
2.036676854681856164e-01
2.033898305084745894e-01
1.997777160322311840e-01
2.003334259516532379e-01
1.956098916365657248e-01
1.989441511530980755e-01
1.972770213948318863e-01
1.925534870797443732e-01
1.969991664351208593e-01
1.958877465962767517e-01
1.908863573214781839e-01
1.897749374826340762e-01
1.928313420394554001e-01
1.825507085301472654e-01
1.825507085301472654e-01
1.833842734092803461e-01
1.856071130869685892e-01
1.836621283689913731e-01
1.811614337315921031e-01
1.822728535704362385e-01
1.822728535704362385e-01
1.772714642956376707e-01
1.783828841344818061e-01
1.778271742150597523e-01
1.794943039733259138e-01
1.842178382884134547e-01
1.758821894970825361e-01
1.781050291747707792e-01
1.722700750208391307e-01
1.817171436510141569e-01
1.775493192553486976e-01
1.778271742150597523e-01
1.744929146985273738e-01
1.703250903028619145e-01
1.650458460683523199e-01
1.711586551819949953e-01
1.736593498193942653e-01
1.719922200611281038e-01
1.664351208669074822e-01
1.622672964712420229e-01
1.586551819949986175e-01
1.628230063906640768e-01
1.672686857460405629e-01
1.611558766323978875e-01
1.522645179216449152e-01
1.525423728813559421e-01
1.525423728813559421e-01
1.583773270352875906e-01
1.486524034454015097e-01
1.497638232842456174e-01
1.486524034454015097e-01
1.550430675187552121e-01
1.489302584051125367e-01
1.472631286468463474e-01
1.464295637677132667e-01
1.444845790497360505e-01
1.450402889691581043e-01
1.472631286468463474e-01
1.358710752986940773e-01
1.414281744929146989e-01
1.375382050569602665e-01
1.355932203389830504e-01
1.333703806612948073e-01
1.319811058627396450e-01
1.330925257015837804e-01
1.342039455404278880e-01
1.300361211447624288e-01
1.311475409836065642e-01
1.378160600166712935e-01
1.305918310641844826e-01
1.355932203389830504e-01
1.311475409836065642e-01
1.342039455404278880e-01
1.280911364267852126e-01
1.211447624340094426e-01
1.236454570714087264e-01
1.280911364267852126e-01
1.247568769102528480e-01
1.300361211447624288e-01
1.336482356210058342e-01
1.272575715476521319e-01
1.308696860238955373e-01
1.230897471519866587e-01
1.230897471519866587e-01
1.258682967490969695e-01
1.186440677966101725e-01
1.294804112253403749e-01
1.267018616282300503e-01
1.203111975548763479e-01
1.175326479577660510e-01
1.153098082800777940e-01
1.133648235621005779e-01
1.269797165879411049e-01
1.208669074742984156e-01
1.141983884412336725e-01
1.161433731592108887e-01
1.119755487635454294e-01
1.166990830786329564e-01
1.091969991664351186e-01
1.091969991664351186e-01
1.122534037232564563e-01
1.119755487635454294e-01
1.061405946096137809e-01
1.083634342873020240e-01
1.122534037232564563e-01
1.078077243678799702e-01
1.103084190052792402e-01
1.122534037232564563e-01
1.094748541261461455e-01
1.155876632397888348e-01
1.125312586829674971e-01
1.044734648513475916e-01
1.025284801333703755e-01
1.094748541261461455e-01
1.103084190052792402e-01
1.028063350930814163e-01
1.072520144484579024e-01
1.033620450125034701e-01
1.055848846901917132e-01
1.066963045290358486e-01
1.091969991664351186e-01
1.103084190052792402e-01
1.058627396499027540e-01
1.022506251736593486e-01
1.025284801333703755e-01
1.075298694081689294e-01
1.003056404556821324e-01
1.114198388441233617e-01
1.003056404556821324e-01
1.000277854959711055e-01
9.752709085857182159e-02
9.641567101972770004e-02
1.014170602945262539e-01
1.069741594887468755e-01
9.585996110030564621e-02
1.039177549319255378e-01
1.041956098916365647e-01
1.014170602945262539e-01
1.066963045290358486e-01
1.016949152542372947e-01
9.780494581828286238e-02
1.030841900527924432e-01
1.008613503751042001e-01
9.974993053626007855e-02
9.752709085857182159e-02
1.005834954153931593e-01
9.836065573770491621e-02
9.196999166435121387e-02
9.752709085857182159e-02
1.014170602945262539e-01
9.113642678521811924e-02
9.947207557654903776e-02
9.502639622117255158e-02
9.891636565712698392e-02
9.724923589886079467e-02
9.085857182550707845e-02
9.613781606001667313e-02
9.474854126146151079e-02
9.224784662406224078e-02
8.752431230897471381e-02
9.558210614059460541e-02
9.113642678521811924e-02
9.863851069741594313e-02
8.696860238955265998e-02
8.557932759099749764e-02
8.724645734926368690e-02
8.891358710752987615e-02
8.252292303417615993e-02
8.669074742984161919e-02
8.974715198666295690e-02
8.835787718810780844e-02
8.974715198666295690e-02
8.585718255070852456e-02
8.252292303417615993e-02
8.696860238955265998e-02
8.057793831619894376e-02
8.141150319533203839e-02
8.002222839677687605e-02
7.946651847735482221e-02
7.863295359822172759e-02
8.307863295359822764e-02
8.724645734926368690e-02
8.669074742984161919e-02
8.363434287302028147e-02
8.252292303417615993e-02
8.085579327590997067e-02
8.168935815504306530e-02
8.252292303417615993e-02
8.224506807446513301e-02
8.585718255070852456e-02
7.946651847735482221e-02
7.918866351764379530e-02
7.779938871908863296e-02
7.724367879966657913e-02
7.863295359822172759e-02
7.946651847735482221e-02
7.224228952486802524e-02
7.641011392053348450e-02
7.696582383995553833e-02
8.252292303417615993e-02
8.085579327590997067e-02
8.252292303417615993e-02
8.280077799388718685e-02
7.891080855793275450e-02
8.252292303417615993e-02
7.529869408168936296e-02
7.807724367879965988e-02
8.030008335648791684e-02
7.585440400111141679e-02
7.696582383995553833e-02
7.502083912197832216e-02
7.057515976660183599e-02
7.140872464573493061e-02
6.751875520978049827e-02
7.446512920255626833e-02
7.446512920255626833e-02
6.974159488746874136e-02
7.196443456515698445e-02
7.418727424284524141e-02
7.001944984717976828e-02
7.085301472631286290e-02
7.307585440400110599e-02
7.668796888024451142e-02
6.779661016949152519e-02
7.029730480689080907e-02
7.085301472631286290e-02
7.113086968602388982e-02
6.807446512920255210e-02
7.279799944429007907e-02
6.890803000833564673e-02
7.252014448457905216e-02
7.279799944429007907e-02
6.807446512920255210e-02
6.890803000833564673e-02
6.696304529035843056e-02
6.863017504862461982e-02
6.612948041122533593e-02
6.640733537093637673e-02
6.668519033064740364e-02
6.251736593498194439e-02
5.946096137816059973e-02
6.362878577382606593e-02
6.918588496804667365e-02
6.640733537093637673e-02
6.863017504862461982e-02
6.751875520978049827e-02
6.946373992775771444e-02
6.390664073353709285e-02
6.307307585440399822e-02
6.696304529035843056e-02
6.057238121700472128e-02
6.307307585440399822e-02
6.307307585440399822e-02
6.279522089469297130e-02
6.029452625729369436e-02
5.696026674076132279e-02
6.585162545151430902e-02
5.973881633787163359e-02
5.723812170047235665e-02
6.168380105584884976e-02
6.029452625729369436e-02
6.335093081411502514e-02
6.085023617671575513e-02
6.390664073353709285e-02
5.723812170047235665e-02
5.584884690191720125e-02
6.223951097527091053e-02
6.001667129758266050e-02
5.890525145873853896e-02
5.807168657960544433e-02
6.001667129758266050e-02
6.168380105584884976e-02
6.223951097527091053e-02
6.251736593498194439e-02
5.751597666018338356e-02
5.612670186162822816e-02
5.973881633787163359e-02
5.334815226451792430e-02
5.946096137816059973e-02
5.946096137816059973e-02
5.640455682133926202e-02
5.668241178105028893e-02
5.390386218393998508e-02
5.918310641844956588e-02
5.390386218393998508e-02
5.612670186162822816e-02
5.807168657960544433e-02
5.390386218393998508e-02
5.557099194220616739e-02
