1.000000000000000000e+00
7.429943955164131086e-01
6.781425140112089522e-01
6.605284227381905682e-01
6.517213771016813206e-01
6.180944755804643753e-01
6.156925540432346411e-01
5.708566853482786030e-01
5.612489991993594440e-01
5.540432345876701303e-01
5.532425940752602189e-01
5.324259407526020782e-01
5.132105684547637603e-01
5.172137710168134284e-01
5.060048038430744466e-01
5.012009607686148671e-01
4.659727782225780435e-01
4.867894315452361842e-01
4.579663730984787628e-01
4.747798238590872910e-01
4.435548438751000799e-01
4.355484387510007993e-01
4.523618895116092720e-01
4.211369095276221164e-01
4.379503602882305890e-01
4.195356285028022381e-01
4.291433146517213970e-01
4.299439551641313084e-01
4.251401120896717289e-01
4.083266613290632563e-01
4.059247397918334666e-01
3.787029623698959235e-01
3.803042433947157464e-01
3.819055244195356247e-01
3.578863090472377828e-01
3.666933546837469748e-01
3.642914331465172406e-01
3.779023218574860121e-01
3.626901521216973623e-01
3.362690152121697307e-01
3.354683746997598193e-01
3.474779823859087124e-01
3.338670936749399409e-01
3.250600480384307489e-01
3.482786228983186794e-01
3.138510808646917671e-01
3.194555644515612580e-01
3.066453162530023979e-01
3.002401921537229956e-01
3.114491593274619774e-01
2.930344275420336264e-01
3.026421136909527854e-01
2.962369895916733276e-01
2.914331465172137481e-01
2.850280224179343458e-01
2.690152121697357845e-01
2.746196957566052754e-01
2.722177742193754857e-01
2.634107285828662937e-01
2.666132906325059948e-01
2.594075260208166256e-01
2.690152121697357845e-01
2.626100880704563822e-01
2.554043234587670130e-01
2.578062449959968028e-01
2.714171337069655743e-01
2.706164931945556629e-01
2.409927942353883024e-01
2.385908726981585404e-01
2.417934347477982415e-01
2.465972778222577932e-01
2.465972778222577932e-01
2.241793434747798297e-01
2.345876701361089001e-01
2.369895916733386620e-01
2.297838270616493206e-01
2.337870296236989609e-01
2.289831865492393814e-01
2.233787029623698905e-01
2.241793434747798297e-01
2.289831865492393814e-01
2.233787029623698905e-01
2.177742193755003997e-01
2.161729383506805491e-01
2.025620496397117776e-01
2.041633306645316281e-01
2.017614091273018384e-01
1.953562850280224084e-01
1.913530824659727680e-01
1.929543634907926464e-01
1.793434747798238471e-01
1.777421937550039965e-01
1.929543634907926464e-01
1.793434747798238471e-01
1.881505204163330669e-01
1.881505204163330669e-01
1.665332265812650148e-01
1.769415532425940851e-01
1.753402722177742068e-01
1.729383506805444448e-01
1.817453963170536368e-01
1.793434747798238471e-01
1.657325860688550756e-01
1.761409127301841460e-01
1.689351481184948045e-01
1.633306645316253136e-01
1.601281024819855847e-01
1.577261809447557950e-01
1.545236188951160938e-01
1.553242594075260330e-01
1.561248999199359444e-01
1.441152922337870235e-01
1.537229783827061547e-01
1.577261809447557950e-01
1.457165732586068740e-01
1.529223378702962433e-01
1.497197758206565144e-01
1.625300240192153745e-01
1.537229783827061547e-01
1.545236188951160938e-01
1.369095276220976820e-01
1.297037630104083128e-01
1.248999199359487611e-01
1.289031224979984014e-01
1.128903122497998401e-01
1.281024819855884622e-01
1.160928742994395552e-01
1.281024819855884622e-01
1.393114491593274717e-01
1.200960768614891955e-01
1.240992794235388358e-01
1.240992794235388358e-01
1.297037630104083128e-01
1.305044035228182520e-01
1.273018414731785508e-01
1.289031224979984014e-01
1.305044035228182520e-01
1.144915932746196907e-01
1.289031224979984014e-01
1.265012009607686116e-01
1.152922337870296299e-01
1.112890312249799896e-01
1.305044035228182520e-01
1.080864691753402745e-01
1.152922337870296299e-01
1.096877502001601251e-01
1.192954363490792702e-01
1.200960768614891955e-01
1.080864691753402745e-01
1.136909527622097654e-01
1.112890312249799896e-01
1.008807045636509192e-01
1.032826261008807089e-01
1.024819855884707698e-01
1.080864691753402745e-01
1.040832666132906342e-01
1.072858286629303493e-01
1.088871096877501998e-01
1.032826261008807089e-01
1.072858286629303493e-01
1.024819855884707698e-01
1.032826261008807089e-01
1.024819855884707698e-01
9.687750200160127889e-02
1.016813450760608445e-01
9.527622097678142832e-02
8.967173738991192355e-02
9.047237790232186272e-02
1.088871096877501998e-01
1.064851881505204101e-01
8.887109687750199827e-02
8.967173738991192355e-02
9.847878302642114334e-02
9.207365892714171329e-02
8.326661329063250738e-02
9.207365892714171329e-02
8.646917534027222241e-02
9.687750200160127889e-02
9.047237790232186272e-02
9.287429943955163858e-02
8.726981585268214769e-02
9.687750200160127889e-02
1.144915932746196907e-01
8.566853482786228324e-02
8.006405124099279236e-02
8.646917534027222241e-02
8.887109687750199827e-02
8.646917534027222241e-02
8.166533226581265681e-02
8.486789431545235796e-02
8.246597277822258210e-02
9.367493995196156387e-02
9.047237790232186272e-02
7.846277021617294178e-02
7.686148919135307733e-02
7.846277021617294178e-02
8.246597277822258210e-02
8.406725380304243267e-02
8.967173738991192355e-02
8.086469175340271764e-02
8.326661329063250738e-02
8.326661329063250738e-02
8.807045636509207298e-02
8.006405124099279236e-02
8.486789431545235796e-02
7.285828662930343702e-02
7.766212970376301650e-02
7.846277021617294178e-02
7.606084867894315205e-02
8.326661329063250738e-02
7.686148919135307733e-02
8.326661329063250738e-02
7.045636509207366116e-02
7.365892714171337619e-02
7.526020816653322676e-02
7.526020816653322676e-02
7.686148919135307733e-02
6.965572457966373587e-02
7.365892714171337619e-02
8.086469175340271764e-02
7.205764611689351173e-02
7.045636509207366116e-02
6.565252201761409556e-02
6.965572457966373587e-02
7.926341072858286707e-02
7.205764611689351173e-02
7.285828662930343702e-02
6.725380304243394614e-02
6.485188150520415640e-02
7.205764611689351173e-02
6.485188150520415640e-02
6.805444355484387142e-02
5.604483586869495743e-02
6.805444355484387142e-02
6.725380304243394614e-02
6.325060048038430582e-02
6.084867894315452302e-02
6.325060048038430582e-02
6.325060048038430582e-02
6.725380304243394614e-02
5.924739791833466551e-02
5.604483586869495743e-02
5.684547638110488271e-02
6.645316253002402085e-02
6.485188150520415640e-02
5.684547638110488271e-02
6.244995996797438054e-02
6.004803843074459774e-02
6.965572457966373587e-02
6.164931945556444831e-02
6.164931945556444831e-02
6.325060048038430582e-02
5.684547638110488271e-02
6.164931945556444831e-02
5.844675740592474023e-02
5.604483586869495743e-02
6.244995996797438054e-02
6.164931945556444831e-02
6.004803843074459774e-02
5.364291433146517463e-02
5.444355484387509991e-02
5.524419535628502520e-02
6.325060048038430582e-02
5.364291433146517463e-02
4.883907125700560209e-02
5.604483586869495743e-02
5.844675740592474023e-02
5.764611689351481494e-02
5.764611689351481494e-02
5.524419535628502520e-02
4.963971176941553431e-02
5.364291433146517463e-02
5.444355484387509991e-02
5.044035228182545960e-02
4.963971176941553431e-02
5.124099279423538489e-02
5.204163330664531711e-02
5.124099279423538489e-02
4.883907125700560209e-02
5.524419535628502520e-02
5.684547638110488271e-02
5.764611689351481494e-02
5.124099279423538489e-02
4.963971176941553431e-02
4.883907125700560209e-02
4.803843074459567680e-02
4.963971176941553431e-02
4.483586869495596178e-02
4.163330664531625369e-02
4.643714971977581929e-02
4.243394715772617898e-02
4.643714971977581929e-02
3.843074459567653867e-02
5.204163330664531711e-02
4.643714971977581929e-02
5.044035228182545960e-02
4.083266613290632840e-02
4.163330664531625369e-02
4.563650920736589400e-02
4.963971176941553431e-02
4.803843074459567680e-02
5.044035228182545960e-02
5.284227381905524240e-02
3.923138510808647089e-02
4.963971176941553431e-02
4.883907125700560209e-02
4.723779023218575152e-02
5.044035228182545960e-02
4.563650920736589400e-02
4.323458767013611120e-02
4.003202562049639618e-02
3.843074459567653867e-02
4.163330664531625369e-02
4.403522818254603649e-02
5.044035228182545960e-02
4.883907125700560209e-02
4.963971176941553431e-02
5.044035228182545960e-02
4.323458767013611120e-02
4.083266613290632840e-02
3.923138510808647089e-02
4.243394715772617898e-02
4.323458767013611120e-02
4.963971176941553431e-02
4.483586869495596178e-02
4.163330664531625369e-02
3.923138510808647089e-02
4.083266613290632840e-02
4.243394715772617898e-02
4.403522818254603649e-02
3.602882305844675587e-02
4.483586869495596178e-02
4.563650920736589400e-02
4.243394715772617898e-02
4.403522818254603649e-02
4.003202562049639618e-02
3.923138510808647089e-02
5.044035228182545960e-02
4.003202562049639618e-02
3.843074459567653867e-02
4.003202562049639618e-02
3.442754203362689835e-02
4.563650920736589400e-02
3.682946357085668809e-02
4.003202562049639618e-02
3.522818254603683058e-02
3.923138510808647089e-02
3.602882305844675587e-02
3.282626100880704778e-02
3.602882305844675587e-02
3.442754203362689835e-02
3.763010408326661338e-02
3.602882305844675587e-02
3.682946357085668809e-02
3.202562049639711556e-02
3.763010408326661338e-02
3.202562049639711556e-02
3.522818254603683058e-02
3.202562049639711556e-02
3.282626100880704778e-02
3.362690152121697307e-02
3.442754203362689835e-02
2.321857485988790964e-02
3.282626100880704778e-02
3.442754203362689835e-02
3.202562049639711556e-02
3.522818254603683058e-02
3.682946357085668809e-02
3.682946357085668809e-02
3.763010408326661338e-02
3.442754203362689835e-02
3.682946357085668809e-02
3.202562049639711556e-02
3.602882305844675587e-02
3.923138510808647089e-02
3.442754203362689835e-02
4.003202562049639618e-02
3.522818254603683058e-02
3.122497998398719027e-02
3.682946357085668809e-02
3.202562049639711556e-02
4.083266613290632840e-02
2.882305844675740747e-02
3.682946357085668809e-02
3.122497998398719027e-02
3.602882305844675587e-02
3.122497998398719027e-02
3.362690152121697307e-02
2.882305844675740747e-02
2.481985588470776716e-02
3.042433947157726151e-02
3.282626100880704778e-02
3.602882305844675587e-02
2.481985588470776716e-02
2.802241793434747871e-02
2.802241793434747871e-02
2.722177742193754996e-02
2.321857485988790964e-02
2.642113690952762120e-02
2.802241793434747871e-02
3.442754203362689835e-02
