1.000000000000000000e+00
7.980456026058632135e-01
7.216236532197444209e-01
6.923076923076922906e-01
6.542219994988724974e-01
6.306690052618391107e-01
5.888248559258331127e-01
5.565021297920320631e-01
5.424705587572037357e-01
5.357053370082686117e-01
5.191681282886494442e-01
4.978702079679278580e-01
4.953645702831370734e-01
4.760711601102480817e-01
4.620395890754196988e-01
4.595339513906289142e-01
4.232022049611626202e-01
4.066649962415434527e-01
4.034076672513154382e-01
3.921322976697569351e-01
3.813580556251566223e-01
3.811074918566775271e-01
3.675770483588073345e-01
3.593084439989977508e-01
3.568028063142069661e-01
3.397644700576296639e-01
3.332498120771736350e-01
3.412678526685041236e-01
3.274868454021548358e-01
3.101979453770984940e-01
2.863943873715860677e-01
2.956652468053119764e-01
2.861438236031069726e-01
2.723628163367576849e-01
2.808819844650463637e-01
2.693560511150087655e-01
2.590829366073665874e-01
2.430468554247055823e-01
2.583312453019293575e-01
2.485592583312453141e-01
2.400400902029566630e-01
2.342771235279378639e-01
2.385367075920821756e-01
2.330243046855424716e-01
2.227511901779002657e-01
2.197444249561513463e-01
2.222500626409421309e-01
2.037083437734903413e-01
2.079679278376346807e-01
2.149837133550488721e-01
2.019543973941368142e-01
1.939363568028063256e-01
1.969431220245552450e-01
1.919318466549737034e-01
1.886745176647456890e-01
1.881733901277875265e-01
1.904284640440992160e-01
1.826609872212477947e-01
1.791530944625407129e-01
1.741418190929591714e-01
1.796542219994988754e-01
1.638687045853169655e-01
1.663743422701077501e-01
1.591079929842144913e-01
1.591079929842144913e-01
1.648709596592332627e-01
1.641192683537960328e-01
1.626158857429215732e-01
1.568529190679027741e-01
1.581057379102981664e-01
1.495865697820095153e-01
1.576046103733400039e-01
1.503382610874467451e-01
1.533450263091956922e-01
1.495865697820095153e-01
1.418190929591580940e-01
1.355549987471811602e-01
1.373089451265347150e-01
1.302931596091205235e-01
1.255324480080180494e-01
1.302931596091205235e-01
1.225256827862691023e-01
1.237785016286644946e-01
1.285392132297669687e-01
1.242796291656226570e-01
1.245301929341017244e-01
1.180155349536457093e-01
1.137559508895013838e-01
1.155098972688549247e-01
1.125031320471059915e-01
1.064896016036081250e-01
1.092458030568779770e-01
1.077424204460035034e-01
1.112503132047105991e-01
1.117514407416687616e-01
1.072412929090453548e-01
1.054873465296918000e-01
1.072412929090453548e-01
1.004760711601102446e-01
1.019794537709847182e-01
1.022300175394637994e-01
9.997494362315209604e-02
1.019794537709847182e-01
9.771986970684039264e-02
9.897268854923578496e-02
9.270859433725883725e-02
9.521423202204960801e-02
9.496366825357052677e-02
9.847156101227762248e-02
9.371084941117514833e-02
8.844901027311451169e-02
8.669506389376095690e-02
9.020295665246805261e-02
8.443998997744926738e-02
8.443998997744926738e-02
8.719619143071911938e-02
8.443998997744926738e-02
8.995239288398897137e-02
8.469055374592833474e-02
7.917815083938863074e-02
7.842645953395138703e-02
7.992984214482586058e-02
7.667251315459784611e-02
7.842645953395138703e-02
7.366574793284891287e-02
7.692307692307692735e-02
8.043096968178400918e-02
7.491856677524430519e-02
7.416687546980706147e-02
7.116011024805812824e-02
7.792533199699323843e-02
7.817589576547230579e-02
7.441743923828614271e-02
7.441743923828614271e-02
7.416687546980706147e-02
7.116011024805812824e-02
7.466800300676522395e-02
7.541969431220245379e-02
7.090954647957904700e-02
6.664996241543472144e-02
7.040841894262089840e-02
6.890503633174642484e-02
6.965672763718366856e-02
6.514657980456026176e-02
6.464545226760209928e-02
6.389376096216486944e-02
5.788023051866700297e-02
6.213981458281132852e-02
5.988474066649962513e-02
6.163868704585317299e-02
5.788023051866700297e-02
5.562515660235529957e-02
5.788023051866700297e-02
5.712853921322976619e-02
5.086444500125281848e-02
5.286895514908544064e-02
5.462290152843898849e-02
5.311951891756452188e-02
5.487346529691806279e-02
5.286895514908544064e-02
4.936106239037835186e-02
5.362064645452267742e-02
4.936106239037835186e-02
5.186670007516912956e-02
5.186670007516912956e-02
4.860937108494111508e-02
5.136557253821097402e-02
4.685542470558757416e-02
4.911049862189927062e-02
4.810824354798295954e-02
4.685542470558757416e-02
4.760711601102480400e-02
5.036331746429466294e-02
5.186670007516912956e-02
5.036331746429466294e-02
5.111500876973189972e-02
4.835880731646204078e-02
5.086444500125281848e-02
4.911049862189927062e-02
4.359809571535955969e-02
4.434978702079678953e-02
4.560260586319218185e-02
3.983963918817338967e-02
3.833625657729892305e-02
4.760711601102480400e-02
4.434978702079678953e-02
4.460035078927587077e-02
4.184414933600601183e-02
4.384865948383863399e-02
4.234527687296416737e-02
3.958907541969431537e-02
4.184414933600601183e-02
3.758456527186168628e-02
3.808569280881984181e-02
3.808569280881984181e-02
4.184414933600601183e-02
3.833625657729892305e-02
3.407667251315459750e-02
3.558005512402906412e-02
3.583061889250814536e-02
3.532949135554998982e-02
3.683287396642445644e-02
3.633174642946630090e-02
3.658231019794537520e-02
4.234527687296416737e-02
3.307441743923828642e-02
3.808569280881984181e-02
3.983963918817338967e-02
3.833625657729892305e-02
3.157103482836381980e-02
3.733400150338261198e-02
3.507892758707090858e-02
3.583061889250814536e-02
3.282385367075920518e-02
3.407667251315459750e-02
3.332498120771736072e-02
3.282385367075920518e-02
3.081934352292658649e-02
3.132047105988473856e-02
2.981708844901027194e-02
2.555750438486594986e-02
2.706088699574041648e-02
3.307441743923828642e-02
3.182159859684289410e-02
3.006765221748934971e-02
3.106990729140566426e-02
2.756201453269857202e-02
2.781257830117764979e-02
2.480581307942871308e-02
2.956652468053119417e-02
2.781257830117764979e-02
3.132047105988473856e-02
2.480581307942871308e-02
2.831370583813580533e-02
2.530694061638687209e-02
2.831370583813580533e-02
2.655975945878226094e-02
2.981708844901027194e-02
2.806314206965672756e-02
2.731145076421949425e-02
2.681032322726133871e-02
2.630919569030318317e-02
2.580806815334502763e-02
2.655975945878226094e-02
2.405412177399147977e-02
2.255073916311701315e-02
2.430468554247055754e-02
2.480581307942871308e-02
2.380355800551240200e-02
2.380355800551240200e-02
2.204961162615885761e-02
2.756201453269857202e-02
2.856426960661488310e-02
2.630919569030318317e-02
2.280130293159609092e-02
2.405412177399147977e-02
2.280130293159609092e-02
2.555750438486594986e-02
2.280130293159609092e-02
2.255073916311701315e-02
2.655975945878226094e-02
2.430468554247055754e-02
2.555750438486594986e-02
2.179904785767977984e-02
2.405412177399147977e-02
2.355299423703332423e-02
2.280130293159609092e-02
2.806314206965672756e-02
2.655975945878226094e-02
2.681032322726133871e-02
2.706088699574041648e-02
2.230017539463793538e-02
2.430468554247055754e-02
2.430468554247055754e-02
2.605863192182410540e-02
2.305186670007516869e-02
2.430468554247055754e-02
2.129792032072162430e-02
2.029566524680531323e-02
2.204961162615885761e-02
1.779002756201453206e-02
2.255073916311701315e-02
1.854171886745176537e-02
2.104735655224254653e-02
1.979453770984715769e-02
2.129792032072162430e-02
2.129792032072162430e-02
1.979453770984715769e-02
2.179904785767977984e-02
2.004510147832623546e-02
1.829115509897268760e-02
2.054622901528439100e-02
1.829115509897268760e-02
2.129792032072162430e-02
1.979453770984715769e-02
1.804059133049360983e-02
1.779002756201453206e-02
1.904284640440992091e-02
1.854171886745176537e-02
1.653720871961914321e-02
1.979453770984715769e-02
1.904284640440992091e-02
1.954397394136807645e-02
1.829115509897268760e-02
1.779002756201453206e-02
1.753946379353545429e-02
1.804059133049360983e-02
1.904284640440992091e-02
1.628664495114006544e-02
1.327987972939113047e-02
1.528438987722375263e-02
1.804059133049360983e-02
1.578551741418190990e-02
1.528438987722375263e-02
1.703833625657729875e-02
1.653720871961914321e-02
1.453269857178651932e-02
1.478326234026559709e-02
1.728890002505637652e-02
1.478326234026559709e-02
1.478326234026559709e-02
1.528438987722375263e-02
1.403157103482836378e-02
1.703833625657729875e-02
1.603608118266098767e-02
1.503382610874467486e-02
1.378100726634928601e-02
1.553495364570283213e-02
1.127536958155850658e-02
1.353044349787020824e-02
1.152593335003758435e-02
1.478326234026559709e-02
1.378100726634928601e-02
1.628664495114006544e-02
1.353044349787020824e-02
1.578551741418190990e-02
1.603608118266098767e-02
1.553495364570283213e-02
1.478326234026559709e-02
1.603608118266098767e-02
1.578551741418190990e-02
1.528438987722375263e-02
1.453269857178651932e-02
1.453269857178651932e-02
1.327987972939113047e-02
1.252818842395389543e-02
1.553495364570283213e-02
1.478326234026559709e-02
1.553495364570283213e-02
1.528438987722375263e-02
1.628664495114006544e-02
1.578551741418190990e-02
1.603608118266098767e-02
1.453269857178651932e-02
1.503382610874467486e-02
1.403157103482836378e-02
1.202706088699573989e-02
1.127536958155850658e-02
1.202706088699573989e-02
1.127536958155850658e-02
1.378100726634928601e-02
1.252818842395389543e-02
1.277875219243297493e-02
1.302931596091205270e-02
1.202706088699573989e-02
1.177649711851666212e-02
1.202706088699573989e-02
1.353044349787020824e-02
1.503382610874467486e-02
1.277875219243297493e-02
1.428213480330744155e-02
1.428213480330744155e-02
1.503382610874467486e-02
1.428213480330744155e-02
1.302931596091205270e-02
1.152593335003758435e-02
1.252818842395389543e-02
1.302931596091205270e-02
1.327987972939113047e-02
1.077424204460035104e-02
1.327987972939113047e-02
1.202706088699573989e-02
1.428213480330744155e-02
1.177649711851666212e-02
1.478326234026559709e-02
1.327987972939113047e-02
1.403157103482836378e-02
1.503382610874467486e-02
1.553495364570283213e-02
1.077424204460035104e-02
1.302931596091205270e-02
1.252818842395389543e-02
1.252818842395389543e-02
1.152593335003758435e-02
9.771986970684038223e-03
1.077424204460035104e-02
1.152593335003758435e-02
1.302931596091205270e-02
1.002255073916311773e-02
1.152593335003758435e-02
9.521423202204960454e-03
