1.000000000000000000e+00
8.075237399561724372e-01
7.870708546384221904e-01
7.410518626734843295e-01
7.311906501095690736e-01
7.264426588750912961e-01
6.906501095690285030e-01
6.818845872899926830e-01
6.738495252008765979e-01
6.526661796932067272e-01
6.471877282688093258e-01
6.380569758948136938e-01
6.289262235208180618e-01
6.322132943754565915e-01
6.092037983929875500e-01
6.026296566837107127e-01
6.026296566837107127e-01
5.913075237399562090e-01
5.880204528853177903e-01
5.741417092768443808e-01
5.814463111760409531e-01
5.566106647187728518e-01
5.478451424397370317e-01
5.328707085463841864e-01
5.540540540540540571e-01
5.332359386413439983e-01
5.463842220598977839e-01
5.182615047479912640e-01
5.182615047479912640e-01
5.087655222790358200e-01
5.018261504747991708e-01
4.996347699050401880e-01
5.032870708546384186e-01
4.799123447772096207e-01
4.959824689554419019e-01
4.660336011687363222e-01
4.667640613586559462e-01
4.565376186997808783e-01
4.583637691745799936e-01
4.495982468955441735e-01
4.426588750913075243e-01
4.572680788897005022e-01
4.411979547114682210e-01
4.422936449963477124e-01
4.514243973703432888e-01
4.386413440467494262e-01
4.262235208181154311e-01
4.338933528122717043e-01
4.327976625273922684e-01
4.156318480642804958e-01
4.214755295836377091e-01
4.097881665449232824e-01
4.159970781592403077e-01
4.119795471146822652e-01
4.127100073046018891e-01
4.130752373995617011e-01
3.970051132213294198e-01
4.127100073046018891e-01
4.035792549306062571e-01
4.050401753104455604e-01
3.959094229364499840e-01
3.915266617969320739e-01
4.032140248356464451e-01
3.893352812271731467e-01
3.878743608473338433e-01
3.871439006574141639e-01
3.929875821767713773e-01
3.791088385682980233e-01
3.564645726807889048e-01
3.615777940102264387e-01
3.692476260043827674e-01
3.619430241051862507e-01
3.495252008765522556e-01
3.670562454346238401e-01
3.575602629656683962e-01
3.604821037253469473e-01
3.487947406866325761e-01
3.597516435354273234e-01
3.466033601168736489e-01
3.553688823959094134e-01
3.509861212563915034e-01
3.396639883126369441e-01
3.400292184075968116e-01
3.466033601168736489e-01
3.411249086924762475e-01
3.444119795471146661e-01
3.327246165084002949e-01
3.345507669831994102e-01
3.276113951789627610e-01
3.451424397370343455e-01
3.199415631848064323e-01
3.228634039444850390e-01
3.188458728999269409e-01
3.265157048940832696e-01
3.239590942293644749e-01
3.071585098612125697e-01
3.100803506208911764e-01
3.082542001460920611e-01
3.056975894813732664e-01
3.071585098612125697e-01
2.991234477720964291e-01
2.998539079620160530e-01
3.075237399561723817e-01
3.042366691015339630e-01
3.035062089116143391e-01
3.093498904309714970e-01
3.108108108108108003e-01
2.936449963476990277e-01
2.991234477720964291e-01
2.983929875821767497e-01
2.991234477720964291e-01
2.870708546384221904e-01
3.064280496712928903e-01
2.962016070124178224e-01
2.983929875821767497e-01
2.962016070124178224e-01
2.918188458728999124e-01
2.998539079620160530e-01
2.888970051132213057e-01
2.921840759678597244e-01
2.728268809349890245e-01
2.804967129291453531e-01
2.772096420745069345e-01
2.713659605551497211e-01
2.808619430241051651e-01
2.819576333089846565e-01
2.731921110299488920e-01
2.710007304601899092e-01
2.706355003652300972e-01
2.688093498904309819e-01
2.699050401753104733e-01
2.615047479912344652e-01
2.717311906501095886e-01
2.633308984660335805e-01
2.560262965668371193e-01
2.764791818845873106e-01
2.706355003652300972e-01
2.567567567567567433e-01
2.680788897005113025e-01
2.662527392257121872e-01
2.731921110299488920e-01
2.772096420745069345e-01
2.717311906501095886e-01
2.684441197954711700e-01
2.746530314097881398e-01
2.742878013148283278e-01
2.753834915997078192e-01
2.644265887509130719e-01
2.629656683710737686e-01
2.775748721694667465e-01
2.633308984660335805e-01
2.647918188458728839e-01
2.618699780861942772e-01
2.574872169466764227e-01
2.574872169466764227e-01
2.582176771365960466e-01
2.490869247626004424e-01
2.607742878013148413e-01
2.604090577063550294e-01
2.534696859021183246e-01
2.556610664718773074e-01
2.479912344777209510e-01
2.465303140978816754e-01
2.549306062819576280e-01
2.494521548575602543e-01
2.457998539079620237e-01
2.395909422936449984e-01
2.454346238130021840e-01
2.538349159970781366e-01
2.468955441928414873e-01
2.348429510591672764e-01
2.428780131482834170e-01
2.392257121986851587e-01
2.319211102994886697e-01
2.494521548575602543e-01
2.366691015339663917e-01
2.363038714390065798e-01
2.487216946676406026e-01
2.428780131482834170e-01
2.344777209642074645e-01
2.461650840029218357e-01
2.311906501095690181e-01
2.465303140978816754e-01
2.279035792549305994e-01
2.304601899196493664e-01
2.282688093498904391e-01
2.191380569758948071e-01
2.220598977355734138e-01
2.344777209642074645e-01
2.231555880204528775e-01
2.242512783053323688e-01
2.264426588750912961e-01
2.282688093498904391e-01
2.282688093498904391e-01
2.238860482103725291e-01
2.319211102994886697e-01
2.253469685902118325e-01
2.227903579254930655e-01
2.205989773557341105e-01
2.235208181154127172e-01
2.268078889700511358e-01
2.184075967859751555e-01
2.191380569758948071e-01
2.184075967859751555e-01
2.231555880204528775e-01
2.136596055514974335e-01
2.198685171658144588e-01
2.118334550766983182e-01
2.074506939371804359e-01
2.085463842220598996e-01
2.198685171658144588e-01
2.070854638422205962e-01
2.078159240321402479e-01
2.180423666910153435e-01
2.045288531775018293e-01
2.089116143170197115e-01
2.125639152666179699e-01
2.205989773557341105e-01
2.227903579254930655e-01
2.030679327976625259e-01
2.191380569758948071e-01
2.187728268809349952e-01
2.037983929875821776e-01
2.027027027027027140e-01
2.140248356464572732e-01
2.162162162162162282e-01
2.005113221329437589e-01
2.132943754565376215e-01
2.016070124178232226e-01
2.001460920379839192e-01
2.081811541271000598e-01
1.997808619430241073e-01
2.085463842220598996e-01
2.037983929875821776e-01
2.019722425127830623e-01
1.972242512783053403e-01
1.968590211833455006e-01
2.012417823228634106e-01
1.964937910883856886e-01
1.946676406135865733e-01
2.030679327976625259e-01
1.950328707085463853e-01
1.968590211833455006e-01
1.866325785244704050e-01
1.964937910883856886e-01
1.862673484295105930e-01
1.946676406135865733e-01
1.935719503287070820e-01
1.939371804236669217e-01
2.027027027027027140e-01
2.037983929875821776e-01
2.005113221329437589e-01
2.027027027027027140e-01
1.928414901387874303e-01
1.895544192841490116e-01
2.045288531775018293e-01
1.913805697589481269e-01
2.016070124178232226e-01
1.957633308984660370e-01
1.913805697589481269e-01
1.891891891891891997e-01
1.968590211833455006e-01
1.968590211833455006e-01
1.972242512783053403e-01
1.983199415631848039e-01
2.019722425127830623e-01
1.957633308984660370e-01
1.895544192841490116e-01
1.917457998539079667e-01
2.023374726077428742e-01
1.928414901387874303e-01
1.833455076698319863e-01
1.906501095690284753e-01
1.818845872899926830e-01
1.932067202337472700e-01
1.840759678597516380e-01
1.902848794740686633e-01
1.859021183345507533e-01
1.964937910883856886e-01
1.888239590942293600e-01
1.880934989043097083e-01
1.891891891891891997e-01
1.924762600438276183e-01
1.862673484295105930e-01
1.789627465303141041e-01
1.899196493791088514e-01
1.943024105186267336e-01
1.950328707085463853e-01
1.767713659605551491e-01
1.760409057706354974e-01
1.793279766252739160e-01
1.826150474799123347e-01
1.855368882395909413e-01
1.723886048210372668e-01
1.749452154857560338e-01
1.862673484295105930e-01
1.880934989043097083e-01
1.895544192841490116e-01
1.742147552958363821e-01
1.807888970051132194e-01
1.775018261504748007e-01
1.807888970051132194e-01
1.785975164353542644e-01
1.804236669101534074e-01
1.738495252008765424e-01
1.683710737764791687e-01
1.723886048210372668e-01
1.720233747260774271e-01
1.760409057706354974e-01
1.811541271000730591e-01
1.862673484295105930e-01
1.727538349159970787e-01
1.789627465303141041e-01
1.877282688093498964e-01
1.636230825420014745e-01
1.694667640613586601e-01
1.574141709276844492e-01
1.742147552958363821e-01
1.760409057706354974e-01
1.698319941563184721e-01
1.698319941563184721e-01
1.738495252008765424e-01
1.632578524470416348e-01
1.607012417823228678e-01
1.738495252008765424e-01
1.771365960555149610e-01
1.680058436815193568e-01
1.669101533966398931e-01
1.771365960555149610e-01
1.753104455807158457e-01
1.680058436815193568e-01
1.650840029218407501e-01
1.669101533966398931e-01
1.625273922571219831e-01
1.607012417823228678e-01
1.625273922571219831e-01
1.636230825420014745e-01
1.559532505478451458e-01
1.661796932067202415e-01
1.555880204528853061e-01
1.592403214024835645e-01
1.610664718772826798e-01
1.566837107377647975e-01
1.581446311176041009e-01
1.592403214024835645e-01
1.614317019722425195e-01
1.574141709276844492e-01
1.617969320672023315e-01
1.563184806428049578e-01
1.592403214024835645e-01
1.734842951059167304e-01
1.632578524470416348e-01
1.574141709276844492e-01
1.599707815924032162e-01
1.599707815924032162e-01
1.588750913075237525e-01
1.610664718772826798e-01
1.523009495982468875e-01
1.610664718772826798e-01
1.566837107377647975e-01
1.530314097881665392e-01
1.552227903579254942e-01
1.577794010226442611e-01
1.530314097881665392e-01
1.515704894083272358e-01
1.592403214024835645e-01
1.526661796932067272e-01
1.636230825420014745e-01
1.581446311176041009e-01
1.544923301680058425e-01
1.537618699780861908e-01
1.614317019722425195e-01
1.479181884587290052e-01
1.555880204528853061e-01
1.526661796932067272e-01
1.486486486486486569e-01
1.512052593133674239e-01
1.493791088385683086e-01
1.497443389335281205e-01
1.471877282688093536e-01
1.449963476990503985e-01
1.453615777940102383e-01
1.449963476990503985e-01
1.479181884587290052e-01
1.523009495982468875e-01
1.526661796932067272e-01
1.552227903579254942e-01
1.566837107377647975e-01
1.523009495982468875e-01
1.391526661796932129e-01
1.508400292184075842e-01
1.599707815924032162e-01
1.537618699780861908e-01
1.453615777940102383e-01
1.541271000730460305e-01
1.464572680788897019e-01
1.457268078889700502e-01
1.523009495982468875e-01
1.541271000730460305e-01
1.552227903579254942e-01
1.515704894083272358e-01
