1.000000000000000000e+00
7.982621836040800778e-01
7.332829618435965369e-01
7.393275406120135562e-01
6.909709104646769573e-01
7.023044956554590490e-01
6.807706837929732302e-01
6.479032867397053197e-01
6.547034378541745081e-01
6.214582546278806241e-01
6.229693993199848512e-01
6.120136003022289550e-01
6.112580279561767860e-01
6.003022289384208898e-01
5.772572723838307329e-01
5.647903286739704987e-01
5.625236116358141025e-01
5.462788061956932451e-01
5.538345296562146025e-01
5.130336229693993610e-01
5.258783528522855688e-01
5.066112580279561461e-01
5.088779750661125423e-01
4.971666037023044771e-01
4.979221760483566461e-01
4.869663770306006945e-01
4.820551567812618177e-01
4.801662259161314505e-01
4.597657725727238298e-01
4.465432565168114820e-01
4.620324896108802259e-01
4.631658481299584240e-01
4.306762372497166536e-01
4.295428787306384555e-01
4.302984510766905690e-01
4.299206649036645400e-01
4.416320362674726052e-01
4.200982244049867864e-01
4.151870041556479096e-01
4.166981488477521922e-01
4.023422742727615908e-01
4.046089913109180425e-01
3.996977710615791657e-01
3.974310540234227695e-01
4.042312051378919580e-01
3.706082357385719894e-01
3.702304495655459049e-01
3.951643369852663179e-01
3.815640347563279411e-01
3.834529656214582527e-01
3.743860974688326682e-01
3.706082357385719894e-01
3.664525878352852262e-01
3.622969399319984629e-01
3.543634302984510764e-01
3.592746505477899532e-01
3.471854930109558035e-01
3.434076312806951248e-01
3.381186248583301635e-01
3.396297695504344460e-01
3.502077823951643132e-01
3.354741216471477383e-01
3.392519833774083615e-01
3.271628258405742118e-01
3.214960332451832214e-01
3.173403853418965137e-01
3.007177937287495162e-01
3.090290895353229872e-01
2.980732905175670355e-01
3.075179448432187601e-01
3.067623724971665911e-01
3.033622969399319969e-01
3.018511522478277143e-01
3.022289384208537988e-01
2.961843596524367239e-01
2.931620702682281587e-01
2.992066490366452336e-01
2.890064223649414510e-01
2.939176426142803278e-01
2.874952776728371684e-01
3.037400831129580814e-01
3.018511522478277143e-01
2.840952021156025742e-01
2.848507744616546877e-01
2.799395542123158109e-01
2.890064223649414510e-01
2.863619191537589703e-01
2.716282584057423399e-01
2.689837551945598593e-01
2.772950510011333858e-01
2.682281828485077457e-01
2.674726105024556322e-01
2.667170381564034631e-01
2.568945976577257095e-01
2.599168870419342747e-01
2.591613146958821057e-01
2.493388741972043798e-01
2.482055156781261818e-01
2.391386475255005695e-01
2.478277295051001250e-01
2.489610880241783231e-01
2.429165092557612482e-01
2.402720060445787675e-01
2.425387230827351637e-01
2.429165092557612482e-01
2.402720060445787675e-01
2.361163581412920320e-01
2.300717793728749572e-01
2.315829240649792120e-01
2.289384208537967591e-01
2.364941443143180888e-01
2.304495655459010139e-01
2.349829996222138340e-01
2.289384208537967591e-01
2.225160559123535997e-01
2.198715527011711468e-01
2.202493388741972036e-01
2.168492633169626094e-01
2.217604835663014862e-01
2.077823951643369971e-01
2.009822440498677809e-01
2.145825462788061855e-01
2.108046845485455345e-01
1.987155270117113848e-01
2.066490366452587712e-01
2.096713260294673087e-01
2.028711749149981203e-01
2.021156025689459790e-01
2.032489610880241770e-01
2.017378163959199222e-01
2.070268228182848558e-01
1.907820173781639705e-01
1.945598791084246215e-01
1.888930865130336312e-01
1.854930109557990092e-01
1.836040800906686699e-01
1.836040800906686699e-01
1.904042312051378860e-01
1.960710238005289041e-01
1.896486588590857447e-01
1.756705704571212556e-01
1.696259916887041808e-01
1.734038534189648595e-01
1.820929353985644150e-01
1.783150736683037363e-01
1.749149981110691421e-01
1.752927842840951989e-01
1.760483566301473402e-01
1.809595768794862169e-01
1.730260672459388027e-01
1.669814884775217279e-01
1.741594257650170008e-01
1.775595013222515950e-01
1.824707215715904718e-01
1.783150736683037363e-01
1.805817907064601324e-01
1.696259916887041808e-01
1.684926331696259827e-01
1.601813373630525117e-01
1.715149225538345201e-01
1.669814884775217279e-01
1.658481299584435298e-01
1.579146203248961156e-01
1.628258405742349924e-01
1.658481299584435298e-01
1.598035511900264549e-01
1.620702682281828511e-01
1.726482810729127182e-01
1.582924064979221723e-01
1.530034000755572388e-01
1.530034000755572388e-01
1.492255383452965600e-01
1.465810351341140794e-01
1.454476766150358813e-01
1.477143936531923052e-01
1.526256139025311542e-01
1.658481299584435298e-01
1.477143936531923052e-01
1.484699659992444187e-01
1.582924064979221723e-01
1.571590479788439743e-01
1.507366830374008426e-01
1.537589724216093801e-01
1.484699659992444187e-01
1.424253872308273439e-01
1.367585946354363535e-01
1.473366074801662207e-01
1.480921798262183620e-01
1.560256894597657762e-01
1.394030978466188064e-01
1.458254627880619658e-01
1.428031734038534284e-01
1.397808840196448910e-01
1.416698148847752303e-01
1.473366074801662207e-01
1.503588968643747581e-01
1.318473743860974767e-01
1.507366830374008426e-01
1.450698904420098245e-01
1.326029467321495903e-01
1.329807329051756748e-01
1.333585190782017316e-01
1.356252361163581277e-01
1.348696637703060142e-01
1.367585946354363535e-01
1.409142425387230890e-01
1.341140914242538729e-01
1.329807329051756748e-01
1.382697393275406084e-01
1.261805817907064586e-01
1.310918020400453354e-01
1.375141669814884671e-01
1.220249338874197231e-01
1.360030222893842122e-01
1.295806573479410528e-01
1.314695882130713922e-01
1.314695882130713922e-01
1.326029467321495903e-01
1.363808084624102690e-01
1.337363052512278161e-01
1.371363808084624103e-01
1.333585190782017316e-01
1.314695882130713922e-01
1.288250850018889393e-01
1.231582924064979212e-01
1.250472232716282606e-01
1.254250094446543173e-01
1.250472232716282606e-01
1.137136380808462383e-01
1.216471477143936525e-01
1.167359274650547757e-01
1.171137136380808463e-01
1.216471477143936525e-01
1.235360785795239918e-01
1.190026445032111857e-01
1.216471477143936525e-01
1.140914242538723089e-01
1.224027200604457938e-01
1.106913486966377008e-01
1.110691348696637715e-01
1.152247827729505070e-01
1.208915753683415251e-01
1.156025689459765776e-01
1.110691348696637715e-01
1.167359274650547757e-01
1.205137891953154544e-01
1.156025689459765776e-01
1.088024178315073615e-01
1.114469210426898421e-01
1.095579901775595028e-01
1.103135625236116302e-01
1.144692104268983796e-01
1.027578390630902866e-01
1.046467699282206260e-01
1.122024933887419695e-01
1.137136380808462383e-01
1.035134114091424279e-01
1.050245561012466966e-01
1.106913486966377008e-01
1.091802040045334321e-01
1.046467699282206260e-01
1.080468454854552340e-01
1.031356252361163572e-01
9.935776350585569239e-02
1.072912731394030927e-01
1.020022667170381592e-01
1.050245561012466966e-01
1.020022667170381592e-01
9.935776350585569239e-02
1.080468454854552340e-01
9.860219115980355109e-02
1.152247827729505070e-01
1.004911220249338905e-01
9.935776350585569239e-02
1.001133358519078198e-01
1.061579146203248947e-01
1.004911220249338905e-01
1.046467699282206260e-01
1.118247072157158989e-01
1.004911220249338905e-01
1.080468454854552340e-01
1.167359274650547757e-01
1.046467699282206260e-01
1.012466943709860179e-01
1.008689081979599611e-01
1.076690593124291634e-01
9.935776350585569239e-02
1.027578390630902866e-01
1.050245561012466966e-01
1.046467699282206260e-01
1.091802040045334321e-01
1.020022667170381592e-01
9.709104646769928237e-02
1.046467699282206260e-01
9.822440498677748044e-02
9.444654325651681559e-02
1.057801284472988240e-01
9.897997733282962174e-02
9.671326029467321173e-02
1.012466943709860179e-01
1.020022667170381592e-01
9.444654325651681559e-02
9.633547412164714108e-02
9.293539856441254687e-02
1.004911220249338905e-01
9.104646769928220751e-02
8.840196448809974072e-02
9.784661881375140979e-02
9.746883264072535302e-02
9.973554967888174916e-02
9.557990177559501366e-02
1.004911220249338905e-01
9.066868152625613686e-02
9.633547412164714108e-02
9.557990177559501366e-02
8.840196448809974072e-02
9.369097091046467429e-02
9.406875708349074494e-02
9.520211560256894301e-02
9.180204004533433493e-02
8.537967510389120329e-02
8.462410275783906199e-02
8.424631658481299135e-02
8.197959954665659521e-02
9.066868152625613686e-02
8.500188893086513264e-02
8.462410275783906199e-02
9.293539856441254687e-02
8.613524744994333071e-02
9.180204004533433493e-02
8.575746127691726006e-02
8.160181337363052456e-02
8.840196448809974072e-02
8.575746127691726006e-02
8.537967510389120329e-02
8.311295806573479328e-02
8.386853041178693458e-02
8.537967510389120329e-02
7.895731016244805778e-02
8.613524744994333071e-02
8.235738571968266586e-02
7.857952398942198713e-02
7.971288250850018520e-02
8.311295806573479328e-02
8.009066868152625585e-02
8.537967510389120329e-02
9.066868152625613686e-02
8.197959954665659521e-02
8.273517189270872263e-02
8.689081979599547201e-02
7.971288250850018520e-02
8.235738571968266586e-02
7.177937287495277097e-02
7.140158670192671420e-02
8.046845485455232649e-02
7.177937287495277097e-02
7.555723460521344970e-02
8.009066868152625585e-02
7.895731016244805778e-02
7.064601435587457290e-02
6.649036645258783740e-02
6.989044200982244548e-02
6.913486966377030418e-02
6.497922176048356868e-02
7.064601435587457290e-02
7.404608991310918098e-02
7.253494522100491226e-02
6.573479410653569610e-02
7.404608991310918098e-02
6.460143558745749803e-02
7.480166225916130840e-02
6.837929731771817676e-02
7.064601435587457290e-02
6.989044200982244548e-02
7.291273139403098291e-02
7.253494522100491226e-02
7.026822818284850225e-02
7.177937287495277097e-02
6.913486966377030418e-02
6.157914620324896060e-02
7.102380052890064355e-02
6.837929731771817676e-02
7.253494522100491226e-02
6.384586324140537061e-02
6.649036645258783740e-02
6.233471854930109496e-02
6.611258027956176675e-02
6.497922176048356868e-02
6.611258027956176675e-02
7.102380052890064355e-02
7.291273139403098291e-02
6.271250472232715867e-02
6.724593879863996482e-02
6.497922176048356868e-02
6.989044200982244548e-02
6.422364941443142738e-02
5.969021533811862817e-02
6.346807706837929997e-02
6.346807706837929997e-02
5.704571212693615445e-02
6.686815262561390805e-02
