1.000000000000000000e+00
8.092729188619599556e-01
8.092729188619599556e-01
7.871443624868282862e-01
7.797681770284510261e-01
7.534246575342465890e-01
7.344573234984194121e-01
7.439409905163330006e-01
7.165437302423603994e-01
7.028451001053740432e-01
7.175974710221285635e-01
6.954689146469968941e-01
6.786090621707060455e-01
6.891464699683877981e-01
6.691253951527924571e-01
6.765015806111696062e-01
6.649104320337196894e-01
6.606954689146470328e-01
6.606954689146470328e-01
6.396206533192834165e-01
6.480505795574288408e-01
6.217070600632244037e-01
6.491043203371970050e-01
6.206533192834562396e-01
6.132771338250789794e-01
6.238145416227608431e-01
6.174920969441517471e-01
6.354056902002107599e-01
6.059009483667018303e-01
5.837723919915700499e-01
5.753424657534246256e-01
5.753424657534246256e-01
5.331928345626976151e-01
6.048472075869336662e-01
6.016859852476290627e-01
5.595363540569020522e-01
5.922023182297154742e-01
5.753424657534246256e-01
5.458377239199156961e-01
5.331928345626976151e-01
5.700737618545838048e-01
5.247629083245521908e-01
5.342465753424657793e-01
5.226554267650157515e-01
5.216016859852475873e-01
5.258166491043203550e-01
5.310853530031611758e-01
5.374077976817702718e-01
5.648050579557428730e-01
5.447839831401475319e-01
5.110642781875658347e-01
5.479452054794520244e-01
5.258166491043203550e-01
5.384615384615384359e-01
5.700737618545838048e-01
5.258166491043203550e-01
5.258166491043203550e-01
5.047418335089568497e-01
5.173867228661749307e-01
5.110642781875658347e-01
4.973656480505795341e-01
5.131717597471021630e-01
5.279241306638566833e-01
4.942044257112750416e-01
4.783983140147523572e-01
4.794520547945205213e-01
4.794520547945205213e-01
4.857744994731296173e-01
4.899894625922023295e-01
4.783983140147523572e-01
4.720758693361433167e-01
5.015806111696522462e-01
4.920969441517386578e-01
5.047418335089568497e-01
4.552160168598524681e-01
4.710221285563751525e-01
4.762908324552160289e-01
5.068493150684931781e-01
4.920969441517386578e-01
4.720758693361433167e-01
4.710221285563751525e-01
4.415173867228661675e-01
4.615384615384615641e-01
4.668071654373024404e-01
4.668071654373024404e-01
4.741833508956796450e-01
4.646996838777660566e-01
4.383561643835616195e-01
4.341412012644889629e-01
4.309799789251844149e-01
4.520547945205479201e-01
4.436248682824025513e-01
4.636459430979978924e-01
4.478398314014752635e-01
4.446786090621707155e-01
4.457323498419388796e-01
4.299262381454162507e-01
4.257112750263435386e-01
4.404636459430980033e-01
4.394099051633298392e-01
4.109589041095890183e-01
4.446786090621707155e-01
4.320337197049525790e-01
4.225500526870389906e-01
4.583772391991570161e-01
4.246575342465753189e-01
4.056902002107481420e-01
4.172813487881981143e-01
4.499473129610115918e-01
4.151738672286617304e-01
4.214963119072708264e-01
4.278187565858798669e-01
4.225500526870389906e-01
4.278187565858798669e-01
4.309799789251844149e-01
4.204425711275026067e-01
4.214963119072708264e-01
4.077976817702845258e-01
4.162276080084299501e-01
4.299262381454162507e-01
4.425711275026343317e-01
4.320337197049525790e-01
4.267650158061117027e-01
4.109589041095890183e-01
3.972602739726027177e-01
4.130663856691254021e-01
4.193888303477344426e-01
3.972602739726027177e-01
4.120126448893572380e-01
4.214963119072708264e-01
4.099051633298208541e-01
4.088514225500526900e-01
3.951527924130663894e-01
4.014752370916754298e-01
3.930453108535300055e-01
4.257112750263435386e-01
4.193888303477344426e-01
3.835616438356164171e-01
3.993677555321391015e-01
4.077976817702845258e-01
3.972602739726027177e-01
4.004214963119072657e-01
3.814541622760800887e-01
3.919915700737618414e-01
3.919915700737618414e-01
3.909378292939936772e-01
3.877766069546891292e-01
3.698630136986301165e-01
3.561643835616438158e-01
3.667017913593256240e-01
3.709167544783983361e-01
4.025289778714436495e-01
3.888303477344573489e-01
4.035827186512118137e-01
3.804004214963119246e-01
3.909378292939936772e-01
4.046364594309799778e-01
3.877766069546891292e-01
3.877766069546891292e-01
3.772391991570073766e-01
3.772391991570073766e-01
3.593256059009483638e-01
3.825079030558482529e-01
3.919915700737618414e-01
3.667017913593256240e-01
3.919915700737618414e-01
3.561643835616438158e-01
3.445732349841938991e-01
3.645943097997892401e-01
3.382507903055848031e-01
3.308746048472075985e-01
3.624868282402529118e-01
3.551106427818756517e-01
3.466807165437302274e-01
3.540569020021074875e-01
3.793466807165437049e-01
3.572181243414120355e-01
3.477344573234984471e-01
3.424657534246575152e-01
3.709167544783983361e-01
3.540569020021074875e-01
3.782929399367755408e-01
3.582718651211801997e-01
3.677555321390937881e-01
3.677555321390937881e-01
3.582718651211801997e-01
3.456269757639620632e-01
3.487881981032666112e-01
3.424657534246575152e-01
3.498419388830347754e-01
3.456269757639620632e-01
3.519494204425711037e-01
3.382507903055848031e-01
3.224446786090621742e-01
3.234984193888303383e-01
3.256059009483667221e-01
3.551106427818756517e-01
3.329820864067439268e-01
3.213909378292940100e-01
3.540569020021074875e-01
3.224446786090621742e-01
3.435194942044257349e-01
3.119072708113804215e-01
3.382507903055848031e-01
3.329820864067439268e-01
3.119072708113804215e-01
3.382507903055848031e-01
3.424657534246575152e-01
3.266596417281348863e-01
3.350895679662803106e-01
3.287671232876712146e-01
3.340358271865120909e-01
3.403582718651211869e-01
3.329820864067439268e-01
3.234984193888303383e-01
3.277133825079030505e-01
3.171759747102212978e-01
3.140147523709167499e-01
3.298208640674394343e-01
3.213909378292940100e-01
3.213909378292940100e-01
3.414120126448893511e-01
3.213909378292940100e-01
3.034773445732349972e-01
2.961011591148577371e-01
3.045310853530031614e-01
3.340358271865120909e-01
3.277133825079030505e-01
3.361433087460484748e-01
3.350895679662803106e-01
3.308746048472075985e-01
3.266596417281348863e-01
3.298208640674394343e-01
3.224446786090621742e-01
3.371970495258166389e-01
3.266596417281348863e-01
3.456269757639620632e-01
2.971548998946259013e-01
3.298208640674394343e-01
3.277133825079030505e-01
3.308746048472075985e-01
3.224446786090621742e-01
3.287671232876712146e-01
3.319283456269757626e-01
3.361433087460484748e-01
3.140147523709167499e-01
3.256059009483667221e-01
3.256059009483667221e-01
3.182297154899894620e-01
3.287671232876712146e-01
3.350895679662803106e-01
3.266596417281348863e-01
3.277133825079030505e-01
3.445732349841938991e-01
3.393045310853530228e-01
3.371970495258166389e-01
3.340358271865120909e-01
3.213909378292940100e-01
3.055848261327713256e-01
2.992623814541622851e-01
2.982086406743941209e-01
3.129610115911485857e-01
3.182297154899894620e-01
2.982086406743941209e-01
3.087460484720758735e-01
3.055848261327713256e-01
3.097997892518440377e-01
3.161222339304531337e-01
2.887249736564805325e-01
2.834562697576396006e-01
3.024236037934668331e-01
3.129610115911485857e-01
3.045310853530031614e-01
3.171759747102212978e-01
2.939936775553214088e-01
3.024236037934668331e-01
3.319283456269757626e-01
2.855637513171759845e-01
3.192834562697576262e-01
3.013698630136986134e-01
2.918861959957850249e-01
2.866174920969441486e-01
3.003161222339304492e-01
2.961011591148577371e-01
2.982086406743941209e-01
2.961011591148577371e-01
2.992623814541622851e-01
2.866174920969441486e-01
2.992623814541622851e-01
2.792413066385668885e-01
3.055848261327713256e-01
2.982086406743941209e-01
2.781875658587987243e-01
2.918861959957850249e-01
2.802950474183351082e-01
3.097997892518440377e-01
2.929399367755531891e-01
2.771338250790305602e-01
2.750263435194942319e-01
2.918861959957850249e-01
2.750263435194942319e-01
2.971548998946259013e-01
2.855637513171759845e-01
2.897787144362486966e-01
3.076923076923077094e-01
2.876712328767123128e-01
2.918861959957850249e-01
2.939936775553214088e-01
2.929399367755531891e-01
3.045310853530031614e-01
2.929399367755531891e-01
2.982086406743941209e-01
2.781875658587987243e-01
2.792413066385668885e-01
2.961011591148577371e-01
2.729188619599578480e-01
2.897787144362486966e-01
2.866174920969441486e-01
3.013698630136986134e-01
2.897787144362486966e-01
2.739726027397260122e-01
2.908324552160168608e-01
3.024236037934668331e-01
2.771338250790305602e-01
2.887249736564805325e-01
2.760800842992623960e-01
2.887249736564805325e-01
2.781875658587987243e-01
2.792413066385668885e-01
2.571127502634352191e-01
2.855637513171759845e-01
2.750263435194942319e-01
2.581664910432033833e-01
3.055848261327713256e-01
2.887249736564805325e-01
2.813487881981032723e-01
2.592202318229715474e-01
2.834562697576396006e-01
2.750263435194942319e-01
2.908324552160168608e-01
2.687038988408851359e-01
2.781875658587987243e-01
2.781875658587987243e-01
2.687038988408851359e-01
2.897787144362486966e-01
2.845100105374078203e-01
2.855637513171759845e-01
2.824025289778714365e-01
2.676501580611169717e-01
2.665964172813488076e-01
2.518440463645942873e-01
2.950474183350895729e-01
2.687038988408851359e-01
2.581664910432033833e-01
2.687038988408851359e-01
2.655426765015805879e-01
2.887249736564805325e-01
2.528977871443625070e-01
2.676501580611169717e-01
2.834562697576396006e-01
2.760800842992623960e-01
2.655426765015805879e-01
2.476290832455216029e-01
2.834562697576396006e-01
2.623814541622760954e-01
2.655426765015805879e-01
2.781875658587987243e-01
2.455216016859852468e-01
2.592202318229715474e-01
2.581664910432033833e-01
2.792413066385668885e-01
2.771338250790305602e-01
2.539515279241306711e-01
2.665964172813488076e-01
2.676501580611169717e-01
2.592202318229715474e-01
2.613277133825078757e-01
2.528977871443625070e-01
2.708113804004215197e-01
2.571127502634352191e-01
2.739726027397260122e-01
2.518440463645942873e-01
2.687038988408851359e-01
2.644889357218124237e-01
2.687038988408851359e-01
2.602739726027397116e-01
2.434141201264488907e-01
2.813487881981032723e-01
2.518440463645942873e-01
2.665964172813488076e-01
2.507903055848261231e-01
2.455216016859852468e-01
2.644889357218124237e-01
2.550052687038988353e-01
2.887249736564805325e-01
2.623814541622760954e-01
2.507903055848261231e-01
2.571127502634352191e-01
2.687038988408851359e-01
2.455216016859852468e-01
2.381454162276080144e-01
