1.000000000000000000e+00
8.727434152116010369e-01
8.545427641313998457e-01
8.302752293577981835e-01
8.098549866824504839e-01
7.886948801420539112e-01
7.783367860313702424e-01
7.593962710861201781e-01
7.457827759692217118e-01
7.385321100917431325e-01
7.376442734536845514e-01
7.197395679195027762e-01
7.050902633915359097e-01
7.074578277596922371e-01
6.898490677715299890e-01
6.891092039064812269e-01
6.737200355134654872e-01
6.595146493045279668e-01
6.336194140278188502e-01
6.251849659662621628e-01
6.253329387392719818e-01
6.225214560520864193e-01
6.065403965670316255e-01
6.047647232909144632e-01
5.970701390944066489e-01
5.926309559041136321e-01
5.802012429712932740e-01
5.750221959159514951e-01
5.590411364308967013e-01
5.559337081976916117e-01
5.516424977804084140e-01
5.378810298905001286e-01
5.427641313998223804e-01
5.364013021604024933e-01
5.174607872151524290e-01
5.078425569695176334e-01
5.140574134359278125e-01
5.115418762947617770e-01
5.127256584788398852e-01
5.013317549570879272e-01
4.894939331163066232e-01
4.832790766498964441e-01
4.705534181710565034e-01
4.835750221959159711e-01
4.696655815329979222e-01
4.715892275821249036e-01
4.664101805267830692e-01
4.585676235572654358e-01
4.527966854098846028e-01
4.479135839005622954e-01
4.554601953240603462e-01
4.452500739863864965e-01
4.340041432376442465e-01
4.285291506362829406e-01
4.317845516424977936e-01
4.248298313110387414e-01
4.189109203906481449e-01
4.150636282923941822e-01
4.189109203906481449e-01
4.082568807339449490e-01
3.967150044391831720e-01
3.925717667949097378e-01
3.872447469665581399e-01
3.910920390648120470e-01
3.819177271382065975e-01
3.866528558745190858e-01
3.663805859721810942e-01
3.743711157147084911e-01
3.724474696655815098e-01
3.657886948801420401e-01
3.620893755548978965e-01
3.582420834566439893e-01
3.577981651376146988e-01
3.421130511985794875e-01
3.407812962414915603e-01
3.452204794317845771e-01
3.455164249778041041e-01
3.344184670020716177e-01
3.332346848179935095e-01
3.316069843148860552e-01
3.321988754069251093e-01
3.302752293577981835e-01
3.206569991121633878e-01
3.181414619709973524e-01
3.221367268422610231e-01
3.172536253329387157e-01
3.197691624741047511e-01
3.137022787807043356e-01
3.085232317253625567e-01
3.114826871855578827e-01
3.037881029890500129e-01
3.002367564368156327e-01
2.955016277005030889e-01
2.992009470257472881e-01
2.962414915655519621e-01
2.901746078721515465e-01
2.915063628292394182e-01
2.965374371115714891e-01
2.915063628292394182e-01
2.949097366084640348e-01
2.855874519088487662e-01
2.792246226694288236e-01
2.755253033441846799e-01
2.697543651968037914e-01
2.654631547795205937e-01
2.722699023379698269e-01
2.750813850251553894e-01
2.670908552826279925e-01
2.666469369635987019e-01
2.663509914175791748e-01
2.626516720923350312e-01
2.586564072210713050e-01
2.588043799940810685e-01
2.625036993193252677e-01
2.552530334418466884e-01
2.503699319325244366e-01
2.420834566439775126e-01
2.398638650488310042e-01
2.337969813554305887e-01
2.428233205090263302e-01
2.389760284107724231e-01
2.337969813554305887e-01
2.377922462266942871e-01
2.323172536253329257e-01
2.346848179934891976e-01
2.286179343000887820e-01
2.280260432080497279e-01
2.234388872447469754e-01
2.253625332938739290e-01
2.258064516129032195e-01
2.209233501035809399e-01
2.207753773305711764e-01
2.200355134655223310e-01
2.195915951464930405e-01
2.096774193548387177e-01
2.107132287659070624e-01
2.116010654039656713e-01
2.155963302752293698e-01
2.098253921278484813e-01
2.074578277596922093e-01
2.074578277596922093e-01
2.081976916247410547e-01
2.021308079313406392e-01
2.027226990233796933e-01
2.013909440662917938e-01
1.938443326427937152e-01
1.966558153299792777e-01
1.972477064220183596e-01
1.919206865936667616e-01
1.928085232317253706e-01
1.935483870967741882e-01
1.942882509618230336e-01
1.882213672684226180e-01
1.851139390352175285e-01
1.854098845812370555e-01
1.846700207161882101e-01
1.860017756732761096e-01
1.815625924829831206e-01
1.802308375258952489e-01
1.815625924829831206e-01
1.697247706422018443e-01
1.743119266055045968e-01
1.772713820656999228e-01
1.723882805563776155e-01
1.737200355134655150e-01
1.695767978691920808e-01
1.722403077833678520e-01
1.710565255992897438e-01
1.658774785439479094e-01
1.682450429121041813e-01
1.661734240899674364e-01
1.651376146788990917e-01
1.608464042616158662e-01
1.621781592187037657e-01
1.664693696359869912e-01
1.615862681266646839e-01
1.618822136726842387e-01
1.606984314886061027e-01
1.612903225806451568e-01
1.571470849363716948e-01
1.575910032554010132e-01
1.546315477952056872e-01
1.549274933412252142e-01
1.572950577093814861e-01
1.538916839301568418e-01
1.515241195620005976e-01
1.537437111571470783e-01
1.491565551938443257e-01
1.459011541876294726e-01
1.515241195620005976e-01
1.552234388872447413e-01
1.506362829239419887e-01
1.494525007398638528e-01
1.513761467889908341e-01
1.439775081385025191e-01
1.475288546907368992e-01
1.476768274637466627e-01
1.451612903225806550e-01
1.442734536845220461e-01
1.423498076353950925e-01
1.427937259544243831e-01
1.398342704942290571e-01
1.349511689849067775e-01
1.450133175495708915e-01
1.407221071322876660e-01
1.356910328499555951e-01
1.356910328499555951e-01
1.278484758804379895e-01
1.334714412548091145e-01
1.349511689849067775e-01
1.313998224326723974e-01
1.290322580645161255e-01
1.319917135247114515e-01
1.333234684817993509e-01
1.319917135247114515e-01
1.300680674755844979e-01
1.305119857946137885e-01
1.318437407517016879e-01
1.334714412548091145e-01
1.303640130216040249e-01
1.322876590707309785e-01
1.328795501627700604e-01
1.274045575614086989e-01
1.325836046167505056e-01
1.288842852915063619e-01
1.268126664693696448e-01
1.294761763835454160e-01
1.263687481503403265e-01
1.274045575614086989e-01
1.279964486534477530e-01
1.242971293282036094e-01
1.235572654631547779e-01
1.220775377330571149e-01
1.214856466410180469e-01
1.225214560520864193e-01
1.216336194140278243e-01
1.179343000887836668e-01
1.195620005918910933e-01
1.219295649600473513e-01
1.158626812666469358e-01
1.126072802604320827e-01
1.154187629476176452e-01
1.179343000887836668e-01
1.168984906777152943e-01
1.131991713524711507e-01
1.115714708493637103e-01
1.182302456348031938e-01
1.160106540396566993e-01
1.154187629476176452e-01
1.130511985794613733e-01
1.179343000887836668e-01
1.219295649600473513e-01
1.171944362237348353e-01
1.166025451316957673e-01
1.086120153891683981e-01
1.118674163953832512e-01
1.099437703462562838e-01
1.111275525303344197e-01
1.111275525303344197e-01
1.043208049718851727e-01
1.102397158922758247e-01
1.097957975732465202e-01
1.096478248002367567e-01
1.105356614382953517e-01
1.106836342113051153e-01
1.072802604320804987e-01
1.092039064812074523e-01
1.028410772417875096e-01
1.018052678307191511e-01
1.023971589227582191e-01
1.032849955608168141e-01
1.065403965670316672e-01
1.074282332050902622e-01
1.047647232909144771e-01
1.009174311926605561e-01
1.000295945546019472e-01
1.022491861497484417e-01
9.958567623557265658e-02
1.010654039656703196e-01
9.840189405149452062e-02
9.736608464042616207e-02
9.633027522935780351e-02
1.013613495116898466e-01
9.707013909440663502e-02
9.588635691032849906e-02
9.914175791654335212e-02
9.381473808819176807e-02
9.588635691032849906e-02
9.603432968333826258e-02
9.455460195324059958e-02
9.351879254217224102e-02
9.307487422314293657e-02
9.203906481207457801e-02
9.899378514353358860e-02
9.425865640722107253e-02
9.529446581828943108e-02
1.015093222846996102e-01
9.721811186741639854e-02
9.440662918023083605e-02
9.174311926605505096e-02
9.618230245634802611e-02
8.789582716780112992e-02
9.055933708197691501e-02
9.485054749926014050e-02
9.351879254217224102e-02
9.144717372003551004e-02
8.730393607576206194e-02
8.686001775673275749e-02
9.041136430896715148e-02
9.026339153595738796e-02
8.981947321692808350e-02
8.774785439479135252e-02
8.582420834566439893e-02
8.552826279964487188e-02
8.641609943770346691e-02
8.419650784255697240e-02
8.878366380585972495e-02
8.404853506954720888e-02
8.597218111867416246e-02
8.345664397750814090e-02
8.020124297129328783e-02
8.286475288546907292e-02
8.464042616158626298e-02
8.715596330275229842e-02
8.390056229653743147e-02
8.286475288546907292e-02
8.730393607576206194e-02
8.538029002663509448e-02
8.345664397750814090e-02
8.538029002663509448e-02
8.464042616158626298e-02
8.375258952352766795e-02
8.108907960935188286e-02
8.449245338857649945e-02
8.168097070139095084e-02
8.552826279964487188e-02
8.493637170760580390e-02
8.330867120449837737e-02
8.538029002663509448e-02
8.108907960935188286e-02
8.079313406333234193e-02
8.242083456643976846e-02
8.330867120449837737e-02
8.345664397750814090e-02
8.153299792838117344e-02
8.034921574430305136e-02
8.153299792838117344e-02
8.197691624741047789e-02
7.990529742527374690e-02
7.886948801420538835e-02
8.079313406333234193e-02
8.212488902042024141e-02
8.271678011245930939e-02
7.975732465226398338e-02
7.812962414915655684e-02
7.946137910624445633e-02
8.138502515537140991e-02
8.020124297129328783e-02
7.842556969517608390e-02
7.650192364604913031e-02
7.901746078721515187e-02
7.709381473808819829e-02
7.561408700799053528e-02
7.650192364604913031e-02
7.605800532701982586e-02
7.472625036993192638e-02
7.058301272565847828e-02
7.605800532701982586e-02
7.176679490973661424e-02
7.102693104468778273e-02
6.880733944954128822e-02
7.176679490973661424e-02
7.235868600177566834e-02
7.176679490973661424e-02
6.762355726546315227e-02
7.383841373187333135e-02
7.043503995264871476e-02
7.161882213672683684e-02
7.132287659070730979e-02
6.999112163361941030e-02
7.428233205090263580e-02
7.102693104468778273e-02
7.161882213672683684e-02
7.043503995264871476e-02
6.939923054158034232e-02
6.806747558449245672e-02
7.058301272565847828e-02
7.161882213672683684e-02
6.910328499556081527e-02
6.747558449245338874e-02
6.851139390352174730e-02
6.747558449245338874e-02
6.925125776857057880e-02
6.703166617342408429e-02
6.584788398934596221e-02
6.303640130216039972e-02
6.377626516720923122e-02
6.747558449245338874e-02
6.496004735128736718e-02
6.185261911808227070e-02
6.466410180526782625e-02
