1.000000000000000000e+00
8.675292667898952814e-01
8.191620455945779478e-01
7.791127541589648597e-01
7.593961799137399771e-01
7.501540357362908029e-01
7.168823166974738204e-01
7.156500308071472860e-01
7.042513863216266490e-01
6.848428835489833721e-01
6.802218114602587296e-01
6.854590264941466948e-01
6.614294516327787754e-01
6.558841651263093153e-01
6.524953789279113181e-01
6.127541589648798359e-01
6.179913739987676902e-01
6.136783733826247644e-01
5.991990141712877360e-01
5.933456561922365591e-01
5.776340110905729963e-01
5.696241528034503565e-01
5.656192236598891476e-01
5.511398644485521192e-01
5.514479359211337250e-01
5.418977202711029451e-01
5.492914356130622622e-01
5.243376463339495253e-01
5.018484288354898570e-01
5.178681454097350256e-01
4.975354282193468758e-01
4.898336414048058973e-01
4.775107825015403318e-01
4.750462107208872631e-01
4.633394947627849647e-01
4.818237831176833130e-01
4.513247073321010605e-01
4.645717806531114991e-01
4.497843499691928648e-01
4.340727048675292465e-01
4.454713493530498836e-01
4.251386321626617337e-01
4.300677757239679821e-01
4.239063462723351994e-01
4.251386321626617337e-01
4.146642020948860252e-01
4.085027726432532424e-01
4.088108441158348483e-01
3.977202711028958726e-01
3.915588416512630898e-01
3.912507701786814285e-01
4.032655576093653882e-01
3.869377695625385027e-01
3.943314849044978199e-01
3.887861983980283598e-01
3.946395563770794812e-01
3.847812692544670399e-01
3.783117683302525958e-01
3.724584103512014743e-01
3.703019100431300115e-01
3.653727664818237630e-01
3.681454097350585486e-01
3.564386937769562502e-01
3.604436229205175701e-01
3.447319778188539519e-01
3.499691928527418616e-01
3.444239063462723460e-01
3.444239063462723460e-01
3.404189772027110261e-01
3.287122612446087278e-01
3.333333333333333148e-01
3.287122612446087278e-01
3.311768330252618520e-01
3.216266173752310720e-01
3.176216882316697521e-01
3.083795440542205779e-01
3.123844731977818978e-01
3.126925446703635036e-01
3.065311152187307209e-01
3.043746149106592580e-01
2.929759704251386210e-01
2.898952556993222296e-01
3.040665434380776522e-01
2.939001848428835495e-01
3.028342575477510623e-01
2.960566851509550124e-01
2.935921133703018882e-01
2.920517560073936925e-01
2.880468268638324281e-01
2.754158964879852012e-01
2.852741836105976425e-01
2.741836105976586668e-01
2.640172520024645642e-01
2.670979667282809555e-01
2.649414664202094927e-01
2.732593961799137383e-01
2.640172520024645642e-01
2.578558225508317814e-01
2.677141096734442227e-01
2.578558225508317814e-01
2.535428219346888556e-01
2.627849661121380298e-01
2.544670363524337842e-01
2.449168207024029487e-01
2.495378927911275357e-01
2.378311768330252651e-01
2.402957486136783616e-01
2.458410351201478772e-01
2.295132470733210195e-01
2.362908194701170694e-01
2.224276032039433082e-01
2.279728897104128238e-01
2.211953173136167461e-01
2.295132470733210195e-01
2.141096734442390626e-01
2.292051756007393581e-01
2.205791743684534789e-01
2.221195317313616746e-01
2.285890326555760910e-01
2.150338878619839911e-01
2.094886013555144755e-01
2.150338878619839911e-01
2.141096734442390626e-01
2.147258163894023297e-01
2.150338878619839911e-01
2.171903881700554539e-01
2.134935304990757954e-01
2.110289587184226712e-01
2.033271719038816927e-01
2.067159581022797177e-01
2.088724584103512083e-01
2.054836722119531833e-01
2.005545286506469627e-01
1.934688847812692514e-01
1.999383857054836677e-01
2.014787430683918634e-01
2.039433148490449876e-01
1.934688847812692514e-01
1.916204559457794221e-01
1.885397412199630307e-01
1.845348120764017386e-01
1.833025261860751765e-01
1.839186691312384436e-01
1.749845964263709308e-01
1.971657424522489099e-01
1.866913123844732014e-01
1.789895255699322230e-01
1.851509550215650057e-01
1.811460258780036858e-01
1.805298829328404187e-01
1.762168823166974652e-01
1.749845964263709308e-01
1.796056685150954901e-01
1.660505237215033902e-01
1.608133086876155360e-01
1.768330252618607601e-01
1.743684534812076359e-01
1.734442390634627351e-01
1.746765249537892695e-01
1.728280961182994402e-01
1.817621688231669808e-01
1.728280961182994402e-01
1.802218114602587851e-01
1.728280961182994402e-01
1.709796672828096109e-01
1.737523105360443687e-01
1.666666666666666574e-01
1.660505237215033902e-01
1.688231669747381480e-01
1.586568083795440454e-01
1.589648798521257067e-01
1.543438077634011196e-01
1.611213801601971696e-01
1.528034504004929239e-01
1.460258780036968462e-01
1.537276648182378247e-01
1.617375231053604367e-01
1.506469500924214333e-01
1.466420209488601412e-01
1.558841651263093153e-01
1.552680221811460204e-01
1.611213801601971696e-01
1.494146642020948990e-01
1.555760936537276540e-01
1.414048059149722869e-01
1.423290203327171877e-01
1.475662353666050419e-01
1.478743068391867033e-01
1.534195933456561911e-01
1.494146642020948990e-01
1.543438077634011196e-01
1.389402341343191627e-01
1.435613062230437498e-01
1.481823783117683369e-01
1.401725200246457248e-01
1.441774491682070169e-01
1.444855206407886505e-01
1.454097350585335791e-01
1.457178065311152126e-01
1.355514479359211377e-01
1.364756623536660385e-01
1.420209488601355541e-01
1.386321626617375291e-01
1.309303758471965506e-01
1.383240911891558955e-01
1.355514479359211377e-01
1.346272335181762092e-01
1.333949476278496749e-01
1.349353049907578428e-01
1.330868761552680135e-01
1.432532347504621162e-01
1.303142329020332835e-01
1.370918052988293334e-01
1.290819470117067214e-01
1.349353049907578428e-01
1.309303758471965506e-01
1.346272335181762092e-01
1.287738755391250878e-01
1.269254467036352307e-01
1.263093037584719636e-01
1.213801601971657429e-01
1.244608749229821343e-01
1.142945163277880455e-01
1.281577325939617928e-01
1.182994454713493515e-01
1.152187307455329601e-01
1.256931608133086964e-01
1.244608749229821343e-01
1.229205175600739386e-01
1.275415896487985257e-01
1.256931608133086964e-01
1.309303758471965506e-01
1.219963031423290239e-01
1.158348736906962412e-01
1.333949476278496749e-01
1.226124460874923050e-01
1.253850893407270350e-01
1.207640172520024618e-01
1.149106592729513265e-01
1.173752310536044369e-01
1.149106592729513265e-01
1.099815157116451059e-01
1.090573012939001912e-01
1.112138016019716541e-01
1.019716574245224938e-01
1.072088724584103481e-01
1.102895871842267395e-01
1.065927295132470670e-01
1.105976586568083730e-01
1.084411583487369102e-01
1.105976586568083730e-01
1.173752310536044369e-01
1.041281577325939567e-01
1.072088724584103481e-01
1.105976586568083730e-01
1.081330868761552627e-01
1.065927295132470670e-01
1.056685150955021524e-01
1.032039433148490420e-01
1.056685150955021524e-01
1.081330868761552627e-01
1.044362292051756042e-01
9.519408502772642999e-02
9.858287122612445497e-02
1.010474430067775792e-01
9.796672828096118779e-02
1.065927295132470670e-01
9.765865680837954033e-02
1.022797288971041274e-01
1.022797288971041274e-01
1.001232285890326507e-01
1.028958718422674085e-01
1.099815157116451059e-01
9.088108441158349038e-02
9.149722735674677143e-02
9.827479975354282138e-02
1.028958718422674085e-01
9.858287122612445497e-02
1.056685150955021524e-01
1.016635859519408464e-01
8.995686999383857574e-02
9.827479975354282138e-02
1.001232285890326507e-01
9.611829944547134463e-02
9.550215650030807746e-02
9.088108441158349038e-02
9.180529882932840502e-02
8.749229821318546541e-02
9.118915588416512397e-02
8.749229821318546541e-02
8.687615526802218435e-02
8.872458410351201363e-02
8.934072704867529469e-02
8.626001232285890330e-02
9.765865680837954033e-02
8.934072704867529469e-02
9.026494146642020933e-02
8.656808379544053689e-02
9.519408502772642999e-02
9.365372766481823430e-02
8.810844115834873258e-02
8.934072704867529469e-02
8.595194085027726971e-02
8.626001232285890330e-02
8.687615526802218435e-02
8.749229821318546541e-02
8.471965495995070761e-02
8.225508317929759727e-02
7.825015403573629125e-02
7.886629698089957230e-02
8.533579790511398866e-02
8.102279728897103517e-02
7.948243992606285335e-02
8.287122612446087833e-02
7.917436845348120589e-02
8.071472581638940158e-02
8.133086876155268263e-02
8.256315465187923086e-02
8.749229821318546541e-02
8.225508317929759727e-02
8.348736906962415938e-02
8.348736906962415938e-02
7.825015403573629125e-02
8.040665434380776799e-02
7.917436845348120589e-02
8.040665434380776799e-02
6.715958102279728781e-02
7.825015403573629125e-02
7.855822550831792483e-02
8.071472581638940158e-02
7.455329636475661881e-02
7.948243992606285335e-02
7.979051139864448694e-02
7.670979667282809555e-02
8.009858287122612053e-02
8.410351201478742655e-02
7.516943930991989986e-02
8.194701170671596369e-02
7.332101047443007058e-02
7.886629698089957230e-02
7.763401109057301019e-02
7.578558225508318091e-02
8.102279728897103517e-02
7.147258163894022742e-02
6.839186691312384991e-02
7.547751078250153345e-02
6.993222427603204561e-02
7.362908194701170417e-02
7.362908194701170417e-02
7.640172520024646197e-02
6.993222427603204561e-02
7.178065311152187489e-02
6.900800985828711709e-02
6.931608133086876455e-02
7.208872458410350847e-02
7.116451016635859383e-02
7.147258163894022742e-02
6.900800985828711709e-02
6.869993838570548350e-02
6.469500924214417747e-02
7.332101047443007058e-02
6.931608133086876455e-02
6.284658040665434819e-02
6.900800985828711709e-02
7.054836722119531278e-02
7.116451016635859383e-02
7.239679605668515594e-02
6.839186691312384991e-02
6.592729513247073958e-02
6.869993838570548350e-02
6.962415280345039814e-02
6.869993838570548350e-02
6.407886629698089642e-02
6.561922365988909212e-02
6.407886629698089642e-02
6.438693776956254389e-02
6.931608133086876455e-02
5.853357979051140164e-02
6.685150955021565422e-02
6.469500924214417747e-02
6.253850893407270073e-02
6.715958102279728781e-02
6.192236598890942662e-02
6.931608133086876455e-02
6.685150955021565422e-02
6.654343807763400676e-02
6.069008009858287145e-02
6.315465187923598178e-02
6.223043746149106714e-02
6.038200862600123092e-02
5.668515095502156542e-02
5.730129390018483954e-02
6.099815157116451197e-02
5.976586568083795681e-02
6.130622304374615250e-02
5.945779420825631628e-02
5.884165126309303523e-02
6.038200862600123092e-02
5.668515095502156542e-02
6.007393715341959040e-02
5.976586568083795681e-02
