1.000000000000000000e+00
7.831632653061224580e-01
6.964285714285713969e-01
6.989795918367347483e-01
6.964285714285713969e-01
5.739795918367347483e-01
5.943877551020407823e-01
5.382653061224489388e-01
5.229591836734693855e-01
5.459183673469387710e-01
5.561224489795918435e-01
4.795918367346938549e-01
5.000000000000000000e-01
4.821428571428571508e-01
4.872448979591836871e-01
5.051020408163264808e-01
4.591836734693877653e-01
4.617346938775510057e-01
4.362244897959183798e-01
4.132653061224489943e-01
4.183673469387755306e-01
4.311224489795918435e-01
4.515306122448979331e-01
4.438775510204081565e-01
4.260204081632653073e-01
4.209183673469387710e-01
3.545918367346938549e-01
3.928571428571428492e-01
3.571428571428571508e-01
3.673469387755102233e-01
3.494897959183673741e-01
3.520408163265306145e-01
3.112244897959183798e-01
3.112244897959183798e-01
2.984693877551020669e-01
3.010204081632653073e-01
3.112244897959183798e-01
2.908163265306122347e-01
3.086734693877550839e-01
3.163265306122449161e-01
2.780612244897959218e-01
2.678571428571428492e-01
2.857142857142856984e-01
2.806122448979591621e-01
2.678571428571428492e-01
2.602040816326530726e-01
3.010204081632653073e-01
2.933673469387755306e-01
2.602040816326530726e-01
2.780612244897959218e-01
2.576530612244897767e-01
3.035714285714285476e-01
2.704081632653061451e-01
2.678571428571428492e-01
2.551020408163265363e-01
2.448979591836734637e-01
2.474489795918367319e-01
2.372448979591836871e-01
2.168367346938775420e-01
2.142857142857142738e-01
2.321428571428571508e-01
2.448979591836734637e-01
2.193877551020408101e-01
2.193877551020408101e-01
2.372448979591836871e-01
2.193877551020408101e-01
2.576530612244897767e-01
2.525510204081632404e-01
2.397959183673469274e-01
2.525510204081632404e-01
2.346938775510204189e-01
2.193877551020408101e-01
2.346938775510204189e-01
2.219387755102040782e-01
2.525510204081632404e-01
2.244897959183673464e-01
2.219387755102040782e-01
1.887755102040816202e-01
2.091836734693877653e-01
1.862244897959183798e-01
2.040816326530612290e-01
1.887755102040816202e-01
1.734693877551020391e-01
1.811224489795918435e-01
1.683673469387755028e-01
1.479591836734693855e-01
1.658163265306122347e-01
1.734693877551020391e-01
2.066326530612244972e-01
1.938775510204081565e-01
1.887755102040816202e-01
1.862244897959183798e-01
1.862244897959183798e-01
1.658163265306122347e-01
1.938775510204081565e-01
1.862244897959183798e-01
1.709183673469387710e-01
1.709183673469387710e-01
1.632653061224489666e-01
1.836734693877551117e-01
1.632653061224489666e-01
1.607142857142857262e-01
1.785714285714285754e-01
1.709183673469387710e-01
1.709183673469387710e-01
1.530612244897959218e-01
1.709183673469387710e-01
1.530612244897959218e-01
1.454081632653061174e-01
1.428571428571428492e-01
1.530612244897959218e-01
1.403061224489795811e-01
1.479591836734693855e-01
1.454081632653061174e-01
1.326530612244898044e-01
1.326530612244898044e-01
1.428571428571428492e-01
1.301020408163265363e-01
1.377551020408163129e-01
1.045918367346938826e-01
1.275510204081632681e-01
1.479591836734693855e-01
1.326530612244898044e-01
1.301020408163265363e-01
1.250000000000000000e-01
1.301020408163265363e-01
1.147959183673469413e-01
9.948979591836734637e-02
1.020408163265306145e-01
1.275510204081632681e-01
1.377551020408163129e-01
9.948979591836734637e-02
1.122448979591836732e-01
1.122448979591836732e-01
1.147959183673469413e-01
1.147959183673469413e-01
1.096938775510204050e-01
1.045918367346938826e-01
9.693877551020407823e-02
9.438775510204081010e-02
1.020408163265306145e-01
1.045918367346938826e-01
1.147959183673469413e-01
1.045918367346938826e-01
1.122448979591836732e-01
9.948979591836734637e-02
1.020408163265306145e-01
1.020408163265306145e-01
1.122448979591836732e-01
1.020408163265306145e-01
1.224489795918367319e-01
8.673469387755101956e-02
1.122448979591836732e-01
9.693877551020407823e-02
1.020408163265306145e-01
9.948979591836734637e-02
9.438775510204081010e-02
9.438775510204081010e-02
9.183673469387755584e-02
8.928571428571428770e-02
1.020408163265306145e-01
9.438775510204081010e-02
9.948979591836734637e-02
7.653061224489796088e-02
8.928571428571428770e-02
8.928571428571428770e-02
8.163265306122448328e-02
7.397959183673469274e-02
8.418367346938775142e-02
8.418367346938775142e-02
9.693877551020407823e-02
9.183673469387755584e-02
8.673469387755101956e-02
9.693877551020407823e-02
7.908163265306122902e-02
8.163265306122448328e-02
1.045918367346938826e-01
9.183673469387755584e-02
7.908163265306122902e-02
9.183673469387755584e-02
8.418367346938775142e-02
8.673469387755101956e-02
8.673469387755101956e-02
8.163265306122448328e-02
7.653061224489796088e-02
8.928571428571428770e-02
9.438775510204081010e-02
8.418367346938775142e-02
7.397959183673469274e-02
8.928571428571428770e-02
8.163265306122448328e-02
6.887755102040815647e-02
8.418367346938775142e-02
8.928571428571428770e-02
9.693877551020407823e-02
9.183673469387755584e-02
8.673469387755101956e-02
8.418367346938775142e-02
8.163265306122448328e-02
8.928571428571428770e-02
6.122448979591836593e-02
7.653061224489796088e-02
8.673469387755101956e-02
9.438775510204081010e-02
7.653061224489796088e-02
7.908163265306122902e-02
7.397959183673469274e-02
6.887755102040815647e-02
7.397959183673469274e-02
6.887755102040815647e-02
7.397959183673469274e-02
6.632653061224490221e-02
6.887755102040815647e-02
6.377551020408163407e-02
5.867346938775510473e-02
7.653061224489796088e-02
6.887755102040815647e-02
7.397959183673469274e-02
7.653061224489796088e-02
7.397959183673469274e-02
8.163265306122448328e-02
6.887755102040815647e-02
7.908163265306122902e-02
7.397959183673469274e-02
6.377551020408163407e-02
9.438775510204081010e-02
7.142857142857142461e-02
8.418367346938775142e-02
7.142857142857142461e-02
6.887755102040815647e-02
7.653061224489796088e-02
5.867346938775510473e-02
6.887755102040815647e-02
6.377551020408163407e-02
6.632653061224490221e-02
6.122448979591836593e-02
5.612244897959183659e-02
5.357142857142856845e-02
6.122448979591836593e-02
6.377551020408163407e-02
6.632653061224490221e-02
5.612244897959183659e-02
5.612244897959183659e-02
5.867346938775510473e-02
5.357142857142856845e-02
6.887755102040815647e-02
7.142857142857142461e-02
6.377551020408163407e-02
6.377551020408163407e-02
5.612244897959183659e-02
4.336734693877550978e-02
6.377551020408163407e-02
7.397959183673469274e-02
5.867346938775510473e-02
6.632653061224490221e-02
5.612244897959183659e-02
5.612244897959183659e-02
5.102040816326530726e-02
6.887755102040815647e-02
7.653061224489796088e-02
7.397959183673469274e-02
7.397959183673469274e-02
7.142857142857142461e-02
6.887755102040815647e-02
6.377551020408163407e-02
7.653061224489796088e-02
6.377551020408163407e-02
5.867346938775510473e-02
5.612244897959183659e-02
4.591836734693877792e-02
6.122448979591836593e-02
7.142857142857142461e-02
5.357142857142856845e-02
6.887755102040815647e-02
5.102040816326530726e-02
6.122448979591836593e-02
5.357142857142856845e-02
4.336734693877550978e-02
5.867346938775510473e-02
4.846938775510203912e-02
3.571428571428571230e-02
4.336734693877550978e-02
5.102040816326530726e-02
4.846938775510203912e-02
5.102040816326530726e-02
6.377551020408163407e-02
4.081632653061224164e-02
4.591836734693877792e-02
4.081632653061224164e-02
4.081632653061224164e-02
4.591836734693877792e-02
4.591836734693877792e-02
5.612244897959183659e-02
4.846938775510203912e-02
5.102040816326530726e-02
5.357142857142856845e-02
4.846938775510203912e-02
2.806122448979591830e-02
4.336734693877550978e-02
4.081632653061224164e-02
4.336734693877550978e-02
5.102040816326530726e-02
3.826530612244898044e-02
3.826530612244898044e-02
2.551020408163265363e-02
3.316326530612245110e-02
4.336734693877550978e-02
3.826530612244898044e-02
4.081632653061224164e-02
3.571428571428571230e-02
3.571428571428571230e-02
3.061224489795918297e-02
3.826530612244898044e-02
3.826530612244898044e-02
3.826530612244898044e-02
3.061224489795918297e-02
3.316326530612245110e-02
4.081632653061224164e-02
3.571428571428571230e-02
2.551020408163265363e-02
3.571428571428571230e-02
2.806122448979591830e-02
3.316326530612245110e-02
2.806122448979591830e-02
3.061224489795918297e-02
3.061224489795918297e-02
3.571428571428571230e-02
3.316326530612245110e-02
3.826530612244898044e-02
2.551020408163265363e-02
3.316326530612245110e-02
2.806122448979591830e-02
2.551020408163265363e-02
3.316326530612245110e-02
3.571428571428571230e-02
3.316326530612245110e-02
3.316326530612245110e-02
2.806122448979591830e-02
3.061224489795918297e-02
3.316326530612245110e-02
3.061224489795918297e-02
3.571428571428571230e-02
3.571428571428571230e-02
3.571428571428571230e-02
3.061224489795918297e-02
3.316326530612245110e-02
2.295918367346938896e-02
2.551020408163265363e-02
2.806122448979591830e-02
3.061224489795918297e-02
2.806122448979591830e-02
3.061224489795918297e-02
3.826530612244898044e-02
3.571428571428571230e-02
2.295918367346938896e-02
1.785714285714285615e-02
3.571428571428571230e-02
2.295918367346938896e-02
2.040816326530612082e-02
2.295918367346938896e-02
2.551020408163265363e-02
2.551020408163265363e-02
2.551020408163265363e-02
2.040816326530612082e-02
3.316326530612245110e-02
3.061224489795918297e-02
3.061224489795918297e-02
2.040816326530612082e-02
2.551020408163265363e-02
2.295918367346938896e-02
1.530612244897959148e-02
1.530612244897959148e-02
1.785714285714285615e-02
2.806122448979591830e-02
3.316326530612245110e-02
2.551020408163265363e-02
3.061224489795918297e-02
1.530612244897959148e-02
2.295918367346938896e-02
2.040816326530612082e-02
2.551020408163265363e-02
1.785714285714285615e-02
2.551020408163265363e-02
3.061224489795918297e-02
2.040816326530612082e-02
1.530612244897959148e-02
1.530612244897959148e-02
1.275510204081632681e-02
2.295918367346938896e-02
2.551020408163265363e-02
1.785714285714285615e-02
3.061224489795918297e-02
2.295918367346938896e-02
1.530612244897959148e-02
1.785714285714285615e-02
2.040816326530612082e-02
1.530612244897959148e-02
2.040816326530612082e-02
1.275510204081632681e-02
2.040816326530612082e-02
1.275510204081632681e-02
