1.000000000000000000e+00
7.824074074074074403e-01
7.199074074074074403e-01
6.990740740740740700e-01
7.083333333333333703e-01
6.597222222222222099e-01
6.134259259259259300e-01
6.203703703703703498e-01
5.810185185185184897e-01
5.810185185185184897e-01
5.532407407407406996e-01
5.092592592592593004e-01
5.601851851851852304e-01
5.370370370370370905e-01
5.162037037037037202e-01
5.046296296296296502e-01
5.254629629629629095e-01
5.277777777777777901e-01
4.884259259259259300e-01
4.884259259259259300e-01
4.629629629629629650e-01
4.398148148148148251e-01
4.490740740740740700e-01
4.583333333333333148e-01
3.935185185185185452e-01
3.935185185185185452e-01
3.958333333333333148e-01
3.541666666666666852e-01
3.518518518518518601e-01
3.634259259259259300e-01
3.703703703703703498e-01
3.287037037037037202e-01
3.194444444444444198e-01
3.263888888888888951e-01
3.032407407407407551e-01
3.333333333333333148e-01
3.263888888888888951e-01
3.287037037037037202e-01
3.402777777777777901e-01
2.939814814814814548e-01
2.870370370370370350e-01
2.916666666666666852e-01
3.032407407407407551e-01
2.731481481481481399e-01
2.986111111111111049e-01
2.384259259259259300e-01
2.384259259259259300e-01
2.870370370370370350e-01
2.523148148148148251e-01
2.430555555555555525e-01
2.685185185185185452e-01
2.268518518518518601e-01
2.569444444444444198e-01
2.476851851851851749e-01
2.175925925925925875e-01
2.523148148148148251e-01
2.268518518518518601e-01
2.337962962962963076e-01
2.384259259259259300e-01
2.152777777777777901e-01
2.152777777777777901e-01
1.851851851851851749e-01
2.013888888888888951e-01
1.759259259259259300e-01
2.037037037037036924e-01
1.689814814814814825e-01
1.504629629629629650e-01
1.967592592592592726e-01
1.504629629629629650e-01
1.412037037037036924e-01
1.620370370370370350e-01
1.921296296296296224e-01
1.643518518518518601e-01
1.898148148148148251e-01
1.527777777777777901e-01
1.481481481481481399e-01
1.527777777777777901e-01
1.481481481481481399e-01
1.481481481481481399e-01
1.736111111111111049e-01
1.944444444444444475e-01
1.712962962962963076e-01
1.689814814814814825e-01
1.481481481481481399e-01
1.388888888888888951e-01
1.597222222222222099e-01
1.527777777777777901e-01
1.435185185185185175e-01
1.481481481481481399e-01
1.527777777777777901e-01
1.481481481481481399e-01
1.319444444444444475e-01
1.412037037037036924e-01
1.435185185185185175e-01
1.504629629629629650e-01
1.736111111111111049e-01
1.574074074074074125e-01
1.342592592592592726e-01
1.620370370370370350e-01
1.481481481481481399e-01
1.412037037037036924e-01
1.435185185185185175e-01
1.412037037037036924e-01
1.527777777777777901e-01
1.388888888888888951e-01
1.250000000000000000e-01
1.388888888888888951e-01
1.458333333333333426e-01
1.412037037037036924e-01
1.388888888888888951e-01
1.342592592592592726e-01
1.550925925925925875e-01
1.412037037037036924e-01
1.296296296296296224e-01
1.041666666666666713e-01
1.111111111111111049e-01
1.203703703703703637e-01
1.296296296296296224e-01
1.111111111111111049e-01
1.064814814814814825e-01
9.953703703703703498e-02
1.180555555555555525e-01
1.203703703703703637e-01
1.087962962962962937e-01
1.041666666666666713e-01
1.180555555555555525e-01
1.203703703703703637e-01
1.018518518518518462e-01
9.259259259259258745e-02
9.490740740740741255e-02
9.490740740740741255e-02
9.259259259259258745e-02
7.870370370370370627e-02
8.333333333333332871e-02
9.722222222222222376e-02
8.333333333333332871e-02
8.101851851851851749e-02
9.027777777777777624e-02
8.333333333333332871e-02
7.638888888888889506e-02
7.870370370370370627e-02
7.175925925925925875e-02
6.481481481481481122e-02
8.101851851851851749e-02
6.481481481481481122e-02
7.175925925925925875e-02
7.407407407407406996e-02
6.481481481481481122e-02
7.407407407407406996e-02
8.796296296296296502e-02
7.407407407407406996e-02
7.175925925925925875e-02
4.861111111111111188e-02
7.638888888888889506e-02
6.018518518518518184e-02
6.944444444444444753e-02
4.861111111111111188e-02
6.018518518518518184e-02
6.018518518518518184e-02
5.555555555555555247e-02
4.861111111111111188e-02
5.787037037037037063e-02
4.861111111111111188e-02
6.250000000000000000e-02
4.861111111111111188e-02
6.481481481481481122e-02
6.018518518518518184e-02
5.787037037037037063e-02
5.092592592592592310e-02
4.166666666666666435e-02
5.092592592592592310e-02
5.092592592592592310e-02
4.398148148148148251e-02
3.009259259259259092e-02
4.861111111111111188e-02
5.555555555555555247e-02
5.092592592592592310e-02
5.324074074074074125e-02
4.629629629629629373e-02
5.324074074074074125e-02
3.935185185185185314e-02
5.092592592592592310e-02
5.555555555555555247e-02
6.018518518518518184e-02
6.018518518518518184e-02
6.250000000000000000e-02
6.712962962962963631e-02
5.787037037037037063e-02
5.787037037037037063e-02
6.712962962962963631e-02
5.787037037037037063e-02
4.861111111111111188e-02
5.324074074074074125e-02
5.324074074074074125e-02
5.092592592592592310e-02
4.861111111111111188e-02
6.250000000000000000e-02
5.555555555555555247e-02
4.629629629629629373e-02
5.092592592592592310e-02
4.166666666666666435e-02
5.092592592592592310e-02
8.564814814814815380e-02
6.481481481481481122e-02
6.481481481481481122e-02
6.712962962962963631e-02
5.555555555555555247e-02
5.092592592592592310e-02
4.629629629629629373e-02
5.555555555555555247e-02
5.787037037037037063e-02
7.175925925925925875e-02
6.712962962962963631e-02
6.481481481481481122e-02
3.935185185185185314e-02
4.166666666666666435e-02
4.398148148148148251e-02
5.555555555555555247e-02
4.629629629629629373e-02
3.703703703703703498e-02
6.018518518518518184e-02
4.398148148148148251e-02
6.018518518518518184e-02
4.629629629629629373e-02
4.861111111111111188e-02
4.398148148148148251e-02
4.629629629629629373e-02
3.935185185185185314e-02
4.629629629629629373e-02
5.092592592592592310e-02
6.481481481481481122e-02
4.398148148148148251e-02
4.166666666666666435e-02
4.629629629629629373e-02
4.398148148148148251e-02
5.092592592592592310e-02
4.861111111111111188e-02
3.935185185185185314e-02
5.324074074074074125e-02
5.555555555555555247e-02
4.629629629629629373e-02
4.166666666666666435e-02
4.629629629629629373e-02
4.166666666666666435e-02
4.861111111111111188e-02
5.324074074074074125e-02
3.935185185185185314e-02
5.324074074074074125e-02
3.240740740740740561e-02
4.629629629629629373e-02
3.009259259259259092e-02
4.861111111111111188e-02
3.240740740740740561e-02
3.009259259259259092e-02
3.703703703703703498e-02
3.472222222222222376e-02
4.166666666666666435e-02
2.777777777777777624e-02
4.629629629629629373e-02
3.240740740740740561e-02
2.777777777777777624e-02
2.314814814814814686e-02
2.777777777777777624e-02
3.009259259259259092e-02
3.009259259259259092e-02
3.009259259259259092e-02
3.472222222222222376e-02
2.083333333333333218e-02
2.314814814814814686e-02
1.851851851851851749e-02
2.777777777777777624e-02
3.009259259259259092e-02
2.777777777777777624e-02
1.851851851851851749e-02
2.546296296296296155e-02
4.166666666666666435e-02
3.472222222222222376e-02
2.314814814814814686e-02
2.777777777777777624e-02
3.703703703703703498e-02
2.083333333333333218e-02
3.009259259259259092e-02
1.851851851851851749e-02
1.157407407407407343e-02
2.314814814814814686e-02
2.777777777777777624e-02
2.083333333333333218e-02
1.388888888888888812e-02
2.083333333333333218e-02
1.620370370370370280e-02
3.009259259259259092e-02
2.777777777777777624e-02
3.009259259259259092e-02
1.620370370370370280e-02
2.083333333333333218e-02
2.314814814814814686e-02
2.083333333333333218e-02
2.083333333333333218e-02
2.083333333333333218e-02
2.083333333333333218e-02
1.851851851851851749e-02
1.388888888888888812e-02
1.620370370370370280e-02
2.083333333333333218e-02
1.620370370370370280e-02
1.620370370370370280e-02
2.083333333333333218e-02
2.083333333333333218e-02
1.388888888888888812e-02
1.851851851851851749e-02
1.620370370370370280e-02
1.620370370370370280e-02
1.157407407407407343e-02
1.851851851851851749e-02
2.083333333333333218e-02
1.620370370370370280e-02
1.388888888888888812e-02
6.944444444444444059e-03
9.259259259259258745e-03
1.157407407407407343e-02
1.851851851851851749e-02
9.259259259259258745e-03
1.851851851851851749e-02
1.851851851851851749e-02
1.620370370370370280e-02
1.388888888888888812e-02
1.851851851851851749e-02
2.083333333333333218e-02
1.388888888888888812e-02
1.388888888888888812e-02
1.620370370370370280e-02
3.009259259259259092e-02
2.546296296296296155e-02
1.851851851851851749e-02
2.546296296296296155e-02
2.314814814814814686e-02
2.546296296296296155e-02
1.851851851851851749e-02
1.851851851851851749e-02
1.620370370370370280e-02
2.314814814814814686e-02
1.388888888888888812e-02
1.620370370370370280e-02
1.851851851851851749e-02
1.620370370370370280e-02
2.083333333333333218e-02
1.157407407407407343e-02
1.620370370370370280e-02
9.259259259259258745e-03
1.620370370370370280e-02
9.259259259259258745e-03
1.157407407407407343e-02
1.851851851851851749e-02
1.620370370370370280e-02
2.083333333333333218e-02
2.083333333333333218e-02
1.157407407407407343e-02
1.157407407407407343e-02
9.259259259259258745e-03
1.620370370370370280e-02
1.157407407407407343e-02
1.620370370370370280e-02
6.944444444444444059e-03
1.157407407407407343e-02
1.388888888888888812e-02
1.851851851851851749e-02
1.388888888888888812e-02
1.620370370370370280e-02
1.157407407407407343e-02
1.388888888888888812e-02
1.851851851851851749e-02
1.620370370370370280e-02
1.157407407407407343e-02
1.388888888888888812e-02
1.620370370370370280e-02
1.620370370370370280e-02
1.388888888888888812e-02
1.157407407407407343e-02
1.388888888888888812e-02
1.620370370370370280e-02
6.944444444444444059e-03
1.620370370370370280e-02
1.388888888888888812e-02
1.388888888888888812e-02
1.388888888888888812e-02
1.851851851851851749e-02
1.388888888888888812e-02
1.851851851851851749e-02
2.083333333333333218e-02
2.083333333333333218e-02
1.851851851851851749e-02
1.157407407407407343e-02
1.851851851851851749e-02
1.851851851851851749e-02
1.851851851851851749e-02
1.388888888888888812e-02
2.546296296296296155e-02
2.083333333333333218e-02
2.083333333333333218e-02
1.851851851851851749e-02
2.314814814814814686e-02
