1.000000000000000000e+00
9.411764705882352811e-01
8.445378151260504174e-01
8.403361344537815247e-01
8.151260504201680579e-01
7.563025210084033390e-01
7.857142857142856984e-01
7.815126050420168058e-01
7.731092436974790205e-01
7.689075630252101279e-01
7.142857142857143016e-01
7.100840336134454089e-01
7.310924369747898721e-01
7.352941176470588758e-01
7.226890756302520868e-01
6.764705882352941568e-01
6.092436974789915416e-01
7.058823529411765163e-01
6.554621848739495826e-01
6.218487394957983305e-01
7.016806722689075126e-01
6.470588235294117974e-01
6.470588235294117974e-01
6.428571428571429047e-01
6.428571428571429047e-01
5.756302521008402895e-01
6.008403361344537563e-01
6.344537815126050084e-01
5.588235294117647189e-01
5.588235294117647189e-01
5.966386554621848637e-01
5.756302521008402895e-01
5.924369747899159711e-01
5.210084033613445742e-01
5.210084033613445742e-01
5.420168067226890374e-01
4.957983193277311074e-01
5.210084033613445742e-01
5.378151260504201447e-01
5.840336134453781858e-01
6.176470588235294379e-01
5.714285714285713969e-01
5.126050420168066779e-01
4.705882352941176405e-01
4.663865546218487479e-01
5.000000000000000000e-01
4.621848739495798553e-01
4.789915966386554813e-01
5.210084033613445742e-01
4.789915966386554813e-01
4.663865546218487479e-01
4.243697478991596550e-01
4.789915966386554813e-01
4.201680672268907624e-01
4.075630252100840289e-01
4.201680672268907624e-01
3.991596638655462437e-01
3.949579831932772955e-01
4.243697478991596550e-01
4.159663865546218697e-01
4.075630252100840289e-01
4.579831932773109071e-01
4.033613445378151363e-01
4.579831932773109071e-01
4.705882352941176405e-01
4.243697478991596550e-01
3.907563025210084029e-01
4.033613445378151363e-01
3.907563025210084029e-01
4.201680672268907624e-01
4.159663865546218697e-01
3.907563025210084029e-01
4.075630252100840289e-01
4.117647058823529216e-01
4.495798319327731218e-01
4.285714285714285476e-01
4.033613445378151363e-01
4.453781512605042292e-01
3.991596638655462437e-01
3.613445378151260434e-01
3.865546218487395103e-01
3.823529411764705621e-01
3.235294117647058987e-01
3.403361344537815247e-01
3.739495798319327768e-01
3.193277310924369505e-01
3.613445378151260434e-01
3.235294117647058987e-01
3.193277310924369505e-01
3.109243697478991653e-01
3.277310924369747913e-01
2.899159663865546466e-01
3.067226890756302726e-01
2.899159663865546466e-01
2.899159663865546466e-01
2.983193277310924318e-01
2.941176470588235392e-01
3.319327731092436840e-01
2.983193277310924318e-01
3.025210084033613245e-01
3.109243697478991653e-01
2.857142857142856984e-01
3.109243697478991653e-01
2.647058823529411797e-01
2.941176470588235392e-01
3.277310924369747913e-01
3.025210084033613245e-01
2.941176470588235392e-01
2.857142857142856984e-01
2.268907563025210072e-01
2.521008403361344463e-01
2.689075630252100724e-01
2.352941176470588203e-01
2.100840336134453812e-01
2.815126050420168058e-01
2.731092436974789650e-01
2.521008403361344463e-01
2.226890756302521146e-01
2.647058823529411797e-01
2.689075630252100724e-01
2.605042016806722871e-01
2.689075630252100724e-01
1.974789915966386478e-01
2.563025210084033390e-01
2.731092436974789650e-01
2.857142857142856984e-01
2.689075630252100724e-01
2.605042016806722871e-01
3.319327731092436840e-01
2.815126050420168058e-01
2.983193277310924318e-01
2.857142857142856984e-01
2.899159663865546466e-01
2.815126050420168058e-01
2.815126050420168058e-01
2.983193277310924318e-01
2.689075630252100724e-01
2.478991596638655537e-01
2.142857142857142738e-01
2.563025210084033390e-01
2.352941176470588203e-01
2.352941176470588203e-01
2.815126050420168058e-01
2.478991596638655537e-01
2.857142857142856984e-01
2.478991596638655537e-01
2.394957983193277407e-01
2.268907563025210072e-01
2.773109243697479132e-01
2.100840336134453812e-01
3.067226890756302726e-01
2.605042016806722871e-01
2.689075630252100724e-01
2.689075630252100724e-01
2.521008403361344463e-01
2.310924369747899276e-01
2.436974789915966333e-01
2.563025210084033390e-01
2.226890756302521146e-01
2.142857142857142738e-01
2.142857142857142738e-01
2.226890756302521146e-01
2.310924369747899276e-01
2.394957983193277407e-01
2.436974789915966333e-01
2.352941176470588203e-01
2.100840336134453812e-01
2.058823529411764608e-01
1.932773109243697551e-01
2.521008403361344463e-01
1.890756302521008347e-01
2.226890756302521146e-01
2.310924369747899276e-01
2.436974789915966333e-01
2.184873949579831942e-01
2.268907563025210072e-01
2.142857142857142738e-01
1.806722689075630217e-01
2.268907563025210072e-01
2.226890756302521146e-01
2.184873949579831942e-01
2.100840336134453812e-01
1.722689075630252087e-01
1.554621848739495826e-01
1.932773109243697551e-01
1.974789915966386478e-01
1.680672268907563160e-01
2.142857142857142738e-01
2.184873949579831942e-01
2.016806722689075682e-01
2.142857142857142738e-01
1.848739495798319421e-01
1.974789915966386478e-01
2.058823529411764608e-01
1.974789915966386478e-01
2.142857142857142738e-01
1.974789915966386478e-01
2.100840336134453812e-01
2.058823529411764608e-01
2.100840336134453812e-01
2.100840336134453812e-01
2.268907563025210072e-01
2.226890756302521146e-01
2.016806722689075682e-01
2.142857142857142738e-01
2.310924369747899276e-01
2.436974789915966333e-01
1.932773109243697551e-01
2.268907563025210072e-01
2.016806722689075682e-01
2.478991596638655537e-01
1.848739495798319421e-01
2.016806722689075682e-01
2.184873949579831942e-01
2.436974789915966333e-01
2.268907563025210072e-01
2.436974789915966333e-01
2.226890756302521146e-01
2.184873949579831942e-01
1.932773109243697551e-01
2.100840336134453812e-01
2.226890756302521146e-01
1.974789915966386478e-01
2.226890756302521146e-01
2.058823529411764608e-01
2.142857142857142738e-01
2.226890756302521146e-01
2.100840336134453812e-01
2.016806722689075682e-01
2.268907563025210072e-01
2.016806722689075682e-01
2.184873949579831942e-01
1.722689075630252087e-01
1.722689075630252087e-01
1.764705882352941291e-01
1.974789915966386478e-01
1.806722689075630217e-01
1.638655462184873957e-01
1.890756302521008347e-01
1.722689075630252087e-01
1.764705882352941291e-01
1.512605042016806622e-01
1.344537815126050362e-01
1.470588235294117696e-01
1.176470588235294101e-01
1.470588235294117696e-01
1.302521008403361436e-01
1.470588235294117696e-01
1.344537815126050362e-01
1.176470588235294101e-01
1.470588235294117696e-01
1.386554621848739566e-01
1.092436974789915971e-01
1.512605042016806622e-01
1.638655462184873957e-01
1.386554621848739566e-01
1.386554621848739566e-01
1.554621848739495826e-01
1.428571428571428492e-01
1.554621848739495826e-01
1.554621848739495826e-01
1.092436974789915971e-01
1.302521008403361436e-01
1.218487394957983166e-01
1.302521008403361436e-01
1.302521008403361436e-01
1.176470588235294101e-01
1.722689075630252087e-01
1.512605042016806622e-01
1.344537815126050362e-01
1.260504201680672232e-01
1.386554621848739566e-01
1.260504201680672232e-01
1.596638655462184753e-01
1.470588235294117696e-01
1.764705882352941291e-01
1.386554621848739566e-01
1.260504201680672232e-01
1.512605042016806622e-01
1.470588235294117696e-01
1.302521008403361436e-01
1.218487394957983166e-01
1.302521008403361436e-01
1.260504201680672232e-01
1.260504201680672232e-01
1.302521008403361436e-01
8.403361344537815802e-02
1.344537815126050362e-01
1.302521008403361436e-01
1.218487394957983166e-01
1.092436974789915971e-01
1.218487394957983166e-01
1.344537815126050362e-01
1.428571428571428492e-01
1.260504201680672232e-01
1.218487394957983166e-01
1.218487394957983166e-01
1.218487394957983166e-01
1.512605042016806622e-01
1.638655462184873957e-01
1.596638655462184753e-01
1.344537815126050362e-01
1.386554621848739566e-01
1.344537815126050362e-01
1.344537815126050362e-01
1.344537815126050362e-01
1.386554621848739566e-01
1.134453781512605036e-01
7.563025210084033112e-02
1.344537815126050362e-01
1.218487394957983166e-01
1.302521008403361436e-01
1.302521008403361436e-01
1.134453781512605036e-01
1.176470588235294101e-01
1.176470588235294101e-01
7.983193277310923763e-02
1.260504201680672232e-01
1.134453781512605036e-01
1.260504201680672232e-01
8.403361344537815802e-02
1.092436974789915971e-01
1.260504201680672232e-01
1.302521008403361436e-01
9.243697478991597105e-02
9.663865546218487756e-02
1.176470588235294101e-01
1.176470588235294101e-01
1.176470588235294101e-01
1.092436974789915971e-01
1.008403361344537841e-01
1.050420168067226906e-01
1.092436974789915971e-01
9.663865546218487756e-02
9.243697478991597105e-02
8.403361344537815802e-02
1.218487394957983166e-01
8.823529411764706454e-02
1.050420168067226906e-01
8.403361344537815802e-02
7.563025210084033112e-02
9.243697478991597105e-02
7.983193277310923763e-02
9.663865546218487756e-02
1.092436974789915971e-01
9.243697478991597105e-02
7.983193277310923763e-02
1.008403361344537841e-01
9.243697478991597105e-02
7.142857142857142461e-02
8.403361344537815802e-02
1.092436974789915971e-01
1.050420168067226906e-01
1.008403361344537841e-01
9.243697478991597105e-02
1.134453781512605036e-01
9.663865546218487756e-02
1.176470588235294101e-01
7.563025210084033112e-02
8.403361344537815802e-02
1.176470588235294101e-01
9.243697478991597105e-02
7.142857142857142461e-02
8.823529411764706454e-02
7.983193277310923763e-02
6.722689075630251809e-02
7.563025210084033112e-02
7.983193277310923763e-02
8.823529411764706454e-02
8.823529411764706454e-02
8.823529411764706454e-02
8.823529411764706454e-02
1.050420168067226906e-01
8.823529411764706454e-02
7.983193277310923763e-02
7.563025210084033112e-02
6.722689075630251809e-02
9.243697478991597105e-02
7.563025210084033112e-02
8.823529411764706454e-02
7.563025210084033112e-02
8.823529411764706454e-02
9.663865546218487756e-02
7.142857142857142461e-02
6.722689075630251809e-02
7.983193277310923763e-02
6.722689075630251809e-02
7.983193277310923763e-02
1.050420168067226906e-01
8.403361344537815802e-02
9.663865546218487756e-02
9.243697478991597105e-02
7.983193277310923763e-02
7.983193277310923763e-02
8.823529411764706454e-02
9.663865546218487756e-02
7.563025210084033112e-02
7.563025210084033112e-02
8.403361344537815802e-02
7.983193277310923763e-02
7.563025210084033112e-02
