1.000000000000000000e+00
8.532818532818532420e-01
6.409266409266409781e-01
7.760617760617760652e-01
7.297297297297297147e-01
7.258687258687258614e-01
6.447876447876448314e-01
6.988416988416988884e-01
6.447876447876448314e-01
6.447876447876448314e-01
5.598455598455598370e-01
6.100386100386100408e-01
5.405405405405405705e-01
5.637065637065636903e-01
6.177606177606177473e-01
5.945945945945946276e-01
5.521235521235521304e-01
5.366795366795367173e-01
5.752895752895752501e-01
6.177606177606177473e-01
5.328185328185328640e-01
4.749034749034748981e-01
4.555984555984555762e-01
5.096525096525096332e-01
4.826254826254826047e-01
5.019305019305019266e-01
5.057915057915057799e-01
5.482625482625482771e-01
5.289575289575290107e-01
5.212355212355211931e-01
5.096525096525096332e-01
4.478764478764478696e-01
4.555984555984555762e-01
4.671814671814671915e-01
4.633204633204633383e-01
5.328185328185328640e-01
4.555984555984555762e-01
4.169884169884169878e-01
4.324324324324324564e-01
4.594594594594594850e-01
4.015444015444015191e-01
3.938223938223938125e-01
4.401544401544401630e-01
4.054054054054054279e-01
4.054054054054054279e-01
3.783783783783783994e-01
4.092664092664092812e-01
3.976833976833976658e-01
3.783783783783783994e-01
4.015444015444015191e-01
3.783783783783783994e-01
4.247104247104246944e-01
3.899613899613899592e-01
4.131274131274131345e-01
3.397683397683397555e-01
3.667953667953667840e-01
3.359073359073359022e-01
3.359073359073359022e-01
3.166023166023165802e-01
3.513513513513513709e-01
3.281853281853281956e-01
3.204633204633204890e-01
3.243243243243243423e-01
3.166023166023165802e-01
3.436293436293436088e-01
3.050193050193050204e-01
3.011583011583011671e-01
2.857142857142856984e-01
2.741312741312741386e-01
2.432432432432432567e-01
2.934362934362934605e-01
3.088803088803088737e-01
3.166023166023165802e-01
2.972972972972973138e-01
2.664092664092664320e-01
3.011583011583011671e-01
2.857142857142856984e-01
3.166023166023165802e-01
3.436293436293436088e-01
2.779922779922779918e-01
2.934362934362934605e-01
2.972972972972973138e-01
2.857142857142856984e-01
2.548262548262548166e-01
2.586872586872586699e-01
2.934362934362934605e-01
2.664092664092664320e-01
2.741312741312741386e-01
2.741312741312741386e-01
2.702702702702702853e-01
2.355212355212355224e-01
2.548262548262548166e-01
2.162162162162162282e-01
2.741312741312741386e-01
2.818532818532818451e-01
2.625482625482625232e-01
2.702702702702702853e-01
2.200772200772200815e-01
2.471042471042471100e-01
2.664092664092664320e-01
2.393822393822393757e-01
2.664092664092664320e-01
2.741312741312741386e-01
2.548262548262548166e-01
2.393822393822393757e-01
2.432432432432432567e-01
2.277992277992277881e-01
2.741312741312741386e-01
2.702702702702702853e-01
2.741312741312741386e-01
2.664092664092664320e-01
2.316602316602316691e-01
2.162162162162162282e-01
2.123552123552123472e-01
2.625482625482625232e-01
2.432432432432432567e-01
2.393822393822393757e-01
2.200772200772200815e-01
2.162162162162162282e-01
2.316602316602316691e-01
2.046332046332046406e-01
1.930501930501930530e-01
2.123552123552123472e-01
2.200772200772200815e-01
2.393822393822393757e-01
2.084942084942084939e-01
2.239382239382239348e-01
2.123552123552123472e-01
1.930501930501930530e-01
2.007722007722007596e-01
1.930501930501930530e-01
1.776061776061776121e-01
1.505791505791505835e-01
1.737451737451737588e-01
2.007722007722007596e-01
1.891891891891891997e-01
2.162162162162162282e-01
1.853281853281853186e-01
2.084942084942084939e-01
1.891891891891891997e-01
2.046332046332046406e-01
1.853281853281853186e-01
1.853281853281853186e-01
1.660231660231660245e-01
1.737451737451737588e-01
1.312741312741312616e-01
1.660231660231660245e-01
1.428571428571428492e-01
1.698841698841698777e-01
1.505791505791505835e-01
1.428571428571428492e-01
1.544401544401544368e-01
1.467181467181467303e-01
1.389961389961389959e-01
1.196911196911196879e-01
1.583011583011582901e-01
1.583011583011582901e-01
1.544401544401544368e-01
1.505791505791505835e-01
1.467181467181467303e-01
1.505791505791505835e-01
1.351351351351351426e-01
1.660231660231660245e-01
1.389961389961389959e-01
1.660231660231660245e-01
1.235521235521235550e-01
1.274131274131274083e-01
1.274131274131274083e-01
1.235521235521235550e-01
1.389961389961389959e-01
1.467181467181467303e-01
1.428571428571428492e-01
1.351351351351351426e-01
1.119691119691119674e-01
1.428571428571428492e-01
1.312741312741312616e-01
1.196911196911196879e-01
1.042471042471042469e-01
1.042471042471042469e-01
1.196911196911196879e-01
9.266409266409265932e-02
8.880308880308880604e-02
8.880308880308880604e-02
8.880308880308880604e-02
1.235521235521235550e-01
1.119691119691119674e-01
1.119691119691119674e-01
1.003861003861003798e-01
1.081081081081081141e-01
1.312741312741312616e-01
1.003861003861003798e-01
1.119691119691119674e-01
1.235521235521235550e-01
1.235521235521235550e-01
1.196911196911196879e-01
1.003861003861003798e-01
1.119691119691119674e-01
1.081081081081081141e-01
1.312741312741312616e-01
1.196911196911196879e-01
8.880308880308880604e-02
1.081081081081081141e-01
9.266409266409265932e-02
1.119691119691119674e-01
1.119691119691119674e-01
1.235521235521235550e-01
1.081081081081081141e-01
1.158301158301158346e-01
1.003861003861003798e-01
8.880308880308880604e-02
1.003861003861003798e-01
1.042471042471042469e-01
1.119691119691119674e-01
1.389961389961389959e-01
1.003861003861003798e-01
1.119691119691119674e-01
8.108108108108108558e-02
8.880308880308880604e-02
8.880308880308880604e-02
9.266409266409265932e-02
7.335907335907336513e-02
8.108108108108108558e-02
7.722007722007721842e-02
7.335907335907336513e-02
8.494208494208493887e-02
9.652509652509652649e-02
8.494208494208493887e-02
7.335907335907336513e-02
8.108108108108108558e-02
7.335907335907336513e-02
6.177606177606177751e-02
8.108108108108108558e-02
6.949806949806949796e-02
7.722007722007721842e-02
8.108108108108108558e-02
9.652509652509652649e-02
8.108108108108108558e-02
7.722007722007721842e-02
8.108108108108108558e-02
6.177606177606177751e-02
5.791505791505791728e-02
8.108108108108108558e-02
7.335907335907336513e-02
7.722007722007721842e-02
1.003861003861003798e-01
5.791505791505791728e-02
6.949806949806949796e-02
6.177606177606177751e-02
5.019305019305018989e-02
5.405405405405405705e-02
7.335907335907336513e-02
7.722007722007721842e-02
5.791505791505791728e-02
6.177606177606177751e-02
6.177606177606177751e-02
7.722007722007721842e-02
6.949806949806949796e-02
7.722007722007721842e-02
6.177606177606177751e-02
4.633204633204632966e-02
6.949806949806949796e-02
6.949806949806949796e-02
8.108108108108108558e-02
9.652509652509652649e-02
7.722007722007721842e-02
8.494208494208493887e-02
5.791505791505791728e-02
5.019305019305018989e-02
7.722007722007721842e-02
5.019305019305018989e-02
5.791505791505791728e-02
5.791505791505791728e-02
5.019305019305018989e-02
6.177606177606177751e-02
7.335907335907336513e-02
5.405405405405405705e-02
6.563706563706563080e-02
5.405405405405405705e-02
6.177606177606177751e-02
6.949806949806949796e-02
7.722007722007721842e-02
6.177606177606177751e-02
6.177606177606177751e-02
6.949806949806949796e-02
7.335907335907336513e-02
6.563706563706563080e-02
7.335907335907336513e-02
5.405405405405405705e-02
9.652509652509652649e-02
6.949806949806949796e-02
5.791505791505791728e-02
3.861003861003860921e-02
5.405405405405405705e-02
5.405405405405405705e-02
6.563706563706563080e-02
5.019305019305018989e-02
6.949806949806949796e-02
6.949806949806949796e-02
5.791505791505791728e-02
6.177606177606177751e-02
5.405405405405405705e-02
5.405405405405405705e-02
5.019305019305018989e-02
5.405405405405405705e-02
6.177606177606177751e-02
5.019305019305018989e-02
5.019305019305018989e-02
6.177606177606177751e-02
7.722007722007721842e-02
5.405405405405405705e-02
6.563706563706563080e-02
6.177606177606177751e-02
4.633204633204632966e-02
5.405405405405405705e-02
6.563706563706563080e-02
5.019305019305018989e-02
5.019305019305018989e-02
3.861003861003860921e-02
4.633204633204632966e-02
4.633204633204632966e-02
4.247104247104246944e-02
5.791505791505791728e-02
6.949806949806949796e-02
6.949806949806949796e-02
4.247104247104246944e-02
5.791505791505791728e-02
3.088803088803088875e-02
6.563706563706563080e-02
6.949806949806949796e-02
6.177606177606177751e-02
4.633204633204632966e-02
5.791505791505791728e-02
5.405405405405405705e-02
5.791505791505791728e-02
3.861003861003860921e-02
5.019305019305018989e-02
3.474903474903474898e-02
5.791505791505791728e-02
5.405405405405405705e-02
4.633204633204632966e-02
4.633204633204632966e-02
5.019305019305018989e-02
6.563706563706563080e-02
5.791505791505791728e-02
7.722007722007721842e-02
4.247104247104246944e-02
5.791505791505791728e-02
6.177606177606177751e-02
6.563706563706563080e-02
5.791505791505791728e-02
5.405405405405405705e-02
5.405405405405405705e-02
6.563706563706563080e-02
6.177606177606177751e-02
6.563706563706563080e-02
3.088803088803088875e-02
5.019305019305018989e-02
5.791505791505791728e-02
5.019305019305018989e-02
5.791505791505791728e-02
5.791505791505791728e-02
4.247104247104246944e-02
3.474903474903474898e-02
5.019305019305018989e-02
5.019305019305018989e-02
4.633204633204632966e-02
5.019305019305018989e-02
5.019305019305018989e-02
4.247104247104246944e-02
6.949806949806949796e-02
4.247104247104246944e-02
4.633204633204632966e-02
6.177606177606177751e-02
6.177606177606177751e-02
5.405405405405405705e-02
4.633204633204632966e-02
4.633204633204632966e-02
6.563706563706563080e-02
4.247104247104246944e-02
5.405405405405405705e-02
4.633204633204632966e-02
6.949806949806949796e-02
5.791505791505791728e-02
6.177606177606177751e-02
4.247104247104246944e-02
6.177606177606177751e-02
4.633204633204632966e-02
3.861003861003860921e-02
3.474903474903474898e-02
5.405405405405405705e-02
4.247104247104246944e-02
3.861003861003860921e-02
5.405405405405405705e-02
3.861003861003860921e-02
4.633204633204632966e-02
3.474903474903474898e-02
4.247104247104246944e-02
7.722007722007721842e-02
5.019305019305018989e-02
6.177606177606177751e-02
3.861003861003860921e-02
