1.000000000000000000e+00
7.741935483870967527e-01
7.956989247311827551e-01
6.344086021505376261e-01
7.849462365591397539e-01
7.311827956989247479e-01
7.419354838709677491e-01
7.204301075268817467e-01
6.989247311827957443e-01
7.419354838709677491e-01
6.344086021505376261e-01
6.881720430107527431e-01
5.698924731182796188e-01
5.913978494623656212e-01
6.881720430107527431e-01
6.129032258064516236e-01
6.989247311827957443e-01
6.559139784946236285e-01
5.268817204301075030e-01
5.376344086021505042e-01
5.806451612903226200e-01
5.483870967741935054e-01
5.483870967741935054e-01
5.591397849462365066e-01
5.483870967741935054e-01
5.483870967741935054e-01
5.698924731182796188e-01
4.946236559139784994e-01
5.483870967741935054e-01
5.806451612903226200e-01
5.268817204301075030e-01
4.946236559139784994e-01
6.559139784946236285e-01
5.806451612903226200e-01
5.806451612903226200e-01
5.268817204301075030e-01
6.021505376344086224e-01
5.268817204301075030e-01
5.698924731182796188e-01
5.268817204301075030e-01
4.301075268817204367e-01
4.623655913978494403e-01
5.483870967741935054e-01
5.053763440860215006e-01
4.408602150537634379e-01
5.161290322580645018e-01
4.731182795698924970e-01
3.548387096774193727e-01
3.440860215053763715e-01
4.623655913978494403e-01
4.731182795698924970e-01
4.838709677419354982e-01
5.053763440860215006e-01
4.838709677419354982e-01
4.086021505376344343e-01
4.193548387096774355e-01
4.193548387096774355e-01
3.333333333333333148e-01
3.870967741935483764e-01
4.301075268817204367e-01
3.548387096774193727e-01
3.763440860215053752e-01
3.548387096774193727e-01
4.086021505376344343e-01
4.086021505376344343e-01
4.086021505376344343e-01
3.440860215053763715e-01
3.763440860215053752e-01
2.903225806451613100e-01
2.903225806451613100e-01
3.440860215053763715e-01
2.580645161290322509e-01
3.118279569892473124e-01
3.118279569892473124e-01
3.548387096774193727e-01
3.010752688172043112e-01
3.118279569892473124e-01
2.903225806451613100e-01
3.225806451612903136e-01
3.763440860215053752e-01
3.118279569892473124e-01
2.795698924731182533e-01
3.440860215053763715e-01
3.010752688172043112e-01
2.903225806451613100e-01
2.795698924731182533e-01
3.010752688172043112e-01
3.010752688172043112e-01
2.903225806451613100e-01
3.440860215053763715e-01
3.118279569892473124e-01
3.333333333333333148e-01
4.086021505376344343e-01
3.548387096774193727e-01
3.548387096774193727e-01
2.903225806451613100e-01
3.548387096774193727e-01
3.440860215053763715e-01
2.365591397849462485e-01
2.258064516129032195e-01
2.795698924731182533e-01
2.688172043010752521e-01
2.473118279569892497e-01
2.580645161290322509e-01
3.118279569892473124e-01
3.010752688172043112e-01
3.225806451612903136e-01
2.903225806451613100e-01
2.688172043010752521e-01
2.580645161290322509e-01
3.333333333333333148e-01
3.118279569892473124e-01
2.580645161290322509e-01
2.795698924731182533e-01
3.118279569892473124e-01
3.010752688172043112e-01
2.903225806451613100e-01
2.795698924731182533e-01
2.903225806451613100e-01
2.043010752688172171e-01
2.580645161290322509e-01
2.365591397849462485e-01
1.935483870967741882e-01
3.010752688172043112e-01
3.440860215053763715e-01
2.688172043010752521e-01
2.795698924731182533e-01
2.365591397849462485e-01
3.118279569892473124e-01
2.903225806451613100e-01
2.795698924731182533e-01
2.903225806451613100e-01
2.150537634408602183e-01
2.473118279569892497e-01
1.935483870967741882e-01
1.827956989247311870e-01
2.365591397849462485e-01
1.935483870967741882e-01
2.365591397849462485e-01
2.473118279569892497e-01
2.688172043010752521e-01
3.010752688172043112e-01
2.580645161290322509e-01
2.795698924731182533e-01
2.688172043010752521e-01
2.365591397849462485e-01
2.903225806451613100e-01
2.903225806451613100e-01
2.150537634408602183e-01
2.473118279569892497e-01
2.258064516129032195e-01
2.688172043010752521e-01
2.473118279569892497e-01
2.580645161290322509e-01
2.150537634408602183e-01
2.365591397849462485e-01
2.150537634408602183e-01
2.150537634408602183e-01
1.827956989247311870e-01
1.935483870967741882e-01
2.150537634408602183e-01
2.043010752688172171e-01
2.258064516129032195e-01
2.043010752688172171e-01
1.397849462365591267e-01
2.258064516129032195e-01
2.365591397849462485e-01
1.935483870967741882e-01
2.258064516129032195e-01
2.258064516129032195e-01
1.935483870967741882e-01
1.935483870967741882e-01
2.150537634408602183e-01
1.827956989247311870e-01
2.258064516129032195e-01
1.612903225806451568e-01
2.043010752688172171e-01
2.043010752688172171e-01
2.043010752688172171e-01
1.935483870967741882e-01
1.290322580645161255e-01
1.935483870967741882e-01
1.827956989247311870e-01
1.935483870967741882e-01
2.150537634408602183e-01
1.182795698924731242e-01
1.935483870967741882e-01
1.505376344086021556e-01
1.935483870967741882e-01
1.612903225806451568e-01
1.935483870967741882e-01
1.397849462365591267e-01
1.720430107526881858e-01
1.505376344086021556e-01
1.397849462365591267e-01
1.720430107526881858e-01
1.827956989247311870e-01
1.505376344086021556e-01
1.935483870967741882e-01
1.505376344086021556e-01
1.505376344086021556e-01
1.505376344086021556e-01
1.720430107526881858e-01
1.827956989247311870e-01
1.720430107526881858e-01
1.935483870967741882e-01
1.397849462365591267e-01
1.612903225806451568e-01
1.505376344086021556e-01
1.505376344086021556e-01
1.182795698924731242e-01
1.827956989247311870e-01
1.612903225806451568e-01
1.720430107526881858e-01
1.505376344086021556e-01
1.290322580645161255e-01
8.602150537634409289e-02
1.182795698924731242e-01
8.602150537634409289e-02
1.075268817204301092e-01
8.602150537634409289e-02
1.290322580645161255e-01
1.505376344086021556e-01
1.397849462365591267e-01
1.290322580645161255e-01
9.677419354838709409e-02
8.602150537634409289e-02
9.677419354838709409e-02
1.612903225806451568e-01
1.182795698924731242e-01
1.182795698924731242e-01
1.075268817204301092e-01
1.290322580645161255e-01
1.397849462365591267e-01
1.290322580645161255e-01
9.677419354838709409e-02
1.075268817204301092e-01
9.677419354838709409e-02
1.290322580645161255e-01
8.602150537634409289e-02
1.290322580645161255e-01
1.290322580645161255e-01
1.720430107526881858e-01
1.290322580645161255e-01
1.612903225806451568e-01
1.612903225806451568e-01
1.182795698924731242e-01
1.505376344086021556e-01
1.182795698924731242e-01
1.290322580645161255e-01
1.182795698924731242e-01
9.677419354838709409e-02
1.505376344086021556e-01
7.526881720430107781e-02
3.225806451612903136e-02
1.182795698924731242e-01
9.677419354838709409e-02
8.602150537634409289e-02
1.182795698924731242e-01
6.451612903225806273e-02
8.602150537634409289e-02
8.602150537634409289e-02
9.677419354838709409e-02
7.526881720430107781e-02
7.526881720430107781e-02
7.526881720430107781e-02
7.526881720430107781e-02
8.602150537634409289e-02
7.526881720430107781e-02
7.526881720430107781e-02
7.526881720430107781e-02
6.451612903225806273e-02
8.602150537634409289e-02
5.376344086021505458e-02
9.677419354838709409e-02
8.602150537634409289e-02
9.677419354838709409e-02
7.526881720430107781e-02
9.677419354838709409e-02
4.301075268817204644e-02
1.075268817204301092e-01
9.677419354838709409e-02
9.677419354838709409e-02
8.602150537634409289e-02
8.602150537634409289e-02
5.376344086021505458e-02
5.376344086021505458e-02
4.301075268817204644e-02
6.451612903225806273e-02
4.301075268817204644e-02
6.451612903225806273e-02
4.301075268817204644e-02
9.677419354838709409e-02
8.602150537634409289e-02
4.301075268817204644e-02
8.602150537634409289e-02
7.526881720430107781e-02
7.526881720430107781e-02
5.376344086021505458e-02
7.526881720430107781e-02
7.526881720430107781e-02
7.526881720430107781e-02
8.602150537634409289e-02
1.075268817204301092e-01
7.526881720430107781e-02
5.376344086021505458e-02
5.376344086021505458e-02
4.301075268817204644e-02
8.602150537634409289e-02
7.526881720430107781e-02
7.526881720430107781e-02
5.376344086021505458e-02
1.075268817204301161e-02
1.075268817204301161e-02
7.526881720430107781e-02
8.602150537634409289e-02
5.376344086021505458e-02
5.376344086021505458e-02
7.526881720430107781e-02
8.602150537634409289e-02
8.602150537634409289e-02
7.526881720430107781e-02
7.526881720430107781e-02
6.451612903225806273e-02
7.526881720430107781e-02
6.451612903225806273e-02
6.451612903225806273e-02
7.526881720430107781e-02
8.602150537634409289e-02
6.451612903225806273e-02
6.451612903225806273e-02
5.376344086021505458e-02
7.526881720430107781e-02
6.451612903225806273e-02
5.376344086021505458e-02
3.225806451612903136e-02
5.376344086021505458e-02
4.301075268817204644e-02
2.150537634408602322e-02
6.451612903225806273e-02
4.301075268817204644e-02
7.526881720430107781e-02
5.376344086021505458e-02
6.451612903225806273e-02
5.376344086021505458e-02
6.451612903225806273e-02
5.376344086021505458e-02
3.225806451612903136e-02
3.225806451612903136e-02
5.376344086021505458e-02
7.526881720430107781e-02
6.451612903225806273e-02
5.376344086021505458e-02
5.376344086021505458e-02
5.376344086021505458e-02
5.376344086021505458e-02
4.301075268817204644e-02
8.602150537634409289e-02
5.376344086021505458e-02
8.602150537634409289e-02
7.526881720430107781e-02
5.376344086021505458e-02
7.526881720430107781e-02
5.376344086021505458e-02
5.376344086021505458e-02
7.526881720430107781e-02
5.376344086021505458e-02
5.376344086021505458e-02
6.451612903225806273e-02
8.602150537634409289e-02
5.376344086021505458e-02
4.301075268817204644e-02
9.677419354838709409e-02
6.451612903225806273e-02
7.526881720430107781e-02
3.225806451612903136e-02
7.526881720430107781e-02
7.526881720430107781e-02
8.602150537634409289e-02
6.451612903225806273e-02
7.526881720430107781e-02
5.376344086021505458e-02
6.451612903225806273e-02
5.376344086021505458e-02
6.451612903225806273e-02
7.526881720430107781e-02
4.301075268817204644e-02
4.301075268817204644e-02
6.451612903225806273e-02
6.451612903225806273e-02
6.451612903225806273e-02
7.526881720430107781e-02
8.602150537634409289e-02
6.451612903225806273e-02
6.451612903225806273e-02
5.376344086021505458e-02
5.376344086021505458e-02
5.376344086021505458e-02
7.526881720430107781e-02
6.451612903225806273e-02
4.301075268817204644e-02
