1.000000000000000000e+00
8.073836276083466990e-01
8.218298555377206993e-01
7.351524879614766972e-01
7.287319422150883019e-01
6.629213483146066954e-01
6.869983948635633997e-01
6.532905296950241025e-01
6.452648475120384974e-01
6.035313001605135952e-01
6.597110754414124978e-01
6.083467094703050027e-01
5.939004815409310023e-01
5.746388443017657055e-01
5.585874799357944953e-01
5.569823434991973965e-01
5.008025682182986049e-01
5.441412520064204950e-01
5.922953451043339035e-01
5.521669341894061001e-01
5.296950240770464946e-01
5.008025682182986049e-01
5.345104333868379021e-01
5.200642054574639017e-01
5.184590690208668029e-01
5.008025682182986049e-01
5.104333868378811978e-01
4.670947030497592523e-01
4.751203852327448018e-01
5.008025682182986049e-01
4.831460674157303514e-01
4.558587479935794495e-01
4.237560192616372512e-01
4.446227929373997023e-01
4.751203852327448018e-01
4.494382022471909988e-01
4.430176565008025480e-01
4.446227929373997023e-01
4.558587479935794495e-01
4.221508828250401524e-01
4.221508828250401524e-01
3.884430176565007997e-01
3.948635634028892505e-01
3.772070626003210525e-01
3.980738362760834481e-01
4.157303370786517016e-01
3.900481540930978985e-01
3.595505617977527990e-01
3.788121990369181513e-01
3.483146067415730518e-01
3.579454253611557002e-01
3.434991974317816998e-01
3.531300160513643482e-01
3.579454253611557002e-01
3.146067415730336991e-01
3.162118780096307979e-01
3.226324237560192487e-01
3.194221508828250511e-01
3.017656500802567976e-01
3.065810593900481495e-01
3.210272873194221499e-01
3.017656500802567976e-01
3.017656500802567976e-01
2.905296950240770504e-01
2.423756019261637251e-01
2.873194221508828528e-01
2.825040128410915008e-01
2.792937399678972477e-01
2.584269662921348520e-01
2.760834670947030500e-01
2.728731942215088524e-01
2.841091492776885996e-01
2.664526484751204016e-01
2.792937399678972477e-01
2.744783306581059512e-01
2.423756019261637251e-01
2.439807383627608239e-01
2.311396468699839502e-01
2.359550561797752743e-01
2.504012841091493025e-01
2.343499197431781755e-01
2.520064205457464013e-01
2.568218298555376977e-01
2.536115569823435001e-01
2.391653290529694997e-01
2.616372391653290497e-01
2.295345104333868513e-01
2.359550561797752743e-01
2.215088282504012740e-01
2.311396468699839502e-01
2.231139646869984006e-01
2.359550561797752743e-01
2.263242375601926260e-01
2.295345104333868513e-01
2.086677367576244002e-01
1.990369181380417241e-01
2.199036918138041752e-01
2.263242375601926260e-01
2.166934189406099498e-01
2.150882825040128510e-01
1.894060995184590757e-01
1.894060995184590757e-01
2.199036918138041752e-01
2.102728731942214990e-01
1.974317817014446252e-01
2.102728731942214990e-01
1.797752808988763995e-01
1.958266452648474987e-01
1.974317817014446252e-01
2.150882825040128510e-01
2.038523274478330760e-01
2.070626003210272736e-01
1.926163723916533010e-01
1.926163723916533010e-01
1.845906902086677237e-01
1.781701444622793007e-01
1.910112359550561745e-01
1.829855537720706249e-01
2.070626003210272736e-01
2.006420545746388506e-01
1.942215088282503999e-01
1.829855537720706249e-01
1.845906902086677237e-01
1.717495987158908499e-01
1.974317817014446252e-01
1.717495987158908499e-01
1.878009630818619491e-01
1.813804173354735261e-01
1.701444622792937511e-01
1.637239165329053003e-01
1.669341894060995257e-01
1.573033707865168496e-01
1.701444622792937511e-01
1.685393258426966245e-01
1.685393258426966245e-01
1.717495987158908499e-01
1.829855537720706249e-01
1.669341894060995257e-01
1.508828250401283988e-01
1.476725521669342012e-01
1.717495987158908499e-01
1.765650080256821741e-01
1.653290529695023992e-01
1.508828250401283988e-01
1.332263242375602008e-01
1.444622792937399758e-01
1.380417335473515250e-01
1.492776886035313000e-01
1.235955056179775247e-01
1.396468699839486238e-01
1.300160513643659754e-01
1.412520064205457504e-01
1.332263242375602008e-01
1.284109149277688489e-01
1.428571428571428492e-01
1.396468699839486238e-01
1.428571428571428492e-01
1.524879614767255254e-01
1.396468699839486238e-01
1.316211878009630742e-01
1.348314606741572996e-01
1.412520064205457504e-01
1.252006420545746512e-01
1.396468699839486238e-01
1.284109149277688489e-01
1.268057784911717500e-01
1.412520064205457504e-01
1.444622792937399758e-01
1.508828250401283988e-01
1.396468699839486238e-01
1.364365971107544262e-01
1.396468699839486238e-01
1.300160513643659754e-01
1.316211878009630742e-01
1.573033707865168496e-01
1.332263242375602008e-01
1.316211878009630742e-01
1.412520064205457504e-01
1.252006420545746512e-01
1.187800963081862005e-01
1.268057784911717500e-01
1.412520064205457504e-01
1.171749598715890878e-01
1.332263242375602008e-01
1.155698234349919751e-01
1.203852327447833132e-01
1.187800963081862005e-01
1.139646869983948624e-01
1.284109149277688489e-01
1.155698234349919751e-01
1.219903691813804120e-01
1.155698234349919751e-01
1.219903691813804120e-01
1.203852327447833132e-01
1.043338683788122001e-01
1.139646869983948624e-01
1.043338683788122001e-01
1.043338683788122001e-01
1.011235955056179747e-01
1.011235955056179747e-01
1.187800963081862005e-01
1.155698234349919751e-01
9.791332263242374934e-02
1.027287319422150874e-01
1.011235955056179747e-01
1.043338683788122001e-01
1.155698234349919751e-01
1.011235955056179747e-01
9.791332263242374934e-02
1.123595505617977497e-01
9.470304975922953783e-02
1.091492776886035382e-01
9.791332263242374934e-02
1.091492776886035382e-01
1.139646869983948624e-01
9.470304975922953783e-02
1.123595505617977497e-01
1.107544141252006370e-01
9.791332263242374934e-02
9.791332263242374934e-02
8.828250401284108706e-02
9.149277688603531244e-02
1.011235955056179747e-01
9.791332263242374934e-02
9.791332263242374934e-02
1.187800963081862005e-01
9.791332263242374934e-02
1.091492776886035382e-01
9.630818619582665052e-02
1.235955056179775247e-01
1.059390048154093128e-01
1.043338683788122001e-01
1.107544141252006370e-01
9.470304975922953783e-02
9.630818619582665052e-02
1.059390048154093128e-01
9.630818619582665052e-02
8.507223113964687555e-02
8.988764044943819975e-02
8.025682182985553748e-02
8.828250401284108706e-02
8.186195826645265017e-02
8.667736757624397437e-02
8.507223113964687555e-02
9.951845906902086203e-02
9.630818619582665052e-02
8.346709470304976286e-02
8.346709470304976286e-02
8.346709470304976286e-02
9.470304975922953783e-02
8.346709470304976286e-02
7.704654895666131209e-02
7.223113964686998789e-02
7.223113964686998789e-02
7.544141252006419940e-02
7.544141252006419940e-02
8.186195826645265017e-02
7.223113964686998789e-02
6.741573033707864981e-02
8.346709470304976286e-02
6.741573033707864981e-02
7.062600321027287520e-02
7.544141252006419940e-02
6.581059390048153712e-02
7.704654895666131209e-02
7.062600321027287520e-02
5.778491171749598754e-02
6.420545746388442443e-02
7.062600321027287520e-02
7.704654895666131209e-02
7.544141252006419940e-02
7.544141252006419940e-02
7.062600321027287520e-02
6.902086677367576251e-02
6.902086677367576251e-02
6.099518459069020598e-02
6.741573033707864981e-02
6.099518459069020598e-02
7.223113964686998789e-02
5.457463884430176909e-02
8.667736757624397437e-02
7.544141252006419940e-02
6.581059390048153712e-02
6.099518459069020598e-02
5.939004815409310023e-02
6.420545746388442443e-02
5.778491171749598754e-02
6.741573033707864981e-02
6.902086677367576251e-02
7.544141252006419940e-02
8.025682182985553748e-02
7.062600321027287520e-02
6.260032102728732561e-02
5.939004815409310023e-02
5.778491171749598754e-02
6.581059390048153712e-02
5.939004815409310023e-02
7.383627608346710058e-02
7.223113964686998789e-02
6.420545746388442443e-02
7.704654895666131209e-02
7.704654895666131209e-02
8.025682182985553748e-02
7.383627608346710058e-02
7.062600321027287520e-02
6.260032102728732561e-02
7.223113964686998789e-02
6.581059390048153712e-02
7.223113964686998789e-02
6.581059390048153712e-02
5.778491171749598754e-02
5.617977528089887485e-02
6.741573033707864981e-02
5.617977528089887485e-02
6.420545746388442443e-02
6.099518459069020598e-02
6.099518459069020598e-02
6.741573033707864981e-02
6.099518459069020598e-02
5.939004815409310023e-02
5.778491171749598754e-02
5.778491171749598754e-02
5.778491171749598754e-02
5.778491171749598754e-02
5.778491171749598754e-02
6.420545746388442443e-02
6.099518459069020598e-02
6.260032102728732561e-02
6.099518459069020598e-02
5.778491171749598754e-02
5.939004815409310023e-02
6.099518459069020598e-02
4.975922953451043101e-02
5.617977528089887485e-02
6.260032102728732561e-02
5.296950240770465640e-02
4.975922953451043101e-02
5.296950240770465640e-02
4.654895666131621257e-02
5.778491171749598754e-02
5.457463884430176909e-02
5.778491171749598754e-02
6.260032102728732561e-02
5.778491171749598754e-02
5.296950240770465640e-02
5.939004815409310023e-02
5.457463884430176909e-02
6.420545746388442443e-02
5.457463884430176909e-02
5.457463884430176909e-02
5.939004815409310023e-02
5.296950240770465640e-02
6.260032102728732561e-02
5.457463884430176909e-02
4.975922953451043101e-02
5.457463884430176909e-02
5.136436597110754371e-02
5.457463884430176909e-02
5.136436597110754371e-02
4.333868378812198718e-02
5.457463884430176909e-02
6.581059390048153712e-02
6.420545746388442443e-02
5.778491171749598754e-02
5.778491171749598754e-02
5.778491171749598754e-02
5.939004815409310023e-02
5.136436597110754371e-02
5.617977528089887485e-02
5.778491171749598754e-02
5.778491171749598754e-02
5.617977528089887485e-02
4.173354735152488143e-02
6.420545746388442443e-02
6.260032102728732561e-02
4.654895666131621257e-02
5.296950240770465640e-02
5.136436597110754371e-02
4.654895666131621257e-02
5.296950240770465640e-02
4.975922953451043101e-02
5.617977528089887485e-02
4.815409309791332526e-02
4.654895666131621257e-02
4.654895666131621257e-02
5.457463884430176909e-02
5.617977528089887485e-02
5.457463884430176909e-02
5.939004815409310023e-02
6.260032102728732561e-02
5.296950240770465640e-02
5.939004815409310023e-02
5.457463884430176909e-02
5.939004815409310023e-02
4.975922953451043101e-02
4.815409309791332526e-02
4.815409309791332526e-02
4.654895666131621257e-02
5.296950240770465640e-02
4.012841091492776874e-02
4.654895666131621257e-02
