1.000000000000000000e+00
8.950969213226910304e-01
8.323831242873431790e-01
8.221208665906499791e-01
7.947548460661345571e-01
8.255416191562143791e-01
7.719498289623717424e-01
8.301026225769669864e-01
7.913340935005701571e-01
7.867730900798175497e-01
7.012542759407069948e-01
7.366020524515393131e-01
7.217787913340935058e-01
7.411630558722919204e-01
6.864310148232610764e-01
6.852907639680729801e-01
6.852907639680729801e-01
6.807297605473203728e-01
6.533637400228050618e-01
6.944127708095780838e-01
6.590649942987457655e-01
6.431014823261117508e-01
6.339794754846066471e-01
6.453819840364880545e-01
6.316989737742303435e-01
6.533637400228050618e-01
6.248574686431014324e-01
6.043329532497149215e-01
6.077537058152793215e-01
6.248574686431014324e-01
5.883694412770809068e-01
5.883694412770809068e-01
5.860889395667047141e-01
5.735461801596350995e-01
5.781071835803877068e-01
5.404789053591789738e-01
5.484606613454959811e-01
5.644241733181299958e-01
5.416191562143671812e-01
5.507411630558722848e-01
5.210946408209806702e-01
5.028506271379703518e-01
5.290763968072975665e-01
5.039908779931584482e-01
4.697833523375142262e-01
4.925883694412770963e-01
4.903078677309007927e-01
4.960091220068414963e-01
4.823261117445837853e-01
4.789053591790193853e-01
4.937286202964652482e-01
4.709236031927023780e-01
4.709236031927023780e-01
4.652223489167616743e-01
4.732041049030786817e-01
4.583808437856328188e-01
4.264538198403649005e-01
4.606613454960091225e-01
4.549600912200684188e-01
4.492588369441277152e-01
4.503990877993158670e-01
4.344355758266818524e-01
4.344355758266818524e-01
4.207525655644241969e-01
4.173318129988597414e-01
4.104903078677308859e-01
4.253135689851767487e-01
4.002280501710376304e-01
4.264538198403649005e-01
3.968072976054732304e-01
4.116305587229190377e-01
3.990877993158494785e-01
3.888255416191562230e-01
4.139110604332953414e-01
4.082098061573546377e-01
3.762827822120866639e-01
3.968072976054732304e-01
3.534777651083238492e-01
3.717217787913341120e-01
3.534777651083238492e-01
3.591790193842645529e-01
3.671607753705815047e-01
3.785632839224629675e-01
3.660205245153934084e-01
3.511972633979475455e-01
3.489167616875712419e-01
3.557582668187000974e-01
3.386545039908779864e-01
3.283922462941847309e-01
3.409350057012542901e-01
3.454960091220068419e-01
3.409350057012542901e-01
3.192702394526795717e-01
2.987457240592930607e-01
3.272519954389965791e-01
3.112884834663626199e-01
3.112884834663626199e-01
3.112884834663626199e-01
3.090079817559863162e-01
2.964652223489167571e-01
2.896237172177879016e-01
2.884834663625997497e-01
2.919042189281642052e-01
3.078677309007981644e-01
3.135689851767388681e-01
3.021664766248574607e-01
3.135689851767388681e-01
3.021664766248574607e-01
3.135689851767388681e-01
3.158494868871151717e-01
3.021664766248574607e-01
3.112884834663626199e-01
2.919042189281642052e-01
2.873432155074116534e-01
2.930444697833523571e-01
2.850627137970353497e-01
2.782212086659064942e-01
2.862029646522235016e-01
2.839224629418471979e-01
2.622576966932725351e-01
2.713797035347776387e-01
2.736602052451539424e-01
2.599771949828962314e-01
2.428734321550741204e-01
2.519954389965792241e-01
2.212086659064994298e-01
2.440136830102622445e-01
2.485746864310148241e-01
2.394526795895096927e-01
2.508551881413911278e-01
2.303306727480045613e-01
2.405929304446978445e-01
2.451539338654503963e-01
2.303306727480045613e-01
2.063854047890535948e-01
2.280501710376282853e-01
2.303306727480045613e-01
2.246294184720638576e-01
2.052451539338654429e-01
2.166476624857468780e-01
2.052451539338654429e-01
2.189281641961231539e-01
2.155074116305587262e-01
2.086659064994298707e-01
2.018244013683010152e-01
2.029646522234891670e-01
2.063854047890535948e-01
2.075256556442417466e-01
2.052451539338654429e-01
2.257696693272519817e-01
2.063854047890535948e-01
2.075256556442417466e-01
2.189281641961231539e-01
2.143671607753705743e-01
2.063854047890535948e-01
2.018244013683010152e-01
2.029646522234891670e-01
2.063854047890535948e-01
2.132269099201824503e-01
2.029646522234891670e-01
1.915621436716077597e-01
2.018244013683010152e-01
2.029646522234891670e-01
2.132269099201824503e-01
1.847206385404789042e-01
1.904218928164196079e-01
2.006841505131128911e-01
1.733181299885974969e-01
1.892816419612314838e-01
1.995438996579247393e-01
1.915621436716077597e-01
1.676168757126567932e-01
1.653363740022804895e-01
1.858608893956670560e-01
1.733181299885974969e-01
1.790193842645382005e-01
1.790193842645382005e-01
1.698973774230330691e-01
1.790193842645382005e-01
1.881413911060433319e-01
1.687571265678449173e-01
1.687571265678449173e-01
1.744583808437856209e-01
1.721778791334093450e-01
1.550741163055872340e-01
1.755986316989737728e-01
1.824401368301026283e-01
1.755986316989737728e-01
1.687571265678449173e-01
1.847206385404789042e-01
1.607753705815279377e-01
1.744583808437856209e-01
1.710376282782212209e-01
1.584948688711516618e-01
1.676168757126567932e-01
1.915621436716077597e-01
1.733181299885974969e-01
1.664766248574686414e-01
1.710376282782212209e-01
1.641961231470923654e-01
1.676168757126567932e-01
1.630558722919042136e-01
1.653363740022804895e-01
1.687571265678449173e-01
1.573546180159635099e-01
1.607753705815279377e-01
1.584948688711516618e-01
1.630558722919042136e-01
1.505131128848346544e-01
1.596351197263397859e-01
1.448118586088939508e-01
1.664766248574686414e-01
1.744583808437856209e-01
1.607753705815279377e-01
1.596351197263397859e-01
1.459521094640821026e-01
1.607753705815279377e-01
1.573546180159635099e-01
1.505131128848346544e-01
1.550741163055872340e-01
1.425313568985176749e-01
1.368301026225769712e-01
1.459521094640821026e-01
1.368301026225769712e-01
1.391106043329532471e-01
1.242873432155074120e-01
1.493728620296465304e-01
1.402508551881413990e-01
1.459521094640821026e-01
1.425313568985176749e-01
1.299885974914481157e-01
1.299885974914481157e-01
1.322690992018243916e-01
1.311288483466362675e-01
1.470923603192702267e-01
1.242873432155074120e-01
1.482326111744583785e-01
1.311288483466362675e-01
1.322690992018243916e-01
1.265678449258836880e-01
1.220068415051311222e-01
1.277080957810718398e-01
1.208665906499429843e-01
1.277080957810718398e-01
1.368301026225769712e-01
1.242873432155074120e-01
1.231470923603192741e-01
1.231470923603192741e-01
1.185860889395667084e-01
1.231470923603192741e-01
1.231470923603192741e-01
1.299885974914481157e-01
1.299885974914481157e-01
1.128848346636259908e-01
1.197263397947548463e-01
1.140250855188141427e-01
1.277080957810718398e-01
1.117445838084378529e-01
1.185860889395667084e-01
1.128848346636259908e-01
1.106043329532497149e-01
1.231470923603192741e-01
1.094640820980615770e-01
1.117445838084378529e-01
1.254275940706955639e-01
1.220068415051311222e-01
1.242873432155074120e-01
1.106043329532497149e-01
1.128848346636259908e-01
1.071835803876852872e-01
1.060433295324971492e-01
1.151653363740022806e-01
1.117445838084378529e-01
1.106043329532497149e-01
1.151653363740022806e-01
1.026225769669327215e-01
1.049030786773090113e-01
1.037628278221208733e-01
1.071835803876852872e-01
1.060433295324971492e-01
1.003420752565564456e-01
1.049030786773090113e-01
1.049030786773090113e-01
1.026225769669327215e-01
1.117445838084378529e-01
1.003420752565564456e-01
9.692132269099201780e-02
1.128848346636259908e-01
9.236031927023945209e-02
9.692132269099201780e-02
1.174458380843785565e-01
1.106043329532497149e-01
9.920182440136830759e-02
1.014823261117445835e-01
9.806157354618015576e-02
1.014823261117445835e-01
1.106043329532497149e-01
1.026225769669327215e-01
1.094640820980615770e-01
1.037628278221208733e-01
9.578107183580387984e-02
9.122006841505131414e-02
9.692132269099201780e-02
1.037628278221208733e-01
9.236031927023945209e-02
9.464082098061574189e-02
9.350057012542759005e-02
8.893956670467502434e-02
8.893956670467502434e-02
8.893956670467502434e-02
8.893956670467502434e-02
9.464082098061574189e-02
9.920182440136830759e-02
1.037628278221208733e-01
9.920182440136830759e-02
8.665906499429874843e-02
9.236031927023945209e-02
9.236031927023945209e-02
9.236031927023945209e-02
8.893956670467502434e-02
9.007981755986317618e-02
8.209806157354618272e-02
9.464082098061574189e-02
9.007981755986317618e-02
8.779931584948688639e-02
9.578107183580387984e-02
9.920182440136830759e-02
9.122006841505131414e-02
1.003420752565564456e-01
9.236031927023945209e-02
9.122006841505131414e-02
8.665906499429874843e-02
8.893956670467502434e-02
8.323831242873432068e-02
9.464082098061574189e-02
7.753705815279361702e-02
8.665906499429874843e-02
8.209806157354618272e-02
8.665906499429874843e-02
8.551881413911061047e-02
8.323831242873432068e-02
8.665906499429874843e-02
8.551881413911061047e-02
8.551881413911061047e-02
8.893956670467502434e-02
8.437856328392245864e-02
7.753705815279361702e-02
7.867730900798175497e-02
8.779931584948688639e-02
9.578107183580387984e-02
8.209806157354618272e-02
8.209806157354618272e-02
8.209806157354618272e-02
7.411630558722918927e-02
7.867730900798175497e-02
9.236031927023945209e-02
8.665906499429874843e-02
8.551881413911061047e-02
7.753705815279361702e-02
7.753705815279361702e-02
8.209806157354618272e-02
8.779931584948688639e-02
8.893956670467502434e-02
7.411630558722918927e-02
8.209806157354618272e-02
7.411630558722918927e-02
8.209806157354618272e-02
7.981755986316989293e-02
7.411630558722918927e-02
7.525655644241732722e-02
7.639680729760547906e-02
7.639680729760547906e-02
7.183580387685291335e-02
7.753705815279361702e-02
7.639680729760547906e-02
9.122006841505131414e-02
8.437856328392245864e-02
8.095781071835804477e-02
7.981755986316989293e-02
8.779931584948688639e-02
8.437856328392245864e-02
7.981755986316989293e-02
9.007981755986317618e-02
9.464082098061574189e-02
9.236031927023945209e-02
8.437856328392245864e-02
9.806157354618015576e-02
7.867730900798175497e-02
9.578107183580387984e-02
9.122006841505131414e-02
8.779931584948688639e-02
7.753705815279361702e-02
8.323831242873432068e-02
9.464082098061574189e-02
7.753705815279361702e-02
9.464082098061574189e-02
8.209806157354618272e-02
8.437856328392245864e-02
7.639680729760547906e-02
7.867730900798175497e-02
7.753705815279361702e-02
