1.000000000000000000e+00
8.084772370486655868e-01
8.320251177394034636e-01
8.116169544740973185e-01
7.598116169544740783e-01
7.582417582417582125e-01
7.048665620094191064e-01
6.985871271585557540e-01
7.299843014128728491e-01
6.703296703296702796e-01
6.687598116169545248e-01
6.389324960753531846e-01
6.562009419152275980e-01
6.609105180533751955e-01
6.373626373626373187e-01
6.028257456828884919e-01
6.310832025117739663e-01
5.855572998430140785e-01
6.043956043956043578e-01
5.824175824175824578e-01
5.431711145996860335e-01
5.478806907378336311e-01
5.180533751962322908e-01
5.667189952904239103e-01
5.400313971742543018e-01
5.290423861852433518e-01
5.211930926216640225e-01
5.196232339089481567e-01
4.756671899529042458e-01
4.945054945054945250e-01
4.803767660910517878e-01
5.133437990580848043e-01
4.788069073783359775e-01
4.819466248037676537e-01
4.631083202511773744e-01
4.678178963893249720e-01
4.803767660910517878e-01
4.819466248037676537e-01
4.521193092621664245e-01
4.583987441130298324e-01
4.835164835164835195e-01
4.693877551020408379e-01
4.945054945054945250e-01
4.725274725274725141e-01
4.583987441130298324e-01
4.631083202511773744e-01
4.693877551020408379e-01
4.207221350078492739e-01
4.207221350078492739e-01
4.128728414442700001e-01
4.646781789638932403e-01
4.427001569858712848e-01
4.128728414442700001e-01
4.270015698587127373e-01
4.018838304552590501e-01
4.018838304552590501e-01
4.379905808477236873e-01
3.956043956043955867e-01
4.128728414442700001e-01
4.254317111459968714e-01
3.971742543171114526e-01
3.924646781789639105e-01
3.736263736263736313e-01
4.018838304552590501e-01
3.830455259026687709e-01
4.113029827315541342e-01
3.956043956043955867e-01
3.720565149136577654e-01
3.626373626373626258e-01
3.814756671899529050e-01
3.689167974882260337e-01
3.610675039246467599e-01
3.626373626373626258e-01
3.547880690737833520e-01
3.657770800627943575e-01
3.422291993720565362e-01
3.485086342229199441e-01
3.406593406593406703e-01
3.296703296703296648e-01
3.594976452119309496e-01
3.453689167974882124e-01
3.563579277864992179e-01
3.485086342229199441e-01
3.218210361067503911e-01
3.076923076923077094e-01
3.171114599686028490e-01
3.328100470957613966e-01
3.045525902668759777e-01
3.139717425431711173e-01
3.139717425431711173e-01
3.029827315541601118e-01
3.171114599686028490e-01
3.076923076923077094e-01
3.218210361067503911e-01
3.139717425431711173e-01
3.139717425431711173e-01
3.186813186813186594e-01
3.218210361067503911e-01
3.186813186813186594e-01
2.919937205651491618e-01
2.935635792778649722e-01
3.186813186813186594e-01
2.857142857142856984e-01
3.139717425431711173e-01
2.825745682888540222e-01
3.029827315541601118e-01
3.061224489795918435e-01
3.076923076923077094e-01
3.029827315541601118e-01
2.888540031397174301e-01
2.998430141287284356e-01
2.935635792778649722e-01
2.825745682888540222e-01
2.747252747252747485e-01
2.778649921507064247e-01
2.794348508634222905e-01
2.621664050235478771e-01
2.762951334379905588e-01
2.543171114599686033e-01
2.747252747252747485e-01
2.731554160125588826e-01
2.762951334379905588e-01
2.810047095761381564e-01
2.841444270015698326e-01
2.810047095761381564e-01
2.590266875981161454e-01
2.747252747252747485e-01
2.511773940345368716e-01
2.653061224489796088e-01
2.810047095761381564e-01
2.511773940345368716e-01
2.511773940345368716e-01
2.448979591836734637e-01
2.605965463108320113e-01
2.762951334379905588e-01
2.448979591836734637e-01
2.496075353218210335e-01
2.668759811616954747e-01
2.260596546310832122e-01
2.637362637362637430e-01
2.621664050235478771e-01
2.511773940345368716e-01
2.543171114599686033e-01
2.574568288854003351e-01
2.558869701726844692e-01
2.543171114599686033e-01
2.464678178963893296e-01
2.354788069073783241e-01
2.354788069073783241e-01
2.276295133437990503e-01
2.229199372056514805e-01
2.229199372056514805e-01
2.307692307692307820e-01
2.417582417582417598e-01
2.244897959183673464e-01
2.401883830455258939e-01
2.323390894819466201e-01
2.244897959183673464e-01
2.087912087912087988e-01
2.056514913657770671e-01
2.323390894819466201e-01
2.339089481946624860e-01
2.291993720565149162e-01
2.323390894819466201e-01
2.433281004709576256e-01
2.229199372056514805e-01
2.276295133437990503e-01
2.182103610675039385e-01
2.056514913657770671e-01
2.229199372056514805e-01
2.244897959183673464e-01
2.182103610675039385e-01
2.260596546310832122e-01
1.993720565149136592e-01
2.025117739403453632e-01
1.930926216640502235e-01
1.852433281004709498e-01
1.993720565149136592e-01
1.852433281004709498e-01
1.930926216640502235e-01
1.883830455259026815e-01
1.946624803767660894e-01
1.962323390894819553e-01
1.978021978021977934e-01
1.632653061224489666e-01
1.742543171114599720e-01
1.805337519623233800e-01
1.711145996860282681e-01
1.664050235478806983e-01
1.836734693877551117e-01
1.805337519623233800e-01
1.852433281004709498e-01
1.789638932496075419e-01
1.930926216640502235e-01
1.836734693877551117e-01
1.664050235478806983e-01
1.978021978021977934e-01
1.821036106750392458e-01
1.852433281004709498e-01
2.009419152276295251e-01
2.025117739403453632e-01
1.962323390894819553e-01
2.103610675039246369e-01
2.072213500784929330e-01
1.962323390894819553e-01
1.915227629513343854e-01
1.836734693877551117e-01
1.836734693877551117e-01
1.962323390894819553e-01
1.695447409733124022e-01
1.915227629513343854e-01
1.742543171114599720e-01
1.758241758241758379e-01
1.899529042386185196e-01
1.836734693877551117e-01
1.805337519623233800e-01
1.899529042386185196e-01
1.805337519623233800e-01
1.930926216640502235e-01
1.852433281004709498e-01
1.773940345368916760e-01
1.522762951334379888e-01
1.679748822605965364e-01
1.821036106750392458e-01
1.648351648351648324e-01
1.852433281004709498e-01
1.711145996860282681e-01
1.475667189952904190e-01
1.632653061224489666e-01
1.679748822605965364e-01
1.758241758241758379e-01
1.569858712715855587e-01
1.726844583987441062e-01
1.836734693877551117e-01
1.664050235478806983e-01
1.695447409733124022e-01
1.522762951334379888e-01
1.569858712715855587e-01
1.711145996860282681e-01
1.726844583987441062e-01
1.601255886970172626e-01
1.522762951334379888e-01
1.695447409733124022e-01
1.538461538461538547e-01
1.585557299843014245e-01
1.507064364207221230e-01
1.459968602825745809e-01
1.554160125588696928e-01
1.507064364207221230e-01
1.522762951334379888e-01
1.491365777080062849e-01
1.381475667189952794e-01
1.365777080062794413e-01
1.365777080062794413e-01
1.412872841444270111e-01
1.271585557299843017e-01
1.302982731554160056e-01
1.507064364207221230e-01
1.554160125588696928e-01
1.475667189952904190e-01
1.412872841444270111e-01
1.397174254317111453e-01
1.507064364207221230e-01
1.381475667189952794e-01
1.554160125588696928e-01
1.569858712715855587e-01
1.302982731554160056e-01
1.302982731554160056e-01
1.428571428571428492e-01
1.381475667189952794e-01
1.491365777080062849e-01
1.381475667189952794e-01
1.475667189952904190e-01
1.412872841444270111e-01
1.428571428571428492e-01
1.334379905808477373e-01
1.428571428571428492e-01
1.507064364207221230e-01
1.412872841444270111e-01
1.554160125588696928e-01
1.616954474097331285e-01
1.648351648351648324e-01
1.507064364207221230e-01
1.444270015698587151e-01
1.459968602825745809e-01
1.397174254317111453e-01
1.632653061224489666e-01
1.397174254317111453e-01
1.271585557299843017e-01
1.287284144427001675e-01
1.350078492935635754e-01
1.475667189952904190e-01
1.287284144427001675e-01
1.365777080062794413e-01
1.397174254317111453e-01
1.507064364207221230e-01
1.459968602825745809e-01
1.224489795918367319e-01
1.208791208791208799e-01
1.334379905808477373e-01
1.507064364207221230e-01
1.522762951334379888e-01
1.428571428571428492e-01
1.224489795918367319e-01
1.397174254317111453e-01
1.397174254317111453e-01
1.475667189952904190e-01
1.302982731554160056e-01
1.365777080062794413e-01
1.554160125588696928e-01
1.459968602825745809e-01
1.397174254317111453e-01
1.350078492935635754e-01
1.350078492935635754e-01
1.302982731554160056e-01
1.271585557299843017e-01
1.161695447409733101e-01
1.381475667189952794e-01
1.318681318681318715e-01
1.350078492935635754e-01
1.318681318681318715e-01
1.302982731554160056e-01
1.334379905808477373e-01
1.459968602825745809e-01
1.287284144427001675e-01
1.397174254317111453e-01
1.287284144427001675e-01
1.459968602825745809e-01
1.318681318681318715e-01
1.302982731554160056e-01
1.334379905808477373e-01
1.350078492935635754e-01
1.334379905808477373e-01
1.381475667189952794e-01
1.397174254317111453e-01
1.302982731554160056e-01
1.302982731554160056e-01
1.334379905808477373e-01
1.412872841444270111e-01
1.334379905808477373e-01
1.318681318681318715e-01
1.318681318681318715e-01
1.412872841444270111e-01
1.255886970172684358e-01
1.412872841444270111e-01
1.145996860282574581e-01
1.350078492935635754e-01
1.208791208791208799e-01
1.208791208791208799e-01
1.067503924646781843e-01
1.130298273155416061e-01
1.177394034536891620e-01
1.020408163265306145e-01
1.114599686028257403e-01
1.130298273155416061e-01
1.067503924646781843e-01
9.733124018838304470e-02
1.051805337519623185e-01
1.051805337519623185e-01
9.890109890109889668e-02
9.890109890109889668e-02
9.733124018838304470e-02
1.020408163265306145e-01
1.036106750392464665e-01
1.083202511773940363e-01
1.098901098901098883e-01
1.130298273155416061e-01
1.083202511773940363e-01
1.177394034536891620e-01
1.130298273155416061e-01
1.208791208791208799e-01
1.004709576138147625e-01
9.576138147566719272e-02
9.733124018838304470e-02
1.004709576138147625e-01
8.320251177394034914e-02
1.051805337519623185e-01
1.020408163265306145e-01
1.051805337519623185e-01
1.067503924646781843e-01
1.020408163265306145e-01
1.004709576138147625e-01
1.114599686028257403e-01
1.004709576138147625e-01
9.262166405023547489e-02
1.036106750392464665e-01
1.020408163265306145e-01
9.733124018838304470e-02
1.004709576138147625e-01
1.083202511773940363e-01
1.020408163265306145e-01
9.105180533751962291e-02
9.890109890109889668e-02
8.948194662480377093e-02
9.419152276295134074e-02
1.036106750392464665e-01
9.576138147566719272e-02
9.890109890109889668e-02
1.036106750392464665e-01
1.004709576138147625e-01
9.733124018838304470e-02
