1.000000000000000000e+00
8.158273381294963711e-01
7.784172661870503163e-01
7.079136690647481744e-01
6.848920863309352347e-01
7.021582733812949950e-01
6.575539568345323271e-01
6.661870503597122628e-01
6.374100719424460326e-01
5.841726618705036511e-01
5.323741007194244812e-01
5.726618705035970702e-01
5.553956834532374209e-01
4.920863309352517811e-01
5.223021582733813339e-01
5.208633093525180113e-01
4.863309352517985462e-01
4.935251798561151038e-01
4.618705035971222839e-01
4.762589928057553990e-01
4.604316546762590168e-01
4.892086330935251914e-01
4.661870503597122517e-01
4.561151079136690489e-01
4.330935251798561092e-01
4.474820143884892243e-01
4.359712230215827544e-01
4.115107913669064921e-01
4.143884892086330818e-01
4.014388489208632893e-01
4.129496402877697592e-01
4.100719424460431695e-01
3.856115107913669071e-01
3.856115107913669071e-01
3.942446043165467873e-01
3.568345323741007324e-01
3.697841726618705249e-01
3.755395683453237599e-01
3.769784172661870270e-01
3.784172661870503496e-01
3.841726618705035845e-01
3.812949640287769948e-01
3.726618705035971146e-01
3.482014388489208523e-01
3.467625899280575297e-01
3.438848920863309400e-01
3.510791366906474975e-01
3.410071942446042947e-01
3.107913669064747975e-01
3.050359712230215625e-01
3.208633093525180002e-01
3.021582733812949728e-01
3.151079136690647653e-01
3.035971223021582954e-01
3.064748201438848851e-01
3.151079136690647653e-01
3.136690647482014427e-01
2.949640287769784153e-01
3.007194244604316502e-01
3.007194244604316502e-01
2.949640287769784153e-01
3.007194244604316502e-01
2.848920863309352680e-01
2.705035971223021529e-01
2.719424460431654755e-01
2.676258992805755632e-01
2.431654676258992731e-01
2.503597122302158029e-01
2.561151079136690378e-01
2.589928057553956831e-01
2.417266187050359783e-01
2.287769784172661858e-01
2.417266187050359783e-01
2.359712230215827433e-01
2.489208633093525080e-01
2.374100719424460382e-01
2.417266187050359783e-01
2.431654676258992731e-01
2.172661870503597159e-01
2.258992805755395683e-01
2.258992805755395683e-01
2.230215827338129508e-01
2.230215827338129508e-01
2.460431654676258906e-01
2.201438848920863334e-01
2.474820143884892132e-01
2.201438848920863334e-01
2.388489208633093608e-01
2.043165467625899234e-01
2.359712230215827433e-01
2.201438848920863334e-01
2.172661870503597159e-01
2.287769784172661858e-01
2.172661870503597159e-01
2.071942446043165409e-01
2.115107913669064810e-01
2.330935251798561259e-01
2.316546762589928032e-01
2.330935251798561259e-01
2.258992805755395683e-01
2.187050359712230108e-01
2.043165467625899234e-01
2.057553956834532460e-01
2.115107913669064810e-01
1.942446043165467762e-01
1.899280575539568361e-01
1.827338129496402785e-01
1.985611510791366885e-01
1.913669064748201309e-01
1.841726618705036012e-01
1.899280575539568361e-01
1.942446043165467762e-01
1.971223021582733936e-01
1.971223021582733936e-01
1.942446043165467762e-01
1.913669064748201309e-01
1.884892086330935135e-01
1.884892086330935135e-01
1.784172661870503662e-01
1.942446043165467762e-01
1.841726618705036012e-01
1.870503597122302186e-01
1.870503597122302186e-01
1.985611510791366885e-01
1.812949640287769837e-01
1.712230215827338087e-01
1.769784172661870436e-01
1.870503597122302186e-01
1.928057553956834536e-01
1.625899280575539563e-01
1.827338129496402785e-01
1.913669064748201309e-01
1.453237410071942515e-01
1.597122302158273388e-01
1.539568345323741039e-01
1.568345323741007213e-01
1.611510791366906337e-01
1.712230215827338087e-01
1.640287769784172789e-01
1.510791366906474864e-01
1.525179856115107813e-01
1.525179856115107813e-01
1.352517985611510765e-01
1.669064748201438964e-01
1.453237410071942515e-01
1.438848920863309289e-01
1.496402877697841638e-01
1.582733812949640162e-01
1.568345323741007213e-01
1.611510791366906337e-01
1.496402877697841638e-01
1.438848920863309289e-01
1.496402877697841638e-01
1.294964028776978415e-01
1.294964028776978415e-01
1.309352517985611641e-01
1.381294964028776939e-01
1.395683453237410165e-01
1.482014388489208689e-01
1.352517985611510765e-01
1.381294964028776939e-01
1.467625899280575463e-01
1.309352517985611641e-01
1.352517985611510765e-01
1.381294964028776939e-01
1.237410071942446066e-01
1.352517985611510765e-01
1.438848920863309289e-01
1.453237410071942515e-01
1.309352517985611641e-01
1.395683453237410165e-01
1.280575539568345189e-01
1.194244604316546804e-01
1.122302158273381228e-01
1.179856115107913717e-01
1.223021582733812979e-01
1.251798561151079014e-01
1.093525179856115054e-01
1.093525179856115054e-01
1.237410071942446066e-01
1.266187050359712241e-01
1.107913669064748141e-01
1.093525179856115054e-01
1.294964028776978415e-01
1.237410071942446066e-01
1.237410071942446066e-01
1.381294964028776939e-01
1.179856115107913717e-01
1.251798561151079014e-01
1.223021582733812979e-01
1.151079136690647542e-01
1.107913669064748141e-01
1.208633093525179891e-01
1.136690647482014455e-01
1.179856115107913717e-01
1.194244604316546804e-01
1.179856115107913717e-01
1.179856115107913717e-01
1.064748201438848879e-01
1.381294964028776939e-01
1.194244604316546804e-01
1.309352517985611641e-01
1.223021582733812979e-01
1.093525179856115054e-01
1.122302158273381228e-01
1.223021582733812979e-01
1.107913669064748141e-01
1.194244604316546804e-01
1.035971223021582704e-01
1.064748201438848879e-01
1.079136690647481966e-01
1.050359712230215792e-01
1.021582733812949617e-01
1.107913669064748141e-01
1.064748201438848879e-01
1.079136690647481966e-01
1.079136690647481966e-01
1.050359712230215792e-01
1.107913669064748141e-01
9.064748201438849184e-02
9.640287769784172678e-02
9.784172661870503551e-02
9.496402877697841804e-02
1.007194244604316530e-01
9.784172661870503551e-02
1.093525179856115054e-01
1.050359712230215792e-01
9.784172661870503551e-02
8.776978417266187438e-02
1.007194244604316530e-01
9.496402877697841804e-02
9.352517985611510931e-02
9.064748201438849184e-02
8.201438848920863944e-02
8.201438848920863944e-02
8.776978417266187438e-02
9.640287769784172678e-02
9.352517985611510931e-02
9.928057553956834425e-02
9.784172661870503551e-02
8.345323741007194818e-02
8.201438848920863944e-02
8.633093525179856564e-02
8.776978417266187438e-02
8.633093525179856564e-02
8.057553956834531683e-02
9.496402877697841804e-02
8.489208633093525691e-02
8.920863309352518311e-02
7.769784172661869937e-02
9.640287769784172678e-02
9.208633093525180058e-02
7.482014388489208190e-02
1.021582733812949617e-01
8.776978417266187438e-02
8.920863309352518311e-02
8.633093525179856564e-02
9.064748201438849184e-02
7.913669064748200810e-02
7.338129496402877316e-02
7.769784172661869937e-02
8.489208633093525691e-02
8.776978417266187438e-02
7.769784172661869937e-02
9.352517985611510931e-02
8.920863309352518311e-02
9.640287769784172678e-02
1.035971223021582704e-01
9.640287769784172678e-02
8.776978417266187438e-02
9.640287769784172678e-02
9.496402877697841804e-02
9.496402877697841804e-02
9.496402877697841804e-02
9.928057553956834425e-02
9.352517985611510931e-02
1.050359712230215792e-01
1.050359712230215792e-01
9.784172661870503551e-02
9.928057553956834425e-02
9.928057553956834425e-02
8.776978417266187438e-02
8.920863309352518311e-02
8.489208633093525691e-02
8.633093525179856564e-02
9.208633093525180058e-02
7.482014388489208190e-02
9.064748201438849184e-02
8.345323741007194818e-02
8.201438848920863944e-02
8.345323741007194818e-02
8.201438848920863944e-02
9.208633093525180058e-02
8.489208633093525691e-02
8.489208633093525691e-02
8.201438848920863944e-02
8.776978417266187438e-02
8.633093525179856564e-02
8.920863309352518311e-02
7.769784172661869937e-02
7.625899280575539063e-02
7.913669064748200810e-02
8.920863309352518311e-02
8.776978417266187438e-02
7.194244604316546443e-02
7.194244604316546443e-02
7.194244604316546443e-02
7.338129496402877316e-02
8.057553956834531683e-02
8.201438848920863944e-02
8.201438848920863944e-02
8.057553956834531683e-02
7.482014388489208190e-02
8.633093525179856564e-02
7.769784172661869937e-02
7.338129496402877316e-02
7.769784172661869937e-02
8.057553956834531683e-02
7.482014388489208190e-02
7.913669064748200810e-02
7.625899280575539063e-02
7.769784172661869937e-02
6.330935251798561203e-02
7.338129496402877316e-02
7.338129496402877316e-02
7.194244604316546443e-02
7.913669064748200810e-02
7.769784172661869937e-02
6.762589928057553823e-02
7.050359712230215570e-02
7.482014388489208190e-02
7.625899280575539063e-02
8.057553956834531683e-02
6.330935251798561203e-02
8.057553956834531683e-02
7.625899280575539063e-02
8.201438848920863944e-02
7.913669064748200810e-02
6.906474820143884696e-02
6.762589928057553823e-02
7.194244604316546443e-02
7.338129496402877316e-02
8.201438848920863944e-02
7.482014388489208190e-02
7.625899280575539063e-02
8.201438848920863944e-02
7.769784172661869937e-02
7.050359712230215570e-02
6.618705035971222950e-02
7.338129496402877316e-02
6.187050359712230330e-02
7.194244604316546443e-02
7.194244604316546443e-02
7.050359712230215570e-02
6.043165467625899456e-02
5.611510791366906142e-02
6.762589928057553823e-02
8.489208633093525691e-02
7.050359712230215570e-02
7.913669064748200810e-02
8.345323741007194818e-02
8.201438848920863944e-02
8.920863309352518311e-02
7.050359712230215570e-02
7.913669064748200810e-02
7.625899280575539063e-02
7.050359712230215570e-02
7.482014388489208190e-02
6.762589928057553823e-02
6.474820143884892076e-02
7.482014388489208190e-02
7.194244604316546443e-02
6.618705035971222950e-02
6.762589928057553823e-02
7.482014388489208190e-02
8.057553956834531683e-02
7.050359712230215570e-02
7.194244604316546443e-02
7.050359712230215570e-02
6.762589928057553823e-02
6.618705035971222950e-02
7.338129496402877316e-02
6.762589928057553823e-02
6.906474820143884696e-02
7.194244604316546443e-02
7.338129496402877316e-02
7.913669064748200810e-02
6.474820143884892076e-02
7.194244604316546443e-02
5.755395683453237710e-02
6.474820143884892076e-02
6.906474820143884696e-02
6.043165467625899456e-02
6.187050359712230330e-02
7.482014388489208190e-02
6.187050359712230330e-02
5.179856115107913522e-02
6.762589928057553823e-02
5.755395683453237710e-02
5.899280575539568583e-02
5.755395683453237710e-02
