1.000000000000000000e+00
9.403508771929824928e-01
8.666666666666666963e-01
7.157894736842105310e-01
6.526315789473684514e-01
6.842105263157894912e-01
6.807017543859649189e-01
6.456140350877193068e-01
6.105263157894736947e-01
6.666666666666666297e-01
6.070175438596491224e-01
5.614035087719297934e-01
5.017543859649122862e-01
4.982456140350877138e-01
5.333333333333333259e-01
4.982456140350877138e-01
4.982456140350877138e-01
4.315789473684210620e-01
5.052631578947368585e-01
4.385964912280701511e-01
3.824561403508772162e-01
4.315789473684210620e-01
3.508771929824561209e-01
3.929824561403508776e-01
3.719298245614034992e-01
3.719298245614034992e-01
3.614035087719298378e-01
4.245614035087719174e-01
3.754385964912280715e-01
3.789473684210526438e-01
3.087719298245614197e-01
3.403508771929824595e-01
3.543859649122806932e-01
3.614035087719298378e-01
3.157894736842105088e-01
3.228070175438596534e-01
3.649122807017544101e-01
3.263157894736842257e-01
3.017543859649122751e-01
3.192982456140350811e-01
3.228070175438596534e-01
3.403508771929824595e-01
2.947368421052631304e-01
2.912280701754386136e-01
2.771929824561403244e-01
2.807017543859648967e-01
2.526315789473684292e-01
2.070175438596491280e-01
2.210526315789473617e-01
2.280701754385964786e-01
2.245614035087719340e-01
2.385964912280701677e-01
2.526315789473684292e-01
2.421052631578947401e-01
2.140350877192982448e-01
2.175438596491228171e-01
2.210526315789473617e-01
2.561403508771930015e-01
2.280701754385964786e-01
2.070175438596491280e-01
1.684210526315789436e-01
1.614035087719298267e-01
2.175438596491228171e-01
2.280701754385964786e-01
2.035087719298245557e-01
2.210526315789473617e-01
2.140350877192982448e-01
2.315789473684210509e-01
1.649122807017543990e-01
1.894736842105263219e-01
2.000000000000000111e-01
1.719298245614035159e-01
1.719298245614035159e-01
1.964912280701754388e-01
2.140350877192982448e-01
2.070175438596491280e-01
1.964912280701754388e-01
2.000000000000000111e-01
1.824561403508772051e-01
1.929824561403508665e-01
1.964912280701754388e-01
1.859649122807017496e-01
1.754385964912280604e-01
1.929824561403508665e-01
1.929824561403508665e-01
1.789473684210526327e-01
1.543859649122807098e-01
1.614035087719298267e-01
1.403508771929824483e-01
1.192982456140350839e-01
1.263157894736842146e-01
1.473684210526315652e-01
1.298245614035087592e-01
1.333333333333333315e-01
1.368421052631579038e-01
1.578947368421052544e-01
1.157894736842105254e-01
1.403508771929824483e-01
1.543859649122807098e-01
1.263157894736842146e-01
1.403508771929824483e-01
1.473684210526315652e-01
1.438596491228070207e-01
1.403508771929824483e-01
1.333333333333333315e-01
1.368421052631579038e-01
1.368421052631579038e-01
1.473684210526315652e-01
1.333333333333333315e-01
1.473684210526315652e-01
1.228070175438596423e-01
1.473684210526315652e-01
1.438596491228070207e-01
1.368421052631579038e-01
1.438596491228070207e-01
1.368421052631579038e-01
1.438596491228070207e-01
1.473684210526315652e-01
1.368421052631579038e-01
1.403508771929824483e-01
1.438596491228070207e-01
1.298245614035087592e-01
1.157894736842105254e-01
1.228070175438596423e-01
1.122807017543859670e-01
1.333333333333333315e-01
1.298245614035087592e-01
1.368421052631579038e-01
1.263157894736842146e-01
1.403508771929824483e-01
1.122807017543859670e-01
1.192982456140350839e-01
1.298245614035087592e-01
1.122807017543859670e-01
1.368421052631579038e-01
1.298245614035087592e-01
1.052631578947368363e-01
1.122807017543859670e-01
1.192982456140350839e-01
1.438596491228070207e-01
1.228070175438596423e-01
9.824561403508771940e-02
1.228070175438596423e-01
1.228070175438596423e-01
1.228070175438596423e-01
1.192982456140350839e-01
1.192982456140350839e-01
8.070175438596491335e-02
1.052631578947368363e-01
1.052631578947368363e-01
1.228070175438596423e-01
1.298245614035087592e-01
8.771929824561403022e-02
1.157894736842105254e-01
8.421052631578947179e-02
8.421052631578947179e-02
8.070175438596491335e-02
7.368421052631578261e-02
1.017543859649122778e-01
9.122807017543860253e-02
1.087719298245614086e-01
9.473684210526316096e-02
1.228070175438596423e-01
8.421052631578947179e-02
7.719298245614035492e-02
9.473684210526316096e-02
7.719298245614035492e-02
8.070175438596491335e-02
5.964912280701754194e-02
7.368421052631578261e-02
7.719298245614035492e-02
7.017543859649122417e-02
7.368421052631578261e-02
8.070175438596491335e-02
9.824561403508771940e-02
7.719298245614035492e-02
9.122807017543860253e-02
8.070175438596491335e-02
7.719298245614035492e-02
8.421052631578947179e-02
8.771929824561403022e-02
8.771929824561403022e-02
7.719298245614035492e-02
8.421052631578947179e-02
7.017543859649122417e-02
6.315789473684210731e-02
6.666666666666666574e-02
7.719298245614035492e-02
8.070175438596491335e-02
7.017543859649122417e-02
7.017543859649122417e-02
6.666666666666666574e-02
9.824561403508771940e-02
5.964912280701754194e-02
8.070175438596491335e-02
7.017543859649122417e-02
7.368421052631578261e-02
7.368421052631578261e-02
8.771929824561403022e-02
9.122807017543860253e-02
7.017543859649122417e-02
5.614035087719298350e-02
4.561403508771930126e-02
6.315789473684210731e-02
5.964912280701754194e-02
7.719298245614035492e-02
5.964912280701754194e-02
7.017543859649122417e-02
5.614035087719298350e-02
5.263157894736841813e-02
7.368421052631578261e-02
7.017543859649122417e-02
7.368421052631578261e-02
7.017543859649122417e-02
8.070175438596491335e-02
8.771929824561403022e-02
5.964912280701754194e-02
6.315789473684210731e-02
2.807017543859649175e-02
5.614035087719298350e-02
7.368421052631578261e-02
6.666666666666666574e-02
5.263157894736841813e-02
5.614035087719298350e-02
5.263157894736841813e-02
7.017543859649122417e-02
5.263157894736841813e-02
5.263157894736841813e-02
5.614035087719298350e-02
4.561403508771930126e-02
6.666666666666666574e-02
5.964912280701754194e-02
6.315789473684210731e-02
8.070175438596491335e-02
8.070175438596491335e-02
8.421052631578947179e-02
3.859649122807017746e-02
9.824561403508771940e-02
7.017543859649122417e-02
7.017543859649122417e-02
5.964912280701754194e-02
5.263157894736841813e-02
5.263157894736841813e-02
4.561403508771930126e-02
4.561403508771930126e-02
6.666666666666666574e-02
7.719298245614035492e-02
6.315789473684210731e-02
7.017543859649122417e-02
7.368421052631578261e-02
6.666666666666666574e-02
7.719298245614035492e-02
7.017543859649122417e-02
9.473684210526316096e-02
6.666666666666666574e-02
8.070175438596491335e-02
6.666666666666666574e-02
7.017543859649122417e-02
5.614035087719298350e-02
4.912280701754385970e-02
5.614035087719298350e-02
5.263157894736841813e-02
6.666666666666666574e-02
4.912280701754385970e-02
5.263157894736841813e-02
3.508771929824561209e-02
2.105263157894736795e-02
4.912280701754385970e-02
4.210526315789473589e-02
3.508771929824561209e-02
4.561403508771930126e-02
3.508771929824561209e-02
4.210526315789473589e-02
2.456140350877192985e-02
3.508771929824561209e-02
3.157894736842105365e-02
5.263157894736841813e-02
3.859649122807017746e-02
4.210526315789473589e-02
2.807017543859649175e-02
4.561403508771930126e-02
3.859649122807017746e-02
5.614035087719298350e-02
4.210526315789473589e-02
3.859649122807017746e-02
4.912280701754385970e-02
3.859649122807017746e-02
4.210526315789473589e-02
4.912280701754385970e-02
3.859649122807017746e-02
3.157894736842105365e-02
3.508771929824561209e-02
3.157894736842105365e-02
5.964912280701754194e-02
3.859649122807017746e-02
4.912280701754385970e-02
2.807017543859649175e-02
4.912280701754385970e-02
5.263157894736841813e-02
4.561403508771930126e-02
4.210526315789473589e-02
3.157894736842105365e-02
4.210526315789473589e-02
4.561403508771930126e-02
4.561403508771930126e-02
5.263157894736841813e-02
4.210526315789473589e-02
3.859649122807017746e-02
3.157894736842105365e-02
5.614035087719298350e-02
3.859649122807017746e-02
4.210526315789473589e-02
3.508771929824561209e-02
2.807017543859649175e-02
3.508771929824561209e-02
3.157894736842105365e-02
3.157894736842105365e-02
3.859649122807017746e-02
4.210526315789473589e-02
4.561403508771930126e-02
5.964912280701754194e-02
4.561403508771930126e-02
4.912280701754385970e-02
4.912280701754385970e-02
3.157894736842105365e-02
3.157894736842105365e-02
4.210526315789473589e-02
3.508771929824561209e-02
2.807017543859649175e-02
4.561403508771930126e-02
1.754385964912280604e-02
3.859649122807017746e-02
4.210526315789473589e-02
5.263157894736841813e-02
3.508771929824561209e-02
3.157894736842105365e-02
3.508771929824561209e-02
4.561403508771930126e-02
3.859649122807017746e-02
4.210526315789473589e-02
5.263157894736841813e-02
6.315789473684210731e-02
3.508771929824561209e-02
5.263157894736841813e-02
3.157894736842105365e-02
4.912280701754385970e-02
3.508771929824561209e-02
5.263157894736841813e-02
4.912280701754385970e-02
4.561403508771930126e-02
3.859649122807017746e-02
3.157894736842105365e-02
4.912280701754385970e-02
4.210526315789473589e-02
4.210526315789473589e-02
2.807017543859649175e-02
3.508771929824561209e-02
3.508771929824561209e-02
4.210526315789473589e-02
3.859649122807017746e-02
3.508771929824561209e-02
3.508771929824561209e-02
2.456140350877192985e-02
3.508771929824561209e-02
3.508771929824561209e-02
4.912280701754385970e-02
3.157894736842105365e-02
3.859649122807017746e-02
4.561403508771930126e-02
1.754385964912280604e-02
2.456140350877192985e-02
2.456140350877192985e-02
4.210526315789473589e-02
4.561403508771930126e-02
2.105263157894736795e-02
2.807017543859649175e-02
3.157894736842105365e-02
3.157894736842105365e-02
3.157894736842105365e-02
2.807017543859649175e-02
2.456140350877192985e-02
4.210526315789473589e-02
4.561403508771930126e-02
3.508771929824561209e-02
5.614035087719298350e-02
4.210526315789473589e-02
2.456140350877192985e-02
2.456140350877192985e-02
3.508771929824561209e-02
2.807017543859649175e-02
4.210526315789473589e-02
3.859649122807017746e-02
3.157894736842105365e-02
4.912280701754385970e-02
4.561403508771930126e-02
4.210526315789473589e-02
3.157894736842105365e-02
3.859649122807017746e-02
2.807017543859649175e-02
4.210526315789473589e-02
3.508771929824561209e-02
