1.000000000000000000e+00
8.419452887537993702e-01
7.568389057750759541e-01
7.051671732522796221e-01
5.927051671732522786e-01
5.714285714285713969e-01
5.106382978723403854e-01
5.349544072948327900e-01
5.349544072948327900e-01
5.896656534954407558e-01
5.227963525835865877e-01
4.893617021276595591e-01
4.285714285714285476e-01
4.559270516717325306e-01
4.711246200607902557e-01
4.498480243161094294e-01
4.376899696048632271e-01
4.042553191489361430e-01
3.860182370820668951e-01
3.343465045592705076e-01
3.799392097264437940e-01
3.161094224924012042e-01
3.890577507598784179e-01
3.708206686930091145e-01
3.829787234042553168e-01
3.313069908814589848e-01
3.586626139817629122e-01
3.920972644376899963e-01
3.708206686930091145e-01
3.768996960486322156e-01
3.221884498480243053e-01
3.495440729483282882e-01
2.917933130699087996e-01
3.221884498480243053e-01
3.130699088145896813e-01
2.796352583586625973e-01
2.948328267477203779e-01
3.100303951367781030e-01
2.553191489361701927e-01
2.917933130699087996e-01
2.796352583586625973e-01
2.705167173252279733e-01
2.522796352583586699e-01
2.249240121580547147e-01
2.370820668693009170e-01
2.917933130699087996e-01
2.644376899696048722e-01
2.431610942249240181e-01
2.462006079027355687e-01
2.401215805471124676e-01
2.553191489361701927e-01
2.310030395136778159e-01
2.310030395136778159e-01
2.462006079027355687e-01
2.340425531914893664e-01
2.097264437689969618e-01
2.158054711246200630e-01
2.370820668693009170e-01
2.218844984802431641e-01
2.066869300911854113e-01
2.370820668693009170e-01
1.884498480243161078e-01
2.006079027355623101e-01
2.310030395136778159e-01
1.945288753799392090e-01
1.823708206686930067e-01
1.854103343465045572e-01
1.884498480243161078e-01
1.793313069908814561e-01
2.127659574468085124e-01
1.702127659574468044e-01
2.097264437689969618e-01
1.732522796352583550e-01
1.975683890577507595e-01
1.580547112462006021e-01
1.580547112462006021e-01
1.550151975683890515e-01
1.702127659574468044e-01
1.550151975683890515e-01
1.610942249240121527e-01
1.428571428571428492e-01
1.732522796352583550e-01
1.641337386018237032e-01
1.823708206686930067e-01
1.610942249240121527e-01
1.519756838905775009e-01
1.610942249240121527e-01
1.489361702127659504e-01
1.641337386018237032e-01
1.671732522796352538e-01
1.428571428571428492e-01
1.519756838905775009e-01
1.732522796352583550e-01
1.246200607902735596e-01
1.276595744680850963e-01
1.458966565349543998e-01
1.246200607902735596e-01
1.580547112462006021e-01
1.246200607902735596e-01
1.337386018237081975e-01
1.215805471124620091e-01
1.550151975683890515e-01
1.185410334346504585e-01
1.185410334346504585e-01
1.398176291793312986e-01
1.246200607902735596e-01
1.063829787234042562e-01
9.118541033434650334e-02
1.033434650455927056e-01
1.306990881458966469e-01
8.814589665653495276e-02
1.063829787234042562e-01
1.033434650455927056e-01
1.094224924012158068e-01
9.726443768996960448e-02
1.003039513677811551e-01
1.033434650455927056e-01
9.118541033434650334e-02
8.814589665653495276e-02
7.598784194528875047e-02
7.294832826747719989e-02
8.206686930091185161e-02
6.990881458966564932e-02
9.726443768996960448e-02
9.422492401215805391e-02
7.902735562310030104e-02
1.003039513677811551e-01
8.206686930091185161e-02
9.726443768996960448e-02
1.033434650455927056e-01
1.063829787234042562e-01
1.063829787234042562e-01
9.726443768996960448e-02
9.422492401215805391e-02
9.118541033434650334e-02
8.510638297872340219e-02
7.294832826747719989e-02
7.294832826747719989e-02
7.598784194528875047e-02
7.902735562310030104e-02
9.422492401215805391e-02
7.598784194528875047e-02
6.382978723404254817e-02
6.382978723404254817e-02
6.990881458966564932e-02
6.079027355623100454e-02
5.167173252279635282e-02
8.510638297872340219e-02
6.686930091185409875e-02
7.598784194528875047e-02
6.686930091185409875e-02
7.598784194528875047e-02
7.598784194528875047e-02
6.382978723404254817e-02
4.863221884498480224e-02
6.990881458966564932e-02
7.598784194528875047e-02
5.775075987841945396e-02
6.079027355623100454e-02
4.559270516717325167e-02
6.990881458966564932e-02
7.598784194528875047e-02
4.255319148936170109e-02
5.471124620060790339e-02
7.294832826747719989e-02
3.647416413373859995e-02
5.167173252279635282e-02
8.206686930091185161e-02
7.294832826747719989e-02
6.990881458966564932e-02
4.863221884498480224e-02
5.167173252279635282e-02
6.382978723404254817e-02
5.167173252279635282e-02
3.647416413373859995e-02
5.471124620060790339e-02
4.559270516717325167e-02
3.647416413373859995e-02
6.079027355623100454e-02
4.863221884498480224e-02
6.382978723404254817e-02
5.471124620060790339e-02
6.382978723404254817e-02
6.382978723404254817e-02
6.079027355623100454e-02
6.686930091185409875e-02
3.951367781155015052e-02
5.471124620060790339e-02
4.255319148936170109e-02
3.647416413373859995e-02
4.255319148936170109e-02
4.255319148936170109e-02
3.343465045592704937e-02
4.863221884498480224e-02
2.735562310030395169e-02
3.039513677811550227e-02
2.735562310030395169e-02
3.343465045592704937e-02
4.863221884498480224e-02
4.255319148936170109e-02
4.863221884498480224e-02
4.863221884498480224e-02
3.343465045592704937e-02
2.735562310030395169e-02
4.559270516717325167e-02
3.343465045592704937e-02
3.647416413373859995e-02
4.863221884498480224e-02
3.951367781155015052e-02
4.559270516717325167e-02
3.951367781155015052e-02
3.647416413373859995e-02
3.951367781155015052e-02
3.647416413373859995e-02
3.039513677811550227e-02
4.255319148936170109e-02
3.039513677811550227e-02
2.735562310030395169e-02
3.647416413373859995e-02
4.255319148936170109e-02
3.039513677811550227e-02
3.647416413373859995e-02
3.039513677811550227e-02
4.255319148936170109e-02
5.167173252279635282e-02
4.255319148936170109e-02
4.255319148936170109e-02
3.039513677811550227e-02
3.343465045592704937e-02
2.431610942249240112e-02
4.863221884498480224e-02
4.255319148936170109e-02
5.775075987841945396e-02
2.431610942249240112e-02
3.647416413373859995e-02
3.647416413373859995e-02
4.255319148936170109e-02
5.167173252279635282e-02
3.647416413373859995e-02
5.471124620060790339e-02
6.686930091185409875e-02
4.863221884498480224e-02
6.686930091185409875e-02
4.559270516717325167e-02
4.255319148936170109e-02
5.775075987841945396e-02
3.343465045592704937e-02
3.951367781155015052e-02
4.863221884498480224e-02
6.079027355623100454e-02
3.343465045592704937e-02
3.039513677811550227e-02
5.167173252279635282e-02
3.039513677811550227e-02
3.951367781155015052e-02
4.255319148936170109e-02
4.863221884498480224e-02
7.902735562310030104e-02
5.471124620060790339e-02
5.471124620060790339e-02
4.559270516717325167e-02
5.471124620060790339e-02
5.167173252279635282e-02
5.775075987841945396e-02
4.255319148936170109e-02
5.167173252279635282e-02
4.255319148936170109e-02
3.951367781155015052e-02
3.343465045592704937e-02
3.343465045592704937e-02
5.167173252279635282e-02
6.079027355623100454e-02
4.559270516717325167e-02
6.686930091185409875e-02
5.167173252279635282e-02
4.863221884498480224e-02
5.471124620060790339e-02
7.598784194528875047e-02
3.951367781155015052e-02
5.775075987841945396e-02
6.079027355623100454e-02
3.951367781155015052e-02
6.382978723404254817e-02
4.559270516717325167e-02
5.167173252279635282e-02
5.775075987841945396e-02
5.471124620060790339e-02
6.079027355623100454e-02
4.255319148936170109e-02
5.775075987841945396e-02
3.039513677811550227e-02
3.647416413373859995e-02
3.343465045592704937e-02
2.735562310030395169e-02
4.255319148936170109e-02
4.559270516717325167e-02
5.167173252279635282e-02
3.343465045592704937e-02
4.559270516717325167e-02
3.647416413373859995e-02
2.735562310030395169e-02
3.343465045592704937e-02
3.951367781155015052e-02
3.951367781155015052e-02
5.167173252279635282e-02
4.559270516717325167e-02
4.863221884498480224e-02
3.951367781155015052e-02
6.079027355623100454e-02
4.255319148936170109e-02
4.559270516717325167e-02
3.647416413373859995e-02
3.343465045592704937e-02
3.951367781155015052e-02
3.039513677811550227e-02
3.647416413373859995e-02
3.647416413373859995e-02
4.255319148936170109e-02
3.647416413373859995e-02
3.951367781155015052e-02
3.951367781155015052e-02
2.735562310030395169e-02
4.863221884498480224e-02
3.647416413373859995e-02
3.343465045592704937e-02
2.127659574468085055e-02
3.343465045592704937e-02
2.127659574468085055e-02
3.039513677811550227e-02
3.951367781155015052e-02
5.167173252279635282e-02
2.127659574468085055e-02
3.039513677811550227e-02
2.127659574468085055e-02
2.431610942249240112e-02
3.039513677811550227e-02
2.127659574468085055e-02
2.735562310030395169e-02
2.735562310030395169e-02
2.431610942249240112e-02
3.039513677811550227e-02
2.735562310030395169e-02
1.519756838905775113e-02
2.431610942249240112e-02
1.823708206686929997e-02
2.431610942249240112e-02
3.343465045592704937e-02
3.039513677811550227e-02
3.039513677811550227e-02
2.431610942249240112e-02
2.127659574468085055e-02
1.519756838905775113e-02
2.735562310030395169e-02
2.431610942249240112e-02
2.431610942249240112e-02
1.215805471124620056e-02
1.519756838905775113e-02
2.127659574468085055e-02
2.127659574468085055e-02
1.823708206686929997e-02
1.823708206686929997e-02
1.519756838905775113e-02
1.215805471124620056e-02
9.118541033434649987e-03
1.823708206686929997e-02
1.823708206686929997e-02
2.431610942249240112e-02
3.039513677811550227e-02
1.823708206686929997e-02
2.127659574468085055e-02
2.431610942249240112e-02
1.215805471124620056e-02
2.127659574468085055e-02
2.735562310030395169e-02
9.118541033434649987e-03
3.039513677811550227e-02
1.215805471124620056e-02
2.127659574468085055e-02
1.519756838905775113e-02
1.823708206686929997e-02
2.127659574468085055e-02
1.519756838905775113e-02
3.039513677811550227e-02
1.823708206686929997e-02
2.431610942249240112e-02
1.519756838905775113e-02
2.431610942249240112e-02
1.519756838905775113e-02
2.127659574468085055e-02
1.823708206686929997e-02
3.951367781155015052e-02
3.343465045592704937e-02
3.343465045592704937e-02
2.735562310030395169e-02
3.647416413373859995e-02
2.735562310030395169e-02
3.039513677811550227e-02
1.215805471124620056e-02
2.431610942249240112e-02
1.823708206686929997e-02
2.735562310030395169e-02
