1.000000000000000000e+00
7.826086956521739468e-01
6.956521739130434590e-01
7.922705314009661492e-01
7.101449275362319291e-01
6.376811594202898004e-01
7.101449275362319291e-01
6.714975845410627864e-01
5.990338164251207687e-01
6.183574879227052845e-01
7.536231884057971175e-01
5.700483091787439394e-01
6.086956521739130821e-01
5.893719806763284552e-01
5.555555555555555802e-01
5.797101449275362528e-01
5.410628019323671101e-01
5.458937198067632668e-01
5.942028985507246119e-01
5.024154589371980784e-01
4.975845410628019216e-01
5.555555555555555802e-01
5.024154589371980784e-01
5.603864734299517369e-01
5.652173913043477826e-01
4.541062801932367332e-01
5.700483091787439394e-01
4.782608695652174058e-01
5.072463768115942351e-01
5.120772946859903918e-01
4.830917874396135070e-01
4.492753623188405765e-01
4.637681159420289911e-01
4.782608695652174058e-01
4.830917874396135070e-01
4.251207729468599039e-01
4.492753623188405765e-01
4.637681159420289911e-01
4.396135265700483186e-01
3.768115942028985588e-01
4.589371980676328344e-01
3.961352657004830746e-01
3.719806763285024021e-01
3.429951690821256283e-01
3.478260869565217295e-01
3.381642512077294715e-01
3.285024154589372136e-01
3.333333333333333148e-01
3.671497584541063008e-01
3.719806763285024021e-01
3.333333333333333148e-01
3.188405797101449002e-01
3.333333333333333148e-01
3.574879227053139874e-01
3.381642512077294715e-01
3.140096618357487990e-01
3.429951690821256283e-01
3.768115942028985588e-01
3.864734299516908167e-01
3.574879227053139874e-01
3.333333333333333148e-01
3.478260869565217295e-01
3.913043478260869734e-01
3.333333333333333148e-01
3.671497584541063008e-01
3.381642512077294715e-01
3.043478260869565410e-01
2.995169082125603843e-01
2.705314009661835550e-01
3.188405797101449002e-01
2.898550724637681264e-01
3.091787439613526423e-01
2.705314009661835550e-01
2.657004830917874538e-01
2.463768115942029102e-01
2.753623188405797118e-01
2.657004830917874538e-01
3.043478260869565410e-01
2.512077294685990392e-01
2.415458937198067535e-01
2.705314009661835550e-01
2.801932367149758685e-01
2.753623188405797118e-01
2.608695652173912971e-01
2.946859903381642276e-01
2.463768115942029102e-01
2.657004830917874538e-01
2.560386473429951959e-01
2.560386473429951959e-01
2.898550724637681264e-01
2.608695652173912971e-01
2.850241545893719697e-01
2.753623188405797118e-01
2.657004830917874538e-01
2.367149758454106245e-01
2.077294685990338230e-01
2.270531400966183666e-01
2.222222222222222099e-01
1.884057971014492794e-01
2.850241545893719697e-01
2.463768115942029102e-01
2.463768115942029102e-01
2.270531400966183666e-01
2.560386473429951959e-01
1.980676328502415373e-01
1.835748792270531504e-01
2.560386473429951959e-01
2.512077294685990392e-01
2.560386473429951959e-01
2.367149758454106245e-01
2.173913043478260809e-01
2.415458937198067535e-01
2.028985507246376940e-01
2.028985507246376940e-01
2.318840579710144956e-01
2.173913043478260809e-01
2.318840579710144956e-01
2.512077294685990392e-01
2.125603864734299520e-01
2.077294685990338230e-01
2.125603864734299520e-01
1.980676328502415373e-01
1.642512077294686068e-01
1.787439613526569937e-01
2.173913043478260809e-01
1.980676328502415373e-01
2.028985507246376940e-01
2.270531400966183666e-01
2.028985507246376940e-01
2.270531400966183666e-01
2.318840579710144956e-01
2.125603864734299520e-01
2.270531400966183666e-01
1.787439613526569937e-01
1.884057971014492794e-01
2.028985507246376940e-01
2.125603864734299520e-01
1.932367149758454083e-01
1.884057971014492794e-01
1.980676328502415373e-01
1.932367149758454083e-01
1.932367149758454083e-01
1.932367149758454083e-01
1.739130434782608647e-01
2.125603864734299520e-01
1.739130434782608647e-01
1.594202898550724501e-01
1.642512077294686068e-01
2.173913043478260809e-01
1.884057971014492794e-01
1.932367149758454083e-01
1.690821256038647358e-01
1.787439613526569937e-01
1.787439613526569937e-01
1.497584541062801922e-01
1.835748792270531504e-01
1.835748792270531504e-01
1.787439613526569937e-01
1.884057971014492794e-01
2.077294685990338230e-01
1.835748792270531504e-01
1.642512077294686068e-01
1.642512077294686068e-01
1.739130434782608647e-01
1.932367149758454083e-01
1.787439613526569937e-01
1.690821256038647358e-01
1.787439613526569937e-01
1.545893719806763211e-01
1.545893719806763211e-01
1.400966183574879342e-01
1.400966183574879342e-01
1.449275362318840632e-01
1.449275362318840632e-01
1.642512077294686068e-01
1.545893719806763211e-01
1.932367149758454083e-01
1.642512077294686068e-01
1.884057971014492794e-01
1.159420289855072478e-01
1.111111111111111049e-01
1.739130434782608647e-01
1.497584541062801922e-01
1.304347826086956486e-01
1.352657004830917775e-01
1.642512077294686068e-01
1.207729468599033767e-01
1.497584541062801922e-01
1.497584541062801922e-01
1.497584541062801922e-01
1.594202898550724501e-01
1.304347826086956486e-01
1.304347826086956486e-01
1.352657004830917775e-01
1.497584541062801922e-01
1.594202898550724501e-01
1.304347826086956486e-01
1.449275362318840632e-01
1.304347826086956486e-01
1.111111111111111049e-01
1.400966183574879342e-01
1.400966183574879342e-01
1.159420289855072478e-01
1.352657004830917775e-01
1.256038647342995196e-01
1.352657004830917775e-01
1.400966183574879342e-01
1.256038647342995196e-01
9.661835748792270417e-02
1.111111111111111049e-01
1.062801932367149760e-01
1.352657004830917775e-01
9.178743961352657521e-02
9.661835748792270417e-02
1.159420289855072478e-01
1.159420289855072478e-01
1.014492753623188470e-01
1.111111111111111049e-01
1.304347826086956486e-01
1.014492753623188470e-01
8.695652173913043237e-02
1.014492753623188470e-01
8.695652173913043237e-02
1.014492753623188470e-01
9.661835748792270417e-02
1.062801932367149760e-01
6.280193236714975979e-02
9.661835748792270417e-02
9.178743961352657521e-02
9.178743961352657521e-02
9.178743961352657521e-02
1.014492753623188470e-01
1.207729468599033767e-01
1.352657004830917775e-01
8.212560386473430341e-02
9.661835748792270417e-02
9.661835748792270417e-02
1.014492753623188470e-01
1.062801932367149760e-01
1.014492753623188470e-01
8.695652173913043237e-02
6.280193236714975979e-02
9.661835748792270417e-02
8.695652173913043237e-02
1.062801932367149760e-01
7.246376811594203160e-02
8.212560386473430341e-02
8.212560386473430341e-02
5.314009661835748799e-02
7.729468599033816056e-02
5.797101449275362389e-02
4.830917874396135209e-02
7.729468599033816056e-02
6.763285024154588876e-02
7.729468599033816056e-02
9.178743961352657521e-02
6.280193236714975979e-02
4.830917874396135209e-02
5.797101449275362389e-02
5.797101449275362389e-02
6.763285024154588876e-02
5.314009661835748799e-02
6.763285024154588876e-02
7.729468599033816056e-02
8.695652173913043237e-02
7.246376811594203160e-02
6.763285024154588876e-02
5.797101449275362389e-02
7.246376811594203160e-02
7.729468599033816056e-02
7.246376811594203160e-02
6.280193236714975979e-02
6.763285024154588876e-02
1.014492753623188470e-01
6.763285024154588876e-02
1.111111111111111049e-01
8.212560386473430341e-02
9.178743961352657521e-02
9.661835748792270417e-02
1.256038647342995196e-01
8.212560386473430341e-02
8.695652173913043237e-02
1.111111111111111049e-01
1.014492753623188470e-01
1.062801932367149760e-01
1.159420289855072478e-01
1.014492753623188470e-01
1.111111111111111049e-01
1.111111111111111049e-01
1.014492753623188470e-01
9.661835748792270417e-02
8.695652173913043237e-02
8.212560386473430341e-02
1.014492753623188470e-01
1.062801932367149760e-01
7.246376811594203160e-02
1.062801932367149760e-01
8.212560386473430341e-02
1.014492753623188470e-01
8.695652173913043237e-02
9.178743961352657521e-02
9.661835748792270417e-02
8.695652173913043237e-02
1.256038647342995196e-01
1.062801932367149760e-01
1.062801932367149760e-01
9.178743961352657521e-02
1.207729468599033767e-01
1.062801932367149760e-01
1.062801932367149760e-01
8.212560386473430341e-02
9.178743961352657521e-02
1.111111111111111049e-01
9.661835748792270417e-02
9.661835748792270417e-02
1.062801932367149760e-01
1.062801932367149760e-01
1.014492753623188470e-01
9.178743961352657521e-02
8.212560386473430341e-02
8.212560386473430341e-02
7.246376811594203160e-02
9.178743961352657521e-02
9.661835748792270417e-02
9.178743961352657521e-02
8.695652173913043237e-02
9.178743961352657521e-02
9.178743961352657521e-02
7.246376811594203160e-02
1.207729468599033767e-01
9.661835748792270417e-02
7.729468599033816056e-02
9.661835748792270417e-02
9.661835748792270417e-02
1.062801932367149760e-01
7.246376811594203160e-02
8.695652173913043237e-02
8.695652173913043237e-02
9.661835748792270417e-02
7.246376811594203160e-02
8.212560386473430341e-02
7.729468599033816056e-02
9.178743961352657521e-02
9.661835748792270417e-02
1.111111111111111049e-01
6.280193236714975979e-02
8.212560386473430341e-02
8.695652173913043237e-02
7.246376811594203160e-02
7.729468599033816056e-02
8.695652173913043237e-02
9.178743961352657521e-02
6.763285024154588876e-02
7.729468599033816056e-02
6.280193236714975979e-02
6.763285024154588876e-02
8.212560386473430341e-02
7.729468599033816056e-02
7.246376811594203160e-02
9.178743961352657521e-02
9.178743961352657521e-02
7.246376811594203160e-02
7.246376811594203160e-02
8.212560386473430341e-02
6.763285024154588876e-02
6.280193236714975979e-02
9.178743961352657521e-02
6.280193236714975979e-02
7.729468599033816056e-02
7.246376811594203160e-02
9.661835748792270417e-02
9.178743961352657521e-02
8.212560386473430341e-02
9.661835748792270417e-02
8.695652173913043237e-02
7.729468599033816056e-02
8.695652173913043237e-02
1.062801932367149760e-01
7.246376811594203160e-02
8.212560386473430341e-02
7.729468599033816056e-02
8.212560386473430341e-02
9.661835748792270417e-02
1.014492753623188470e-01
6.763285024154588876e-02
7.246376811594203160e-02
9.661835748792270417e-02
8.212560386473430341e-02
8.212560386473430341e-02
7.246376811594203160e-02
9.661835748792270417e-02
8.695652173913043237e-02
5.797101449275362389e-02
8.212560386473430341e-02
9.178743961352657521e-02
8.212560386473430341e-02
7.729468599033816056e-02
8.695652173913043237e-02
7.246376811594203160e-02
7.246376811594203160e-02
6.280193236714975979e-02
