1.000000000000000000e+00
9.425287356321838672e-01
1.011494252873563315e+00
8.390804597701149170e-01
9.310344827586206629e-01
9.770114942528735913e-01
9.425287356321838672e-01
8.965517241379310498e-01
9.080459770114942541e-01
9.540229885057470716e-01
8.275862068965517127e-01
9.310344827586206629e-01
8.850574712643678454e-01
8.160919540229885083e-01
9.540229885057470716e-01
1.000000000000000000e+00
8.965517241379310498e-01
8.735632183908046411e-01
8.850574712643678454e-01
8.965517241379310498e-01
8.620689655172413257e-01
7.931034482758620996e-01
8.390804597701149170e-01
8.965517241379310498e-01
7.816091954022988952e-01
8.275862068965517127e-01
8.045977011494253039e-01
8.505747126436781214e-01
9.080459770114942541e-01
9.770114942528735913e-01
8.160919540229885083e-01
8.505747126436781214e-01
9.770114942528735913e-01
9.425287356321838672e-01
8.965517241379310498e-01
8.620689655172413257e-01
8.850574712643678454e-01
9.195402298850574585e-01
9.885057471264367956e-01
8.965517241379310498e-01
8.735632183908046411e-01
9.310344827586206629e-01
9.310344827586206629e-01
9.540229885057470716e-01
9.080459770114942541e-01
9.425287356321838672e-01
8.505747126436781214e-01
8.275862068965517127e-01
9.080459770114942541e-01
7.816091954022988952e-01
9.195402298850574585e-01
8.505747126436781214e-01
9.425287356321838672e-01
8.735632183908046411e-01
8.275862068965517127e-01
8.505747126436781214e-01
7.126436781609195581e-01
9.310344827586206629e-01
8.735632183908046411e-01
8.505747126436781214e-01
8.735632183908046411e-01
8.735632183908046411e-01
7.471264367816091712e-01
9.080459770114942541e-01
7.816091954022988952e-01
8.160919540229885083e-01
6.896551724137931494e-01
8.160919540229885083e-01
8.045977011494253039e-01
7.701149425287355799e-01
8.735632183908046411e-01
8.735632183908046411e-01
7.931034482758620996e-01
8.390804597701149170e-01
9.770114942528735913e-01
8.045977011494253039e-01
7.701149425287355799e-01
8.965517241379310498e-01
7.816091954022988952e-01
7.931034482758620996e-01
8.275862068965517127e-01
8.045977011494253039e-01
8.160919540229885083e-01
8.390804597701149170e-01
8.275862068965517127e-01
8.620689655172413257e-01
9.195402298850574585e-01
8.735632183908046411e-01
9.425287356321838672e-01
8.965517241379310498e-01
7.931034482758620996e-01
7.471264367816091712e-01
8.505747126436781214e-01
8.735632183908046411e-01
7.816091954022988952e-01
7.931034482758620996e-01
8.045977011494253039e-01
8.160919540229885083e-01
7.816091954022988952e-01
8.275862068965517127e-01
7.586206896551723755e-01
7.701149425287355799e-01
8.275862068965517127e-01
8.620689655172413257e-01
8.505747126436781214e-01
7.586206896551723755e-01
7.931034482758620996e-01
8.505747126436781214e-01
8.505747126436781214e-01
7.701149425287355799e-01
7.471264367816091712e-01
7.701149425287355799e-01
7.701149425287355799e-01
8.045977011494253039e-01
8.390804597701149170e-01
8.275862068965517127e-01
8.735632183908046411e-01
7.816091954022988952e-01
8.390804597701149170e-01
8.620689655172413257e-01
8.160919540229885083e-01
8.505747126436781214e-01
9.310344827586206629e-01
9.425287356321838672e-01
8.275862068965517127e-01
7.241379310344827624e-01
8.275862068965517127e-01
8.735632183908046411e-01
7.586206896551723755e-01
8.045977011494253039e-01
7.126436781609195581e-01
7.931034482758620996e-01
8.505747126436781214e-01
7.701149425287355799e-01
7.816091954022988952e-01
7.816091954022988952e-01
6.781609195402298340e-01
7.586206896551723755e-01
8.505747126436781214e-01
7.356321839080459668e-01
8.965517241379310498e-01
8.505747126436781214e-01
7.701149425287355799e-01
8.160919540229885083e-01
7.471264367816091712e-01
9.080459770114942541e-01
7.126436781609195581e-01
7.126436781609195581e-01
8.505747126436781214e-01
8.045977011494253039e-01
6.781609195402298340e-01
8.390804597701149170e-01
8.390804597701149170e-01
7.011494252873563537e-01
8.045977011494253039e-01
6.896551724137931494e-01
8.275862068965517127e-01
8.045977011494253039e-01
8.045977011494253039e-01
6.896551724137931494e-01
8.275862068965517127e-01
9.080459770114942541e-01
7.931034482758620996e-01
7.356321839080459668e-01
7.356321839080459668e-01
7.471264367816091712e-01
7.931034482758620996e-01
8.390804597701149170e-01
7.931034482758620996e-01
7.241379310344827624e-01
7.816091954022988952e-01
7.241379310344827624e-01
7.816091954022988952e-01
7.701149425287355799e-01
8.045977011494253039e-01
7.471264367816091712e-01
7.471264367816091712e-01
7.471264367816091712e-01
8.735632183908046411e-01
7.241379310344827624e-01
6.666666666666666297e-01
7.241379310344827624e-01
7.126436781609195581e-01
7.241379310344827624e-01
8.390804597701149170e-01
8.045977011494253039e-01
8.160919540229885083e-01
7.356321839080459668e-01
7.471264367816091712e-01
8.390804597701149170e-01
7.011494252873563537e-01
6.781609195402298340e-01
7.701149425287355799e-01
7.471264367816091712e-01
7.931034482758620996e-01
7.586206896551723755e-01
7.241379310344827624e-01
8.045977011494253039e-01
8.160919540229885083e-01
6.896551724137931494e-01
6.781609195402298340e-01
7.816091954022988952e-01
8.390804597701149170e-01
8.045977011494253039e-01
7.701149425287355799e-01
8.390804597701149170e-01
7.816091954022988952e-01
6.551724137931034253e-01
7.126436781609195581e-01
7.931034482758620996e-01
7.931034482758620996e-01
6.896551724137931494e-01
8.045977011494253039e-01
8.275862068965517127e-01
7.701149425287355799e-01
8.045977011494253039e-01
8.620689655172413257e-01
7.586206896551723755e-01
7.701149425287355799e-01
6.896551724137931494e-01
7.356321839080459668e-01
7.126436781609195581e-01
6.896551724137931494e-01
6.781609195402298340e-01
7.816091954022988952e-01
7.356321839080459668e-01
7.471264367816091712e-01
7.241379310344827624e-01
6.896551724137931494e-01
8.275862068965517127e-01
7.586206896551723755e-01
7.701149425287355799e-01
8.275862068965517127e-01
7.126436781609195581e-01
7.011494252873563537e-01
8.160919540229885083e-01
8.735632183908046411e-01
7.816091954022988952e-01
8.045977011494253039e-01
7.356321839080459668e-01
7.816091954022988952e-01
7.586206896551723755e-01
7.126436781609195581e-01
6.091954022988506079e-01
6.896551724137931494e-01
8.275862068965517127e-01
7.586206896551723755e-01
7.586206896551723755e-01
7.356321839080459668e-01
7.586206896551723755e-01
8.390804597701149170e-01
8.390804597701149170e-01
7.586206896551723755e-01
7.701149425287355799e-01
6.896551724137931494e-01
7.471264367816091712e-01
7.356321839080459668e-01
7.126436781609195581e-01
7.241379310344827624e-01
6.321839080459770166e-01
7.011494252873563537e-01
7.816091954022988952e-01
7.356321839080459668e-01
7.471264367816091712e-01
7.586206896551723755e-01
6.896551724137931494e-01
6.666666666666666297e-01
7.126436781609195581e-01
7.816091954022988952e-01
6.321839080459770166e-01
7.356321839080459668e-01
7.356321839080459668e-01
7.241379310344827624e-01
7.241379310344827624e-01
7.126436781609195581e-01
6.781609195402298340e-01
7.126436781609195581e-01
7.586206896551723755e-01
8.620689655172413257e-01
7.356321839080459668e-01
7.356321839080459668e-01
7.701149425287355799e-01
8.275862068965517127e-01
6.896551724137931494e-01
7.701149425287355799e-01
7.241379310344827624e-01
7.011494252873563537e-01
7.241379310344827624e-01
7.241379310344827624e-01
6.781609195402298340e-01
6.896551724137931494e-01
6.436781609195402210e-01
7.011494252873563537e-01
6.896551724137931494e-01
7.816091954022988952e-01
6.896551724137931494e-01
6.781609195402298340e-01
6.666666666666666297e-01
6.321839080459770166e-01
6.781609195402298340e-01
7.471264367816091712e-01
7.241379310344827624e-01
7.011494252873563537e-01
6.206896551724138122e-01
6.896551724137931494e-01
6.896551724137931494e-01
6.781609195402298340e-01
6.321839080459770166e-01
6.551724137931034253e-01
6.091954022988506079e-01
6.666666666666666297e-01
7.126436781609195581e-01
6.321839080459770166e-01
6.666666666666666297e-01
7.126436781609195581e-01
7.126436781609195581e-01
6.896551724137931494e-01
7.356321839080459668e-01
7.471264367816091712e-01
6.321839080459770166e-01
7.471264367816091712e-01
6.551724137931034253e-01
6.551724137931034253e-01
7.356321839080459668e-01
8.620689655172413257e-01
7.701149425287355799e-01
7.241379310344827624e-01
7.356321839080459668e-01
6.551724137931034253e-01
6.436781609195402210e-01
6.896551724137931494e-01
6.781609195402298340e-01
7.356321839080459668e-01
7.011494252873563537e-01
7.011494252873563537e-01
6.551724137931034253e-01
6.551724137931034253e-01
6.091954022988506079e-01
6.896551724137931494e-01
6.896551724137931494e-01
7.356321839080459668e-01
7.356321839080459668e-01
6.666666666666666297e-01
7.126436781609195581e-01
6.781609195402298340e-01
7.126436781609195581e-01
7.356321839080459668e-01
7.011494252873563537e-01
7.356321839080459668e-01
7.011494252873563537e-01
6.781609195402298340e-01
7.471264367816091712e-01
7.241379310344827624e-01
6.436781609195402210e-01
8.045977011494253039e-01
6.551724137931034253e-01
5.747126436781608838e-01
7.471264367816091712e-01
7.356321839080459668e-01
6.206896551724138122e-01
7.011494252873563537e-01
7.126436781609195581e-01
6.781609195402298340e-01
7.241379310344827624e-01
7.816091954022988952e-01
7.471264367816091712e-01
7.126436781609195581e-01
8.160919540229885083e-01
6.781609195402298340e-01
7.586206896551723755e-01
6.436781609195402210e-01
8.045977011494253039e-01
6.666666666666666297e-01
7.126436781609195581e-01
6.666666666666666297e-01
7.126436781609195581e-01
6.091954022988506079e-01
7.931034482758620996e-01
6.666666666666666297e-01
6.091954022988506079e-01
6.551724137931034253e-01
6.896551724137931494e-01
7.241379310344827624e-01
6.666666666666666297e-01
8.045977011494253039e-01
7.471264367816091712e-01
7.126436781609195581e-01
6.781609195402298340e-01
6.896551724137931494e-01
7.126436781609195581e-01
7.816091954022988952e-01
6.896551724137931494e-01
6.666666666666666297e-01
6.781609195402298340e-01
6.091954022988506079e-01
6.551724137931034253e-01
6.206896551724138122e-01
6.321839080459770166e-01
6.551724137931034253e-01
6.551724137931034253e-01
6.551724137931034253e-01
