1.000000000000000000e+00
8.701030927835051720e-01
7.979381443298969590e-01
7.525773195876288568e-01
7.896907216494845061e-01
7.608247422680411987e-01
7.360824742268041732e-01
7.072164948453608657e-01
6.969072164948453274e-01
6.804123711340206437e-01
6.701030927835051054e-01
6.309278350515463707e-01
6.247422680412371143e-01
6.206185567010309434e-01
6.680412371134020200e-01
6.226804123711340289e-01
5.999999999999999778e-01
6.185567010309278579e-01
5.793814432989691232e-01
6.329896907216494562e-01
6.082474226804123196e-01
5.195876288659794229e-01
5.793814432989691232e-01
5.690721649484535849e-01
5.525773195876289012e-01
5.608247422680412431e-01
5.381443298969071920e-01
5.072164948453607991e-01
5.278350515463917647e-01
5.319587628865979356e-01
4.618556701030928080e-01
5.257731958762886793e-01
4.845360824742268036e-01
4.824742268041237181e-01
5.072164948453607991e-01
4.618556701030928080e-01
4.886597938144329745e-01
4.783505154639175472e-01
4.948453608247422864e-01
4.762886597938144062e-01
4.824742268041237181e-01
4.762886597938144062e-01
4.432989690721649279e-01
4.618556701030928080e-01
4.371134020618556715e-01
4.536082474226804107e-01
4.474226804123711543e-01
4.577319587628865816e-01
4.144329896907216759e-01
4.164948453608247614e-01
4.020618556701031077e-01
4.474226804123711543e-01
3.958762886597937958e-01
4.391752577319587569e-01
4.103092783505154495e-01
3.752577319587628857e-01
4.061855670103092786e-01
3.876288659793814539e-01
3.896907216494845394e-01
3.938144329896907103e-01
4.082474226804123640e-01
4.000000000000000222e-01
3.711340206185567148e-01
3.958762886597937958e-01
3.752577319587628857e-01
3.793814432989690566e-01
3.814432989690721421e-01
3.608247422680412320e-01
3.505154639175257492e-01
3.979381443298968812e-01
3.484536082474226637e-01
3.690721649484536293e-01
3.567010309278350610e-01
3.628865979381443174e-01
3.711340206185567148e-01
3.278350515463917536e-01
3.443298969072164928e-01
3.463917525773195782e-01
3.216494845360824972e-01
3.711340206185567148e-01
3.422680412371134073e-01
3.463917525773195782e-01
3.381443298969072364e-01
3.257731958762886681e-01
3.484536082474226637e-01
3.072164948453608435e-01
3.319587628865979245e-01
3.340206185567010100e-01
3.298969072164948391e-01
3.443298969072164928e-01
3.175257731958762708e-01
3.237113402061855827e-01
3.402061855670103219e-01
3.237113402061855827e-01
3.257731958762886681e-01
3.216494845360824972e-01
3.463917525773195782e-01
3.216494845360824972e-01
3.237113402061855827e-01
3.381443298969072364e-01
3.010309278350515316e-01
2.969072164948453607e-01
3.257731958762886681e-01
3.195876288659793563e-01
3.113402061855670144e-01
3.030927835051546171e-01
3.402061855670103219e-01
3.298969072164948391e-01
3.257731958762886681e-01
2.969072164948453607e-01
3.134020618556700999e-01
3.051546391752577581e-01
2.927835051546391898e-01
3.216494845360824972e-01
2.701030927835051387e-01
2.783505154639175361e-01
2.824742268041237070e-01
2.639175257731958824e-01
2.742268041237113652e-01
2.680412371134020533e-01
2.783505154639175361e-01
2.783505154639175361e-01
2.639175257731958824e-01
3.010309278350515316e-01
2.618556701030927969e-01
2.597938144329897114e-01
2.597938144329897114e-01
2.721649484536082242e-01
2.453608247422680300e-01
2.515463917525773141e-01
2.515463917525773141e-01
2.577319587628865705e-01
2.474226804123711432e-01
2.474226804123711432e-01
2.721649484536082242e-01
2.556701030927834850e-01
2.247422680412371199e-01
2.577319587628865705e-01
2.474226804123711432e-01
2.474226804123711432e-01
2.371134020618556604e-01
2.226804123711340344e-01
2.453608247422680300e-01
2.453608247422680300e-01
2.412371134020618590e-01
2.391752577319587736e-01
2.597938144329897114e-01
2.474226804123711432e-01
2.350515463917525749e-01
2.536082474226803996e-01
2.371134020618556604e-01
2.474226804123711432e-01
2.494845360824742286e-01
2.391752577319587736e-01
2.391752577319587736e-01
2.618556701030927969e-01
2.577319587628865705e-01
2.309278350515464040e-01
2.536082474226803996e-01
2.288659793814432908e-01
2.061855670103092675e-01
2.288659793814432908e-01
2.041237113402061820e-01
2.247422680412371199e-01
1.855670103092783574e-01
2.144329896907216371e-01
2.000000000000000111e-01
2.123711340206185516e-01
2.371134020618556604e-01
2.206185567010309212e-01
2.164948453608247503e-01
2.329896907216494895e-01
2.082474226804123807e-01
2.164948453608247503e-01
2.268041237113402053e-01
2.020618556701030966e-01
2.206185567010309212e-01
2.020618556701030966e-01
2.123711340206185516e-01
2.082474226804123807e-01
2.061855670103092675e-01
2.000000000000000111e-01
2.061855670103092675e-01
1.958762886597938124e-01
1.896907216494845283e-01
1.958762886597938124e-01
2.144329896907216371e-01
1.876288659793814428e-01
1.958762886597938124e-01
2.041237113402061820e-01
1.896907216494845283e-01
1.855670103092783574e-01
2.206185567010309212e-01
1.896907216494845283e-01
2.061855670103092675e-01
2.103092783505154661e-01
2.061855670103092675e-01
2.164948453608247503e-01
2.206185567010309212e-01
2.123711340206185516e-01
2.103092783505154661e-01
2.103092783505154661e-01
1.752577319587628746e-01
1.876288659793814428e-01
1.958762886597938124e-01
1.876288659793814428e-01
1.649484536082474195e-01
1.670103092783505050e-01
1.814432989690721587e-01
1.814432989690721587e-01
1.938144329896907270e-01
1.731958762886597891e-01
1.690721649484536182e-01
1.711340206185567037e-01
1.979381443298968979e-01
1.896907216494845283e-01
1.855670103092783574e-01
1.649484536082474195e-01
1.814432989690721587e-01
1.731958762886597891e-01
1.731958762886597891e-01
1.773195876288659878e-01
1.979381443298968979e-01
1.835051546391752442e-01
1.896907216494845283e-01
1.814432989690721587e-01
1.917525773195876415e-01
1.814432989690721587e-01
1.917525773195876415e-01
1.896907216494845283e-01
1.896907216494845283e-01
1.979381443298968979e-01
1.938144329896907270e-01
2.041237113402061820e-01
1.814432989690721587e-01
1.938144329896907270e-01
1.670103092783505050e-01
1.711340206185567037e-01
1.958762886597938124e-01
1.814432989690721587e-01
2.041237113402061820e-01
1.711340206185567037e-01
1.628865979381443341e-01
1.711340206185567037e-01
1.649484536082474195e-01
1.546391752577319645e-01
1.814432989690721587e-01
1.835051546391752442e-01
1.752577319587628746e-01
1.917525773195876415e-01
1.752577319587628746e-01
1.752577319587628746e-01
1.814432989690721587e-01
1.690721649484536182e-01
1.896907216494845283e-01
1.876288659793814428e-01
1.752577319587628746e-01
1.711340206185567037e-01
1.752577319587628746e-01
1.752577319587628746e-01
1.773195876288659878e-01
1.752577319587628746e-01
1.773195876288659878e-01
1.690721649484536182e-01
1.814432989690721587e-01
1.814432989690721587e-01
1.711340206185567037e-01
1.731958762886597891e-01
1.835051546391752442e-01
1.670103092783505050e-01
1.876288659793814428e-01
1.793814432989690733e-01
1.628865979381443341e-01
1.711340206185567037e-01
1.793814432989690733e-01
1.711340206185567037e-01
1.690721649484536182e-01
1.793814432989690733e-01
1.793814432989690733e-01
1.731958762886597891e-01
1.690721649484536182e-01
1.896907216494845283e-01
1.608247422680412486e-01
1.917525773195876415e-01
1.649484536082474195e-01
1.731958762886597891e-01
1.690721649484536182e-01
1.690721649484536182e-01
1.649484536082474195e-01
1.670103092783505050e-01
1.855670103092783574e-01
1.752577319587628746e-01
1.567010309278350499e-01
1.773195876288659878e-01
1.917525773195876415e-01
1.670103092783505050e-01
1.731958762886597891e-01
1.505154639175257658e-01
1.525773195876288790e-01
1.587628865979381354e-01
1.670103092783505050e-01
1.670103092783505050e-01
1.567010309278350499e-01
1.690721649484536182e-01
1.525773195876288790e-01
1.546391752577319645e-01
1.567010309278350499e-01
1.587628865979381354e-01
1.525773195876288790e-01
1.525773195876288790e-01
1.608247422680412486e-01
1.731958762886597891e-01
1.670103092783505050e-01
1.628865979381443341e-01
1.649484536082474195e-01
1.567010309278350499e-01
1.319587628865979412e-01
1.525773195876288790e-01
1.443298969072164817e-01
1.402061855670103108e-01
1.505154639175257658e-01
1.484536082474226804e-01
1.381443298969072253e-01
1.257731958762886570e-01
1.608247422680412486e-01
1.525773195876288790e-01
1.628865979381443341e-01
1.484536082474226804e-01
1.463917525773195949e-01
1.422680412371133962e-01
1.546391752577319645e-01
1.463917525773195949e-01
1.505154639175257658e-01
1.567010309278350499e-01
1.525773195876288790e-01
1.360824742268041121e-01
1.587628865979381354e-01
1.443298969072164817e-01
1.360824742268041121e-01
1.381443298969072253e-01
1.402061855670103108e-01
1.381443298969072253e-01
1.402061855670103108e-01
1.484536082474226804e-01
1.402061855670103108e-01
1.505154639175257658e-01
1.175257731958762875e-01
1.402061855670103108e-01
1.237113402061855716e-01
1.422680412371133962e-01
1.402061855670103108e-01
1.525773195876288790e-01
1.402061855670103108e-01
1.402061855670103108e-01
1.443298969072164817e-01
1.443298969072164817e-01
1.216494845360824723e-01
1.463917525773195949e-01
1.257731958762886570e-01
1.443298969072164817e-01
1.525773195876288790e-01
1.546391752577319645e-01
1.360824742268041121e-01
1.463917525773195949e-01
1.340206185567010266e-01
1.567010309278350499e-01
1.402061855670103108e-01
1.484536082474226804e-01
1.360824742268041121e-01
1.257731958762886570e-01
1.360824742268041121e-01
1.402061855670103108e-01
1.298969072164948557e-01
1.319587628865979412e-01
1.319587628865979412e-01
1.443298969072164817e-01
1.319587628865979412e-01
1.340206185567010266e-01
1.113402061855670172e-01
1.381443298969072253e-01
1.340206185567010266e-01
1.298969072164948557e-01
1.175257731958762875e-01
1.402061855670103108e-01
1.216494845360824723e-01
1.360824742268041121e-01
1.381443298969072253e-01
1.195876288659793868e-01
1.298969072164948557e-01
1.340206185567010266e-01
1.216494845360824723e-01
1.237113402061855716e-01
1.360824742268041121e-01
1.278350515463917425e-01
1.278350515463917425e-01
1.175257731958762875e-01
1.237113402061855716e-01
1.298969072164948557e-01
1.237113402061855716e-01
1.195876288659793868e-01
1.298969072164948557e-01
