1.000000000000000000e+00
9.201520912547528352e-01
8.669201520912547254e-01
8.231939163498098733e-01
8.346007604562737381e-01
8.326996197718631310e-01
8.117870722433460084e-01
8.269961977186311985e-01
7.661596958174905492e-01
7.471482889733840338e-01
7.300380228136882366e-01
7.243346007604563042e-01
7.224334600760455860e-01
7.414448669201521014e-01
7.300380228136882366e-01
6.901140684410645987e-01
7.167300380228136536e-01
6.958174904942965311e-01
7.091254752851711141e-01
6.673003802281368690e-01
6.825095057034220591e-01
6.558935361216730042e-01
6.977186311787072492e-01
6.863117870722433844e-01
6.939163498098859240e-01
6.825095057034220591e-01
6.634980988593155438e-01
6.254752851711026240e-01
6.102661596958175450e-01
5.988593155893535691e-01
6.577946768060836114e-01
6.083650190114068268e-01
6.292775665399239493e-01
6.026615969581748944e-01
5.950570342205323549e-01
6.140684410646387592e-01
6.007604562737642873e-01
5.912547528517110296e-01
6.254752851711026240e-01
5.608365019011406494e-01
5.931558935361216367e-01
6.102661596958175450e-01
6.140684410646387592e-01
5.931558935361216367e-01
5.399239543726235269e-01
5.779467680608364466e-01
5.779467680608364466e-01
5.285171102661596620e-01
5.475285171102661774e-01
5.247148288973384478e-01
5.418250950570342450e-01
5.361216730038023126e-01
5.399239543726235269e-01
5.171102661596957972e-01
5.513307984790875027e-01
5.095057034220532577e-01
5.285171102661596620e-01
5.266159695817490549e-01
5.133079847908744719e-01
5.038022813688213253e-01
5.019011406844106071e-01
5.209125475285171225e-01
5.152091254752851901e-01
5.247148288973384478e-01
5.266159695817490549e-01
5.152091254752851901e-01
4.448669201520912275e-01
4.904942965779467423e-01
4.790874524714828775e-01
4.866920152091254725e-01
4.790874524714828775e-01
5.133079847908744719e-01
4.961977186311787302e-01
4.258555133079847677e-01
4.714828897338402824e-01
4.429657794676806204e-01
4.638783269961977429e-01
4.429657794676806204e-01
4.448669201520912275e-01
4.486692015209125528e-01
4.334600760456273627e-01
4.429657794676806204e-01
4.600760456273764176e-01
4.448669201520912275e-01
4.505703422053232154e-01
4.258555133079847677e-01
4.277566539923954303e-01
4.695817490494296753e-01
3.897338403041825106e-01
4.429657794676806204e-01
3.916349809885931732e-01
4.239543726235741605e-01
4.429657794676806204e-01
4.524714828897338226e-01
4.391634980988592951e-01
4.296577946768060929e-01
4.239543726235741605e-01
4.258555133079847677e-01
3.897338403041825106e-01
3.973384030418251056e-01
3.878326996197718479e-01
4.163498098859315655e-01
4.106463878326996331e-01
3.783269961977186457e-01
3.992395437262357683e-01
3.954372623574144430e-01
4.106463878326996331e-01
3.669201520912547254e-01
3.764258555133079831e-01
3.992395437262357683e-01
3.916349809885931732e-01
4.011406844106463754e-01
3.726235741444867133e-01
3.954372623574144430e-01
3.574144486692015232e-01
3.669201520912547254e-01
3.783269961977186457e-01
3.688212927756653881e-01
3.992395437262357683e-01
3.859315589353612408e-01
3.726235741444867133e-01
4.030418250950570380e-01
3.745247148288973205e-01
3.783269961977186457e-01
4.087452471482889704e-01
3.764258555133079831e-01
3.764258555133079831e-01
3.745247148288973205e-01
3.726235741444867133e-01
3.593155893536121859e-01
3.384030418250950634e-01
3.441064638783269958e-01
3.365019011406844007e-01
3.574144486692015232e-01
3.479087452471482655e-01
3.250950570342205359e-01
3.479087452471482655e-01
3.612167300380227930e-01
3.307984790874524683e-01
3.422053231939163331e-01
3.441064638783269958e-01
3.136882129277566711e-01
3.174904942965779409e-01
3.288973384030418057e-01
3.117870722433460084e-01
3.098859315589353458e-01
2.946768060836502112e-01
3.212927756653992661e-01
3.288973384030418057e-01
2.927756653992395486e-01
3.346007604562737381e-01
3.098859315589353458e-01
3.193916349809886035e-01
3.231939163498098733e-01
3.403041825095057260e-01
3.136882129277566711e-01
3.460076045627376584e-01
3.403041825095057260e-01
3.174904942965779409e-01
3.117870722433460084e-01
3.136882129277566711e-01
3.022813688212927508e-01
2.908745247148288859e-01
2.984790874524714810e-01
3.193916349809886035e-01
3.193916349809886035e-01
3.155893536121672782e-01
3.174904942965779409e-01
3.060836501901140760e-01
3.250950570342205359e-01
3.174904942965779409e-01
2.984790874524714810e-01
2.889733840304182233e-01
3.136882129277566711e-01
2.813688212927756838e-01
2.851711026615969535e-01
2.775665399239543585e-01
2.813688212927756838e-01
2.946768060836502112e-01
2.965779467680608183e-01
3.022813688212927508e-01
2.927756653992395486e-01
2.927756653992395486e-01
2.851711026615969535e-01
2.870722433460076162e-01
2.908745247148288859e-01
2.984790874524714810e-01
3.003802281368821436e-01
3.060836501901140760e-01
3.079847908745247387e-01
3.326996197718631310e-01
3.079847908745247387e-01
2.946768060836502112e-01
2.870722433460076162e-01
3.193916349809886035e-01
3.117870722433460084e-01
3.136882129277566711e-01
2.718631178707224261e-01
2.699619771863117634e-01
2.813688212927756838e-01
2.889733840304182233e-01
2.813688212927756838e-01
2.604562737642585613e-01
2.718631178707224261e-01
2.775665399239543585e-01
2.889733840304182233e-01
2.680608365019011563e-01
2.908745247148288859e-01
2.908745247148288859e-01
2.870722433460076162e-01
2.661596958174904937e-01
2.889733840304182233e-01
2.984790874524714810e-01
2.737642585551330887e-01
2.851711026615969535e-01
2.851711026615969535e-01
2.737642585551330887e-01
2.813688212927756838e-01
2.927756653992395486e-01
3.117870722433460084e-01
2.566539923954372360e-01
2.509505703422053036e-01
2.623574144486692239e-01
2.870722433460076162e-01
2.832699619771862909e-01
2.984790874524714810e-01
2.794676806083650211e-01
2.851711026615969535e-01
2.813688212927756838e-01
2.699619771863117634e-01
2.642585551330798310e-01
2.737642585551330887e-01
2.908745247148288859e-01
2.984790874524714810e-01
3.041825095057034134e-01
2.965779467680608183e-01
2.718631178707224261e-01
2.699619771863117634e-01
2.965779467680608183e-01
2.547528517110266288e-01
2.718631178707224261e-01
2.699619771863117634e-01
2.623574144486692239e-01
2.528517110266159662e-01
2.452471482889733712e-01
2.395437262357414387e-01
2.566539923954372360e-01
2.756653992395437514e-01
2.528517110266159662e-01
2.452471482889733712e-01
2.452471482889733712e-01
2.566539923954372360e-01
2.357414448669201412e-01
2.338403041825095063e-01
2.509505703422053036e-01
2.186311787072243440e-01
2.319391634980988715e-01
2.585551330798478986e-01
2.186311787072243440e-01
2.395437262357414387e-01
2.376425855513308039e-01
2.471482889733840338e-01
2.319391634980988715e-01
2.281368821292775739e-01
2.262357414448669113e-01
2.433460076045627363e-01
2.205323193916349789e-01
2.376425855513308039e-01
2.129277566539923838e-01
2.319391634980988715e-01
2.129277566539923838e-01
2.224334600760456138e-01
2.205323193916349789e-01
2.300380228136882088e-01
2.053231939163498165e-01
2.262357414448669113e-01
2.414448669201521014e-01
2.186311787072243440e-01
2.338403041825095063e-01
2.414448669201521014e-01
2.129277566539923838e-01
2.186311787072243440e-01
1.920152091254752891e-01
2.205323193916349789e-01
2.110266159695817489e-01
2.148288973384030465e-01
2.015209125475285190e-01
1.901140684410646264e-01
1.844106463878326940e-01
1.958174904942965866e-01
1.882129277566539916e-01
1.863117870722433567e-01
1.844106463878326940e-01
1.882129277566539916e-01
1.901140684410646264e-01
1.958174904942965866e-01
2.015209125475285190e-01
2.129277566539923838e-01
1.996197718631178841e-01
2.034220532319391539e-01
2.110266159695817489e-01
1.768060836501901267e-01
2.129277566539923838e-01
2.015209125475285190e-01
1.882129277566539916e-01
1.806083650190113965e-01
2.034220532319391539e-01
1.844106463878326940e-01
1.730038022813688292e-01
1.806083650190113965e-01
1.920152091254752891e-01
1.787072243346007616e-01
1.939163498098859240e-01
1.806083650190113965e-01
1.996197718631178841e-01
1.615969581749049366e-01
1.615969581749049366e-01
1.844106463878326940e-01
1.958174904942965866e-01
1.749049429657794641e-01
1.882129277566539916e-01
1.653992395437262342e-01
1.882129277566539916e-01
1.806083650190113965e-01
1.958174904942965866e-01
1.615969581749049366e-01
1.749049429657794641e-01
1.844106463878326940e-01
1.901140684410646264e-01
1.749049429657794641e-01
1.863117870722433567e-01
1.749049429657794641e-01
1.558935361216730042e-01
1.653992395437262342e-01
1.558935361216730042e-01
1.615969581749049366e-01
1.958174904942965866e-01
1.844106463878326940e-01
1.787072243346007616e-01
1.806083650190113965e-01
1.825095057034220591e-01
1.692015209125475317e-01
1.634980988593155993e-01
1.711026615969581666e-01
1.806083650190113965e-01
1.787072243346007616e-01
1.749049429657794641e-01
1.692015209125475317e-01
1.520912547528517067e-01
1.615969581749049366e-01
1.844106463878326940e-01
1.596958174904943017e-01
1.673003802281368690e-01
1.692015209125475317e-01
1.711026615969581666e-01
1.825095057034220591e-01
1.768060836501901267e-01
1.673003802281368690e-01
1.711026615969581666e-01
1.673003802281368690e-01
1.653992395437262342e-01
1.673003802281368690e-01
1.501901140684410718e-01
1.596958174904943017e-01
1.558935361216730042e-01
1.520912547528517067e-01
1.330798479087452468e-01
1.520912547528517067e-01
1.653992395437262342e-01
1.387832699619771792e-01
1.596958174904943017e-01
1.673003802281368690e-01
1.653992395437262342e-01
1.482889733840304092e-01
1.482889733840304092e-01
1.653992395437262342e-01
1.653992395437262342e-01
1.463878326996197743e-01
1.463878326996197743e-01
1.558935361216730042e-01
1.425855513307984768e-01
1.558935361216730042e-01
1.615969581749049366e-01
1.711026615969581666e-01
1.463878326996197743e-01
1.349809885931558817e-01
1.463878326996197743e-01
1.577946768060836391e-01
1.444866920152091117e-01
1.615969581749049366e-01
1.368821292775665444e-01
1.444866920152091117e-01
1.615969581749049366e-01
1.482889733840304092e-01
1.558935361216730042e-01
1.330798479087452468e-01
1.425855513307984768e-01
1.520912547528517067e-01
1.558935361216730042e-01
1.216730038022813681e-01
1.387832699619771792e-01
