1.000000000000000000e+00
7.984496124031007502e-01
8.294573643410853014e-01
7.093023255813953876e-01
6.472868217054263962e-01
7.674418604651163101e-01
6.589147286821704919e-01
6.666666666666666297e-01
7.054263565891473187e-01
6.356589147286821895e-01
6.124031007751937761e-01
5.813953488372093359e-01
5.465116279069767158e-01
5.736434108527131981e-01
5.542635658914728536e-01
5.232558139534884134e-01
5.503875968992247847e-01
5.310077519379845512e-01
5.503875968992247847e-01
5.426356589147286469e-01
5.542635658914728536e-01
5.775193798449612670e-01
5.271317829457364823e-01
4.922480620155038622e-01
5.193798449612403445e-01
4.922480620155038622e-01
4.806201550387597110e-01
4.534883720930232287e-01
4.612403100775193665e-01
4.108527131782945818e-01
4.728682170542635732e-01
4.496124031007752153e-01
4.496124031007752153e-01
4.379844961240310086e-01
4.224806201550387330e-01
4.573643410852712976e-01
4.302325581395348708e-01
4.147286821705426507e-01
3.992248062015503751e-01
3.488372093023255904e-01
3.720930232558139483e-01
3.837209302325581550e-01
3.643410852713178105e-01
3.372093023255813837e-01
3.333333333333333148e-01
3.720930232558139483e-01
3.294573643410852459e-01
2.945736434108527368e-01
3.565891472868217282e-01
3.217054263565891636e-01
3.217054263565891636e-01
3.604651162790697416e-01
3.372093023255813837e-01
3.139534883720930258e-01
3.100775193798449569e-01
2.829457364341085301e-01
3.023255813953488191e-01
3.255813953488372325e-01
3.023255813953488191e-01
2.674418604651162545e-01
2.713178294573643234e-01
2.713178294573643234e-01
3.023255813953488191e-01
2.945736434108527368e-01
3.294573643410852459e-01
2.945736434108527368e-01
3.100775193798449569e-01
2.713178294573643234e-01
2.751937984496123923e-01
2.751937984496123923e-01
3.062015503875968880e-01
3.178294573643410947e-01
2.984496124031007502e-01
2.751937984496123923e-01
2.713178294573643234e-01
2.596899224806201723e-01
2.751937984496123923e-01
2.480620155038759655e-01
2.751937984496123923e-01
2.441860465116278966e-01
2.131782945736434010e-01
2.364341085271317866e-01
2.674418604651162545e-01
2.131782945736434010e-01
2.635658914728682412e-01
2.558139534883721034e-01
2.635658914728682412e-01
2.286821705426356488e-01
2.325581395348837177e-01
2.635658914728682412e-01
2.713178294573643234e-01
2.674418604651162545e-01
2.286821705426356488e-01
2.364341085271317866e-01
2.829457364341085301e-01
2.403100775193798555e-01
2.209302325581395388e-01
2.441860465116278966e-01
2.170542635658914699e-01
2.519379844961240345e-01
2.751937984496123923e-01
1.976744186046511531e-01
2.170542635658914699e-01
1.937984496124031120e-01
2.325581395348837177e-01
1.860465116279069742e-01
1.899224806201550431e-01
2.015503875968992220e-01
2.286821705426356488e-01
2.209302325581395388e-01
2.209302325581395388e-01
2.131782945736434010e-01
2.131782945736434010e-01
1.937984496124031120e-01
2.015503875968992220e-01
1.976744186046511531e-01
1.627906976744186163e-01
1.705426356589147263e-01
1.860465116279069742e-01
1.589147286821705474e-01
1.860465116279069742e-01
1.860465116279069742e-01
1.744186046511627952e-01
2.054263565891472909e-01
1.860465116279069742e-01
1.860465116279069742e-01
1.744186046511627952e-01
1.821705426356589053e-01
1.821705426356589053e-01
1.705426356589147263e-01
1.705426356589147263e-01
1.899224806201550431e-01
1.899224806201550431e-01
1.472868217054263684e-01
1.356589147286821617e-01
1.511627906976744096e-01
1.860465116279069742e-01
1.550387596899224785e-01
1.705426356589147263e-01
1.782945736434108641e-01
1.472868217054263684e-01
1.937984496124031120e-01
1.279069767441860517e-01
1.627906976744186163e-01
1.434108527131782995e-01
1.627906976744186163e-01
1.550387596899224785e-01
1.627906976744186163e-01
1.511627906976744096e-01
1.472868217054263684e-01
1.356589147286821617e-01
1.666666666666666574e-01
1.434108527131782995e-01
1.550387596899224785e-01
1.744186046511627952e-01
1.705426356589147263e-01
1.472868217054263684e-01
1.279069767441860517e-01
1.279069767441860517e-01
1.162790697674418589e-01
1.511627906976744096e-01
1.356589147286821617e-01
1.550387596899224785e-01
1.201550387596899278e-01
1.356589147286821617e-01
1.085271317829457349e-01
1.279069767441860517e-01
1.511627906976744096e-01
1.395348837209302306e-01
1.356589147286821617e-01
1.395348837209302306e-01
1.162790697674418589e-01
1.162790697674418589e-01
1.279069767441860517e-01
1.201550387596899278e-01
1.124031007751938038e-01
1.201550387596899278e-01
1.124031007751938038e-01
1.317829457364341206e-01
1.511627906976744096e-01
1.434108527131782995e-01
1.046511627906976799e-01
1.472868217054263684e-01
1.356589147286821617e-01
1.472868217054263684e-01
9.689922480620155598e-02
1.201550387596899278e-01
9.302325581395348708e-02
1.046511627906976799e-01
1.085271317829457349e-01
1.162790697674418589e-01
1.279069767441860517e-01
1.085271317829457349e-01
1.085271317829457349e-01
8.527131782945736316e-02
1.124031007751938038e-01
1.124031007751938038e-01
9.302325581395348708e-02
1.162790697674418589e-01
1.279069767441860517e-01
9.302325581395348708e-02
1.201550387596899278e-01
8.914728682170543206e-02
1.007751937984496110e-01
1.279069767441860517e-01
1.007751937984496110e-01
1.279069767441860517e-01
8.914728682170543206e-02
1.317829457364341206e-01
1.046511627906976799e-01
1.085271317829457349e-01
1.046511627906976799e-01
1.162790697674418589e-01
1.124031007751938038e-01
9.689922480620155598e-02
1.046511627906976799e-01
9.302325581395348708e-02
9.689922480620155598e-02
8.527131782945736316e-02
8.914728682170543206e-02
8.527131782945736316e-02
1.007751937984496110e-01
1.124031007751938038e-01
9.302325581395348708e-02
1.317829457364341206e-01
8.527131782945736316e-02
9.302325581395348708e-02
9.302325581395348708e-02
9.689922480620155598e-02
8.139534883720930813e-02
5.813953488372092943e-02
1.124031007751938038e-01
1.007751937984496110e-01
1.007751937984496110e-01
1.085271317829457349e-01
1.046511627906976799e-01
9.689922480620155598e-02
8.914728682170543206e-02
9.689922480620155598e-02
8.139534883720930813e-02
9.302325581395348708e-02
1.085271317829457349e-01
7.751937984496123923e-02
1.046511627906976799e-01
9.689922480620155598e-02
8.914728682170543206e-02
1.007751937984496110e-01
1.007751937984496110e-01
1.085271317829457349e-01
1.046511627906976799e-01
9.689922480620155598e-02
1.240310077519379828e-01
1.124031007751938038e-01
1.046511627906976799e-01
9.689922480620155598e-02
9.302325581395348708e-02
1.007751937984496110e-01
1.085271317829457349e-01
1.046511627906976799e-01
6.976744186046511531e-02
8.139534883720930813e-02
5.813953488372092943e-02
8.527131782945736316e-02
9.689922480620155598e-02
8.139534883720930813e-02
8.139534883720930813e-02
1.124031007751938038e-01
9.689922480620155598e-02
1.085271317829457349e-01
9.689922480620155598e-02
9.302325581395348708e-02
6.589147286821706029e-02
6.589147286821706029e-02
1.007751937984496110e-01
8.527131782945736316e-02
8.139534883720930813e-02
8.139534883720930813e-02
8.914728682170543206e-02
6.589147286821706029e-02
8.914728682170543206e-02
1.007751937984496110e-01
7.364341085271318421e-02
7.751937984496123923e-02
7.751937984496123923e-02
8.914728682170543206e-02
8.527131782945736316e-02
7.364341085271318421e-02
7.751937984496123923e-02
8.139534883720930813e-02
7.751937984496123923e-02
6.201550387596899139e-02
6.976744186046511531e-02
6.976744186046511531e-02
6.976744186046511531e-02
8.139534883720930813e-02
9.689922480620155598e-02
7.751937984496123923e-02
7.751937984496123923e-02
7.751937984496123923e-02
8.139534883720930813e-02
1.007751937984496110e-01
1.046511627906976799e-01
6.976744186046511531e-02
7.364341085271318421e-02
8.914728682170543206e-02
7.751937984496123923e-02
8.527131782945736316e-02
6.201550387596899139e-02
7.751937984496123923e-02
5.813953488372092943e-02
6.976744186046511531e-02
6.201550387596899139e-02
7.364341085271318421e-02
8.139534883720930813e-02
8.527131782945736316e-02
7.751937984496123923e-02
6.976744186046511531e-02
8.914728682170543206e-02
8.914728682170543206e-02
7.751937984496123923e-02
6.589147286821706029e-02
7.751937984496123923e-02
8.139534883720930813e-02
7.751937984496123923e-02
7.364341085271318421e-02
6.976744186046511531e-02
9.302325581395348708e-02
7.751937984496123923e-02
6.589147286821706029e-02
5.038759689922480550e-02
5.813953488372092943e-02
6.201550387596899139e-02
5.813953488372092943e-02
7.751937984496123923e-02
6.976744186046511531e-02
6.976744186046511531e-02
5.426356589147286746e-02
5.813953488372092943e-02
6.976744186046511531e-02
6.589147286821706029e-02
5.426356589147286746e-02
6.589147286821706029e-02
6.201550387596899139e-02
6.201550387596899139e-02
5.426356589147286746e-02
4.263565891472868158e-02
5.038759689922480550e-02
5.813953488372092943e-02
6.201550387596899139e-02
5.038759689922480550e-02
5.426356589147286746e-02
5.813953488372092943e-02
5.426356589147286746e-02
5.038759689922480550e-02
4.651162790697674354e-02
4.651162790697674354e-02
4.263565891472868158e-02
4.263565891472868158e-02
4.651162790697674354e-02
3.875968992248061962e-02
4.263565891472868158e-02
3.100775193798449569e-02
4.651162790697674354e-02
3.875968992248061962e-02
3.100775193798449569e-02
3.488372093023255766e-02
5.813953488372092943e-02
5.426356589147286746e-02
3.875968992248061962e-02
3.875968992248061962e-02
4.263565891472868158e-02
5.426356589147286746e-02
3.875968992248061962e-02
4.263565891472868158e-02
4.263565891472868158e-02
5.426356589147286746e-02
4.263565891472868158e-02
4.263565891472868158e-02
5.813953488372092943e-02
1.937984496124030981e-02
3.875968992248061962e-02
5.038759689922480550e-02
3.488372093023255766e-02
5.038759689922480550e-02
4.263565891472868158e-02
5.038759689922480550e-02
4.263565891472868158e-02
5.038759689922480550e-02
4.651162790697674354e-02
4.651162790697674354e-02
4.263565891472868158e-02
5.426356589147286746e-02
4.651162790697674354e-02
4.651162790697674354e-02
5.426356589147286746e-02
5.038759689922480550e-02
4.263565891472868158e-02
5.426356589147286746e-02
4.263565891472868158e-02
3.875968992248061962e-02
3.875968992248061962e-02
