1.000000000000000000e+00
8.646464646464646631e-01
8.464646464646464752e-01
7.959595959595959780e-01
7.818181818181818565e-01
7.898989898989898784e-01
7.737373737373737237e-01
7.757575757575757569e-01
7.030303030303030054e-01
7.353535353535353147e-01
7.171717171717171269e-01
7.474747474747475140e-01
6.888888888888888840e-01
7.090909090909091050e-01
6.646464646464645964e-01
6.464646464646465196e-01
6.808080808080808621e-01
6.343434343434343203e-01
5.878787878787878896e-01
5.959595959595959114e-01
5.838383838383838231e-01
5.838383838383838231e-01
6.121212121212120660e-01
5.919191919191919560e-01
5.595959595959596466e-01
5.434343434343433810e-01
5.636363636363636020e-01
5.676767676767676685e-01
5.616161616161615688e-01
4.949494949494949725e-01
5.191919191919192045e-01
5.454545454545454142e-01
5.131313131313131048e-01
5.353535353535353591e-01
5.272727272727272263e-01
5.474747474747474474e-01
4.888888888888888729e-01
4.848484848484848619e-01
4.525252525252525526e-01
4.727272727272727182e-01
4.424242424242424421e-01
4.383838383838383757e-01
4.626262626262626076e-01
4.787878787878787623e-01
4.828282828282828287e-01
4.565656565656565635e-01
4.464646464646464530e-01
4.606060606060606299e-01
4.585858585858585967e-01
4.666666666666666741e-01
4.646464646464646409e-01
4.545454545454545303e-01
4.383838383838383757e-01
4.383838383838383757e-01
4.464646464646464530e-01
4.282828282828282651e-01
4.424242424242424421e-01
4.363636363636363424e-01
4.383838383838383757e-01
4.060606060606060663e-01
4.101010101010100772e-01
4.585858585858585967e-01
4.363636363636363424e-01
4.141414141414141437e-01
3.676767676767676574e-01
3.959595959595959558e-01
3.696969696969696906e-01
3.575757575757576023e-01
3.717171717171717238e-01
3.979797979797979890e-01
3.959595959595959558e-01
3.696969696969696906e-01
3.979797979797979890e-01
3.696969696969696906e-01
3.272727272727272707e-01
3.010101010101010055e-01
3.656565656565656797e-01
3.595959595959595800e-01
3.555555555555555691e-01
3.555555555555555691e-01
3.434343434343434254e-01
3.393939393939394145e-01
3.333333333333333148e-01
3.191919191919191934e-01
3.212121212121212266e-01
3.393939393939394145e-01
3.252525252525252375e-01
3.373737373737373813e-01
3.434343434343434254e-01
3.151515151515151270e-01
3.272727272727272707e-01
3.171717171717171602e-01
3.212121212121212266e-01
3.191919191919191934e-01
3.333333333333333148e-01
3.171717171717171602e-01
3.070707070707070496e-01
3.232323232323232598e-01
3.292929292929293039e-01
3.131313131313131493e-01
3.090909090909090828e-01
3.212121212121212266e-01
3.171717171717171602e-01
3.171717171717171602e-01
3.111111111111111160e-01
2.929292929292929282e-01
2.767676767676767735e-01
2.868686868686868841e-01
2.848484848484848508e-01
2.828282828282828176e-01
2.808080808080807844e-01
2.989898989898989723e-01
2.868686868686868841e-01
2.585858585858585856e-01
2.686868686868686962e-01
2.585858585858585856e-01
2.424242424242424310e-01
2.666666666666666630e-01
2.424242424242424310e-01
2.626262626262626521e-01
2.525252525252525415e-01
2.767676767676767735e-01
2.969696969696969946e-01
2.626262626262626521e-01
2.585858585858585856e-01
2.666666666666666630e-01
2.505050505050505083e-01
2.585858585858585856e-01
2.666666666666666630e-01
2.646464646464646298e-01
2.606060606060606188e-01
2.262626262626262763e-01
2.323232323232323204e-01
2.282828282828282818e-01
2.404040404040403978e-01
2.323232323232323204e-01
2.222222222222222099e-01
2.282828282828282818e-01
2.282828282828282818e-01
2.404040404040403978e-01
2.505050505050505083e-01
2.282828282828282818e-01
2.181818181818181712e-01
2.262626262626262763e-01
2.242424242424242431e-01
2.424242424242424310e-01
2.282828282828282818e-01
2.060606060606060552e-01
2.242424242424242431e-01
2.141414141414141326e-01
2.060606060606060552e-01
2.242424242424242431e-01
2.222222222222222099e-01
2.282828282828282818e-01
2.282828282828282818e-01
2.242424242424242431e-01
2.242424242424242431e-01
2.303030303030303150e-01
2.080808080808080884e-01
2.242424242424242431e-01
2.242424242424242431e-01
2.464646464646464696e-01
2.404040404040403978e-01
1.979797979797979779e-01
2.242424242424242431e-01
2.181818181818181712e-01
2.080808080808080884e-01
2.181818181818181712e-01
2.161616161616161658e-01
2.020202020202020166e-01
1.939393939393939392e-01
2.181818181818181712e-01
2.020202020202020166e-01
2.080808080808080884e-01
1.858585858585858619e-01
1.939393939393939392e-01
2.080808080808080884e-01
1.878787878787878673e-01
2.040404040404040498e-01
2.101010101010100939e-01
2.141414141414141326e-01
2.141414141414141326e-01
1.939393939393939392e-01
1.939393939393939392e-01
1.939393939393939392e-01
2.040404040404040498e-01
1.979797979797979779e-01
2.040404040404040498e-01
2.121212121212121271e-01
1.838383838383838287e-01
1.898989898989899006e-01
1.818181818181818232e-01
1.919191919191919060e-01
2.101010101010100939e-01
1.858585858585858619e-01
1.858585858585858619e-01
1.919191919191919060e-01
1.838383838383838287e-01
1.818181818181818232e-01
1.878787878787878673e-01
1.838383838383838287e-01
1.959595959595959724e-01
2.000000000000000111e-01
1.858585858585858619e-01
1.737373737373737459e-01
1.838383838383838287e-01
1.878787878787878673e-01
1.858585858585858619e-01
1.717171717171717127e-01
1.777777777777777846e-01
1.979797979797979779e-01
1.696969696969697072e-01
2.080808080808080884e-01
1.777777777777777846e-01
1.797979797979797900e-01
1.777777777777777846e-01
1.858585858585858619e-01
1.838383838383838287e-01
1.616161616161616299e-01
1.797979797979797900e-01
1.818181818181818232e-01
1.858585858585858619e-01
1.737373737373737459e-01
1.737373737373737459e-01
1.474747474747474807e-01
1.717171717171717127e-01
1.676767676767676740e-01
1.414141414141414088e-01
1.535353535353535248e-01
1.636363636363636354e-01
1.676767676767676740e-01
1.393939393939394034e-01
1.555555555555555580e-01
1.535353535353535248e-01
1.656565656565656686e-01
1.858585858585858619e-01
1.737373737373737459e-01
1.898989898989899006e-01
1.656565656565656686e-01
1.777777777777777846e-01
1.555555555555555580e-01
1.555555555555555580e-01
1.616161616161616299e-01
1.777777777777777846e-01
1.595959595959595967e-01
1.676767676767676740e-01
1.656565656565656686e-01
1.515151515151515194e-01
1.656565656565656686e-01
1.777777777777777846e-01
1.757575757575757514e-01
1.555555555555555580e-01
1.636363636363636354e-01
1.797979797979797900e-01
1.858585858585858619e-01
1.656565656565656686e-01
1.757575757575757514e-01
1.656565656565656686e-01
1.575757575757575635e-01
1.616161616161616299e-01
1.676767676767676740e-01
1.818181818181818232e-01
1.696969696969697072e-01
1.515151515151515194e-01
1.616161616161616299e-01
1.737373737373737459e-01
1.454545454545454475e-01
1.494949494949494861e-01
1.494949494949494861e-01
1.474747474747474807e-01
1.515151515151515194e-01
1.676767676767676740e-01
1.454545454545454475e-01
1.474747474747474807e-01
1.474747474747474807e-01
1.595959595959595967e-01
1.555555555555555580e-01
1.515151515151515194e-01
1.494949494949494861e-01
1.656565656565656686e-01
1.696969696969697072e-01
1.555555555555555580e-01
1.474747474747474807e-01
1.393939393939394034e-01
1.353535353535353647e-01
1.454545454545454475e-01
1.292929292929292928e-01
1.393939393939394034e-01
1.454545454545454475e-01
1.535353535353535248e-01
1.454545454545454475e-01
1.515151515151515194e-01
1.373737373737373701e-01
1.595959595959595967e-01
1.474747474747474807e-01
1.515151515151515194e-01
1.474747474747474807e-01
1.454545454545454475e-01
1.414141414141414088e-01
1.252525252525252542e-01
1.474747474747474807e-01
1.494949494949494861e-01
1.535353535353535248e-01
1.333333333333333315e-01
1.353535353535353647e-01
1.292929292929292928e-01
1.353535353535353647e-01
1.393939393939394034e-01
1.333333333333333315e-01
1.353535353535353647e-01
1.292929292929292928e-01
1.353535353535353647e-01
1.232323232323232348e-01
1.353535353535353647e-01
1.434343434343434420e-01
1.353535353535353647e-01
1.191919191919191962e-01
1.535353535353535248e-01
1.454545454545454475e-01
1.494949494949494861e-01
1.393939393939394034e-01
1.373737373737373701e-01
1.434343434343434420e-01
1.494949494949494861e-01
1.353535353535353647e-01
1.414141414141414088e-01
1.494949494949494861e-01
1.373737373737373701e-01
1.333333333333333315e-01
1.414141414141414088e-01
1.595959595959595967e-01
1.535353535353535248e-01
1.575757575757575635e-01
1.434343434343434420e-01
1.373737373737373701e-01
1.535353535353535248e-01
1.595959595959595967e-01
1.515151515151515194e-01
1.535353535353535248e-01
1.555555555555555580e-01
1.393939393939394034e-01
1.434343434343434420e-01
1.696969696969697072e-01
1.474747474747474807e-01
1.474747474747474807e-01
1.414141414141414088e-01
1.373737373737373701e-01
1.454545454545454475e-01
1.515151515151515194e-01
1.313131313131313260e-01
1.414141414141414088e-01
1.414141414141414088e-01
1.393939393939394034e-01
1.454545454545454475e-01
1.454545454545454475e-01
1.474747474747474807e-01
1.333333333333333315e-01
1.292929292929292928e-01
1.393939393939394034e-01
1.333333333333333315e-01
1.292929292929292928e-01
1.515151515151515194e-01
1.373737373737373701e-01
1.292929292929292928e-01
1.414141414141414088e-01
1.353535353535353647e-01
1.494949494949494861e-01
1.292929292929292928e-01
1.353535353535353647e-01
1.434343434343434420e-01
1.494949494949494861e-01
1.474747474747474807e-01
1.575757575757575635e-01
1.454545454545454475e-01
1.232323232323232348e-01
1.555555555555555580e-01
1.414141414141414088e-01
1.373737373737373701e-01
1.494949494949494861e-01
1.454545454545454475e-01
1.474747474747474807e-01
1.393939393939394034e-01
1.414141414141414088e-01
1.474747474747474807e-01
1.474747474747474807e-01
1.393939393939394034e-01
1.393939393939394034e-01
1.353535353535353647e-01
1.454545454545454475e-01
1.474747474747474807e-01
1.454545454545454475e-01
1.515151515151515194e-01
1.373737373737373701e-01
1.535353535353535248e-01
1.414141414141414088e-01
1.434343434343434420e-01
1.353535353535353647e-01
1.353535353535353647e-01
1.535353535353535248e-01
1.535353535353535248e-01
1.515151515151515194e-01
