1.000000000000000000e+00
8.789808917197452498e-01
8.789808917197452498e-01
8.343949044585987629e-01
7.515923566878981443e-01
8.025477707006369865e-01
7.898089171974522760e-01
8.152866242038216971e-01
7.388535031847133228e-01
7.133757961783439017e-01
7.961783439490446312e-01
7.643312101910828549e-01
8.598726114649681840e-01
7.898089171974522760e-01
7.770700636942675654e-01
7.324840764331209675e-01
6.878980891719744806e-01
7.770700636942675654e-01
6.815286624203821253e-01
7.070063694267515464e-01
7.006369426751591911e-01
5.668789808917197304e-01
7.261146496815286122e-01
6.751592356687897700e-01
7.006369426751591911e-01
6.050955414012738620e-01
6.369426751592356384e-01
6.433121019108279937e-01
6.496815286624203489e-01
6.942675159235668358e-01
7.579617834394904996e-01
7.324840764331209675e-01
6.942675159235668358e-01
6.942675159235668358e-01
7.324840764331209675e-01
6.942675159235668358e-01
6.496815286624203489e-01
6.369426751592356384e-01
6.815286624203821253e-01
6.687898089171974148e-01
6.751592356687897700e-01
6.178343949044585726e-01
6.942675159235668358e-01
6.878980891719744806e-01
5.987261146496815067e-01
6.242038216560509278e-01
6.369426751592356384e-01
6.496815286624203489e-01
6.624203821656050595e-01
6.751592356687897700e-01
5.414012738853503093e-01
6.560509554140127042e-01
6.369426751592356384e-01
5.923566878980891515e-01
6.560509554140127042e-01
5.923566878980891515e-01
5.605095541401273751e-01
5.350318471337579540e-01
5.605095541401273751e-01
5.605095541401273751e-01
5.923566878980891515e-01
5.732484076433120856e-01
5.159235668789808882e-01
5.541401273885350198e-01
5.923566878980891515e-01
5.095541401273885329e-01
4.840764331210191118e-01
5.095541401273885329e-01
5.414012738853503093e-01
5.222929936305732435e-01
5.159235668789808882e-01
5.222929936305732435e-01
4.394904458598726249e-01
5.159235668789808882e-01
5.605095541401273751e-01
5.414012738853503093e-01
4.840764331210191118e-01
4.840764331210191118e-01
4.777070063694267565e-01
5.286624203821655987e-01
4.713375796178344013e-01
4.904458598726114671e-01
4.203821656050955591e-01
4.649681528662420460e-01
4.522292993630573354e-01
4.649681528662420460e-01
4.840764331210191118e-01
5.095541401273885329e-01
5.222929936305732435e-01
4.968152866242038224e-01
4.394904458598726249e-01
4.713375796178344013e-01
3.821656050955414274e-01
4.522292993630573354e-01
4.522292993630573354e-01
3.757961783439490722e-01
3.757961783439490722e-01
3.949044585987261380e-01
4.522292993630573354e-01
4.267515923566879144e-01
4.777070063694267565e-01
4.585987261146496907e-01
4.777070063694267565e-01
4.777070063694267565e-01
4.522292993630573354e-01
4.649681528662420460e-01
4.267515923566879144e-01
4.840764331210191118e-01
4.331210191082802696e-01
4.904458598726114671e-01
4.522292993630573354e-01
4.713375796178344013e-01
4.968152866242038224e-01
4.585987261146496907e-01
4.076433121019108485e-01
4.331210191082802696e-01
4.140127388535032038e-01
4.522292993630573354e-01
4.458598726114649802e-01
4.394904458598726249e-01
4.394904458598726249e-01
3.757961783439490722e-01
4.585987261146496907e-01
3.503184713375795956e-01
4.522292993630573354e-01
4.394904458598726249e-01
4.331210191082802696e-01
4.012738853503184933e-01
4.585987261146496907e-01
4.394904458598726249e-01
4.904458598726114671e-01
4.331210191082802696e-01
4.140127388535032038e-01
4.585987261146496907e-01
5.031847133757961776e-01
4.267515923566879144e-01
4.331210191082802696e-01
4.076433121019108485e-01
4.649681528662420460e-01
4.458598726114649802e-01
4.777070063694267565e-01
4.331210191082802696e-01
3.821656050955414274e-01
4.522292993630573354e-01
4.394904458598726249e-01
4.522292993630573354e-01
4.203821656050955591e-01
4.203821656050955591e-01
4.140127388535032038e-01
4.140127388535032038e-01
3.757961783439490722e-01
4.267515923566879144e-01
3.757961783439490722e-01
4.267515923566879144e-01
4.012738853503184933e-01
4.394904458598726249e-01
4.331210191082802696e-01
4.012738853503184933e-01
4.458598726114649802e-01
4.203821656050955591e-01
3.821656050955414274e-01
4.267515923566879144e-01
3.566878980891719508e-01
4.012738853503184933e-01
4.267515923566879144e-01
4.012738853503184933e-01
3.949044585987261380e-01
3.694267515923566614e-01
3.566878980891719508e-01
3.503184713375795956e-01
4.331210191082802696e-01
4.585987261146496907e-01
3.439490445859872403e-01
4.012738853503184933e-01
4.012738853503184933e-01
3.566878980891719508e-01
3.821656050955414274e-01
3.757961783439490722e-01
3.121019108280254639e-01
3.694267515923566614e-01
3.630573248407643061e-01
3.694267515923566614e-01
3.694267515923566614e-01
3.694267515923566614e-01
3.757961783439490722e-01
3.439490445859872403e-01
3.248407643312101745e-01
3.694267515923566614e-01
3.757961783439490722e-01
3.503184713375795956e-01
3.503184713375795956e-01
3.248407643312101745e-01
3.248407643312101745e-01
3.121019108280254639e-01
3.630573248407643061e-01
3.694267515923566614e-01
3.312101910828025297e-01
3.057324840764331086e-01
3.503184713375795956e-01
2.675159235668789770e-01
3.184713375796178192e-01
2.866242038216560428e-01
2.738853503184713323e-01
3.121019108280254639e-01
3.248407643312101745e-01
3.121019108280254639e-01
3.694267515923566614e-01
2.993630573248407534e-01
2.866242038216560428e-01
2.802547770700636875e-01
3.503184713375795956e-01
3.184713375796178192e-01
2.738853503184713323e-01
3.312101910828025297e-01
3.248407643312101745e-01
3.630573248407643061e-01
3.248407643312101745e-01
3.439490445859872403e-01
3.757961783439490722e-01
3.248407643312101745e-01
2.866242038216560428e-01
2.611464968152866217e-01
2.611464968152866217e-01
2.866242038216560428e-01
3.248407643312101745e-01
3.057324840764331086e-01
3.312101910828025297e-01
3.184713375796178192e-01
3.184713375796178192e-01
3.121019108280254639e-01
2.866242038216560428e-01
2.420382165605095559e-01
3.375796178343948850e-01
2.738853503184713323e-01
2.611464968152866217e-01
2.929936305732483981e-01
2.929936305732483981e-01
3.121019108280254639e-01
2.993630573248407534e-01
3.566878980891719508e-01
3.439490445859872403e-01
3.248407643312101745e-01
2.993630573248407534e-01
3.375796178343948850e-01
3.248407643312101745e-01
3.121019108280254639e-01
3.375796178343948850e-01
3.121019108280254639e-01
2.929936305732483981e-01
3.439490445859872403e-01
3.630573248407643061e-01
2.866242038216560428e-01
2.229299363057324901e-01
2.993630573248407534e-01
2.356687898089172006e-01
2.929936305732483981e-01
2.738853503184713323e-01
3.057324840764331086e-01
3.057324840764331086e-01
2.229299363057324901e-01
2.420382165605095559e-01
2.802547770700636875e-01
2.611464968152866217e-01
2.929936305732483981e-01
2.547770700636942665e-01
2.292993630573248454e-01
2.420382165605095559e-01
2.738853503184713323e-01
2.611464968152866217e-01
3.312101910828025297e-01
2.929936305732483981e-01
2.038216560509554243e-01
2.738853503184713323e-01
2.993630573248407534e-01
2.547770700636942665e-01
2.675159235668789770e-01
2.675159235668789770e-01
2.229299363057324901e-01
2.484076433121019112e-01
2.484076433121019112e-01
2.611464968152866217e-01
2.038216560509554243e-01
2.675159235668789770e-01
2.229299363057324901e-01
2.484076433121019112e-01
2.484076433121019112e-01
2.229299363057324901e-01
2.038216560509554243e-01
2.420382165605095559e-01
2.420382165605095559e-01
2.292993630573248454e-01
1.910828025477707137e-01
2.292993630573248454e-01
1.974522292993630690e-01
2.101910828025477795e-01
2.038216560509554243e-01
2.038216560509554243e-01
3.121019108280254639e-01
2.547770700636942665e-01
2.165605095541401348e-01
1.974522292993630690e-01
2.292993630573248454e-01
1.974522292993630690e-01
2.611464968152866217e-01
2.292993630573248454e-01
2.101910828025477795e-01
2.356687898089172006e-01
2.484076433121019112e-01
2.420382165605095559e-01
2.292993630573248454e-01
2.356687898089172006e-01
1.528662420382165543e-01
2.675159235668789770e-01
2.356687898089172006e-01
2.101910828025477795e-01
2.101910828025477795e-01
2.038216560509554243e-01
2.484076433121019112e-01
2.292993630573248454e-01
2.292993630573248454e-01
1.910828025477707137e-01
2.292993630573248454e-01
2.101910828025477795e-01
2.229299363057324901e-01
1.847133757961783307e-01
2.101910828025477795e-01
1.592356687898089096e-01
1.974522292993630690e-01
2.038216560509554243e-01
1.401273885350318438e-01
1.910828025477707137e-01
1.847133757961783307e-01
2.101910828025477795e-01
2.292993630573248454e-01
1.910828025477707137e-01
1.847133757961783307e-01
1.910828025477707137e-01
1.719745222929936201e-01
1.656050955414012649e-01
1.974522292993630690e-01
1.719745222929936201e-01
1.910828025477707137e-01
2.038216560509554243e-01
1.719745222929936201e-01
1.974522292993630690e-01
2.101910828025477795e-01
2.165605095541401348e-01
2.547770700636942665e-01
2.229299363057324901e-01
2.292993630573248454e-01
1.910828025477707137e-01
2.165605095541401348e-01
2.547770700636942665e-01
2.484076433121019112e-01
1.974522292993630690e-01
2.611464968152866217e-01
2.420382165605095559e-01
2.356687898089172006e-01
2.229299363057324901e-01
2.165605095541401348e-01
2.356687898089172006e-01
2.611464968152866217e-01
2.038216560509554243e-01
2.484076433121019112e-01
2.420382165605095559e-01
2.292993630573248454e-01
2.101910828025477795e-01
1.910828025477707137e-01
2.101910828025477795e-01
2.038216560509554243e-01
1.847133757961783307e-01
2.038216560509554243e-01
2.611464968152866217e-01
1.719745222929936201e-01
2.101910828025477795e-01
1.528662420382165543e-01
2.292993630573248454e-01
2.165605095541401348e-01
2.165605095541401348e-01
2.229299363057324901e-01
2.229299363057324901e-01
2.420382165605095559e-01
2.738853503184713323e-01
2.038216560509554243e-01
2.101910828025477795e-01
1.783439490445859754e-01
1.656050955414012649e-01
1.719745222929936201e-01
1.974522292993630690e-01
1.592356687898089096e-01
1.401273885350318438e-01
1.910828025477707137e-01
1.910828025477707137e-01
1.974522292993630690e-01
1.273885350318471332e-01
1.974522292993630690e-01
2.101910828025477795e-01
1.528662420382165543e-01
1.847133757961783307e-01
1.656050955414012649e-01
1.974522292993630690e-01
