1.000000000000000000e+00
8.285714285714286254e-01
8.222222222222221877e-01
7.777777777777777901e-01
7.333333333333332815e-01
7.746031746031746268e-01
7.428571428571428825e-01
7.809523809523809534e-01
8.444444444444444420e-01
6.603174603174603030e-01
7.174603174603174649e-01
7.079365079365079749e-01
7.396825396825397192e-01
7.269841269841269549e-01
7.174603174603174649e-01
6.793650793650793940e-01
6.793650793650793940e-01
6.793650793650793940e-01
6.825396825396825573e-01
6.825396825396825573e-01
6.349206349206348854e-01
6.634920634920634663e-01
6.412698412698413231e-01
7.428571428571428825e-01
7.079365079365079749e-01
6.825396825396825573e-01
6.634920634920634663e-01
6.380952380952380487e-01
6.444444444444444864e-01
6.349206349206348854e-01
6.158730158730159054e-01
6.158730158730159054e-01
6.444444444444444864e-01
6.158730158730159054e-01
6.253968253968253954e-01
6.349206349206348854e-01
6.285714285714285587e-01
6.190476190476190688e-01
6.380952380952380487e-01
6.253968253968253954e-01
6.349206349206348854e-01
6.126984126984127421e-01
6.095238095238095788e-01
6.031746031746031411e-01
6.095238095238095788e-01
6.063492063492063044e-01
6.095238095238095788e-01
5.841269841269841612e-01
6.253968253968253954e-01
5.904761904761904878e-01
5.746031746031745602e-01
5.714285714285713969e-01
5.809523809523809978e-01
5.841269841269841612e-01
5.523809523809524169e-01
5.619047619047619069e-01
5.142857142857142350e-01
5.174603174603175093e-01
5.428571428571428159e-01
5.460317460317459792e-01
5.523809523809524169e-01
5.206349206349206726e-01
5.206349206349206726e-01
5.111111111111110716e-01
5.396825396825396526e-01
5.365079365079364893e-01
5.079365079365079083e-01
5.396825396825396526e-01
4.825396825396825462e-01
5.492063492063492536e-01
5.015873015873015817e-01
5.460317460317459792e-01
5.873015873015873245e-01
5.174603174603175093e-01
5.301587301587301626e-01
5.460317460317459792e-01
5.396825396825396526e-01
4.761904761904761640e-01
5.142857142857142350e-01
5.460317460317459792e-01
5.492063492063492536e-01
5.174603174603175093e-01
5.142857142857142350e-01
5.238095238095238360e-01
5.111111111111110716e-01
5.238095238095238360e-01
5.206349206349206726e-01
5.142857142857142350e-01
4.888888888888888729e-01
4.984126984126984183e-01
4.857142857142857095e-01
4.603174603174602919e-01
5.111111111111110716e-01
4.857142857142857095e-01
4.888888888888888729e-01
4.888888888888888729e-01
4.825396825396825462e-01
4.952380952380952550e-01
4.952380952380952550e-01
4.571428571428571286e-01
4.761904761904761640e-01
4.730158730158730007e-01
4.793650793650793829e-01
4.984126984126984183e-01
4.476190476190476386e-01
4.412698412698412564e-01
4.285714285714285476e-01
4.476190476190476386e-01
4.539682539682539653e-01
4.539682539682539653e-01
4.920634920634920362e-01
4.761904761904761640e-01
4.349206349206349298e-01
4.349206349206349298e-01
4.190476190476190577e-01
4.571428571428571286e-01
4.380952380952380931e-01
4.603174603174602919e-01
4.476190476190476386e-01
4.285714285714285476e-01
4.698412698412698374e-01
4.634920634920635107e-01
4.285714285714285476e-01
4.793650793650793829e-01
4.666666666666666741e-01
4.412698412698412564e-01
4.476190476190476386e-01
4.349206349206349298e-01
4.444444444444444198e-01
4.285714285714285476e-01
4.444444444444444198e-01
4.507936507936508019e-01
4.285714285714285476e-01
4.126984126984126755e-01
4.444444444444444198e-01
4.571428571428571286e-01
3.809523809523809312e-01
4.158730158730158943e-01
4.349206349206349298e-01
4.317460317460317665e-01
4.507936507936508019e-01
4.285714285714285476e-01
4.571428571428571286e-01
4.412698412698412564e-01
4.126984126984126755e-01
4.412698412698412564e-01
4.126984126984126755e-01
4.412698412698412564e-01
4.317460317460317665e-01
4.285714285714285476e-01
4.444444444444444198e-01
4.507936507936508019e-01
4.349206349206349298e-01
4.158730158730158943e-01
3.714285714285714413e-01
4.666666666666666741e-01
4.126984126984126755e-01
4.285714285714285476e-01
3.968253968253968034e-01
4.349206349206349298e-01
4.126984126984126755e-01
3.777777777777777679e-01
3.809523809523809312e-01
3.968253968253968034e-01
3.936507936507936400e-01
4.095238095238095122e-01
3.619047619047618958e-01
3.841269841269841501e-01
3.841269841269841501e-01
3.460317460317460236e-01
3.650793650793650591e-01
4.190476190476190577e-01
3.714285714285714413e-01
3.936507936507936400e-01
3.968253968253968034e-01
4.000000000000000222e-01
3.428571428571428603e-01
3.777777777777777679e-01
3.746031746031746046e-01
3.619047619047618958e-01
4.063492063492063489e-01
3.714285714285714413e-01
3.809523809523809312e-01
3.777777777777777679e-01
3.587301587301587324e-01
3.523809523809524058e-01
3.428571428571428603e-01
3.650793650793650591e-01
3.555555555555555691e-01
3.428571428571428603e-01
3.460317460317460236e-01
3.523809523809524058e-01
3.142857142857142794e-01
3.650793650793650591e-01
3.587301587301587324e-01
3.523809523809524058e-01
3.365079365079365337e-01
3.460317460317460236e-01
3.682539682539682779e-01
3.523809523809524058e-01
3.396825396825396970e-01
3.333333333333333148e-01
3.492063492063491870e-01
3.238095238095238249e-01
3.460317460317460236e-01
3.460317460317460236e-01
2.984126984126984072e-01
3.460317460317460236e-01
3.269841269841269882e-01
3.269841269841269882e-01
3.555555555555555691e-01
3.365079365079365337e-01
3.460317460317460236e-01
3.492063492063491870e-01
3.555555555555555691e-01
3.174603174603174427e-01
3.555555555555555691e-01
3.555555555555555691e-01
3.079365079365079527e-01
3.492063492063491870e-01
3.492063492063491870e-01
3.523809523809524058e-01
3.492063492063491870e-01
3.619047619047618958e-01
3.142857142857142794e-01
3.428571428571428603e-01
3.333333333333333148e-01
2.857142857142856984e-01
2.984126984126984072e-01
3.111111111111111160e-01
3.269841269841269882e-01
3.301587301587301515e-01
2.920634920634920806e-01
2.857142857142856984e-01
3.174603174603174427e-01
3.015873015873015706e-01
3.460317460317460236e-01
3.079365079365079527e-01
3.333333333333333148e-01
3.301587301587301515e-01
3.206349206349206615e-01
2.984126984126984072e-01
2.952380952380952439e-01
3.269841269841269882e-01
3.015873015873015706e-01
2.857142857142856984e-01
2.952380952380952439e-01
3.269841269841269882e-01
2.634920634920634996e-01
2.984126984126984072e-01
2.857142857142856984e-01
2.698412698412698263e-01
2.952380952380952439e-01
2.920634920634920806e-01
2.952380952380952439e-01
3.047619047619047894e-01
2.952380952380952439e-01
2.952380952380952439e-01
3.365079365079365337e-01
3.047619047619047894e-01
3.111111111111111160e-01
3.047619047619047894e-01
3.142857142857142794e-01
3.111111111111111160e-01
3.396825396825396970e-01
2.730158730158729896e-01
3.015873015873015706e-01
2.920634920634920806e-01
2.730158730158729896e-01
3.015873015873015706e-01
2.793650793650793718e-01
2.476190476190476275e-01
3.079365079365079527e-01
2.984126984126984072e-01
3.269841269841269882e-01
2.952380952380952439e-01
2.952380952380952439e-01
2.730158730158729896e-01
2.888888888888888618e-01
3.079365079365079527e-01
2.825396825396825351e-01
2.888888888888888618e-01
3.142857142857142794e-01
2.857142857142856984e-01
2.984126984126984072e-01
3.047619047619047894e-01
2.952380952380952439e-01
2.698412698412698263e-01
3.015873015873015706e-01
3.015873015873015706e-01
2.793650793650793718e-01
2.952380952380952439e-01
2.825396825396825351e-01
2.888888888888888618e-01
3.079365079365079527e-01
2.952380952380952439e-01
2.888888888888888618e-01
2.666666666666666630e-01
2.920634920634920806e-01
3.206349206349206615e-01
3.047619047619047894e-01
2.920634920634920806e-01
3.079365079365079527e-01
2.730158730158729896e-01
2.857142857142856984e-01
2.952380952380952439e-01
2.952380952380952439e-01
2.793650793650793718e-01
3.047619047619047894e-01
3.111111111111111160e-01
2.857142857142856984e-01
3.079365079365079527e-01
2.698412698412698263e-01
2.730158730158729896e-01
2.507936507936507908e-01
2.825396825396825351e-01
2.730158730158729896e-01
3.142857142857142794e-01
2.730158730158729896e-01
3.015873015873015706e-01
2.793650793650793718e-01
2.920634920634920806e-01
3.047619047619047894e-01
3.142857142857142794e-01
3.238095238095238249e-01
2.952380952380952439e-01
3.238095238095238249e-01
2.952380952380952439e-01
2.857142857142856984e-01
3.015873015873015706e-01
2.730158730158729896e-01
2.730158730158729896e-01
2.857142857142856984e-01
3.015873015873015706e-01
2.761904761904762085e-01
2.730158730158729896e-01
2.920634920634920806e-01
2.793650793650793718e-01
2.571428571428571175e-01
2.857142857142856984e-01
2.603174603174603363e-01
2.793650793650793718e-01
2.698412698412698263e-01
2.571428571428571175e-01
2.634920634920634996e-01
2.793650793650793718e-01
2.730158730158729896e-01
2.730158730158729896e-01
2.793650793650793718e-01
2.825396825396825351e-01
2.539682539682539542e-01
2.730158730158729896e-01
2.793650793650793718e-01
2.825396825396825351e-01
2.698412698412698263e-01
2.603174603174603363e-01
2.476190476190476275e-01
2.285714285714285643e-01
2.476190476190476275e-01
2.857142857142856984e-01
2.539682539682539542e-01
2.412698412698412731e-01
2.380952380952380820e-01
2.730158730158729896e-01
2.571428571428571175e-01
2.761904761904762085e-01
2.666666666666666630e-01
2.634920634920634996e-01
2.825396825396825351e-01
2.857142857142856984e-01
2.571428571428571175e-01
2.444444444444444364e-01
2.444444444444444364e-01
2.507936507936507908e-01
2.317460317460317554e-01
2.380952380952380820e-01
2.571428571428571175e-01
2.952380952380952439e-01
2.634920634920634996e-01
2.539682539682539542e-01
2.666666666666666630e-01
3.015873015873015706e-01
2.793650793650793718e-01
2.666666666666666630e-01
2.634920634920634996e-01
2.857142857142856984e-01
2.634920634920634996e-01
2.793650793650793718e-01
2.571428571428571175e-01
2.730158730158729896e-01
2.761904761904762085e-01
2.920634920634920806e-01
2.730158730158729896e-01
2.793650793650793718e-01
2.539682539682539542e-01
2.507936507936507908e-01
2.603174603174603363e-01
2.761904761904762085e-01
2.571428571428571175e-01
2.571428571428571175e-01
2.634920634920634996e-01
