1.000000000000000000e+00
8.415451320457233431e-01
7.788726842727631272e-01
7.615293653921955119e-01
7.335435553803705266e-01
6.949152542372881713e-01
6.499802916830902388e-01
6.495861253448955708e-01
6.523452897122585803e-01
6.097753251872289892e-01
5.987386677177769512e-01
5.845486795427670135e-01
5.664170279858100621e-01
5.514387071344106772e-01
5.719353567205360811e-01
5.478912100906582205e-01
5.289712258573118220e-01
5.305478912100906053e-01
5.171462357114702257e-01
4.895545920378399640e-01
4.828537642885297743e-01
4.690579424517146157e-01
4.718171068190776252e-01
4.536854552621206182e-01
4.556562869530941806e-01
4.300354749704375368e-01
4.391013007489160680e-01
4.324004729996058227e-01
4.115096570752857508e-01
3.992905005912494865e-01
3.929838391801340203e-01
3.992905005912494865e-01
4.024438312968072751e-01
3.776113519905400229e-01
3.795821836815135852e-01
3.642096964919195878e-01
3.642096964919195878e-01
3.484430429641308669e-01
3.472605439495466961e-01
3.500197083169097612e-01
3.381947181710681649e-01
3.425305478912100687e-01
3.196689002759164344e-01
3.318880567599526987e-01
3.180922349231375401e-01
3.196689002759164344e-01
2.995664170279858096e-01
2.964130863224280765e-01
2.881355932203389925e-01
2.944422546314544586e-01
2.901064249113125548e-01
2.924714229404808963e-01
2.912889239258967256e-01
2.865589278675600982e-01
2.881355932203389925e-01
2.861647615293653746e-01
2.684272763106030912e-01
2.629089475758770167e-01
2.735514387071343867e-01
2.636972802522664638e-01
2.770989357508868989e-01
2.566022861647615505e-01
2.613322822230981224e-01
2.491131257390618858e-01
2.451714623571147056e-01
2.408356326369728018e-01
2.428064643279463919e-01
2.294048088293259846e-01
2.412297989751675253e-01
2.388648009459992116e-01
2.305873078439101276e-01
2.238864800945999101e-01
2.211273157272369005e-01
2.297989751675206804e-01
2.258573117855735002e-01
2.266456444619629473e-01
2.108789909341742264e-01
2.057548285376428754e-01
2.104848245959795028e-01
2.128498226251478165e-01
2.108789909341742264e-01
1.911706740244383251e-01
1.915648403626330210e-01
1.990540007883326856e-01
1.919590067008277445e-01
1.947181710681907818e-01
1.793456838785967566e-01
1.876231769806858407e-01
1.801340165549862038e-01
1.864406779661016977e-01
1.789515175404020608e-01
1.773748521876231665e-01
1.777690185258178901e-01
1.679148600709499395e-01
1.687031927473393866e-01
1.761923531730390236e-01
1.663381947181710729e-01
1.726448561292865669e-01
1.726448561292865669e-01
1.588490342924714360e-01
1.556957035869136752e-01
1.505715411903823520e-01
1.564840362633031223e-01
1.608198659834450261e-01
1.584548679542767124e-01
1.533307055577453615e-01
1.466298778084351717e-01
1.572723689396925417e-01
1.497832085139929048e-01
1.505715411903823520e-01
1.470240441466298675e-01
1.489948758376034577e-01
1.430823807646826873e-01
1.430823807646826873e-01
1.426882144264879915e-01
1.344107213243989074e-01
1.411115490737090972e-01
1.351990540007883268e-01
1.324398896334253173e-01
1.344107213243989074e-01
1.336223886480094603e-01
1.363815530153724975e-01
1.261332282223098233e-01
1.324398896334253173e-01
1.300748916042570036e-01
1.300748916042570036e-01
1.328340559716200131e-01
1.312573906188411466e-01
1.210090658257784724e-01
1.225857311785573528e-01
1.206148994875837627e-01
1.237682301931415096e-01
1.229798975167520625e-01
1.324398896334253173e-01
1.237682301931415096e-01
1.245565628695309429e-01
1.344107213243989074e-01
1.245565628695309429e-01
1.217973985021679195e-01
1.194324004729996058e-01
1.166732361056365824e-01
1.253448955459203762e-01
1.308632242806464230e-01
1.150965707528577020e-01
1.083957430035474984e-01
1.091840756799369316e-01
1.186440677966101725e-01
1.135199054000788355e-01
1.162790697674418589e-01
1.143082380764682687e-01
1.068190776507686179e-01
1.068190776507686179e-01
1.052424122979897514e-01
1.087899093417422219e-01
1.056365786361844750e-01
1.028774142688214377e-01
1.080015766653527748e-01
1.072132439889633415e-01
1.111549073709105218e-01
1.040599132834055945e-01
9.893575088687425745e-02
1.001182499014584143e-01
9.893575088687425745e-02
9.893575088687425745e-02
9.735908553409539090e-02
9.538825384312180078e-02
9.814741821048482417e-02
9.775325187229010060e-02
9.420575482853764393e-02
9.105242412297989696e-02
9.144659046117462053e-02
9.735908553409539090e-02
9.696491919590066733e-02
9.262908947575876351e-02
9.381158849034292035e-02
9.499408750492707720e-02
9.262908947575876351e-02
8.592826172644855987e-02
8.908159243200630684e-02
8.789909341742214999e-02
9.381158849034292035e-02
9.184075679936933023e-02
9.302325581395348708e-02
8.632242806464328344e-02
8.513992905005912659e-02
8.395743003547496974e-02
8.829325975561687356e-02
8.435159637366969332e-02
8.553409538825383629e-02
8.395743003547496974e-02
8.671659440283799314e-02
8.868742609381158326e-02
8.040993299172251307e-02
7.843910130074892295e-02
8.277493102089081289e-02
7.725660228616476610e-02
7.922743397713835622e-02
7.922743397713835622e-02
7.922743397713835622e-02
8.080409932991722277e-02
8.238076468269610320e-02
8.001576665352778950e-02
8.159243200630665604e-02
7.410327158060701913e-02
7.016160819865983889e-02
6.621994481671265864e-02
7.016160819865983889e-02
7.449743791880172883e-02
7.449743791880172883e-02
7.252660622782813871e-02
7.410327158060701913e-02
7.607410327158060925e-02
7.292077256602286228e-02
7.883326763894363265e-02
7.331493890421758586e-02
6.779661016949152519e-02
7.213243988963342901e-02
7.765076862435947580e-02
7.252660622782813871e-02
6.937327552227039174e-02
6.819077650768624876e-02
7.646826960977531895e-02
7.213243988963342901e-02
7.449743791880172883e-02
6.819077650768624876e-02
6.543161214032321149e-02
7.173827355143870543e-02
6.385494678754434494e-02
5.794245171462357458e-02
5.833661805281829121e-02
6.464327946393377822e-02
6.070161608198659797e-02
6.109578242018131461e-02
5.912495072920772449e-02
6.148994875837603125e-02
6.424911312573906852e-02
6.621994481671265864e-02
6.582577847851793507e-02
6.897910918407568204e-02
6.503744580212850179e-02
6.109578242018131461e-02
6.188411509657075482e-02
5.675995270003941773e-02
5.754828537642885100e-02
5.912495072920772449e-02
5.794245171462357458e-02
5.518328734726054424e-02
5.912495072920772449e-02
5.400078833267638739e-02
5.360662199448167076e-02
6.030744974379188134e-02
5.754828537642885100e-02
5.873078439101300785e-02
5.675995270003941773e-02
5.754828537642885100e-02
5.202995664170279727e-02
5.242412297989751391e-02
4.808829325975561703e-02
4.769412692156090039e-02
4.966495861253449051e-02
5.005912495072920715e-02
4.966495861253449051e-02
4.927079227433977388e-02
5.084745762711864736e-02
5.478912100906582761e-02
5.400078833267638739e-02
5.163579030350808063e-02
5.242412297989751391e-02
5.400078833267638739e-02
5.045329128892392379e-02
5.636578636184470109e-02
5.281828931809223748e-02
5.321245565628695412e-02
4.887662593614505030e-02
5.045329128892392379e-02
5.202995664170279727e-02
5.281828931809223748e-02
4.966495861253449051e-02
4.927079227433977388e-02
5.124162396531336400e-02
4.375246353961372014e-02
5.281828931809223748e-02
4.927079227433977388e-02
4.256996452502956330e-02
4.769412692156090039e-02
4.927079227433977388e-02
4.532912889239258669e-02
4.966495861253449051e-02
4.532912889239258669e-02
4.729996058336618375e-02
4.808829325975561703e-02
4.256996452502956330e-02
4.611746156878202690e-02
4.454079621600315342e-02
4.296413086322427993e-02
4.690579424517146018e-02
3.981080015766653296e-02
3.744580212849822620e-02
3.783996846669294284e-02
3.665746945210879293e-02
3.823413480488765948e-02
3.941663381947181632e-02
3.783996846669294284e-02
4.296413086322427993e-02
4.217579818683484666e-02
3.626330311391406935e-02
4.099329917225068981e-02
4.059913283405597317e-02
4.059913283405597317e-02
4.256996452502956330e-02
4.256996452502956330e-02
4.256996452502956330e-02
3.744580212849822620e-02
4.099329917225068981e-02
4.178163184864012308e-02
3.902246748127709969e-02
3.941663381947181632e-02
3.862830114308238305e-02
3.902246748127709969e-02
3.862830114308238305e-02
4.099329917225068981e-02
3.823413480488765948e-02
3.902246748127709969e-02
3.862830114308238305e-02
3.783996846669294284e-02
3.705163579030350957e-02
3.783996846669294284e-02
3.823413480488765948e-02
3.902246748127709969e-02
3.902246748127709969e-02
3.626330311391406935e-02
3.705163579030350957e-02
3.665746945210879293e-02
4.099329917225068981e-02
3.547497043752463608e-02
3.626330311391406935e-02
3.862830114308238305e-02
3.823413480488765948e-02
3.310997240835632932e-02
3.705163579030350957e-02
3.586913677571935272e-02
3.389830508474576259e-02
4.217579818683484666e-02
3.586913677571935272e-02
3.271580607016160575e-02
3.783996846669294284e-02
2.995664170279858235e-02
2.956247536460386224e-02
3.153330705557745584e-02
3.310997240835632932e-02
3.626330311391406935e-02
3.547497043752463608e-02
3.232163973196688911e-02
3.429247142294047923e-02
3.508080409932991944e-02
3.271580607016160575e-02
3.744580212849822620e-02
3.626330311391406935e-02
3.271580607016160575e-02
3.468663776113519587e-02
3.350413874655104596e-02
2.877414268821442550e-02
3.547497043752463608e-02
3.626330311391406935e-02
4.178163184864012308e-02
3.705163579030350957e-02
4.138746551044540645e-02
3.310997240835632932e-02
3.035080804099329899e-02
3.271580607016160575e-02
3.586913677571935272e-02
3.113914071738273573e-02
3.192747339377217247e-02
3.547497043752463608e-02
2.798581001182498876e-02
3.074497437918801562e-02
3.389830508474576259e-02
3.153330705557745584e-02
3.153330705557745584e-02
3.389830508474576259e-02
3.508080409932991944e-02
3.035080804099329899e-02
3.350413874655104596e-02
3.586913677571935272e-02
3.429247142294047923e-02
3.508080409932991944e-02
3.350413874655104596e-02
3.232163973196688911e-02
3.232163973196688911e-02
3.232163973196688911e-02
3.350413874655104596e-02
3.113914071738273573e-02
3.153330705557745584e-02
3.508080409932991944e-02
3.586913677571935272e-02
2.916830902640914561e-02
3.389830508474576259e-02
3.153330705557745584e-02
3.350413874655104596e-02
3.429247142294047923e-02
3.113914071738273573e-02
