1.000000000000000000e+00
8.258258258258258655e-01
7.927927927927927998e-01
7.667667667667668052e-01
7.487487487487487492e-01
7.277277277277277578e-01
7.197197197197197083e-01
7.067067067067066555e-01
6.906906906906906674e-01
6.656656656656656512e-01
6.566566566566566232e-01
6.376376376376375887e-01
6.266266266266266038e-01
6.216216216216216006e-01
6.146146146146146405e-01
5.695695695695696115e-01
6.086086086086086588e-01
6.086086086086086588e-01
5.705705705705705899e-01
5.675675675675675436e-01
5.345345345345345889e-01
5.345345345345345889e-01
5.355355355355355673e-01
5.125125125125125081e-01
5.275275275275275177e-01
5.255255255255255609e-01
5.225225225225225145e-01
5.085085085085084833e-01
5.185185185185184897e-01
4.984984984984984768e-01
4.754754754754754731e-01
5.085085085085084833e-01
5.195195195195194682e-01
4.814814814814814548e-01
4.634634634634634542e-01
4.694694694694694914e-01
4.824824824824824887e-01
4.814814814814814548e-01
4.824824824824824887e-01
4.714714714714714483e-01
4.494494494494494230e-01
4.354354354354354473e-01
4.214214214214214160e-01
4.454454454454454537e-01
4.294294294294294101e-01
4.244244244244244069e-01
4.294294294294294101e-01
4.394394394394394165e-01
4.394394394394394165e-01
4.224224224224224500e-01
4.364364364364364257e-01
4.014014014014014031e-01
4.024024024024023816e-01
4.034034034034034155e-01
4.094094094094093972e-01
4.154154154154154344e-01
4.124124124124123880e-01
3.973973973973973783e-01
4.014014014014014031e-01
3.933933933933934091e-01
3.803803803803803563e-01
3.533533533533533277e-01
3.863863863863863934e-01
3.583583583583583310e-01
3.793793793793793778e-01
3.703703703703703498e-01
3.763763763763763870e-01
3.763763763763763870e-01
3.753753753753753530e-01
3.863863863863863934e-01
3.493493493493493585e-01
3.433433433433433213e-01
3.593593593593593649e-01
3.653653653653653466e-01
3.643643643643643681e-01
3.623623623623623557e-01
3.643643643643643681e-01
3.563563563563563741e-01
3.553553553553553401e-01
3.483483483483483245e-01
3.423423423423423428e-01
3.353353353353353272e-01
3.433433433433433213e-01
3.473473473473473461e-01
3.273273273273273332e-01
3.243243243243243423e-01
3.363363363363363612e-01
3.403403403403403304e-01
3.423423423423423428e-01
3.303303303303303240e-01
3.123123123123123235e-01
3.123123123123123235e-01
3.123123123123123235e-01
3.083083083083082987e-01
3.293293293293293456e-01
2.972972972972973138e-01
3.093093093093093326e-01
2.922922922922923106e-01
2.962962962962962798e-01
2.882882882882882858e-01
2.832832832832832826e-01
2.842842842842842610e-01
2.642642642642642481e-01
2.892892892892892642e-01
2.922922922922923106e-01
2.782782782782782793e-01
2.822822822822823041e-01
2.762762762762762669e-01
2.932932932932932890e-01
2.812812812812812702e-01
2.822822822822823041e-01
2.772772772772773009e-01
2.832832832832832826e-01
2.652652652652652820e-01
2.532532532532532632e-01
2.932932932932932890e-01
2.462462462462462476e-01
2.582582582582582664e-01
2.392392392392392320e-01
2.442442442442442352e-01
2.362362362362362411e-01
2.362362362362362411e-01
2.402402402402402382e-01
2.352352352352352349e-01
2.582582582582582664e-01
2.392392392392392320e-01
2.402402402402402382e-01
2.312312312312312379e-01
2.402402402402402382e-01
2.342342342342342287e-01
2.452452452452452414e-01
2.402402402402402382e-01
2.072072072072072002e-01
2.362362362362362411e-01
2.342342342342342287e-01
2.392392392392392320e-01
2.402402402402402382e-01
2.272272272272272409e-01
2.252252252252252285e-01
2.132132132132132096e-01
2.182182182182182129e-01
2.132132132132132096e-01
2.122122122122122034e-01
2.222222222222222099e-01
2.162162162162162282e-01
2.152152152152152220e-01
1.981981981981981999e-01
2.022022022022021970e-01
2.082082082082082064e-01
2.012012012012011908e-01
2.092092092092092126e-01
2.002002002002002123e-01
2.192192192192192191e-01
2.202202202202202252e-01
2.072072072072072002e-01
2.082082082082082064e-01
1.971971971971971938e-01
2.022022022022021970e-01
2.062062062062061940e-01
2.072072072072072002e-01
1.971971971971971938e-01
1.971971971971971938e-01
1.961961961961961876e-01
1.791791791791791655e-01
1.971971971971971938e-01
2.002002002002002123e-01
1.851851851851851749e-01
2.002002002002002123e-01
1.971971971971971938e-01
2.052052052052052156e-01
1.931931931931931967e-01
1.781781781781781870e-01
1.851851851851851749e-01
1.691691691691691590e-01
1.621621621621621712e-01
1.751751751751751685e-01
1.791791791791791655e-01
1.871871871871871873e-01
1.881881881881881935e-01
1.741741741741741623e-01
1.801801801801801717e-01
1.881881881881881935e-01
1.701701701701701652e-01
1.781781781781781870e-01
1.701701701701701652e-01
1.651651651651651620e-01
1.621621621621621712e-01
1.821821821821821841e-01
1.771771771771771808e-01
1.611611611611611650e-01
1.711711711711711714e-01
1.601601601601601588e-01
1.581581581581581464e-01
1.611611611611611650e-01
1.691691691691691590e-01
1.781781781781781870e-01
1.731731731731731838e-01
1.821821821821821841e-01
1.671671671671671744e-01
1.591591591591591526e-01
1.621621621621621712e-01
1.571571571571571679e-01
1.631631631631631496e-01
1.521521521521521647e-01
1.581581581581581464e-01
1.581581581581581464e-01
1.711711711711711714e-01
1.481481481481481399e-01
1.591591591591591526e-01
1.511511511511511585e-01
1.581581581581581464e-01
1.531531531531531432e-01
1.391391391391391397e-01
1.611611611611611650e-01
1.551551551551551555e-01
1.521521521521521647e-01
1.761761761761761746e-01
1.471471471471471337e-01
1.601601601601601588e-01
1.481481481481481399e-01
1.371371371371371273e-01
1.531531531531531432e-01
1.541541541541541493e-01
1.481481481481481399e-01
1.551551551551551555e-01
1.491491491491491461e-01
1.411411411411411521e-01
1.531531531531531432e-01
1.451451451451451491e-01
1.461461461461461553e-01
1.431431431431431367e-01
1.531531531531531432e-01
1.571571571571571679e-01
1.371371371371371273e-01
1.351351351351351426e-01
1.381381381381381335e-01
1.331331331331331302e-01
1.311311311311311179e-01
1.371371371371371273e-01
1.361361361361361488e-01
1.461461461461461553e-01
1.411411411411411521e-01
1.311311311311311179e-01
1.331331331331331302e-01
1.251251251251251362e-01
1.311311311311311179e-01
1.401401401401401459e-01
1.381381381381381335e-01
1.381381381381381335e-01
1.301301301301301394e-01
1.281281281281281270e-01
1.341341341341341364e-01
1.211211211211211253e-01
1.231231231231231238e-01
1.401401401401401459e-01
1.381381381381381335e-01
1.311311311311311179e-01
1.381381381381381335e-01
1.221221221221221176e-01
1.321321321321321240e-01
1.291291291291291332e-01
1.331331331331331302e-01
1.381381381381381335e-01
1.331331331331331302e-01
1.261261261261261146e-01
1.191191191191191129e-01
1.251251251251251362e-01
1.251251251251251362e-01
1.161161161161161220e-01
1.241241241241241300e-01
1.171171171171171144e-01
1.231231231231231238e-01
1.251251251251251362e-01
1.031031031031030970e-01
1.121121121121121111e-01
1.161161161161161220e-01
1.091091091091091064e-01
1.201201201201201191e-01
1.161161161161161220e-01
1.071071071071071079e-01
1.131131131131131173e-01
1.161161161161161220e-01
1.191191191191191129e-01
1.051051051051051094e-01
1.051051051051051094e-01
1.201201201201201191e-01
1.211211211211211253e-01
1.231231231231231238e-01
1.271271271271271208e-01
1.131131131131131173e-01
1.101101101101101126e-01
1.111111111111111049e-01
1.141141141141141097e-01
1.221221221221221176e-01
1.211211211211211253e-01
1.311311311311311179e-01
1.201201201201201191e-01
1.111111111111111049e-01
1.261261261261261146e-01
1.221221221221221176e-01
1.101101101101101126e-01
1.021021021021021047e-01
1.111111111111111049e-01
1.061061061061061017e-01
1.081081081081081141e-01
1.011011011011010985e-01
1.081081081081081141e-01
1.181181181181181206e-01
1.061061061061061017e-01
1.081081081081081141e-01
1.011011011011010985e-01
1.051051051051051094e-01
1.061061061061061017e-01
9.709709709709710146e-02
1.031031031031030970e-01
1.031031031031030970e-01
1.031031031031030970e-01
1.141141141141141097e-01
1.121121121121121111e-01
9.309309309309309055e-02
1.021021021021021047e-01
1.071071071071071079e-01
1.011011011011010985e-01
1.111111111111111049e-01
9.909909909909909997e-02
8.708708708708708113e-02
1.071071071071071079e-01
9.209209209209209823e-02
1.091091091091091064e-01
9.309309309309309055e-02
9.309309309309309055e-02
9.909909909909909997e-02
8.408408408408409029e-02
1.001001001001001062e-01
9.709709709709710146e-02
9.009009009009008584e-02
7.907907907907907319e-02
8.108108108108108558e-02
9.009009009009008584e-02
8.608608608608608881e-02
8.108108108108108558e-02
7.307307307307307764e-02
8.408408408408409029e-02
7.807807807807808087e-02
8.408408408408409029e-02
8.408408408408409029e-02
6.806806806806807442e-02
7.607607607607608236e-02
8.008008008008007939e-02
8.208208208208207790e-02
8.308308308308308410e-02
8.008008008008007939e-02
7.007007007007007293e-02
8.408408408408409029e-02
7.607607607607608236e-02
7.907907907907907319e-02
7.907907907907907319e-02
9.209209209209209823e-02
8.208208208208207790e-02
8.708708708708708113e-02
7.507507507507507616e-02
8.608608608608608881e-02
9.109109109109109204e-02
8.508508508508508261e-02
9.509509509509508907e-02
8.808808808808808732e-02
8.108108108108108558e-02
8.708708708708708113e-02
8.908908908908909352e-02
8.008008008008007939e-02
8.708708708708708113e-02
8.808808808808808732e-02
8.808808808808808732e-02
8.608608608608608881e-02
8.308308308308308410e-02
7.607607607607608236e-02
7.407407407407406996e-02
7.907907907907907319e-02
8.008008008008007939e-02
8.108108108108108558e-02
7.907907907907907319e-02
8.108108108108108558e-02
7.607607607607608236e-02
6.806806806806807442e-02
6.006006006006005954e-02
7.607607607607608236e-02
7.007007007007007293e-02
6.806806806806807442e-02
8.108108108108108558e-02
7.207207207207207145e-02
7.107107107107106525e-02
8.008008008008007939e-02
7.107107107107106525e-02
7.907907907907907319e-02
8.508508508508508261e-02
8.708708708708708113e-02
7.607607607607608236e-02
7.107107107107106525e-02
7.307307307307307764e-02
7.407407407407406996e-02
6.306306306306305731e-02
