1.000000000000000000e+00
7.811691670977755075e-01
7.584066218313502139e-01
6.932229694774960649e-01
6.771857216761510978e-01
6.461458872219347782e-01
6.037247801345059228e-01
6.192446973616140271e-01
5.861355406104500343e-01
5.669943093636834464e-01
5.473357475426797736e-01
5.483704086911536102e-01
5.173305742369374016e-01
5.137092602172788069e-01
4.842214174857734088e-01
5.002586652871184869e-01
4.764614588722193567e-01
4.485256078634247134e-01
4.568028970512157394e-01
4.324883600620796908e-01
4.236937403000517466e-01
3.890325918261769433e-01
4.216244180031039623e-01
3.962752198654940772e-01
3.843766166580445121e-01
3.895499224004138616e-01
3.802379720641489991e-01
3.616140713916192184e-01
3.595447490946714897e-01
3.497154681841697088e-01
3.347128815312985228e-01
3.316088980858769020e-01
3.398861872736678724e-01
3.254009311950336047e-01
3.316088980858769020e-01
3.016037247801345300e-01
3.166063114330057160e-01
3.036730470770822587e-01
2.979824107604759353e-01
2.881531298499741545e-01
2.948784273150543145e-01
2.824624935333678311e-01
2.793585100879462102e-01
2.845318158303155598e-01
2.938437661665804224e-01
2.891877909984479911e-01
2.664252457320227530e-01
2.741852043455768051e-01
2.741852043455768051e-01
2.612519399896534034e-01
2.628039317123642138e-01
2.431453698913605688e-01
2.327987584066218418e-01
2.390067252974650835e-01
2.415933781686497583e-01
2.400413864459389479e-01
2.395240558717020296e-01
2.219348163476461411e-01
2.271081220900155184e-01
2.374547335747542731e-01
2.245214692188308436e-01
2.183135023279875742e-01
2.265907915157785724e-01
2.188308329022245202e-01
2.214174857734091950e-01
2.219348163476461411e-01
2.203828246249353306e-01
2.188308329022245202e-01
1.976202793585100925e-01
1.924469736161407152e-01
1.924469736161407152e-01
1.893429901707190943e-01
1.852043455768235813e-01
1.955509570615623360e-01
1.769270563890325831e-01
1.821003621314019605e-01
1.831350232798758526e-01
1.748577340920848544e-01
1.707190894981893414e-01
1.686497672012415849e-01
1.748577340920848544e-01
1.722710812209001519e-01
1.531298499741334807e-01
1.588204862907397763e-01
1.598551474392136684e-01
1.660631143300569101e-01
1.557165028453181554e-01
1.515778582514226702e-01
1.433005690636316720e-01
1.489912053802379677e-01
1.536471805483703990e-01
1.500258665287118598e-01
1.438178996378685903e-01
1.474392136575271572e-01
1.453698913605794008e-01
1.360579410243145382e-01
1.376099327470253486e-01
1.433005690636316720e-01
1.386445938954992130e-01
1.391619244697361590e-01
1.401965856182100234e-01
1.386445938954992130e-01
1.360579410243145382e-01
1.386445938954992130e-01
1.360579410243145382e-01
1.334712881531298634e-01
1.314019658561821069e-01
1.329539575788929173e-01
1.262286601138127295e-01
1.251939989653388652e-01
1.200206932229694740e-01
1.179513709260217313e-01
1.241593378168649731e-01
1.189860320744956096e-01
1.091567511639937871e-01
1.138127263321262322e-01
1.081220900155199227e-01
1.122607346094154218e-01
1.076047594412829767e-01
1.096740817382307331e-01
1.076047594412829767e-01
1.086394205897568549e-01
1.034661148473874775e-01
1.070874288670460445e-01
1.008794619762027889e-01
1.076047594412829767e-01
1.013967925504397349e-01
1.091567511639937871e-01
1.034661148473874775e-01
9.777547853078116802e-02
1.076047594412829767e-01
1.008794619762027889e-01
1.060527677185721662e-01
9.415416451112260110e-02
1.019141231246766671e-01
9.518882565959647934e-02
9.881013967925504626e-02
9.725814795654423583e-02
1.024314536989135993e-01
9.881013967925504626e-02
9.932747025349197845e-02
9.208484221417485849e-02
9.105018106570098024e-02
7.811691670977755075e-02
9.105018106570098024e-02
7.966890843248836118e-02
8.018623900672529337e-02
8.898085876875323763e-02
8.535954474909467071e-02
8.846352819451629157e-02
8.639420589756854896e-02
9.208484221417485849e-02
9.105018106570098024e-02
9.001551991722710200e-02
7.863424728401448294e-02
8.018623900672529337e-02
6.983962752198655255e-02
7.501293326435592990e-02
7.139161924469736298e-02
7.863424728401448294e-02
7.035695809622348473e-02
7.553026383859286208e-02
7.449560269011898384e-02
7.553026383859286208e-02
7.294361096740817341e-02
6.983962752198655255e-02
6.880496637351267430e-02
5.328504914640454920e-02
6.052767718572167610e-02
6.001034661148473698e-02
6.156233833419555435e-02
5.897568546301086567e-02
5.638903259182617700e-02
6.311433005690636477e-02
6.570098292809105345e-02
6.725297465080186388e-02
6.311433005690636477e-02
6.777030522503879606e-02
6.673564407656493169e-02
6.466632177961717520e-02
6.156233833419555435e-02
6.570098292809105345e-02
6.052767718572167610e-02
5.587170201758923788e-02
6.052767718572167610e-02
5.949301603724780479e-02
5.845835488877392655e-02
5.794102431453698743e-02
6.518365235385410739e-02
6.414899120538024302e-02
5.845835488877392655e-02
5.483704086911536657e-02
6.570098292809105345e-02
6.414899120538024302e-02
5.431971029487842745e-02
6.052767718572167610e-02
5.535437144335229875e-02
5.742369374030004830e-02
5.069839627521986747e-02
5.638903259182617700e-02
5.638903259182617700e-02
4.914640455250905010e-02
5.431971029487842745e-02
5.690636316606311612e-02
5.794102431453698743e-02
5.897568546301086567e-02
5.431971029487842745e-02
5.638903259182617700e-02
5.949301603724780479e-02
6.104500775995861522e-02
5.380237972064148833e-02
5.328504914640454920e-02
5.380237972064148833e-02
5.690636316606311612e-02
5.897568546301086567e-02
6.363166063114329696e-02
5.018106570098292835e-02
5.328504914640454920e-02
4.862907397827211792e-02
4.862907397827211792e-02
4.914640455250905010e-02
5.069839627521986747e-02
5.328504914640454920e-02
5.173305742369373877e-02
5.069839627521986747e-02
5.328504914640454920e-02
5.587170201758923788e-02
5.535437144335229875e-02
4.552509053285049012e-02
5.121572684945679965e-02
4.345576823590274057e-02
5.173305742369373877e-02
4.397309881013967969e-02
4.966373512674598922e-02
4.190377651319193014e-02
4.759441282979823967e-02
4.397309881013967969e-02
5.173305742369373877e-02
4.604242110708742924e-02
4.449042938437661882e-02
4.242110708742886926e-02
4.086911536471805190e-02
4.086911536471805190e-02
4.293843766166580145e-02
4.138644593895499102e-02
4.242110708742886926e-02
4.449042938437661882e-02
4.190377651319193014e-02
4.293843766166580145e-02
4.500775995861355100e-02
4.862907397827211792e-02
5.069839627521986747e-02
4.552509053285049012e-02
4.449042938437661882e-02
4.449042938437661882e-02
4.086911536471805190e-02
3.983445421624418059e-02
3.569580962234868149e-02
3.517847904811174237e-02
3.569580962234868149e-02
3.879979306777030235e-02
4.035178479048111971e-02
3.931712364200724147e-02
3.517847904811174237e-02
3.673047077082255280e-02
3.724780134505949192e-02
3.155716502845318239e-02
3.569580962234868149e-02
3.776513191929643104e-02
3.414381789963787106e-02
2.948784273150543284e-02
3.621314019658562061e-02
3.621314019658562061e-02
3.673047077082255280e-02
3.569580962234868149e-02
3.673047077082255280e-02
3.621314019658562061e-02
3.621314019658562061e-02
3.621314019658562061e-02
4.242110708742886926e-02
3.879979306777030235e-02
4.035178479048111971e-02
3.517847904811174237e-02
3.466114847387480324e-02
3.207449560269012151e-02
3.000517330574236849e-02
3.362648732540093194e-02
3.414381789963787106e-02
3.310915675116399282e-02
3.466114847387480324e-02
3.621314019658562061e-02
3.724780134505949192e-02
3.673047077082255280e-02
3.466114847387480324e-02
3.466114847387480324e-02
3.466114847387480324e-02
3.776513191929643104e-02
3.207449560269012151e-02
3.466114847387480324e-02
3.621314019658562061e-02
3.310915675116399282e-02
3.673047077082255280e-02
3.207449560269012151e-02
3.310915675116399282e-02
3.207449560269012151e-02
3.207449560269012151e-02
3.414381789963787106e-02
3.569580962234868149e-02
3.259182617692705369e-02
3.362648732540093194e-02
3.362648732540093194e-02
2.948784273150543284e-02
3.000517330574236849e-02
3.000517330574236849e-02
2.431453698913605896e-02
2.534919813760993373e-02
2.845318158303155806e-02
2.690118986032074416e-02
2.690118986032074416e-02
2.172788411795137029e-02
2.069322296947749551e-02
2.690118986032074416e-02
2.741852043455768329e-02
2.327987584066218418e-02
1.965856182100362073e-02
2.327987584066218418e-02
2.586652871184686939e-02
2.431453698913605896e-02
2.224521469218830941e-02
2.690118986032074416e-02
2.534919813760993373e-02
2.172788411795137029e-02
1.914123124676668508e-02
2.638385928608380851e-02
2.690118986032074416e-02
2.534919813760993373e-02
2.172788411795137029e-02
2.017589239524055986e-02
2.276254526642524506e-02
2.276254526642524506e-02
2.017589239524055986e-02
1.965856182100362073e-02
1.965856182100362073e-02
2.069322296947749551e-02
2.069322296947749551e-02
2.327987584066218418e-02
2.121055354371443463e-02
2.276254526642524506e-02
1.810657009829281031e-02
1.862390067252974596e-02
1.914123124676668508e-02
2.172788411795137029e-02
1.758923952405587118e-02
1.551991722710812163e-02
1.707190894981893553e-02
1.965856182100362073e-02
1.914123124676668508e-02
1.758923952405587118e-02
1.758923952405587118e-02
2.017589239524055986e-02
2.172788411795137029e-02
1.655457837558199641e-02
1.707190894981893553e-02
1.914123124676668508e-02
1.914123124676668508e-02
1.655457837558199641e-02
1.500258665287118424e-02
1.914123124676668508e-02
1.862390067252974596e-02
1.758923952405587118e-02
1.345059493016037208e-02
1.345059493016037208e-02
1.603724780134506075e-02
1.551991722710812163e-02
1.965856182100362073e-02
1.707190894981893553e-02
1.551991722710812163e-02
1.655457837558199641e-02
1.396792550439730947e-02
1.448525607863424686e-02
1.707190894981893553e-02
1.500258665287118424e-02
1.655457837558199641e-02
1.500258665287118424e-02
1.862390067252974596e-02
1.396792550439730947e-02
1.810657009829281031e-02
1.603724780134506075e-02
1.189860320744955992e-02
1.500258665287118424e-02
1.500258665287118424e-02
1.345059493016037208e-02
1.086394205897568514e-02
1.138127263321262253e-02
1.138127263321262253e-02
1.034661148473874775e-02
1.293326435592343469e-02
1.345059493016037208e-02
1.138127263321262253e-02
1.448525607863424686e-02
1.551991722710812163e-02
