1.000000000000000000e+00
8.837209302325581550e-01
8.342277877161597965e-01
8.401908169350029709e-01
8.223017292784734478e-01
8.103756708407870990e-01
7.966607036374477868e-01
7.531305903398927137e-01
7.829457364341084746e-01
7.525342874180083186e-01
7.465712581991651442e-01
7.495527728085867869e-01
7.179487179487179516e-01
7.101967799642218138e-01
6.785927251043529784e-01
6.845557543231961528e-01
6.851520572450805480e-01
6.720333929636255199e-01
6.714370900417412358e-01
6.857483601669648321e-01
6.571258199165176395e-01
6.487775790101371065e-01
6.308884913536075834e-01
6.410256410256410797e-01
6.398330351818724004e-01
6.249254621347644090e-01
6.189624329159212346e-01
6.040548598688133541e-01
5.963029218843172163e-01
6.016696481812761066e-01
5.909361955873583261e-01
5.802027429934406566e-01
5.843768634466308676e-01
5.903398926654740420e-01
5.611210494931425652e-01
5.611210494931425652e-01
5.694692903995229871e-01
5.414430530709600786e-01
5.319022063208109774e-01
5.175909361955873811e-01
5.199761478831246286e-01
5.193798449612403445e-01
5.002981514609421421e-01
5.241502683363148396e-01
5.020870602265951055e-01
5.014907573047108214e-01
4.997018485390578579e-01
5.002981514609421421e-01
4.859868813357185457e-01
4.925462134764460598e-01
4.853905784138342061e-01
4.895646988670244726e-01
4.877757901013715092e-01
4.782349433512224079e-01
4.615384615384615641e-01
4.704830053667262701e-01
4.675014907573047385e-01
4.585569469290399769e-01
4.722719141323792336e-01
4.800238521168753714e-01
4.537865235539654263e-01
4.460345855694692885e-01
4.525939177101968025e-01
4.490161001788908757e-01
4.353011329755515635e-01
4.364937388193201873e-01
4.323196183661299763e-01
4.442456768038163251e-01
4.239713774597495544e-01
4.281454979129397653e-01
4.275491949910554812e-01
4.150268336314847928e-01
4.293381037567083891e-01
4.251639833035181781e-01
4.150268336314847928e-01
4.209898628503279672e-01
3.959451401311866459e-01
4.066785927251043709e-01
3.893858079904591318e-01
3.917710196779964349e-01
3.989266547406082331e-01
3.905784138342278111e-01
3.935599284436493983e-01
3.780560524746571227e-01
3.995229576624925727e-01
3.870005963029218843e-01
3.738819320214669117e-01
3.679189028026237374e-01
3.840190816935002971e-01
3.840190816935002971e-01
3.720930232558139483e-01
3.559928443649373886e-01
3.548002385211687648e-01
3.583780560524746361e-01
3.548002385211687648e-01
3.470483005366726270e-01
3.536076326774001410e-01
3.285629099582588197e-01
3.160405485986881313e-01
3.285629099582588197e-01
3.267740011926058563e-01
3.267740011926058563e-01
3.148479427549195075e-01
3.053070960047704063e-01
3.142516398330351679e-01
3.154442456768037917e-01
3.237924865831842691e-01
3.267740011926058563e-01
2.987477638640429478e-01
3.023255813953488191e-01
2.969588550983899844e-01
3.094812164579606173e-01
3.035181872391174984e-01
3.053070960047704063e-01
2.826475849731663881e-01
2.975551580202743240e-01
3.053070960047704063e-01
2.933810375670840576e-01
2.915921288014311497e-01
2.945736434108527368e-01
3.064997018485390301e-01
2.892069171138938466e-01
3.118664281454979204e-01
2.915921288014311497e-01
2.623732856290995619e-01
2.832438878950506722e-01
2.868217054263565990e-01
2.760882528324388741e-01
2.623732856290995619e-01
2.742993440667859106e-01
2.593917710196779747e-01
2.731067382230172869e-01
2.683363148479427363e-01
2.534287418008348003e-01
2.748956469886702503e-01
2.695289206917114155e-01
2.671437090041741125e-01
2.695289206917114155e-01
2.504472271914132131e-01
2.629695885509839015e-01
2.576028622540250668e-01
2.599880739415623143e-01
2.570065593321407271e-01
2.552176505664877637e-01
2.492546213476446171e-01
2.552176505664877637e-01
2.409063804412641674e-01
2.450805008944543784e-01
2.450805008944543784e-01
2.349433512224209930e-01
2.367322599880739287e-01
2.450805008944543784e-01
2.420989862850327912e-01
2.295766249254621305e-01
2.337507453786523692e-01
2.295766249254621305e-01
2.379248658318425802e-01
2.248062015503876077e-01
2.325581395348837177e-01
2.355396541443053049e-01
2.277877161598091948e-01
2.218246869409660205e-01
2.188431723315444333e-01
2.134764460345855708e-01
2.218246869409660205e-01
2.134764460345855708e-01
2.039355992844364973e-01
2.104949314251639836e-01
2.039355992844364973e-01
2.122838401908169470e-01
2.003577817531305982e-01
1.955873583780560476e-01
1.991651759093619467e-01
1.949910554561717357e-01
1.914132379248658367e-01
1.985688729874776348e-01
1.985688729874776348e-01
2.009540846750149101e-01
1.860465116279069742e-01
1.830649970184853870e-01
1.926058437686344604e-01
1.979725700655933229e-01
1.920095408467501485e-01
1.842576028622540385e-01
1.955873583780560476e-01
1.902206320810971851e-01
1.771019677996422126e-01
1.788908765652951760e-01
1.848539057841383504e-01
1.657722122838402035e-01
1.771019677996422126e-01
1.806797853309481117e-01
1.800834824090637998e-01
1.765056648777579007e-01
1.729278473464520016e-01
1.687537268932617907e-01
1.729278473464520016e-01
1.794871794871794879e-01
1.639833035181872400e-01
1.633870005963029282e-01
1.633870005963029282e-01
1.598091830649970291e-01
1.681574239713774510e-01
1.639833035181872400e-01
1.705426356589147263e-01
1.693500298151461025e-01
1.729278473464520016e-01
1.657722122838402035e-01
1.675611210494931391e-01
1.663685152057245153e-01
1.610017889087656529e-01
1.729278473464520016e-01
1.782945736434108641e-01
1.705426356589147263e-01
1.645796064400715519e-01
1.627906976744186163e-01
1.604054859868813410e-01
1.633870005963029282e-01
1.508646392367322675e-01
1.568276684555754419e-01
1.615980918306499647e-01
1.568276684555754419e-01
1.526535480023852032e-01
1.574239713774597538e-01
1.627906976744186163e-01
1.544424567680381666e-01
1.532498509242695151e-01
1.490757304710793041e-01
1.484794275491949922e-01
1.419200954084675059e-01
1.425163983303518178e-01
1.437090041741204416e-01
1.478831246273106803e-01
1.472868217054263684e-01
1.431127012522361297e-01
1.550387596899224785e-01
1.472868217054263684e-01
1.466905187835420288e-01
1.532498509242695151e-01
1.520572450805008913e-01
1.437090041741204416e-01
1.431127012522361297e-01
1.437090041741204416e-01
1.466905187835420288e-01
1.353607632677400197e-01
1.496720333929636160e-01
1.431127012522361297e-01
1.395348837209302306e-01
1.413237924865831940e-01
1.437090041741204416e-01
1.425163983303518178e-01
1.413237924865831940e-01
1.347644603458557078e-01
1.311866428145497809e-01
1.329755515802027444e-01
1.347644603458557078e-01
1.216457960644007213e-01
1.317829457364341206e-01
1.282051282051281937e-01
1.276088252832438819e-01
1.317829457364341206e-01
1.264162194394752581e-01
1.270125223613595700e-01
1.288014311270125334e-01
1.317829457364341206e-01
1.293977340488968453e-01
1.216457960644007213e-01
1.234347048300536709e-01
1.198568872987477579e-01
1.246273106738223085e-01
1.252236135957066065e-01
1.174716756112104965e-01
1.234347048300536709e-01
1.204531902206320837e-01
1.138938580799045974e-01
1.186642814549791342e-01
1.186642814549791342e-01
1.180679785330948084e-01
1.180679785330948084e-01
1.252236135957066065e-01
1.228384019081693451e-01
1.115086463923673221e-01
1.097197376267143726e-01
1.132975551580202717e-01
1.061419200954084735e-01
1.115086463923673221e-01
1.055456171735241477e-01
1.156827668455575470e-01
1.109123434704830102e-01
1.144901610017889093e-01
1.109123434704830102e-01
1.049493142516398358e-01
1.019677996422182487e-01
1.037567084078711982e-01
1.049493142516398358e-01
1.091234347048300468e-01
1.049493142516398358e-01
9.838998211091234958e-02
1.103160405485986845e-01
9.898628503279666146e-02
9.123434704830053754e-02
1.079308288610614230e-01
1.049493142516398358e-01
1.043530113297555101e-01
1.019677996422182487e-01
9.719737626714371193e-02
1.007751937984496110e-01
1.001788908765652991e-01
9.898628503279666146e-02
1.031604054859868863e-01
1.037567084078711982e-01
1.103160405485986845e-01
9.779367918902802381e-02
9.838998211091234958e-02
9.838998211091234958e-02
9.123434704830053754e-02
9.004174120453189989e-02
8.884913536076326224e-02
9.540846750149076239e-02
9.421586165772212473e-02
8.467501490757305127e-02
8.288610614192010173e-02
9.123434704830053754e-02
8.527131782945736316e-02
9.004174120453189989e-02
8.944543828264758800e-02
8.944543828264758800e-02
9.302325581395348708e-02
8.586762075134167504e-02
8.109719737626713831e-02
9.302325581395348708e-02
8.646392367322600081e-02
8.825283243887895035e-02
7.990459153249851454e-02
8.467501490757305127e-02
8.646392367322600081e-02
8.348240906380441362e-02
8.706022659511031270e-02
8.467501490757305127e-02
7.930828861061418877e-02
8.109719737626713831e-02
7.990459153249851454e-02
8.527131782945736316e-02
8.050089445438282643e-02
8.348240906380441362e-02
7.811568276684555112e-02
8.050089445438282643e-02
8.050089445438282643e-02
7.692307692307692735e-02
7.513416815742397781e-02
7.155635062611806485e-02
7.155635062611806485e-02
7.692307692307692735e-02
7.573047107930828969e-02
7.215265354800239062e-02
7.513416815742397781e-02
7.811568276684555112e-02
8.407871198568872551e-02
7.573047107930828969e-02
8.467501490757305127e-02
8.586762075134167504e-02
8.527131782945736316e-02
8.109719737626713831e-02
8.407871198568872551e-02
7.930828861061418877e-02
8.050089445438282643e-02
7.930828861061418877e-02
8.527131782945736316e-02
8.109719737626713831e-02
7.394156231365534016e-02
8.109719737626713831e-02
8.109719737626713831e-02
7.632677400119260158e-02
7.394156231365534016e-02
7.811568276684555112e-02
7.036374478234942720e-02
7.215265354800239062e-02
7.453786523553965204e-02
7.513416815742397781e-02
8.050089445438282643e-02
7.692307692307692735e-02
6.917113893858080342e-02
6.917113893858080342e-02
6.857483601669647766e-02
6.738223017292785388e-02
6.917113893858080342e-02
6.201550387596899139e-02
5.724508050089445466e-02
7.096004770423375296e-02
6.320810971973762904e-02
6.738223017292785388e-02
7.096004770423375296e-02
7.453786523553965204e-02
6.917113893858080342e-02
6.738223017292785388e-02
7.453786523553965204e-02
6.201550387596899139e-02
6.917113893858080342e-02
7.573047107930828969e-02
6.141920095408467256e-02
7.036374478234942720e-02
