1.000000000000000000e+00
8.217821782178217349e-01
7.953795379537953458e-01
7.920792079207921166e-01
6.996699669966996993e-01
7.491749174917491372e-01
6.864686468646864492e-01
6.699669966996699699e-01
6.105610561056105112e-01
6.171617161716171918e-01
6.666666666666666297e-01
6.171617161716171918e-01
5.841584158415841221e-01
5.676567656765676428e-01
5.742574257425742124e-01
5.478547854785478233e-01
5.511551155115511635e-01
5.874587458745874624e-01
5.412541254125412538e-01
5.577557755775577331e-01
5.742574257425742124e-01
5.280528052805280037e-01
5.313531353135313440e-01
4.818481848184818506e-01
5.379537953795379135e-01
5.247524752475247745e-01
5.082508250825082952e-01
4.785478547854785658e-01
4.818481848184818506e-01
4.719471947194719408e-01
4.884488448844884756e-01
5.082508250825082952e-01
4.785478547854785658e-01
4.950495049504950451e-01
4.950495049504950451e-01
4.752475247524752255e-01
4.917491749174917604e-01
4.422442244224422669e-01
4.389438943894389267e-01
4.686468646864686560e-01
4.422442244224422669e-01
4.257425742574257321e-01
5.049504950495049549e-01
4.389438943894389267e-01
4.323432343234323572e-01
4.026402640264026278e-01
4.059405940594059681e-01
4.521452145214521212e-01
4.521452145214521212e-01
4.158415841584158223e-01
4.488448844884488365e-01
4.323432343234323572e-01
3.795379537953795235e-01
3.927392739273927180e-01
4.125412541254125376e-01
3.960396039603960583e-01
3.696369636963696137e-01
3.828382838283828637e-01
4.158415841584158223e-01
3.894389438943894333e-01
3.960396039603960583e-01
3.432343234323432246e-01
3.993399339933993430e-01
4.422442244224422669e-01
3.861386138613861485e-01
4.488448844884488365e-01
4.224422442244224474e-01
4.026402640264026278e-01
3.927392739273927180e-01
3.993399339933993430e-01
3.861386138613861485e-01
3.630363036303630442e-01
4.158415841584158223e-01
3.762376237623762387e-01
3.432343234323432246e-01
3.696369636963696137e-01
3.498349834983498496e-01
4.323432343234323572e-01
3.960396039603960583e-01
3.564356435643564192e-01
3.861386138613861485e-01
3.630363036303630442e-01
3.531353135313531344e-01
3.465346534653465094e-01
3.795379537953795235e-01
3.597359735973597594e-01
3.795379537953795235e-01
3.597359735973597594e-01
3.234323432343234050e-01
3.762376237623762387e-01
3.234323432343234050e-01
2.970297029702970160e-01
3.465346534653465094e-01
3.036303630363036410e-01
3.267326732673267453e-01
2.838283828382838214e-01
3.036303630363036410e-01
2.970297029702970160e-01
3.366336633663366551e-01
3.036303630363036410e-01
2.607260726072607171e-01
2.871287128712871062e-01
2.739273927392739116e-01
2.574257425742574323e-01
2.706270627062706269e-01
2.805280528052805367e-01
3.168316831683168355e-01
3.201320132013201203e-01
3.201320132013201203e-01
3.135313531353135508e-01
2.937293729372937312e-01
2.805280528052805367e-01
2.970297029702970160e-01
2.805280528052805367e-01
2.805280528052805367e-01
2.343234323432343280e-01
2.871287128712871062e-01
2.739273927392739116e-01
2.310231023102310155e-01
3.003300330033003562e-01
2.409240924092409253e-01
2.508250825082508073e-01
2.244224422442244182e-01
2.376237623762376128e-01
2.112211221122112237e-01
2.277227722772277307e-01
2.343234323432343280e-01
2.079207920792079112e-01
1.848184818481848068e-01
2.079207920792079112e-01
2.244224422442244182e-01
1.848184818481848068e-01
2.244224422442244182e-01
2.211221122112211335e-01
2.178217821782178210e-01
2.046204620462046264e-01
2.376237623762376128e-01
2.508250825082508073e-01
2.145214521452145084e-01
1.980198019801980291e-01
1.650165016501650150e-01
2.046204620462046264e-01
2.145214521452145084e-01
1.914191419141914319e-01
1.881188118811881194e-01
2.013201320132013139e-01
1.782178217821782096e-01
1.815181518151815221e-01
1.914191419141914319e-01
1.815181518151815221e-01
1.881188118811881194e-01
2.046204620462046264e-01
2.112211221122112237e-01
1.914191419141914319e-01
1.947194719471947166e-01
2.211221122112211335e-01
1.848184818481848068e-01
1.551155115511551053e-01
1.650165016501650150e-01
1.617161716171617025e-01
1.815181518151815221e-01
1.650165016501650150e-01
1.551155115511551053e-01
1.749174917491749248e-01
1.848184818481848068e-01
1.881188118811881194e-01
2.244224422442244182e-01
2.013201320132013139e-01
1.848184818481848068e-01
1.914191419141914319e-01
1.782178217821782096e-01
1.584158415841584178e-01
1.848184818481848068e-01
1.584158415841584178e-01
1.782178217821782096e-01
1.716171617161716123e-01
1.782178217821782096e-01
1.551155115511551053e-01
2.079207920792079112e-01
1.881188118811881194e-01
1.815181518151815221e-01
1.848184818481848068e-01
1.914191419141914319e-01
2.079207920792079112e-01
1.947194719471947166e-01
1.881188118811881194e-01
1.683168316831683275e-01
1.584158415841584178e-01
1.452145214521452232e-01
1.485148514851485080e-01
1.683168316831683275e-01
1.881188118811881194e-01
1.683168316831683275e-01
1.749174917491749248e-01
1.584158415841584178e-01
1.815181518151815221e-01
1.485148514851485080e-01
1.518151815181518205e-01
1.683168316831683275e-01
1.452145214521452232e-01
1.386138613861386260e-01
1.716171617161716123e-01
1.782178217821782096e-01
1.815181518151815221e-01
1.683168316831683275e-01
1.914191419141914319e-01
1.386138613861386260e-01
1.485148514851485080e-01
1.716171617161716123e-01
1.980198019801980291e-01
1.518151815181518205e-01
1.650165016501650150e-01
1.386138613861386260e-01
1.782178217821782096e-01
1.485148514851485080e-01
1.518151815181518205e-01
1.518151815181518205e-01
1.518151815181518205e-01
1.386138613861386260e-01
1.485148514851485080e-01
1.287128712871287162e-01
1.353135313531353134e-01
1.221122112211221189e-01
1.452145214521452232e-01
1.320132013201320009e-01
1.320132013201320009e-01
1.452145214521452232e-01
1.584158415841584178e-01
1.452145214521452232e-01
1.353135313531353134e-01
1.419141914191419107e-01
1.452145214521452232e-01
1.254125412541254037e-01
1.221122112211221189e-01
1.353135313531353134e-01
1.221122112211221189e-01
1.188118811881188064e-01
1.287128712871287162e-01
1.617161716171617025e-01
1.551155115511551053e-01
1.353135313531353134e-01
1.155115511551155077e-01
1.353135313531353134e-01
1.089108910891089105e-01
1.056105610561056118e-01
1.320132013201320009e-01
1.155115511551155077e-01
9.570957095709571594e-02
1.287128712871287162e-01
1.254125412541254037e-01
1.551155115511551053e-01
1.122112211221122091e-01
1.452145214521452232e-01
1.386138613861386260e-01
1.221122112211221189e-01
1.320132013201320009e-01
1.221122112211221189e-01
1.254125412541254037e-01
1.155115511551155077e-01
1.287128712871287162e-01
1.287128712871287162e-01
1.122112211221122091e-01
1.188118811881188064e-01
1.518151815181518205e-01
1.320132013201320009e-01
1.188118811881188064e-01
1.353135313531353134e-01
1.353135313531353134e-01
1.386138613861386260e-01
1.320132013201320009e-01
1.254125412541254037e-01
1.155115511551155077e-01
1.155115511551155077e-01
1.188118811881188064e-01
1.386138613861386260e-01
9.570957095709571594e-02
1.056105610561056118e-01
8.250825082508250752e-02
9.240924092409240342e-02
9.570957095709571594e-02
9.900990099009901457e-02
1.023102310231023132e-01
7.920792079207920888e-02
8.250825082508250752e-02
7.920792079207920888e-02
1.089108910891089105e-01
1.023102310231023132e-01
7.920792079207920888e-02
8.580858085808580615e-02
9.240924092409240342e-02
9.900990099009901457e-02
7.590759075907591025e-02
7.260726072607261161e-02
8.910891089108910479e-02
7.920792079207920888e-02
1.122112211221122091e-01
9.240924092409240342e-02
8.250825082508250752e-02
5.940594059405940319e-02
9.240924092409240342e-02
7.590759075907591025e-02
7.920792079207920888e-02
6.930693069306931298e-02
6.930693069306931298e-02
5.940594059405940319e-02
8.580858085808580615e-02
8.910891089108910479e-02
8.250825082508250752e-02
7.590759075907591025e-02
9.570957095709571594e-02
7.920792079207920888e-02
8.250825082508250752e-02
9.240924092409240342e-02
9.240924092409240342e-02
8.250825082508250752e-02
7.920792079207920888e-02
6.930693069306931298e-02
9.900990099009901457e-02
8.580858085808580615e-02
1.155115511551155077e-01
7.590759075907591025e-02
7.590759075907591025e-02
7.920792079207920888e-02
6.930693069306931298e-02
7.590759075907591025e-02
7.590759075907591025e-02
6.270627062706270183e-02
5.940594059405940319e-02
7.590759075907591025e-02
7.920792079207920888e-02
9.900990099009901457e-02
9.900990099009901457e-02
8.580858085808580615e-02
8.580858085808580615e-02
6.930693069306931298e-02
9.570957095709571594e-02
7.260726072607261161e-02
6.270627062706270183e-02
8.250825082508250752e-02
7.590759075907591025e-02
8.580858085808580615e-02
7.920792079207920888e-02
7.260726072607261161e-02
8.250825082508250752e-02
8.910891089108910479e-02
8.250825082508250752e-02
9.570957095709571594e-02
7.590759075907591025e-02
9.900990099009901457e-02
7.590759075907591025e-02
9.900990099009901457e-02
8.250825082508250752e-02
8.250825082508250752e-02
5.940594059405940319e-02
7.920792079207920888e-02
7.260726072607261161e-02
8.580858085808580615e-02
9.240924092409240342e-02
6.270627062706270183e-02
7.260726072607261161e-02
7.920792079207920888e-02
8.910891089108910479e-02
4.620462046204620171e-02
7.260726072607261161e-02
6.270627062706270183e-02
6.600660066006600046e-02
6.600660066006600046e-02
7.590759075907591025e-02
7.260726072607261161e-02
8.250825082508250752e-02
6.270627062706270183e-02
8.910891089108910479e-02
9.570957095709571594e-02
6.930693069306931298e-02
7.590759075907591025e-02
5.610561056105610456e-02
1.122112211221122091e-01
9.240924092409240342e-02
7.920792079207920888e-02
6.930693069306931298e-02
7.920792079207920888e-02
8.580858085808580615e-02
9.240924092409240342e-02
5.940594059405940319e-02
8.580858085808580615e-02
1.089108910891089105e-01
6.600660066006600046e-02
6.270627062706270183e-02
4.950495049504950729e-02
6.930693069306931298e-02
6.270627062706270183e-02
5.610561056105610456e-02
6.600660066006600046e-02
6.600660066006600046e-02
7.260726072607261161e-02
6.930693069306931298e-02
6.930693069306931298e-02
7.260726072607261161e-02
7.590759075907591025e-02
8.250825082508250752e-02
7.590759075907591025e-02
