1.000000000000000000e+00
9.135802469135801962e-01
8.906525573192239920e-01
8.439153439153439518e-01
8.253968253968253510e-01
8.033509700176366675e-01
7.980599647266314323e-01
7.583774250440916687e-01
7.372134038800705058e-01
7.169312169312169747e-01
7.019400352733685677e-01
7.019400352733685677e-01
6.887125220458554242e-01
7.116402116402116285e-01
6.904761904761904656e-01
6.825396825396825573e-01
6.675485008818342614e-01
6.825396825396825573e-01
6.481481481481481399e-01
6.349206349206348854e-01
6.366843033509700378e-01
6.313932980599646916e-01
6.366843033509700378e-01
6.234567901234567833e-01
6.075837742504409666e-01
6.005291005291005790e-01
5.811287477954144576e-01
6.058201058201058142e-01
5.846560846560846514e-01
5.626102292768959678e-01
5.899470899470899976e-01
5.696649029982363555e-01
5.784832451499117845e-01
5.679012345679012030e-01
5.449735449735449988e-01
5.326278659611992650e-01
5.343915343915344174e-01
5.476190476190476719e-01
5.326278659611992650e-01
5.564373897707231009e-01
5.379188712522046112e-01
5.370370370370370905e-01
4.947089947089947093e-01
4.823633156966490310e-01
4.735449735449735464e-01
4.832451499118165517e-01
4.638447971781304857e-01
4.506172839506172867e-01
4.673721340388006795e-01
4.426807760141093229e-01
4.462081128747795167e-01
4.550264550264550012e-01
4.629629629629629650e-01
4.338624338624338383e-01
4.559082892416225774e-01
4.365079365079365115e-01
4.382716049382716084e-01
4.241622574955908331e-01
4.329805996472663177e-01
4.171075837742504455e-01
4.347442680776014146e-01
4.206349206349206393e-01
3.924162257495590889e-01
4.029982363315696703e-01
3.950617283950617065e-01
3.906525573192239920e-01
3.915343915343915127e-01
4.144620811287477724e-01
4.118165784832451548e-01
4.012345679012345734e-01
3.800705467372134105e-01
3.871252204585537982e-01
3.906525573192239920e-01
3.994708994708994765e-01
3.897707231040564158e-01
4.038800705467371910e-01
3.730158730158730229e-01
3.941798941798941858e-01
3.703703703703703498e-01
3.765432098765432167e-01
3.835978835978836043e-01
3.606701940035273446e-01
3.333333333333333148e-01
3.395061728395061817e-01
3.447971781305114725e-01
3.518518518518518601e-01
3.403880070546737024e-01
3.527336860670193808e-01
3.315696649029982179e-01
3.439153439153438963e-01
3.342151675485008910e-01
3.201058201058201158e-01
3.148148148148148251e-01
3.183421516754850189e-01
3.280423280423280241e-01
3.289241622574956003e-01
3.289241622574956003e-01
3.403880070546737024e-01
3.209876543209876365e-01
3.271604938271605034e-01
3.104056437389770551e-01
3.183421516754850189e-01
3.165784832451499220e-01
2.901234567901234684e-01
3.015873015873015706e-01
3.209876543209876365e-01
2.954144620811287592e-01
3.209876543209876365e-01
2.998236331569664737e-01
2.821869488536155046e-01
2.724867724867724994e-01
2.945326278659611829e-01
2.654320987654321118e-01
2.768959435626102139e-01
2.813051146384479839e-01
2.733686067019400201e-01
2.839506172839506015e-01
2.671957671957672087e-01
2.636684303350970149e-01
2.777777777777777901e-01
2.522045855379188573e-01
2.627865961199294387e-01
2.372134038800705336e-01
2.442680776014109212e-01
2.619047619047619180e-01
2.645502645502645356e-01
2.671957671957672087e-01
2.451499118165784696e-01
2.671957671957672087e-01
2.601410934744268211e-01
2.363315696649029851e-01
2.530864197530864335e-01
2.548500881834215304e-01
2.416225749559082758e-01
2.389770723104056305e-01
2.469135802469135665e-01
2.248677248677248552e-01
2.495590828924162119e-01
2.363315696649029851e-01
2.425044091710758243e-01
2.328042328042327913e-01
2.292768959435625975e-01
2.345679012345678882e-01
2.389770723104056305e-01
2.522045855379188573e-01
2.354497354497354367e-01
2.380952380952380820e-01
2.248677248677248552e-01
2.451499118165784696e-01
2.204585537918871130e-01
2.372134038800705336e-01
2.292768959435625975e-01
2.380952380952380820e-01
2.301587301587301460e-01
2.310405643738976944e-01
2.336860670194003398e-01
2.186948853615520161e-01
2.354497354497354367e-01
2.231040564373897583e-01
2.186948853615520161e-01
2.195767195767195645e-01
2.239858906525573068e-01
2.222222222222222099e-01
2.301587301587301460e-01
2.283950617283950490e-01
2.257495590828924037e-01
2.266313932980599521e-01
2.045855379188712408e-01
1.931216931216931110e-01
2.231040564373897583e-01
2.019400352733685955e-01
2.186948853615520161e-01
2.010582010582010470e-01
2.160493827160493707e-01
2.116402116402116285e-01
2.045855379188712408e-01
2.098765432098765316e-01
1.948853615520282079e-01
1.904761904761904656e-01
1.984126984126984017e-01
1.984126984126984017e-01
2.054673721340387893e-01
1.851851851851851749e-01
1.869488536155202718e-01
1.834215167548500780e-01
1.869488536155202718e-01
1.851851851851851749e-01
1.807760141093474326e-01
1.957671957671957563e-01
1.825396825396825295e-01
1.931216931216931110e-01
1.710758377425043997e-01
1.710758377425043997e-01
1.825396825396825295e-01
1.701940035273368512e-01
1.666666666666666574e-01
1.807760141093474326e-01
1.834215167548500780e-01
1.746031746031745935e-01
1.860670194003527234e-01
1.887125220458553687e-01
1.772486772486772388e-01
1.781305114638447873e-01
1.825396825396825295e-01
1.816578483245149811e-01
1.834215167548500780e-01
1.922398589065255625e-01
1.525573192239858822e-01
1.825396825396825295e-01
1.781305114638447873e-01
1.825396825396825295e-01
1.596119929453262698e-01
1.587301587301587213e-01
1.666666666666666574e-01
1.913580246913580141e-01
1.798941798941798842e-01
1.825396825396825295e-01
1.798941798941798842e-01
1.675485008818342059e-01
1.622574955908289152e-01
1.728395061728394966e-01
1.728395061728394966e-01
1.516754850088183337e-01
1.693121693121693028e-01
1.569664902998236244e-01
1.649029982363315605e-01
1.596119929453262698e-01
1.710758377425043997e-01
1.790123456790123357e-01
1.657848324514991090e-01
1.622574955908289152e-01
1.719576719576719481e-01
1.543209876543209791e-01
1.622574955908289152e-01
1.481481481481481399e-01
1.675485008818342059e-01
1.666666666666666574e-01
1.596119929453262698e-01
1.666666666666666574e-01
1.604938271604938183e-01
1.578483245149911729e-01
1.428571428571428492e-01
1.649029982363315605e-01
1.490299823633156884e-01
1.305114638447971709e-01
1.446208112874779461e-01
1.455026455026454946e-01
1.419753086419753008e-01
1.349206349206349131e-01
1.340388007054673647e-01
1.340388007054673647e-01
1.375661375661375585e-01
1.358024691358024616e-01
1.358024691358024616e-01
1.437389770723103977e-01
1.393298059964726554e-01
1.428571428571428492e-01
1.410934744268077523e-01
1.349206349206349131e-01
1.410934744268077523e-01
1.261022927689594286e-01
1.234567901234567833e-01
1.190476190476190410e-01
1.252204585537918802e-01
1.181657848324514926e-01
1.234567901234567833e-01
1.067019400352733627e-01
1.261022927689594286e-01
1.305114638447971709e-01
1.225749559082892348e-01
1.172839506172839441e-01
1.252204585537918802e-01
1.155202821869488472e-01
1.313932980599647193e-01
1.331569664902998162e-01
1.296296296296296224e-01
1.331569664902998162e-01
1.146384479717812988e-01
1.111111111111111049e-01
1.208112874779541379e-01
1.172839506172839441e-01
1.172839506172839441e-01
1.067019400352733627e-01
1.075837742504409111e-01
1.111111111111111049e-01
1.208112874779541379e-01
9.523809523809523281e-02
1.252204585537918802e-01
1.181657848324514926e-01
1.119929453262786534e-01
1.022927689594356204e-01
1.102292768959435565e-01
1.137566137566137503e-01
1.252204585537918802e-01
1.075837742504409111e-01
1.049382716049382658e-01
1.040564373897707173e-01
1.181657848324514926e-01
1.313932980599647193e-01
1.172839506172839441e-01
1.181657848324514926e-01
1.137566137566137503e-01
1.199294532627865895e-01
1.040564373897707173e-01
1.093474426807760080e-01
1.111111111111111049e-01
1.164021164021163957e-01
1.040564373897707173e-01
9.964726631393297507e-02
1.040564373897707173e-01
1.031746031746031689e-01
1.075837742504409111e-01
1.031746031746031689e-01
1.005291005291005235e-01
1.031746031746031689e-01
1.005291005291005235e-01
9.788359788359787816e-02
1.119929453262786534e-01
1.049382716049382658e-01
1.137566137566137503e-01
1.128747795414462018e-01
1.058201058201058142e-01
1.084656084656084596e-01
1.146384479717812988e-01
1.084656084656084596e-01
9.964726631393297507e-02
1.075837742504409111e-01
1.040564373897707173e-01
1.014109347442680720e-01
1.014109347442680720e-01
9.788359788359787816e-02
9.788359788359787816e-02
9.964726631393297507e-02
9.435626102292768436e-02
9.876543209876542662e-02
9.700176366843032971e-02
1.022927689594356204e-01
9.876543209876542662e-02
9.611992945326278126e-02
1.031746031746031689e-01
8.906525573192239364e-02
8.906525573192239364e-02
9.523809523809523281e-02
1.040564373897707173e-01
1.075837742504409111e-01
9.964726631393297507e-02
9.964726631393297507e-02
1.067019400352733627e-01
9.964726631393297507e-02
8.553791887125219984e-02
9.435626102292768436e-02
9.700176366843032971e-02
9.611992945326278126e-02
9.611992945326278126e-02
8.641975308641974829e-02
9.435626102292768436e-02
9.611992945326278126e-02
9.611992945326278126e-02
8.289241622574955448e-02
7.760141093474426377e-02
9.082892416225749055e-02
8.818342151675484519e-02
9.082892416225749055e-02
8.994708994708994210e-02
9.171075837742503900e-02
7.407407407407406996e-02
7.936507936507936067e-02
8.730158730158729674e-02
8.377425044091710293e-02
8.201058201058200603e-02
9.082892416225749055e-02
8.994708994708994210e-02
8.730158730158729674e-02
8.553791887125219984e-02
8.112874779541445758e-02
8.818342151675484519e-02
8.024691358024690913e-02
8.553791887125219984e-02
7.848324514991181222e-02
7.495590828924161841e-02
7.142857142857142461e-02
8.112874779541445758e-02
7.231040564373897306e-02
6.790123456790123080e-02
6.878306878306877925e-02
6.613756613756613389e-02
7.495590828924161841e-02
7.231040564373897306e-02
7.583774250440916687e-02
7.671957671957671532e-02
7.583774250440916687e-02
8.377425044091710293e-02
7.760141093474426377e-02
7.495590828924161841e-02
6.701940035273368235e-02
8.024691358024690913e-02
8.201058201058200603e-02
6.878306878306877925e-02
7.319223985890652151e-02
7.936507936507936067e-02
7.936507936507936067e-02
