1.000000000000000000e+00
8.438940092165898577e-01
7.626728110599078070e-01
7.822580645161290036e-01
7.119815668202764680e-01
7.281105990783409698e-01
7.044930875576036478e-01
6.993087557603686610e-01
6.716589861751152135e-01
6.601382488479262678e-01
6.428571428571429047e-01
6.474654377880184608e-01
6.296082949308755561e-01
6.296082949308755561e-01
6.175115207373271797e-01
6.370967741935483764e-01
6.048387096774193727e-01
5.973502304147465525e-01
5.800691244239630784e-01
5.846774193548387455e-01
5.996543778801843860e-01
5.483870967741935054e-01
5.587557603686635899e-01
5.529953917050691725e-01
5.385944700460829626e-01
5.426267281105990881e-01
5.403225806451612545e-01
5.339861751152074065e-01
5.334101382488479759e-01
5.432027649769585187e-01
5.120967741935483764e-01
4.890552995391704849e-01
4.769585253456221086e-01
4.786866359447004560e-01
4.827188940092165814e-01
5.000000000000000000e-01
4.752304147465437612e-01
4.735023041474654137e-01
4.775345622119815392e-01
4.850230414746543595e-01
4.671658986175115102e-01
4.573732718894009119e-01
4.562211981566820507e-01
4.550691244239631339e-01
4.470046082949308830e-01
4.475806451612903136e-01
4.470046082949308830e-01
4.395161290322580627e-01
4.441244239631336188e-01
4.331797235023041592e-01
4.389400921658986321e-01
4.279953917050691170e-01
4.210829493087557829e-01
4.302995391705068950e-01
4.256912442396313390e-01
4.164746543778801713e-01
4.049539170506912256e-01
4.055299539170507117e-01
4.118663594470046152e-01
3.980414746543778914e-01
3.951612903225806273e-01
3.991935483870967527e-01
3.928571428571428492e-01
3.888248847926267238e-01
4.032258064516128782e-01
3.819124423963133896e-01
3.876728110599078070e-01
3.634792626728110543e-01
3.761520737327189168e-01
3.640552995391704849e-01
3.571428571428571508e-01
3.559907834101382340e-01
3.761520737327189168e-01
3.686635944700460965e-01
3.634792626728110543e-01
3.715437788018433052e-01
3.421658986175115102e-01
3.594470046082949288e-01
3.767281105990783474e-01
3.594470046082949288e-01
3.652073732718894017e-01
3.617511520737327069e-01
3.554147465437788034e-01
3.404377880184331628e-01
3.536866359447004560e-01
3.490783410138248999e-01
3.519585253456221086e-01
3.427419354838709409e-01
3.467741935483871218e-01
3.317972350230414813e-01
3.335253456221198287e-01
3.352534562211981761e-01
3.306451612903225645e-01
3.341013824884792593e-01
3.335253456221198287e-01
3.467741935483871218e-01
3.283410138248847865e-01
3.254608294930875778e-01
3.191244239631336188e-01
3.220046082949308830e-01
3.202764976958525356e-01
3.243087557603686610e-01
3.260368663594470084e-01
3.237327188940092304e-01
3.225806451612903136e-01
3.248847926267280917e-01
3.110599078341013679e-01
3.076036866359446731e-01
3.127880184331797153e-01
3.133640552995391459e-01
3.070276497695852425e-01
3.047235023041474644e-01
2.978110599078340748e-01
2.937788018433179493e-01
2.949308755760368661e-01
3.035714285714285476e-01
3.087557603686635899e-01
2.908986175115207407e-01
2.903225806451613100e-01
2.880184331797234765e-01
2.845622119815668372e-01
2.747695852534562388e-01
2.845622119815668372e-01
2.983870967741935609e-01
2.816820276497695730e-01
2.782258064516128782e-01
2.874423963133640458e-01
2.834101382488479204e-01
2.828341013824884898e-01
2.828341013824884898e-01
2.776497695852534475e-01
2.880184331797234765e-01
2.672811059907834186e-01
2.713133640552995440e-01
2.805299539170507117e-01
2.649769585253456405e-01
2.626728110599078070e-01
2.644009216589861544e-01
2.592165898617511677e-01
2.672811059907834186e-01
2.741935483870967527e-01
2.678571428571428492e-01
2.788018433179723643e-01
2.644009216589861544e-01
2.649769585253456405e-01
2.419354838709677491e-01
2.620967741935483764e-01
2.442396313364055271e-01
2.586405529953916815e-01
2.551843317972350422e-01
2.500000000000000000e-01
2.632488479262672931e-01
2.540322580645161255e-01
2.540322580645161255e-01
2.580645161290322509e-01
2.523041474654377780e-01
2.465437788018433052e-01
2.569124423963133896e-01
2.586405529953916815e-01
2.471198156682027636e-01
2.528801843317972087e-01
2.488479262672811110e-01
2.482718894009216526e-01
2.517281105990783474e-01
2.436635944700460965e-01
2.430875576036866381e-01
2.419354838709677491e-01
2.459677419354838745e-01
2.327188940092165814e-01
2.448156682027649855e-01
2.476958525345622220e-01
2.488479262672811110e-01
2.534562211981566948e-01
2.275345622119815669e-01
2.350230414746543872e-01
2.482718894009216526e-01
2.476958525345622220e-01
2.355990783410138178e-01
2.367511520737327069e-01
2.286866359447004560e-01
2.338709677419354704e-01
2.298387096774193450e-01
2.142857142857142738e-01
2.309907834101382618e-01
2.315668202764976924e-01
2.379032258064516236e-01
2.315668202764976924e-01
2.263824884792626779e-01
2.315668202764976924e-01
2.200460829493087467e-01
2.142857142857142738e-01
2.269585253456221086e-01
2.211981566820276635e-01
2.286866359447004560e-01
2.258064516129032195e-01
2.188940092165898577e-01
2.194700460829493160e-01
2.125576036866359542e-01
2.367511520737327069e-01
2.217741935483870941e-01
2.108294930875576068e-01
2.281105990783410253e-01
2.160138248847926212e-01
2.183179723502304270e-01
2.183179723502304270e-01
2.079493087557603703e-01
2.188940092165898577e-01
2.171658986175115102e-01
2.091013824884792593e-01
2.033410138248847865e-01
2.033410138248847865e-01
2.211981566820276635e-01
2.114055299539170374e-01
2.119815668202764958e-01
2.171658986175115102e-01
2.056451612903225923e-01
2.010368663594470084e-01
2.096774193548387177e-01
2.154377880184331906e-01
2.165898617511520796e-01
2.177419354838709686e-01
2.096774193548387177e-01
2.154377880184331906e-01
2.062211981566820229e-01
2.142857142857142738e-01
1.981566820276497720e-01
1.993087557603686610e-01
1.975806451612903136e-01
2.021889400921658975e-01
1.941244239631336466e-01
2.056451612903225923e-01
1.952764976958525356e-01
1.998847926267281194e-01
1.975806451612903136e-01
1.998847926267281194e-01
1.952764976958525356e-01
1.889400921658986043e-01
1.981566820276497720e-01
2.016129032258064391e-01
1.947004608294930772e-01
1.889400921658986043e-01
1.889400921658986043e-01
1.877880184331797153e-01
1.918202764976958408e-01
1.947004608294930772e-01
1.895161290322580627e-01
1.849078341013824789e-01
1.872119815668202847e-01
1.837557603686635899e-01
1.797235023041474644e-01
1.826036866359447008e-01
1.895161290322580627e-01
1.843317972350230483e-01
1.820276497695852425e-01
1.866359447004608263e-01
1.912442396313364101e-01
1.826036866359447008e-01
1.728110599078341025e-01
1.872119815668202847e-01
1.802995391705069228e-01
1.843317972350230483e-01
1.883640552995391737e-01
1.877880184331797153e-01
1.877880184331797153e-01
1.918202764976958408e-01
1.866359447004608263e-01
1.837557603686635899e-01
1.768433179723502280e-01
1.849078341013824789e-01
1.756912442396313390e-01
1.877880184331797153e-01
1.872119815668202847e-01
1.831797235023041592e-01
1.826036866359447008e-01
1.814516129032258118e-01
1.854838709677419373e-01
1.779953917050691170e-01
1.768433179723502280e-01
1.797235023041474644e-01
1.722350230414746441e-01
1.808755760368663534e-01
1.820276497695852425e-01
1.837557603686635899e-01
1.745391705069124499e-01
1.745391705069124499e-01
1.797235023041474644e-01
1.762672811059907696e-01
1.670506912442396297e-01
1.820276497695852425e-01
1.849078341013824789e-01
1.843317972350230483e-01
1.687788018433179771e-01
1.676267281105990881e-01
1.751152073732718806e-01
1.682027649769585187e-01
1.682027649769585187e-01
1.849078341013824789e-01
1.791474654377880060e-01
1.872119815668202847e-01
1.756912442396313390e-01
1.630184331797235042e-01
1.705069124423963245e-01
1.745391705069124499e-01
1.728110599078341025e-01
1.682027649769585187e-01
1.635944700460829626e-01
1.745391705069124499e-01
1.728110599078341025e-01
1.687788018433179771e-01
1.687788018433179771e-01
1.676267281105990881e-01
1.618663594470046152e-01
1.578341013824884898e-01
1.618663594470046152e-01
1.762672811059907696e-01
1.664746543778801713e-01
1.624423963133640458e-01
1.739631336405529916e-01
1.630184331797235042e-01
1.670506912442396297e-01
1.641705069124423932e-01
1.670506912442396297e-01
1.635944700460829626e-01
1.658986175115207407e-01
1.676267281105990881e-01
1.630184331797235042e-01
1.589861751152073788e-01
1.687788018433179771e-01
1.641705069124423932e-01
1.630184331797235042e-01
1.612903225806451568e-01
1.705069124423963245e-01
1.756912442396313390e-01
1.572580645161290314e-01
1.612903225806451568e-01
1.676267281105990881e-01
1.641705069124423932e-01
1.532258064516129059e-01
1.589861751152073788e-01
1.561059907834101423e-01
1.635944700460829626e-01
1.630184331797235042e-01
1.595622119815668094e-01
1.710829493087557551e-01
1.676267281105990881e-01
1.578341013824884898e-01
1.584101382488479204e-01
1.710829493087557551e-01
1.658986175115207407e-01
1.722350230414746441e-01
1.589861751152073788e-01
1.624423963133640458e-01
1.595622119815668094e-01
1.566820276497695730e-01
1.641705069124423932e-01
1.480414746543778914e-01
1.474654377880184331e-01
1.497695852534562111e-01
1.549539170506912533e-01
1.584101382488479204e-01
1.520737327188940169e-01
1.445852534562211966e-01
1.474654377880184331e-01
1.543778801843317949e-01
1.486175115207373221e-01
1.503456221198156695e-01
1.520737327188940169e-01
1.428571428571428492e-01
1.503456221198156695e-01
1.670506912442396297e-01
1.555299539170506840e-01
1.566820276497695730e-01
1.491935483870967805e-01
1.538018433179723365e-01
1.526497695852534475e-01
1.463133640552995440e-01
1.509216589861751279e-01
1.578341013824884898e-01
1.578341013824884898e-01
1.497695852534562111e-01
1.509216589861751279e-01
1.566820276497695730e-01
1.555299539170506840e-01
1.468894009216589747e-01
1.543778801843317949e-01
1.635944700460829626e-01
1.612903225806451568e-01
1.584101382488479204e-01
1.543778801843317949e-01
1.653225806451612823e-01
1.480414746543778914e-01
1.526497695852534475e-01
1.566820276497695730e-01
1.572580645161290314e-01
1.543778801843317949e-01
1.486175115207373221e-01
1.457373271889400856e-01
1.566820276497695730e-01
1.572580645161290314e-01
1.584101382488479204e-01
1.549539170506912533e-01
