1.000000000000000000e+00
8.447287163652403841e-01
8.120864578738420381e-01
7.617997353330392407e-01
7.525363917071018482e-01
7.225408028231142810e-01
6.757829730921923739e-01
6.700485222761358717e-01
6.479929422143801965e-01
6.479929422143801965e-01
6.466696074106749181e-01
6.043228936921041239e-01
6.038817820908689571e-01
5.787384208204675584e-01
5.712395235994706111e-01
5.778561976179973358e-01
5.438906043228937115e-01
5.262461402734891491e-01
5.262461402734891491e-01
5.156594618438464783e-01
5.041905602117335849e-01
4.869872077635641894e-01
4.905161005734450796e-01
4.494927216585796192e-01
4.636082928981032358e-01
4.450816056462285064e-01
4.481693868548742854e-01
4.468460520511689515e-01
3.983237759153065993e-01
4.397882664314071710e-01
4.380238200264666704e-01
4.168504631671812732e-01
4.150860167622408281e-01
3.921482134980149858e-01
3.947948831054256535e-01
3.961182179091309874e-01
3.727393030436700339e-01
3.625937362152624743e-01
3.603881782090869179e-01
3.559770621967357496e-01
3.427437141596824111e-01
3.639170710189678082e-01
3.423026025584472998e-01
3.348037053374503524e-01
3.339214821349801299e-01
3.228936921041023478e-01
3.299514777238641283e-01
3.109836788707542876e-01
3.321570357300396847e-01
3.361270401411556863e-01
3.246581385090427929e-01
3.123070136744596215e-01
3.048081164534627296e-01
3.052492280546978409e-01
3.026025584472871732e-01
2.968681076312307265e-01
3.039258932509925071e-01
2.871636524040582228e-01
2.955447728275253372e-01
2.840758711954124438e-01
2.805469783855315535e-01
2.756947507719453294e-01
2.699602999558888272e-01
2.677547419497132708e-01
2.496691662990736527e-01
2.545213939126598768e-01
2.576091751213057113e-01
2.439347154830172060e-01
2.633436259373621580e-01
2.562858403176003774e-01
2.359947066607851751e-01
2.386413762681958428e-01
2.527569475077194316e-01
2.483458314953683188e-01
2.470224966916629850e-01
2.302602558447287284e-01
2.430524922805469834e-01
2.329069254521393961e-01
2.209969122187913637e-01
2.262902514336126991e-01
2.240846934274371427e-01
2.293780326422584781e-01
2.267313630348478104e-01
2.139391265990295554e-01
2.059991177767975246e-01
2.104102337891486652e-01
2.126157917953242216e-01
2.157035730039700006e-01
2.095280105866784426e-01
2.059991177767975246e-01
2.002646669607410779e-01
2.024702249669166343e-01
2.108513453903837764e-01
2.068813409792677471e-01
2.015880017644464117e-01
2.011468901632113004e-01
1.896779885310983793e-01
1.910013233348037132e-01
1.936479929422143809e-01
1.932068813409792696e-01
1.980591089545654937e-01
1.936479929422143809e-01
1.962946625496250486e-01
1.865902073224525726e-01
1.777679752977503191e-01
1.698279664755183160e-01
1.680635200705778431e-01
1.720335244816938725e-01
1.649757388619320642e-01
1.733568592853992063e-01
1.715924128804587612e-01
1.667401852668725093e-01
1.702690780767534273e-01
1.733568592853992063e-01
1.689457432730480935e-01
1.685046316718129822e-01
1.627701808557565077e-01
1.570357300397000333e-01
1.645346272606969529e-01
1.504190560211733640e-01
1.579179532421702559e-01
1.521835024261138092e-01
1.583590648434053949e-01
1.574768416409351446e-01
1.468901632112924460e-01
1.424790471989413332e-01
1.429201588001764445e-01
1.442434936038817783e-01
1.548301720335244769e-01
1.415968239964711106e-01
1.495368328187031415e-01
1.451257168063520009e-01
1.429201588001764445e-01
1.446846052051168896e-01
1.583590648434053949e-01
1.371857079841199700e-01
1.424790471989413332e-01
1.332157035730039685e-01
1.411557123952359993e-01
1.296868107631230782e-01
1.402734891927657768e-01
1.327745919717688572e-01
1.327745919717688572e-01
1.310101455668284121e-01
1.252756947507719376e-01
1.486546096162329189e-01
1.389501543890604429e-01
1.239523599470666038e-01
1.332157035730039685e-01
1.217468019408910473e-01
1.248345831495368263e-01
1.288045875606528556e-01
1.265990295544772715e-01
1.213056903396559361e-01
1.195412439347154770e-01
1.248345831495368263e-01
1.191001323334803658e-01
1.142479047198941278e-01
1.186590207322452545e-01
1.191001323334803658e-01
1.146890163211292391e-01
1.155712395235994755e-01
1.195412439347154770e-01
1.164534627260696981e-01
1.076312307013674446e-01
1.111601235112483488e-01
1.098367887075430149e-01
1.168945743273048093e-01
1.138067931186590165e-01
1.239523599470666038e-01
1.129245699161887939e-01
1.076312307013674446e-01
1.049845610939567769e-01
1.058667842964269995e-01
1.089545655050727785e-01
1.107190119100132375e-01
1.005734450816056502e-01
1.058667842964269995e-01
9.969122187913542765e-02
1.058667842964269995e-01
9.792677547419496864e-02
1.036612262902514292e-01
1.080723423026025559e-01
1.005734450816056502e-01
1.063078958976621108e-01
1.005734450816056502e-01
1.036612262902514292e-01
1.005734450816056502e-01
1.018967798853109841e-01
1.027790030877812066e-01
9.528010586678430094e-02
1.054256726951918882e-01
9.792677547419496864e-02
9.792677547419496864e-02
1.005734450816056502e-01
9.925011027790030249e-02
9.836788707543007992e-02
9.969122187913542765e-02
1.032201146890163179e-01
9.925011027790030249e-02
9.175121305690339679e-02
9.616232906925452351e-02
9.042787825319806294e-02
9.042787825319806294e-02
8.822232024702249265e-02
8.910454344949271521e-02
8.689898544331715879e-02
8.337009263343625465e-02
8.469342743714160238e-02
8.601676224084693623e-02
8.160564622849580951e-02
8.072342302602558695e-02
7.895897662108512793e-02
7.851786501985001665e-02
7.278341420379355609e-02
7.940008822232025310e-02
7.851786501985001665e-02
7.675341861490957152e-02
7.851786501985001665e-02
7.940008822232025310e-02
8.028231142479047566e-02
8.557565063961182494e-02
7.366563740626377865e-02
8.160564622849580951e-02
7.057785619761799967e-02
7.190119100132333352e-02
7.101896779885311095e-02
7.101896779885311095e-02
7.543008381120423766e-02
7.543008381120423766e-02
7.278341420379355609e-02
7.190119100132333352e-02
8.204675782973092080e-02
7.675341861490957152e-02
8.160564622849580951e-02
7.675341861490957152e-02
7.190119100132333352e-02
7.101896779885311095e-02
7.278341420379355609e-02
7.631230701367446023e-02
7.454786060873401510e-02
6.925452139391266582e-02
6.881340979267754066e-02
7.013674459638288838e-02
7.278341420379355609e-02
6.704896338773709552e-02
7.940008822232025310e-02
7.631230701367446023e-02
6.793118659020731809e-02
7.101896779885311095e-02
7.631230701367446023e-02
7.146007940008822223e-02
7.543008381120423766e-02
6.352007057785619137e-02
6.969563299514777710e-02
6.925452139391266582e-02
7.146007940008822223e-02
6.969563299514777710e-02
6.749007498897220680e-02
6.616674018526687295e-02
6.396118217909131654e-02
6.352007057785619137e-02
6.660785178650198424e-02
6.087340097044552367e-02
7.543008381120423766e-02
6.616674018526687295e-02
5.999117776797530110e-02
6.881340979267754066e-02
6.925452139391266582e-02
6.616674018526687295e-02
6.219673577415085752e-02
6.087340097044552367e-02
6.307895897662108009e-02
6.837229819144242937e-02
6.660785178650198424e-02
5.734450816056461953e-02
5.734450816056461953e-02
5.866784296426996032e-02
6.175562417291574624e-02
5.866784296426996032e-02
6.352007057785619137e-02
6.219673577415085752e-02
5.690339655932950824e-02
5.955006616674018288e-02
5.778561976179973775e-02
5.822673136303484903e-02
5.955006616674018288e-02
6.087340097044552367e-02
6.087340097044552367e-02
5.425672695191883360e-02
6.131451257168063496e-02
5.205116894574327024e-02
5.558006175562417439e-02
5.558006175562417439e-02
5.293339214821349975e-02
5.425672695191883360e-02
5.513895015438906311e-02
5.072783414203793639e-02
5.116894574327304768e-02
5.072783414203793639e-02
4.764005293339215047e-02
5.072783414203793639e-02
5.249228054697838847e-02
5.028672254080282511e-02
5.205116894574327024e-02
4.278782531980591247e-02
4.587560652845169840e-02
5.116894574327304768e-02
5.293339214821349975e-02
5.469783855315394488e-02
5.161005734450815896e-02
5.249228054697838847e-02
4.719894133215703919e-02
5.028672254080282511e-02
4.984561093956771383e-02
5.249228054697838847e-02
4.675782973092192096e-02
4.719894133215703919e-02
4.322893692104102376e-02
5.116894574327304768e-02
4.808116453462726175e-02
4.411116012351124632e-02
4.587560652845169840e-02
4.367004852227613504e-02
4.764005293339215047e-02
4.058226731363034911e-02
4.543449492721658711e-02
4.764005293339215047e-02
5.116894574327304768e-02
5.513895015438906311e-02
4.455227172474635761e-02
4.499338332598147583e-02
5.293339214821349975e-02
4.764005293339215047e-02
4.499338332598147583e-02
4.764005293339215047e-02
4.675782973092192096e-02
4.896338773709748432e-02
4.499338332598147583e-02
4.543449492721658711e-02
4.631671812968680968e-02
4.719894133215703919e-02
4.631671812968680968e-02
4.675782973092192096e-02
4.940449933833259560e-02
4.367004852227613504e-02
4.190560211733568297e-02
3.837670930745478576e-02
4.631671812968680968e-02
4.278782531980591247e-02
4.499338332598147583e-02
4.543449492721658711e-02
4.234671371857080119e-02
4.411116012351124632e-02
4.367004852227613504e-02
5.205116894574327024e-02
4.543449492721658711e-02
4.367004852227613504e-02
4.587560652845169840e-02
3.749448610498456319e-02
3.881782090868989704e-02
4.014115571239523783e-02
4.102337891486546040e-02
3.749448610498456319e-02
3.970004411116012655e-02
3.881782090868989704e-02
3.793559770621967447e-02
4.014115571239523783e-02
4.190560211733568297e-02
3.705337450374945191e-02
3.705337450374945191e-02
4.322893692104102376e-02
4.367004852227613504e-02
3.661226290251433368e-02
3.793559770621967447e-02
4.984561093956771383e-02
4.102337891486546040e-02
3.749448610498456319e-02
3.837670930745478576e-02
3.881782090868989704e-02
3.705337450374945191e-02
3.440670489633877033e-02
3.484781649757388855e-02
3.661226290251433368e-02
3.440670489633877033e-02
3.661226290251433368e-02
3.837670930745478576e-02
3.573003970004411112e-02
3.176003528892809569e-02
3.661226290251433368e-02
3.528892809880899983e-02
3.528892809880899983e-02
3.176003528892809569e-02
3.440670489633877033e-02
3.484781649757388855e-02
3.352448169386854776e-02
3.573003970004411112e-02
3.528892809880899983e-02
3.131892368769298440e-02
3.528892809880899983e-02
2.911336568151742452e-02
