1.000000000000000000e+00
9.297742744536008352e-01
9.036187746327480896e-01
8.964528842708706646e-01
8.792547474023647558e-01
8.606234324614833175e-01
8.674310283052669712e-01
8.402006449301325786e-01
8.359011107130061013e-01
8.240773916159083168e-01
8.061626657112146432e-01
8.215693299892511403e-01
7.903977069150841528e-01
7.774991042637047212e-01
7.696166248656395314e-01
7.764242207094231851e-01
7.581512002866356292e-01
7.560014331780723351e-01
7.635256180580437535e-01
7.366535292010032432e-01
7.205302758867789814e-01
7.233966320315299292e-01
7.051236116087423733e-01
7.169473307058401579e-01
7.079899677534933211e-01
7.176639197420279226e-01
6.993908993192403667e-01
6.915084199211751770e-01
6.789681117878896277e-01
6.624865639555714836e-01
6.757434611250447976e-01
6.542457900394124115e-01
6.546040845575062939e-01
6.470798996775349865e-01
6.485130777499104049e-01
6.270154066642780188e-01
6.223575779290576593e-01
6.230741669652454240e-01
6.219992834109637769e-01
6.216409888928698946e-01
6.331064134718739078e-01
6.209243998566822409e-01
6.083840917233965806e-01
5.947689000358294953e-01
5.879613041920458416e-01
5.804371193120745342e-01
5.815120028663561813e-01
5.653887495521318085e-01
5.739878179863847629e-01
5.564313865997849717e-01
5.524901469007523769e-01
5.499820852740953114e-01
5.585811537083482659e-01
5.510569688283769585e-01
5.306341812970261085e-01
5.367251881046219975e-01
5.241848799713364482e-01
5.345754209960588144e-01
5.105696882837692518e-01
5.198853457542099710e-01
5.163024005732712585e-01
5.180938731637405592e-01
5.084199211752060688e-01
5.073450376209244217e-01
4.987459691866714673e-01
4.858473665352920356e-01
4.883554281619491011e-01
4.758151200286635518e-01
4.883554281619491011e-01
4.790397706915084375e-01
4.765317090648513165e-01
4.733070584020064309e-01
4.808312432819777937e-01
4.693658187029738360e-01
4.664994625582228327e-01
4.639914009315657673e-01
4.632748118953780025e-01
4.536008599068434011e-01
4.604084557506269992e-01
4.575420996058760514e-01
4.546757434611250481e-01
4.381941956288069040e-01
4.321031888212110150e-01
4.371193120745252569e-01
4.310283052669294235e-01
4.120386958079541584e-01
4.170548190612683448e-01
4.174131135793622271e-01
4.034396273737012040e-01
4.109638122536725113e-01
4.116804012898602760e-01
4.063059835184521518e-01
4.005732712289502007e-01
4.088140451451092727e-01
4.088140451451092727e-01
3.955571479756359587e-01
3.837334288785381742e-01
4.005732712289502007e-01
3.908993192404155992e-01
3.848083124328197657e-01
3.926907918308850109e-01
3.930490863489788378e-01
3.898244356861340076e-01
3.762092439985668113e-01
3.686850591185955039e-01
3.661769974919383830e-01
3.737011823719096903e-01
3.711931207452526249e-01
3.676101755643138569e-01
3.665352920100322653e-01
3.572196345395915462e-01
3.640272303833751444e-01
3.443210318882121146e-01
3.385883195987101635e-01
3.414546757434611113e-01
3.332139018273020392e-01
3.393049086348978727e-01
3.195987101397348429e-01
3.371551415263346341e-01
3.346470798996775131e-01
3.342887853815836863e-01
3.199570046578287252e-01
3.178072375492654866e-01
3.181655320673593690e-01
3.299892511644572091e-01
3.285560730920816797e-01
3.307058402006449183e-01
3.163740594768900127e-01
3.178072375492654866e-01
3.192404156216410160e-01
3.102830526692941793e-01
3.120745252597635355e-01
3.092081691150125322e-01
3.127911142959512447e-01
3.052669294159799374e-01
2.998925116445718131e-01
2.930849158007882704e-01
2.930849158007882704e-01
2.916517377284127410e-01
2.973844500179147476e-01
2.945180938731637443e-01
2.873522035112862638e-01
2.794697241132210741e-01
2.841275528484414337e-01
2.819777857398781951e-01
2.794697241132210741e-01
2.744536008599068322e-01
2.805446076675026656e-01
2.733787173056252406e-01
2.694374776065926458e-01
2.694374776065926458e-01
2.676460050161232340e-01
2.622715872447151653e-01
2.626298817628090476e-01
2.586886420637763973e-01
2.637047653170906392e-01
2.568971694733070410e-01
2.565388749552131586e-01
2.543891078466499200e-01
2.597635256180580443e-01
2.601218201361519267e-01
2.640630598351845215e-01
2.583303475456825704e-01
2.651379433894661686e-01
2.497312791114295882e-01
2.683625940523109987e-01
2.619132927266212829e-01
2.640630598351845215e-01
2.572554639914009234e-01
2.486563955571479689e-01
2.511644571838050899e-01
2.536725188104622108e-01
2.432819777857398724e-01
2.407739161590827792e-01
2.386241490505195406e-01
2.447151558581153741e-01
2.414905051952705162e-01
2.314582586886420601e-01
2.307416696524543231e-01
2.264421354353278459e-01
2.167681834467932722e-01
2.250089573629523443e-01
2.196345395915442478e-01
2.131852382658545320e-01
2.207094231458258671e-01
2.232174847724829880e-01
2.182013615191687461e-01
2.225008957362952233e-01
2.153350053744177706e-01
2.182013615191687461e-01
2.182013615191687461e-01
2.128269437477606496e-01
2.171264779648871268e-01
2.113937656753851757e-01
2.242923683267646073e-01
2.164098889286993899e-01
2.131852382658545320e-01
2.078108204944464354e-01
2.099605876030096741e-01
2.006449301325689827e-01
2.006449301325689827e-01
2.045861698316015775e-01
1.995700465782873634e-01
1.949122178430670038e-01
2.013615191687567196e-01
2.017198136868506020e-01
1.952705123611608862e-01
1.977785739878179794e-01
1.952705123611608862e-01
1.970619849516302424e-01
1.931207452525976476e-01
1.881046219992834057e-01
1.949122178430670038e-01
1.863131494088140494e-01
1.891795055535650250e-01
1.981368685059118617e-01
1.920458616983160283e-01
1.852382658545324301e-01
1.848799713364385477e-01
1.909709781440344090e-01
1.820136151916875722e-01
1.888212110354711704e-01
1.798638480831243336e-01
1.787889645288427143e-01
1.838050877821569284e-01
1.827302042278753091e-01
1.852382658545324301e-01
1.870297384450017864e-01
1.827302042278753091e-01
1.834467932640630461e-01
1.759226083840917110e-01
1.766391974202794757e-01
1.719813686850591161e-01
1.680401289860265213e-01
1.666069509136510196e-01
1.676818344679326389e-01
1.597993550698674214e-01
1.694733070584019952e-01
1.691150125403081406e-01
1.554998208527409442e-01
1.698316015764958775e-01
1.644571838050877810e-01
1.597993550698674214e-01
1.655320673593694003e-01
1.608742386241490407e-01
1.640988892869938987e-01
1.565747044070225635e-01
1.719813686850591161e-01
1.651737728412755180e-01
1.540666427803654703e-01
1.583661769974919475e-01
1.551415263346470896e-01
1.583661769974919475e-01
1.594410605517735668e-01
1.529917592260838510e-01
1.583661769974919475e-01
1.490505195270512284e-01
1.512002866356144670e-01
1.483339304908634915e-01
1.465424579003941352e-01
1.508419921175206124e-01
1.451092798280186336e-01
1.440343962737370143e-01
1.443926907918308966e-01
1.375850949480472984e-01
1.494088140451451108e-01
1.447509853099247512e-01
1.440343962737370143e-01
1.383016839842350354e-01
1.454675743461125159e-01
1.433178072375492773e-01
1.429595127194553950e-01
1.490505195270512284e-01
1.461841633823002529e-01
1.418846291651737757e-01
1.454675743461125159e-01
1.426012182013615126e-01
1.411680401289860387e-01
1.350770333213901775e-01
1.340021497671085582e-01
1.361519168756717968e-01
1.365102113937656791e-01
1.365102113937656791e-01
1.365102113937656791e-01
1.372268004299534161e-01
1.340021497671085582e-01
1.400931565747044194e-01
1.322106771766392019e-01
1.386599785023289177e-01
1.357936223575779422e-01
1.372268004299534161e-01
1.361519168756717968e-01
1.336438552490147036e-01
1.314940881404514372e-01
1.268362594052311054e-01
1.282694374776065793e-01
1.236116087423862475e-01
1.300609100680759633e-01
1.289860265137943440e-01
1.264779648871372231e-01
1.232533142242923652e-01
1.261196703690433407e-01
1.225367251881046282e-01
1.275528484414188424e-01
1.236116087423862475e-01
1.246864922966678668e-01
1.175206019347904002e-01
1.200286635614475073e-01
1.228950197061984967e-01
1.193120745252597703e-01
1.236116087423862475e-01
1.225367251881046282e-01
1.243281977785739845e-01
1.196703690433536388e-01
1.168040128986026494e-01
1.164457183805087809e-01
1.150125403081332792e-01
1.200286635614475073e-01
1.121461841633823037e-01
1.160874238624148985e-01
1.142959512719455423e-01
1.150125403081332792e-01
1.099964170548190651e-01
1.092798280186313142e-01
1.107130060910068020e-01
1.135793622357577914e-01
1.193120745252597703e-01
1.089215335005374458e-01
1.082049444643496949e-01
1.071300609100680756e-01
1.078466499462558265e-01
1.064134718738803248e-01
1.017556431386599791e-01
1.103547115729129335e-01
1.046219992834109686e-01
1.089215335005374458e-01
1.092798280186313142e-01
1.153708348262271616e-01
1.121461841633823037e-01
1.049802938015048370e-01
1.056968828376925879e-01
1.028305266929415984e-01
1.028305266929415984e-01
1.031888212110354669e-01
9.817269795772125274e-02
9.458975277678251248e-02
1.024722321748477299e-01
1.024722321748477299e-01
9.996417054819060899e-02
1.039054102472232177e-01
1.071300609100680756e-01
1.028305266929415984e-01
1.056968828376925879e-01
1.060551773557864563e-01
1.056968828376925879e-01
1.053385883195987055e-01
9.817269795772125274e-02
1.028305266929415984e-01
9.924758151200287204e-02
9.530634181297026331e-02
8.814045145109279666e-02
9.638122536725188261e-02
8.885704048728054749e-02
8.921533500537441597e-02
9.781440343962737038e-02
9.064851307774990374e-02
9.745610892153350191e-02
9.494804729487639483e-02
9.638122536725188261e-02
9.387316374059477553e-02
9.458975277678251248e-02
9.100680759584378610e-02
9.315657470440702470e-02
9.100680759584378610e-02
8.957362952346828444e-02
9.566463633106413178e-02
1.006807595843783598e-01
1.021139376567538476e-01
9.315657470440702470e-02
9.243998566821927387e-02
9.136510211393765457e-02
8.849874596918666514e-02
9.315657470440702470e-02
9.458975277678251248e-02
9.638122536725188261e-02
9.029021855965603527e-02
9.172339663203152305e-02
9.208169115012540540e-02
9.029021855965603527e-02
8.169115012540308085e-02
8.670727337871730889e-02
8.348262271587245098e-02
8.097456108921533002e-02
8.419921175206018793e-02
8.061626657112146155e-02
8.599068434252955806e-02
8.348262271587245098e-02
8.706556789681117736e-02
8.491580078824793876e-02
8.169115012540308085e-02
8.384091723396631946e-02
