1.000000000000000000e+00
8.336575875486381682e-01
7.548638132295719672e-01
7.412451361867704591e-01
6.896887159533073852e-01
6.536964980544747172e-01
6.692607003891050121e-01
6.449416342412451764e-01
6.391050583657587048e-01
5.982490272373540696e-01
6.128404669260700821e-01
5.651750972762645819e-01
5.729571984435797294e-01
5.408560311284046351e-01
5.466926070038909957e-01
4.892996108949416167e-01
4.970817120622568197e-01
4.941634241245136394e-01
5.204280155642023731e-01
4.688715953307392992e-01
4.961089494163424263e-01
4.834630350194552562e-01
4.562256809338521291e-01
4.708171206225680860e-01
4.571984435797665225e-01
4.260700389105058217e-01
4.445525291828793524e-01
4.260700389105058217e-01
4.455252918287938013e-01
4.533073929961089488e-01
4.299610894941634509e-01
4.280155642023346085e-01
4.241245136186770348e-01
4.221789883268482479e-01
4.173151750972762808e-01
3.959143968871595143e-01
4.114785992217898647e-01
4.017509727626459304e-01
3.599221789883268463e-01
3.852140077821011865e-01
3.803501945525291639e-01
3.550583657587548791e-01
3.618677042801556332e-01
3.667315175097276003e-01
3.686770428015564427e-01
3.589494163424124529e-01
3.443579766536964959e-01
3.093385214007782213e-01
3.190661478599221557e-01
3.229571984435797849e-01
3.122568093385214016e-01
2.957198443579766578e-01
2.966926070038910512e-01
2.937743190661478709e-01
2.772373540856031271e-01
2.908560311284046906e-01
2.859922178988326680e-01
2.908560311284046906e-01
2.772373540856031271e-01
2.821011673151750943e-01
2.937743190661478709e-01
2.772373540856031271e-01
2.811284046692607008e-01
2.519455252918287869e-01
2.568093385214007540e-01
2.568093385214007540e-01
2.558365758754863606e-01
2.519455252918287869e-01
2.412451361867704314e-01
2.519455252918287869e-01
2.441634241245136117e-01
2.101167315175097305e-01
2.431906614785992182e-01
2.392996108949416445e-01
2.334630350194552562e-01
2.470817120622568197e-01
2.470817120622568197e-01
2.354085603112840430e-01
2.354085603112840430e-01
2.461089494163424263e-01
2.295719844357976547e-01
2.101167315175097305e-01
2.276264591439688678e-01
2.120622568093385174e-01
2.217898832684824795e-01
2.363813229571984365e-01
2.101167315175097305e-01
2.344357976653696496e-01
2.383268482490272511e-01
2.198443579766536926e-01
2.266536964980544744e-01
1.887159533073929918e-01
2.110894941634241240e-01
2.052529182879377356e-01
2.130350194552529108e-01
2.062256809338521291e-01
1.926070038910505933e-01
1.819066147859922100e-01
1.828793774319066034e-01
1.867704280155642049e-01
1.750972762645914282e-01
1.614785992217898924e-01
1.702334630350194611e-01
1.838521400778210246e-01
1.955252918287937736e-01
1.819066147859922100e-01
1.770428015564202429e-01
1.799610894941634232e-01
1.867704280155642049e-01
1.789883268482490297e-01
1.780155642023346363e-01
1.634241245136186793e-01
1.712062256809338545e-01
1.614785992217898924e-01
1.585603112840466844e-01
1.634241245136186793e-01
1.702334630350194611e-01
1.682879377431906742e-01
1.624513618677042859e-01
1.556420233463035041e-01
1.643968871595330727e-01
1.643968871595330727e-01
1.634241245136186793e-01
1.809338521400778166e-01
1.712062256809338545e-01
1.838521400778210246e-01
1.498054474708171158e-01
1.673151750972762530e-01
1.624513618677042859e-01
1.605058365758754990e-01
1.643968871595330727e-01
1.566147859922178975e-01
1.527237354085603238e-01
1.575875486381322910e-01
1.546692607003891107e-01
1.546692607003891107e-01
1.663424124513618596e-01
1.643968871595330727e-01
1.566147859922178975e-01
1.536964980544747172e-01
1.439688715953307274e-01
1.439688715953307274e-01
1.400778210116731537e-01
1.468871595330739355e-01
1.575875486381322910e-01
1.429961089494163340e-01
1.478599221789883289e-01
1.663424124513618596e-01
1.556420233463035041e-01
1.420233463035019406e-01
1.206225680933852157e-01
1.342412451361867654e-01
1.371595330739299734e-01
1.381322957198443668e-01
1.352140077821011588e-01
1.225680933852140025e-01
1.342412451361867654e-01
1.293774319066147982e-01
1.264591439688715901e-01
1.254863813229571967e-01
1.332684824902723719e-01
1.352140077821011588e-01
1.400778210116731537e-01
1.352140077821011588e-01
1.254863813229571967e-01
1.410505836575875471e-01
1.449416342412451486e-01
1.274319066147859836e-01
1.322957198443579785e-01
1.245136186770428033e-01
1.177042801556420215e-01
1.128404669260700405e-01
1.128404669260700405e-01
1.381322957198443668e-01
1.099221789883268463e-01
1.138132295719844339e-01
1.274319066147859836e-01
1.108949416342412397e-01
1.254863813229571967e-01
1.303501945525291916e-01
1.206225680933852157e-01
1.108949416342412397e-01
1.021400778210116711e-01
1.079766536964980594e-01
1.128404669260700405e-01
9.630350194552529663e-02
1.050583657587548653e-01
1.206225680933852157e-01
1.050583657587548653e-01
1.060311284046692587e-01
9.435797665369649589e-02
1.108949416342412397e-01
1.147859922178988273e-01
1.089494163424124529e-01
1.089494163424124529e-01
1.138132295719844339e-01
1.079766536964980594e-01
1.060311284046692587e-01
1.079766536964980594e-01
1.186770428015564149e-01
1.079766536964980594e-01
1.021400778210116711e-01
1.001945525291828842e-01
1.070038910505836521e-01
1.021400778210116711e-01
9.435797665369649589e-02
1.040856031128404718e-01
1.167315175097276281e-01
1.001945525291828842e-01
1.099221789883268463e-01
1.225680933852140025e-01
1.157587548638132346e-01
1.001945525291828842e-01
1.070038910505836521e-01
1.031128404669260645e-01
9.922178988326847693e-02
9.922178988326847693e-02
9.046692607003890829e-02
8.657587548638132069e-02
9.630350194552529663e-02
9.922178988326847693e-02
9.922178988326847693e-02
8.949416342412451486e-02
8.852140077821012143e-02
8.949416342412451486e-02
1.001945525291828842e-01
1.011673151750972777e-01
9.338521400778210246e-02
9.435797665369649589e-02
9.241245136186770903e-02
1.108949416342412397e-01
9.046692607003890829e-02
1.079766536964980594e-01
8.171206225680933966e-02
9.046692607003890829e-02
9.143968871595330172e-02
1.001945525291828842e-01
8.949416342412451486e-02
9.046692607003890829e-02
8.657587548638132069e-02
1.021400778210116711e-01
8.463035019455253383e-02
8.560311284046692726e-02
1.031128404669260645e-01
9.533073929961088933e-02
9.727626459143969007e-02
8.171206225680933966e-02
8.852140077821012143e-02
9.630350194552529663e-02
9.727626459143969007e-02
7.782101167315175205e-02
9.630350194552529663e-02
8.852140077821012143e-02
9.630350194552529663e-02
9.922178988326847693e-02
1.021400778210116711e-01
8.949416342412451486e-02
9.143968871595330172e-02
1.031128404669260645e-01
8.365758754863812652e-02
9.630350194552529663e-02
8.657587548638132069e-02
7.782101167315175205e-02
9.435797665369649589e-02
9.046692607003890829e-02
9.435797665369649589e-02
8.949416342412451486e-02
7.782101167315175205e-02
8.754863813229571412e-02
7.101167315175097028e-02
8.365758754863812652e-02
9.630350194552529663e-02
7.782101167315175205e-02
8.852140077821012143e-02
8.657587548638132069e-02
8.073929961089494622e-02
1.060311284046692587e-01
8.949416342412451486e-02
7.392996108949416445e-02
8.073929961089494622e-02
7.587548638132295131e-02
8.463035019455253383e-02
8.268482490272373309e-02
9.046692607003890829e-02
9.241245136186770903e-02
9.824902723735408350e-02
9.241245136186770903e-02
8.463035019455253383e-02
8.657587548638132069e-02
8.657587548638132069e-02
9.533073929961088933e-02
7.684824902723735862e-02
9.241245136186770903e-02
8.657587548638132069e-02
8.852140077821012143e-02
1.001945525291828842e-01
9.046692607003890829e-02
1.021400778210116711e-01
8.754863813229571412e-02
9.435797665369649589e-02
8.365758754863812652e-02
9.143968871595330172e-02
9.241245136186770903e-02
8.754863813229571412e-02
1.070038910505836521e-01
8.560311284046692726e-02
9.435797665369649589e-02
8.268482490272373309e-02
9.143968871595330172e-02
7.782101167315175205e-02
9.143968871595330172e-02
8.754863813229571412e-02
8.268482490272373309e-02
7.587548638132295131e-02
7.782101167315175205e-02
8.268482490272373309e-02
8.949416342412451486e-02
6.809338521400777611e-02
7.879377431906614548e-02
7.101167315175097028e-02
6.906614785992218342e-02
7.101167315175097028e-02
7.198443579766536371e-02
7.587548638132295131e-02
8.560311284046692726e-02
7.295719844357977102e-02
7.976653696498053892e-02
8.657587548638132069e-02
7.587548638132295131e-02
7.879377431906614548e-02
7.782101167315175205e-02
6.906614785992218342e-02
7.490272373540855788e-02
6.517509727626459581e-02
6.614785992217898924e-02
7.587548638132295131e-02
7.295719844357977102e-02
7.101167315175097028e-02
7.684824902723735862e-02
7.782101167315175205e-02
6.906614785992218342e-02
7.879377431906614548e-02
7.295719844357977102e-02
6.128404669260700127e-02
5.642023346303502024e-02
6.614785992217898924e-02
7.101167315175097028e-02
6.906614785992218342e-02
6.420233463035018850e-02
5.836575875486381404e-02
6.906614785992218342e-02
7.198443579766536371e-02
7.198443579766536371e-02
6.420233463035018850e-02
7.003891050583657685e-02
6.906614785992218342e-02
6.712062256809338268e-02
6.128404669260700127e-02
7.587548638132295131e-02
7.198443579766536371e-02
6.712062256809338268e-02
6.809338521400777611e-02
6.322957198443579507e-02
7.101167315175097028e-02
7.198443579766536371e-02
6.809338521400777611e-02
7.003891050583657685e-02
7.490272373540855788e-02
6.712062256809338268e-02
7.198443579766536371e-02
7.295719844357977102e-02
6.128404669260700127e-02
6.128404669260700127e-02
6.614785992217898924e-02
6.614785992217898924e-02
6.225680933852140164e-02
6.225680933852140164e-02
6.809338521400777611e-02
6.517509727626459581e-02
6.517509727626459581e-02
6.225680933852140164e-02
6.420233463035018850e-02
7.198443579766536371e-02
6.225680933852140164e-02
6.322957198443579507e-02
6.614785992217898924e-02
5.739299610894941367e-02
6.420233463035018850e-02
5.350194552529182607e-02
5.544747081712061987e-02
6.031128404669260784e-02
6.614785992217898924e-02
5.350194552529182607e-02
5.155642023346303227e-02
5.544747081712061987e-02
6.906614785992218342e-02
6.809338521400777611e-02
6.128404669260700127e-02
6.128404669260700127e-02
6.128404669260700127e-02
6.031128404669260784e-02
