1.000000000000000000e+00
8.272000000000000464e-01
7.711999999999999966e-01
8.000000000000000444e-01
7.423999999999999488e-01
7.439999999999999947e-01
6.975999999999999979e-01
6.927999999999999714e-01
6.927999999999999714e-01
6.800000000000000488e-01
6.592000000000000082e-01
6.351999999999999869e-01
6.495999999999999552e-01
6.176000000000000378e-01
6.383999999999999675e-01
5.744000000000000217e-01
5.600000000000000533e-01
5.744000000000000217e-01
5.744000000000000217e-01
5.727999999999999758e-01
5.535999999999999810e-01
5.440000000000000391e-01
5.679999999999999494e-01
5.712000000000000410e-01
5.183999999999999719e-01
5.487999999999999545e-01
4.944000000000000061e-01
5.088000000000000300e-01
4.895999999999999797e-01
4.736000000000000210e-01
4.672000000000000042e-01
4.480000000000000093e-01
4.384000000000000119e-01
4.464000000000000190e-01
3.920000000000000151e-01
4.112000000000000099e-01
4.159999999999999809e-01
4.159999999999999809e-01
4.447999999999999732e-01
4.576000000000000068e-01
4.415999999999999925e-01
4.128000000000000003e-01
4.159999999999999809e-01
4.063999999999999835e-01
4.143999999999999906e-01
4.047999999999999932e-01
4.208000000000000074e-01
4.208000000000000074e-01
3.920000000000000151e-01
4.096000000000000196e-01
3.808000000000000274e-01
3.664000000000000035e-01
4.176000000000000267e-01
3.904000000000000248e-01
4.192000000000000171e-01
4.112000000000000099e-01
3.855999999999999983e-01
3.904000000000000248e-01
3.615999999999999770e-01
3.456000000000000183e-01
3.936000000000000054e-01
3.599999999999999867e-01
3.519999999999999796e-01
3.871999999999999886e-01
3.583999999999999964e-01
3.456000000000000183e-01
3.744000000000000106e-01
3.519999999999999796e-01
3.568000000000000060e-01
3.327999999999999847e-01
3.552000000000000157e-01
3.392000000000000015e-01
3.343999999999999750e-01
3.247999999999999776e-01
3.247999999999999776e-01
3.472000000000000086e-01
3.392000000000000015e-01
3.184000000000000163e-01
3.135999999999999899e-01
2.847999999999999976e-01
2.959999999999999853e-01
3.104000000000000092e-01
2.863999999999999879e-01
3.055999999999999828e-01
2.959999999999999853e-01
3.119999999999999996e-01
2.879999999999999782e-01
3.039999999999999925e-01
2.800000000000000266e-01
3.039999999999999925e-01
2.943999999999999950e-01
2.975999999999999757e-01
2.671999999999999931e-01
2.847999999999999976e-01
2.943999999999999950e-01
2.912000000000000144e-01
2.671999999999999931e-01
2.928000000000000047e-01
2.591999999999999860e-01
2.832000000000000073e-01
2.783999999999999808e-01
2.447999999999999898e-01
2.832000000000000073e-01
2.800000000000000266e-01
2.544000000000000150e-01
2.687999999999999834e-01
2.640000000000000124e-01
2.495999999999999885e-01
2.479999999999999982e-01
2.351999999999999924e-01
2.288000000000000034e-01
2.447999999999999898e-01
2.495999999999999885e-01
2.575999999999999956e-01
2.479999999999999982e-01
2.240000000000000047e-01
2.272000000000000131e-01
2.320000000000000118e-01
2.288000000000000034e-01
2.288000000000000034e-01
2.272000000000000131e-01
2.000000000000000111e-01
2.320000000000000118e-01
2.528000000000000247e-01
2.159999999999999976e-01
2.175999999999999879e-01
2.207999999999999963e-01
2.207999999999999963e-01
2.240000000000000047e-01
2.511999999999999789e-01
2.336000000000000021e-01
2.544000000000000150e-01
2.159999999999999976e-01
2.447999999999999898e-01
2.303999999999999937e-01
2.048000000000000098e-01
2.127999999999999892e-01
2.031999999999999917e-01
2.016000000000000014e-01
2.111999999999999988e-01
2.223999999999999866e-01
2.351999999999999924e-01
2.127999999999999892e-01
2.016000000000000014e-01
1.855999999999999872e-01
1.824000000000000066e-01
2.016000000000000014e-01
2.064000000000000001e-01
1.791999999999999982e-01
2.192000000000000060e-01
2.096000000000000085e-01
1.904000000000000137e-01
1.952000000000000124e-01
1.983999999999999930e-01
1.968000000000000027e-01
1.872000000000000053e-01
2.064000000000000001e-01
1.791999999999999982e-01
2.016000000000000014e-01
1.920000000000000040e-01
2.079999999999999905e-01
1.711999999999999911e-01
1.855999999999999872e-01
1.935999999999999943e-01
1.824000000000000066e-01
1.728000000000000091e-01
1.904000000000000137e-01
1.663999999999999924e-01
1.743999999999999995e-01
1.615999999999999936e-01
1.648000000000000020e-01
1.759999999999999898e-01
1.759999999999999898e-01
1.680000000000000104e-01
1.696000000000000008e-01
1.600000000000000033e-01
1.680000000000000104e-01
1.680000000000000104e-01
1.615999999999999936e-01
1.519999999999999962e-01
1.728000000000000091e-01
1.600000000000000033e-01
1.839999999999999969e-01
1.728000000000000091e-01
1.711999999999999911e-01
1.632000000000000117e-01
1.600000000000000033e-01
1.648000000000000020e-01
1.615999999999999936e-01
1.743999999999999995e-01
1.791999999999999982e-01
1.615999999999999936e-01
1.711999999999999911e-01
1.855999999999999872e-01
1.648000000000000020e-01
1.615999999999999936e-01
1.776000000000000079e-01
1.887999999999999956e-01
1.600000000000000033e-01
1.584000000000000130e-01
1.743999999999999995e-01
1.535999999999999865e-01
1.759999999999999898e-01
1.632000000000000117e-01
1.839999999999999969e-01
1.855999999999999872e-01
1.632000000000000117e-01
1.584000000000000130e-01
1.728000000000000091e-01
1.552000000000000046e-01
1.552000000000000046e-01
1.439999999999999891e-01
1.663999999999999924e-01
1.584000000000000130e-01
1.696000000000000008e-01
1.408000000000000085e-01
1.584000000000000130e-01
1.504000000000000059e-01
1.439999999999999891e-01
1.328000000000000014e-01
1.312000000000000111e-01
1.391999999999999904e-01
1.535999999999999865e-01
1.168000000000000010e-01
1.408000000000000085e-01
1.328000000000000014e-01
1.423999999999999988e-01
1.264000000000000123e-01
1.295999999999999930e-01
1.439999999999999891e-01
1.456000000000000072e-01
1.232000000000000040e-01
1.471999999999999975e-01
1.456000000000000072e-01
1.519999999999999962e-01
1.471999999999999975e-01
1.535999999999999865e-01
1.295999999999999930e-01
1.567999999999999949e-01
1.360000000000000098e-01
1.504000000000000059e-01
1.376000000000000001e-01
1.519999999999999962e-01
1.328000000000000014e-01
1.519999999999999962e-01
1.360000000000000098e-01
1.360000000000000098e-01
1.519999999999999962e-01
1.584000000000000130e-01
1.391999999999999904e-01
1.343999999999999917e-01
1.280000000000000027e-01
1.376000000000000001e-01
1.232000000000000040e-01
1.423999999999999988e-01
1.232000000000000040e-01
1.184000000000000052e-01
1.215999999999999998e-01
1.184000000000000052e-01
1.215999999999999998e-01
1.184000000000000052e-01
1.232000000000000040e-01
1.312000000000000111e-01
1.264000000000000123e-01
1.215999999999999998e-01
1.280000000000000027e-01
1.232000000000000040e-01
1.328000000000000014e-01
1.295999999999999930e-01
1.247999999999999943e-01
1.280000000000000027e-01
1.280000000000000027e-01
1.247999999999999943e-01
1.295999999999999930e-01
1.328000000000000014e-01
1.199999999999999956e-01
1.343999999999999917e-01
1.295999999999999930e-01
1.360000000000000098e-01
1.408000000000000085e-01
1.535999999999999865e-01
1.376000000000000001e-01
1.247999999999999943e-01
1.232000000000000040e-01
1.184000000000000052e-01
1.280000000000000027e-01
1.312000000000000111e-01
1.328000000000000014e-01
1.232000000000000040e-01
1.247999999999999943e-01
1.280000000000000027e-01
1.151999999999999968e-01
1.168000000000000010e-01
1.199999999999999956e-01
1.280000000000000027e-01
1.280000000000000027e-01
1.215999999999999998e-01
1.008000000000000007e-01
1.295999999999999930e-01
1.072000000000000036e-01
1.151999999999999968e-01
1.168000000000000010e-01
1.184000000000000052e-01
1.199999999999999956e-01
1.232000000000000040e-01
1.232000000000000040e-01
1.168000000000000010e-01
1.247999999999999943e-01
1.280000000000000027e-01
1.264000000000000123e-01
1.120000000000000023e-01
1.151999999999999968e-01
1.103999999999999981e-01
1.168000000000000010e-01
1.024000000000000049e-01
1.120000000000000023e-01
1.024000000000000049e-01
1.103999999999999981e-01
9.919999999999999651e-02
9.279999999999999361e-02
9.600000000000000200e-02
1.072000000000000036e-01
1.039999999999999952e-01
1.024000000000000049e-01
1.136000000000000065e-01
9.919999999999999651e-02
9.919999999999999651e-02
1.024000000000000049e-01
8.959999999999999909e-02
9.919999999999999651e-02
1.136000000000000065e-01
1.072000000000000036e-01
1.136000000000000065e-01
1.024000000000000049e-01
1.087999999999999939e-01
9.120000000000000329e-02
1.103999999999999981e-01
9.279999999999999361e-02
9.600000000000000200e-02
1.055999999999999994e-01
9.600000000000000200e-02
1.039999999999999952e-01
1.039999999999999952e-01
9.600000000000000200e-02
9.600000000000000200e-02
8.959999999999999909e-02
9.600000000000000200e-02
1.039999999999999952e-01
9.919999999999999651e-02
1.103999999999999981e-01
1.008000000000000007e-01
1.039999999999999952e-01
1.024000000000000049e-01
9.279999999999999361e-02
9.120000000000000329e-02
9.600000000000000200e-02
9.439999999999999780e-02
1.024000000000000049e-01
8.959999999999999909e-02
1.024000000000000049e-01
8.959999999999999909e-02
9.439999999999999780e-02
9.919999999999999651e-02
1.055999999999999994e-01
9.120000000000000329e-02
9.600000000000000200e-02
8.640000000000000457e-02
8.480000000000000038e-02
1.024000000000000049e-01
8.959999999999999909e-02
1.008000000000000007e-01
9.279999999999999361e-02
9.279999999999999361e-02
1.008000000000000007e-01
8.799999999999999489e-02
1.008000000000000007e-01
9.919999999999999651e-02
1.039999999999999952e-01
8.959999999999999909e-02
1.008000000000000007e-01
8.959999999999999909e-02
9.279999999999999361e-02
1.055999999999999994e-01
1.024000000000000049e-01
1.072000000000000036e-01
1.024000000000000049e-01
9.439999999999999780e-02
1.008000000000000007e-01
9.760000000000000620e-02
1.008000000000000007e-01
9.600000000000000200e-02
8.480000000000000038e-02
9.600000000000000200e-02
8.480000000000000038e-02
9.120000000000000329e-02
9.279999999999999361e-02
8.160000000000000586e-02
7.679999999999999327e-02
9.919999999999999651e-02
8.640000000000000457e-02
8.799999999999999489e-02
