1.000000000000000000e+00
7.965700768775871854e-01
7.303370786516854007e-01
6.913069189828503491e-01
6.534594914251922182e-01
6.209343583678297307e-01
6.002365464222353397e-01
5.558840922531046447e-01
5.541099940863394302e-01
5.310467179183915309e-01
5.103489059727971400e-01
4.760496747486694380e-01
5.008870490833826628e-01
4.447072738024837602e-01
4.281490242460082585e-01
4.494382022471909988e-01
4.044943820224718989e-01
4.109994086339444075e-01
3.938497930218805565e-01
3.843879361324660238e-01
3.684210526315789269e-01
3.630987581312832835e-01
3.589591957421643942e-01
3.258426966292135019e-01
3.358959195742164394e-01
3.317563571850975501e-01
3.211117681845062077e-01
3.228858663512714222e-01
2.992312241277350626e-01
2.915434654050857444e-01
2.844470727380248309e-01
2.808988764044944020e-01
2.826729745712596165e-01
2.850384387936132358e-01
2.702542874039030041e-01
2.649319929036073606e-01
2.548787699586043676e-01
2.525133057362507483e-01
2.525133057362507483e-01
2.395032525133057311e-01
2.412773506800709733e-01
2.300413956238911983e-01
2.270845653459491464e-01
2.282672974571259561e-01
2.235363690124186897e-01
2.111176818450621051e-01
2.134831460674157244e-01
2.028385570668243543e-01
2.010644589000591398e-01
1.957421643997634408e-01
1.898285038438793648e-01
1.803666469544648043e-01
1.886457717327025552e-01
1.703134240094618668e-01
1.827321111768184514e-01
1.750443524541691331e-01
1.744529863985807283e-01
1.691306918982850294e-01
1.626256652868125485e-01
1.632170313424009533e-01
1.620342992312241159e-01
1.555292726197516351e-01
1.513897102306327735e-01
1.537551744529863929e-01
1.537551744529863929e-01
1.490242460082791265e-01
1.454760496747486698e-01
1.336487285629804900e-01
1.312832643406268429e-01
1.348314606741572996e-01
1.283264340626847910e-01
1.454760496747486698e-01
1.289178001182732236e-01
1.330573625073920851e-01
1.301005322294500333e-01
1.301005322294500333e-01
1.200473092844470679e-01
1.265523358959195765e-01
1.194559432288586631e-01
1.200473092844470679e-01
1.153163808397398016e-01
1.235955056179775247e-01
1.082199881726788881e-01
1.064458900059136598e-01
1.070372560615020646e-01
1.064458900059136598e-01
9.934949733885274636e-02
9.284447072738025164e-02
9.461856889414548000e-02
1.064458900059136598e-01
9.520993494973388482e-02
1.005322294500295699e-01
1.064458900059136598e-01
9.402720283855706129e-02
1.023063276167947983e-01
1.040804257835600266e-01
9.875813128326434154e-02
9.284447072738025164e-02
1.005322294500295699e-01
9.461856889414548000e-02
9.580130100532228965e-02
9.225310467179183294e-02
8.574807806031933821e-02
8.397397989355410985e-02
8.515671200473093339e-02
8.279124778237728632e-02
8.574807806031933821e-02
8.101714961561205797e-02
7.865168539325842478e-02
8.870490833826139010e-02
7.865168539325842478e-02
7.806031933767001996e-02
8.870490833826139010e-02
8.633944411590774304e-02
7.924305144884682961e-02
7.569485511531638677e-02
7.392075694855115842e-02
6.623299822590184016e-02
7.451212300413956324e-02
7.451212300413956324e-02
6.623299822590184016e-02
6.327616794795978827e-02
6.741573033707864981e-02
6.564163217031342146e-02
6.741573033707864981e-02
6.859846244825547334e-02
6.505026611472501663e-02
6.741573033707864981e-02
7.155529272619751135e-02
6.091070372560614815e-02
6.150206978119455992e-02
6.327616794795978827e-02
5.972797161442933156e-02
5.322294500295682990e-02
6.623299822590184016e-02
5.381431105854524166e-02
6.327616794795978827e-02
6.091070372560614815e-02
6.268480189237138345e-02
5.677114133648728661e-02
6.327616794795978827e-02
5.085748078060319671e-02
5.558840922531047002e-02
5.558840922531047002e-02
5.381431105854524166e-02
5.263157894736841813e-02
5.854523950325251497e-02
5.558840922531047002e-02
5.854523950325251497e-02
4.790065050266114483e-02
6.031933767001774332e-02
5.854523950325251497e-02
5.440567711413364649e-02
5.026611472501478495e-02
5.736250739207569144e-02
5.972797161442933156e-02
5.736250739207569144e-02
5.677114133648728661e-02
5.617977528089887485e-02
5.677114133648728661e-02
4.908338261383796836e-02
5.558840922531047002e-02
5.381431105854524166e-02
5.440567711413364649e-02
5.263157894736841813e-02
5.677114133648728661e-02
5.677114133648728661e-02
5.322294500295682990e-02
5.677114133648728661e-02
5.440567711413364649e-02
4.849201655824955659e-02
4.730928444707274000e-02
4.908338261383796836e-02
4.790065050266114483e-02
4.021289178001182657e-02
4.494382022471909988e-02
4.612655233589591647e-02
4.671791839148432823e-02
4.612655233589591647e-02
4.316972205795387152e-02
4.553518628030751164e-02
4.139562389118864316e-02
4.553518628030751164e-02
4.435245416913069505e-02
4.730928444707274000e-02
4.494382022471909988e-02
4.553518628030751164e-02
4.553518628030751164e-02
5.026611472501478495e-02
4.967474866942637318e-02
4.198698994677705493e-02
4.967474866942637318e-02
4.967474866942637318e-02
5.204021289178001330e-02
4.908338261383796836e-02
5.144884683619160154e-02
5.026611472501478495e-02
4.553518628030751164e-02
4.849201655824955659e-02
4.730928444707274000e-02
4.553518628030751164e-02
4.849201655824955659e-02
4.080425783560023834e-02
4.139562389118864316e-02
4.376108811354228328e-02
4.080425783560023834e-02
4.553518628030751164e-02
3.903015966883500998e-02
4.257835600236546669e-02
3.725606150206978162e-02
3.489059727971614150e-02
3.075103489059727996e-02
3.548196333530455326e-02
3.489059727971614150e-02
3.134240094618569172e-02
3.725606150206978162e-02
4.139562389118864316e-02
3.784742755765819339e-02
3.843879361324659821e-02
3.666469544648136986e-02
3.843879361324659821e-02
3.548196333530455326e-02
4.021289178001182657e-02
4.257835600236546669e-02
3.607332939089296503e-02
3.666469544648136986e-02
3.429923122412773667e-02
2.956830277942045990e-02
3.075103489059727996e-02
3.134240094618569172e-02
2.779420461265523501e-02
3.015966883500887166e-02
2.424600827912477830e-02
2.897693672383205160e-02
2.661147250147841495e-02
2.306327616794795823e-02
2.069781194559432158e-02
2.188054405677114164e-02
2.247191011235954994e-02
2.602010644589000665e-02
2.306327616794795823e-02
2.602010644589000665e-02
2.956830277942045990e-02
3.075103489059727996e-02
2.779420461265523501e-02
3.134240094618569172e-02
2.897693672383205160e-02
3.193376700177409655e-02
3.311649911295092008e-02
3.075103489059727996e-02
3.252513305736250832e-02
2.542874039030159836e-02
2.779420461265523501e-02
2.661147250147841495e-02
2.661147250147841495e-02
2.897693672383205160e-02
2.779420461265523501e-02
2.483737433471318659e-02
3.075103489059727996e-02
2.779420461265523501e-02
2.720283855706682324e-02
2.424600827912477830e-02
2.128917800118273335e-02
2.483737433471318659e-02
2.188054405677114164e-02
2.542874039030159836e-02
2.188054405677114164e-02
2.720283855706682324e-02
2.247191011235954994e-02
2.838557066824364331e-02
2.838557066824364331e-02
2.188054405677114164e-02
2.897693672383205160e-02
2.247191011235954994e-02
2.306327616794795823e-02
2.542874039030159836e-02
2.188054405677114164e-02
2.247191011235954994e-02
2.306327616794795823e-02
2.661147250147841495e-02
2.247191011235954994e-02
2.602010644589000665e-02
2.188054405677114164e-02
2.365464222353637000e-02
2.188054405677114164e-02
2.188054405677114164e-02
1.951507983441750499e-02
2.010644589000591329e-02
2.424600827912477830e-02
2.483737433471318659e-02
2.424600827912477830e-02
2.188054405677114164e-02
2.306327616794795823e-02
2.365464222353637000e-02
1.714961561206386834e-02
2.128917800118273335e-02
2.424600827912477830e-02
2.306327616794795823e-02
2.365464222353637000e-02
2.128917800118273335e-02
2.306327616794795823e-02
2.247191011235954994e-02
2.010644589000591329e-02
1.833234772324068493e-02
1.774098166765227663e-02
1.951507983441750499e-02
1.774098166765227663e-02
1.892371377882909669e-02
1.596688350088704828e-02
1.537551744529863998e-02
1.774098166765227663e-02
1.360141927853341162e-02
2.010644589000591329e-02
1.892371377882909669e-02
1.596688350088704828e-02
1.892371377882909669e-02
2.010644589000591329e-02
1.655824955647546004e-02
1.537551744529863998e-02
1.655824955647546004e-02
1.714961561206386834e-02
2.188054405677114164e-02
1.714961561206386834e-02
1.833234772324068493e-02
1.596688350088704828e-02
1.892371377882909669e-02
1.951507983441750499e-02
1.655824955647546004e-02
1.714961561206386834e-02
1.360141927853341162e-02
1.301005322294500333e-02
1.478415138971022995e-02
1.182732111176818500e-02
1.714961561206386834e-02
1.478415138971022995e-02
1.182732111176818500e-02
1.360141927853341162e-02
1.005322294500295664e-02
1.241868716735659330e-02
1.478415138971022995e-02
1.360141927853341162e-02
1.182732111176818500e-02
1.123595505617977497e-02
1.005322294500295664e-02
1.241868716735659330e-02
1.360141927853341162e-02
1.182732111176818500e-02
1.360141927853341162e-02
1.301005322294500333e-02
1.419278533412182165e-02
1.419278533412182165e-02
9.461856889414548347e-03
1.123595505617977497e-02
9.461856889414548347e-03
1.064458900059136667e-02
1.123595505617977497e-02
1.419278533412182165e-02
1.360141927853341162e-02
1.182732111176818500e-02
1.064458900059136667e-02
8.870490833826138316e-03
9.461856889414548347e-03
1.123595505617977497e-02
9.461856889414548347e-03
1.123595505617977497e-02
8.870490833826138316e-03
1.005322294500295664e-02
9.461856889414548347e-03
8.279124778237730020e-03
6.505026611472501663e-03
7.687758722649319990e-03
8.279124778237730020e-03
7.687758722649319990e-03
8.870490833826138316e-03
6.505026611472501663e-03
8.870490833826138316e-03
9.461856889414548347e-03
8.279124778237730020e-03
8.279124778237730020e-03
9.461856889414548347e-03
8.870490833826138316e-03
6.505026611472501663e-03
7.096392667060910826e-03
1.123595505617977497e-02
9.461856889414548347e-03
8.870490833826138316e-03
1.005322294500295664e-02
1.064458900059136667e-02
9.461856889414548347e-03
8.279124778237730020e-03
8.279124778237730020e-03
7.096392667060910826e-03
8.279124778237730020e-03
1.005322294500295664e-02
7.096392667060910826e-03
8.279124778237730020e-03
1.005322294500295664e-02
1.005322294500295664e-02
8.870490833826138316e-03
8.870490833826138316e-03
7.687758722649319990e-03
