1.000000000000000000e+00
9.025641025641025772e-01
8.556776556776556353e-01
8.373626373626373853e-01
8.183150183150182944e-01
8.036630036630036944e-01
7.836385836385836301e-01
7.548229548229548058e-01
7.526251526251526158e-01
7.489621489621489658e-01
7.362637362637363125e-01
7.167277167277167349e-01
7.047619047619048116e-01
6.989010989010988606e-01
7.042735042735043249e-01
6.759462759462759873e-01
6.869352869352869373e-01
6.661782661782661430e-01
6.610500610500610330e-01
6.556776556776556797e-01
6.478632478632478930e-01
6.356532356532356154e-01
6.312576312576312354e-01
6.192918192918193121e-01
6.210012210012210154e-01
6.024420024420024111e-01
6.036630036630036278e-01
6.014652014652014378e-01
5.987789987789987611e-01
6.083028083028082511e-01
5.873015873015873245e-01
5.621489621489621502e-01
5.758241758241757768e-01
5.763125763125762635e-01
5.645909645909645835e-01
5.418803418803418426e-01
5.413919413919413559e-01
5.479853479853480369e-01
5.350427350427350293e-01
5.199023199023199426e-01
5.164835164835165360e-01
5.162393162393162926e-01
5.147741147741147216e-01
5.028083028083027983e-01
5.052503052503052317e-01
4.923076923076923350e-01
4.869352869352869262e-01
4.791208791208791395e-01
4.713064713064712974e-01
4.730158730158730007e-01
4.681318681318681341e-01
4.542124542124542086e-01
4.476190476190476386e-01
4.500610500610500719e-01
4.539682539682539653e-01
4.476190476190476386e-01
4.388278388278388231e-01
4.297924297924298198e-01
4.356532356532356598e-01
4.288156288156287910e-01
4.231990231990231943e-01
4.153846153846154077e-01
4.197802197802197877e-01
4.183150183150183277e-01
4.173382173382173543e-01
4.034188034188034289e-01
4.061050061050061055e-01
4.056166056166056189e-01
4.000000000000000222e-01
3.973137973137972900e-01
3.865689865689865834e-01
3.963369963369963167e-01
3.873015873015873134e-01
3.836385836385836634e-01
3.902319902319902334e-01
3.851037851037851234e-01
3.851037851037851234e-01
3.829059829059829334e-01
3.706959706959707113e-01
3.743589743589743613e-01
3.565323565323565425e-01
3.628815628815628691e-01
3.694749694749694946e-01
3.514041514041513770e-01
3.614163614163614091e-01
3.465201465201465103e-01
3.506715506715506470e-01
3.457875457875457803e-01
3.467643467643467536e-01
3.355311355311355048e-01
3.391941391941392103e-01
3.272283272283272315e-01
3.233211233211233382e-01
3.225885225885226082e-01
3.221001221001221215e-01
3.269841269841269882e-01
3.157509157509157394e-01
3.135531135531135494e-01
3.067155067155067361e-01
3.123321123321123327e-01
3.096459096459096560e-01
3.157509157509157394e-01
3.037851037851037606e-01
3.040293040293040039e-01
2.979242979242979206e-01
2.923076923076923239e-01
2.947496947496947572e-01
2.945054945054945139e-01
2.915750915750915939e-01
2.908424908424908639e-01
2.774114774114774251e-01
2.783882783882783984e-01
2.771672771672771818e-01
2.737484737484737751e-01
2.752136752136752351e-01
2.747252747252747485e-01
2.764346764346764518e-01
2.705738705738705563e-01
2.730158730158729896e-01
2.715506715506715296e-01
2.615384615384615530e-01
2.666666666666666630e-01
2.632478632478632563e-01
2.649572649572649596e-01
2.534798534798534675e-01
2.505494505494505475e-01
2.500610500610500608e-01
2.481074481074481142e-01
2.544566544566544408e-01
2.507936507936507908e-01
2.473748473748473842e-01
2.424908424908424898e-01
2.449328449328449231e-01
2.400488400488400564e-01
2.415140415140415164e-01
2.405372405372405431e-01
2.329670329670329720e-01
2.334554334554334587e-01
2.256410256410256443e-01
2.290598290598290510e-01
2.305250305250305387e-01
2.319902319902319987e-01
2.300366300366300243e-01
2.312576312576312687e-01
2.275946275946275910e-01
2.212454212454212366e-01
2.236874236874236976e-01
2.244200244200244276e-01
2.219780219780219666e-01
2.041514041514041478e-01
2.126984126984126922e-01
2.175824175824175866e-01
2.185592185592185599e-01
2.126984126984126922e-01
2.119658119658119622e-01
2.156288156288156399e-01
2.075702075702075822e-01
2.105006105006105022e-01
2.007326007326007411e-01
2.090354090354090422e-01
2.070818070818070955e-01
2.102564102564102588e-01
2.129426129426129355e-01
2.075702075702075822e-01
2.051282051282051211e-01
2.112332112332112322e-01
2.024420024420024444e-01
1.970695970695970634e-01
1.931623931623931700e-01
2.021978021978022011e-01
1.963369963369963334e-01
1.975579975579975500e-01
1.956043956043956034e-01
1.985347985347985234e-01
1.953601953601953600e-01
1.951159951159951167e-01
1.914529914529914667e-01
1.992673992673992811e-01
1.919413919413919534e-01
1.890109890109890056e-01
1.841269841269841390e-01
1.907203907203907089e-01
1.885225885225885190e-01
1.880341880341880323e-01
1.897435897435897356e-01
1.814407814407814346e-01
1.838827838827838956e-01
1.829059829059828945e-01
1.794871794871794879e-01
1.794871794871794879e-01
1.816849816849816779e-01
1.777777777777777846e-01
1.772893772893772979e-01
1.748473748473748368e-01
1.736263736263736202e-01
1.680097680097680235e-01
1.719169719169719168e-01
1.711843711843711868e-01
1.706959706959707002e-01
1.699633699633699702e-01
1.665445665445665357e-01
1.638583638583638591e-01
1.601953601953602091e-01
1.684981684981685102e-01
1.665445665445665357e-01
1.645909645909645891e-01
1.650793650793650758e-01
1.670329670329670224e-01
1.572649572649572614e-01
1.609279609279609391e-01
1.626373626373626424e-01
1.550671550671550714e-01
1.538461538461538547e-01
1.506715506715506636e-01
1.616605616605616691e-01
1.465201465201465270e-01
1.521367521367521236e-01
1.455433455433455536e-01
1.506715506715506636e-01
1.496947496947496903e-01
1.462759462759462836e-01
1.528693528693528814e-01
1.506715506715506636e-01
1.457875457875457970e-01
1.509157509157509069e-01
1.499389499389499336e-01
1.557997557997558014e-01
1.511599511599511503e-01
1.514041514041513936e-01
1.528693528693528814e-01
1.474969474969475003e-01
1.470085470085470136e-01
1.467643467643467703e-01
1.440781440781440659e-01
1.416361416361416325e-01
1.374847374847374959e-01
1.384615384615384692e-01
1.418803418803418759e-01
1.423687423687423625e-01
1.389499389499389559e-01
1.389499389499389559e-01
1.367521367521367659e-01
1.328449328449328448e-01
1.362637362637362515e-01
1.326007326007326015e-01
1.333333333333333315e-01
1.365079365079364948e-01
1.330891330891330882e-01
1.308913308913308982e-01
1.277167277167277071e-01
1.247863247863247871e-01
1.328449328449328448e-01
1.272283272283272204e-01
1.267399267399267337e-01
1.308913308913308982e-01
1.318681318681318715e-01
1.338217338217338181e-01
1.255189255189255171e-01
1.172161172161172160e-01
1.238095238095238138e-01
1.213675213675213665e-01
1.242979242979243004e-01
1.201465201465201499e-01
1.181929181929181893e-01
1.208791208791208799e-01
1.196581196581196632e-01
1.242979242979243004e-01
1.199023199023199066e-01
1.242979242979243004e-01
1.267399267399267337e-01
1.118437118437118488e-01
1.137973137973137955e-01
1.155067155067155127e-01
1.162393162393162427e-01
1.123321123321123355e-01
1.159951159951159994e-01
1.140415140415140388e-01
1.128205128205128221e-01
1.130647130647130655e-01
1.167277167277167294e-01
1.184371184371184327e-01
1.169719169719169727e-01
1.172161172161172160e-01
1.111111111111111049e-01
1.108669108669108616e-01
1.120879120879120922e-01
1.103785103785103749e-01
1.069597069597069544e-01
1.115995115995116055e-01
1.072039072039071977e-01
1.037851037851037911e-01
1.111111111111111049e-01
1.076923076923076983e-01
1.062271062271062244e-01
1.089133089133089149e-01
1.052503052503052511e-01
1.035409035409035478e-01
1.050061050061050077e-01
1.037851037851037911e-01
1.101343101343101316e-01
1.086691086691086716e-01
1.003663003663003706e-01
1.015873015873015872e-01
1.008547008547008572e-01
1.052503052503052511e-01
1.057387057387057377e-01
1.064713064713064677e-01
1.062271062271062244e-01
1.020757020757020739e-01
1.059829059829059811e-01
1.013431013431013439e-01
9.645909645909646335e-02
9.255189255189255615e-02
9.792429792429792335e-02
9.230769230769231282e-02
1.025641025641025605e-01
1.030525030525030472e-01
9.548229548229547614e-02
9.743589743589743668e-02
1.008547008547008572e-01
9.474969474969474614e-02
9.548229548229547614e-02
9.523809523809523281e-02
9.670329670329670668e-02
9.133089133089132561e-02
9.499389499389498948e-02
9.694749694749695001e-02
1.052503052503052511e-01
9.499389499389498948e-02
1.008547008547008572e-01
9.841269841269841001e-02
9.328449328449328615e-02
1.013431013431013439e-01
9.328449328449328615e-02
9.572649572649573335e-02
9.206349206349206948e-02
9.230769230769231282e-02
9.694749694749695001e-02
9.328449328449328615e-02
8.547008547008547175e-02
8.962148962148962228e-02
9.450549450549450281e-02
8.815628815628816228e-02
8.693528693528693174e-02
8.595848595848595841e-02
8.840048840048840562e-02
8.717948717948717507e-02
8.766788766788766174e-02
8.913308913308913561e-02
9.352869352869352948e-02
8.864468864468864895e-02
8.937728937728937895e-02
8.620268620268620174e-02
8.888888888888889228e-02
8.840048840048840562e-02
8.473748473748474175e-02
8.278388278388278121e-02
8.156288156288156455e-02
8.669108669108668841e-02
8.376068376068375454e-02
8.253968253968253788e-02
8.278388278388278121e-02
7.985347985347984734e-02
8.766788766788766174e-02
8.351648351648351121e-02
8.278388278388278121e-02
8.253968253968253788e-02
8.058608058608059121e-02
8.156288156288156455e-02
8.449328449328449842e-02
8.131868131868132121e-02
8.302808302808302454e-02
8.449328449328449842e-02
7.765567765567765735e-02
8.009768009768010455e-02
8.351648351648351121e-02
8.058608058608059121e-02
8.205128205128205121e-02
7.765567765567765735e-02
7.985347985347984734e-02
7.643467643467644068e-02
8.131868131868132121e-02
7.277167277167277681e-02
7.301587301587302015e-02
7.496947496947496681e-02
7.252747252747253348e-02
7.179487179487178961e-02
7.399267399267399348e-02
7.667887667887668401e-02
6.862026862026862628e-02
7.252747252747253348e-02
7.277167277167277681e-02
6.935286935286935628e-02
6.739926739926739574e-02
7.252747252747253348e-02
7.081807081807081627e-02
7.448107448107448014e-02
7.228327228327229015e-02
6.984126984126984294e-02
7.277167277167277681e-02
7.228327228327229015e-02
