1.000000000000000000e+00
8.003980665339778255e-01
7.495024168325277181e-01
7.068524310491896001e-01
6.858117713960761863e-01
6.673301108899630796e-01
6.380437873187375653e-01
6.181404606198465101e-01
5.928348023883992512e-01
5.672448109183964027e-01
5.427921524026159128e-01
5.427921524026159128e-01
5.245948251350582847e-01
5.001421666192777948e-01
4.936025021324992879e-01
4.765425078191640740e-01
4.637475120841626497e-01
4.543645152118282460e-01
4.549331816889394253e-01
4.418538527153824114e-01
4.222348592550468904e-01
4.185385271538242802e-01
4.239408586863804285e-01
4.057435314188228559e-01
3.886835371054876420e-01
3.844185385271537969e-01
3.935172021609326110e-01
3.915268694910434832e-01
3.724765425078191416e-01
3.738982087005970900e-01
3.625248791583736141e-01
3.525732158089280865e-01
3.562695479101506968e-01
3.531418822860392104e-01
3.372192209269263552e-01
3.184532271822576033e-01
3.161785612738128859e-01
3.164628945123684756e-01
3.147568950810349930e-01
3.102075632641455583e-01
3.008245663918112101e-01
3.022462325845891584e-01
2.925789024736991650e-01
2.851862382712538890e-01
2.868922377025874271e-01
2.738129087290304131e-01
2.749502416832527718e-01
2.772249075916974892e-01
2.576059141313619683e-01
2.621552459482513475e-01
2.641455786181404752e-01
2.581745806084731476e-01
2.496445834518055129e-01
2.425362524879158266e-01
2.382712539095820370e-01
2.431049189650270059e-01
2.396929201023599576e-01
2.408302530565823163e-01
2.263292578902473817e-01
2.348592550469149887e-01
2.311629229456923507e-01
2.217799260733579747e-01
2.092692635769121401e-01
2.067102644299118608e-01
2.069945976684674505e-01
2.027295990901336331e-01
2.004549331816889435e-01
1.947682684105772055e-01
1.996019334660221745e-01
1.981802672732442538e-01
1.890816036394654398e-01
1.887972704009098779e-01
1.799829400056866535e-01
1.842479385840204709e-01
1.796986067671310638e-01
1.805516064827978329e-01
1.833949388683537018e-01
1.774239408586863742e-01
1.663349445550184880e-01
1.686096104634631776e-01
1.734432755189081465e-01
1.677566107477964086e-01
1.626386124537958500e-01
1.623542792152402603e-01
1.620699459766846706e-01
1.674722775092408189e-01
1.586579471140176223e-01
1.660506113164628983e-01
1.487062837645720670e-01
1.654819448393517189e-01
1.563832812055729327e-01
1.580892806369064429e-01
1.515496161501279637e-01
1.552459482513505740e-01
1.580892806369064429e-01
1.470002843332385567e-01
1.498436167187944257e-01
1.524026158657947050e-01
1.484219505260165051e-01
1.498436167187944257e-01
1.524026158657947050e-01
1.455786181404606083e-01
1.367642877452374117e-01
1.393232868922376910e-01
1.339209553596815427e-01
1.347739550753483118e-01
1.324992891669036221e-01
1.305089564970144944e-01
1.305089564970144944e-01
1.256752914415695255e-01
1.270969576343474461e-01
1.288029570656809841e-01
1.344896218367927221e-01
1.333522888825703634e-01
1.290872903042365738e-01
1.279499573500142151e-01
1.288029570656809841e-01
1.268126243957918564e-01
1.171452942849019047e-01
1.248222917259027565e-01
1.236849587716804116e-01
1.194199601933466082e-01
1.208416263861245427e-01
1.228319590560136426e-01
1.205572931475689530e-01
1.208416263861245427e-01
1.162922945692351495e-01
1.194199601933466082e-01
1.148706283764572011e-01
1.080466306511231184e-01
1.154392948535683805e-01
1.125959624680125115e-01
1.040659653113448907e-01
1.091839636053454632e-01
1.086152971282342838e-01
1.049189650270116597e-01
1.052032982655672494e-01
1.006539664486778562e-01
1.060562979812340045e-01
1.017912994029002011e-01
1.017912994029002011e-01
1.040659653113448907e-01
9.923230025589990788e-02
1.043502985499004804e-01
9.923230025589990788e-02
9.695763434745521825e-02
9.553596815467728376e-02
9.582030139323287343e-02
9.041796986067671127e-02
9.781063406312197339e-02
9.496730167756610441e-02
9.240830253056582511e-02
9.013363662212112160e-02
8.700597099800966294e-02
8.131930622689792498e-02
8.245663918112026980e-02
8.529997156667613878e-02
8.529997156667613878e-02
8.785897071367643196e-02
8.188797270400910433e-02
8.131930622689792498e-02
8.046630651123116984e-02
7.790730736423087666e-02
7.932897355700881115e-02
7.819164060278646633e-02
7.307364230878589384e-02
7.790730736423087666e-02
8.188797270400910433e-02
7.847597384134205600e-02
7.392664202445266286e-02
7.534830821723059735e-02
7.193630935456354902e-02
7.023030992323002486e-02
6.823997725334091102e-02
7.108330963889679388e-02
7.307364230878589384e-02
6.852431049189650070e-02
7.023030992323002486e-02
6.994597668467443519e-02
7.278930907023030417e-02
7.136764287745236968e-02
6.852431049189650070e-02
6.880864373045209037e-02
7.250497583167472837e-02
7.051464316178561453e-02
7.193630935456354902e-02
6.966164344611884551e-02
6.624964458345181106e-02
6.369064543645151788e-02
6.397497867500710755e-02
6.113164628945123857e-02
6.027864657378447649e-02
6.369064543645151788e-02
6.084731305089564890e-02
6.653397782200738686e-02
6.767131077622974555e-02
6.340631219789592821e-02
6.710264429911856621e-02
5.914131361956212474e-02
6.823997725334091102e-02
6.653397782200738686e-02
6.255331248222917306e-02
6.283764572078476274e-02
6.340631219789592821e-02
6.226897924367358339e-02
6.312197895934035241e-02
5.885698038100654200e-02
6.198464600511800066e-02
5.914131361956212474e-02
6.113164628945123857e-02
6.369064543645151788e-02
6.198464600511800066e-02
6.113164628945123857e-02
6.141597952800682131e-02
5.686664771111742817e-02
6.226897924367358339e-02
6.170031276656241098e-02
6.084731305089564890e-02
6.113164628945123857e-02
5.516064827978390400e-02
5.459198180267273159e-02
5.715098094967301784e-02
5.487631504122832127e-02
5.828831390389536266e-02
5.629798123400625576e-02
5.857264714245095233e-02
5.658231447256184543e-02
5.203298265567244535e-02
5.117998294000568327e-02
5.715098094967301784e-02
5.146431617856127294e-02
4.748365083878305221e-02
5.004264998578333845e-02
4.776798407733864188e-02
5.004264998578333845e-02
5.174864941711686261e-02
5.544498151833949368e-02
5.516064827978390400e-02
5.345464884845038678e-02
5.231731589422803502e-02
5.061131646289451086e-02
5.317031560989479710e-02
5.459198180267273159e-02
4.805231731589422461e-02
4.890531703156098670e-02
4.549331816889394531e-02
4.805231731589422461e-02
5.032698322433892812e-02
4.947398350867216604e-02
4.606198464600511772e-02
5.117998294000568327e-02
5.203298265567244535e-02
4.776798407733864188e-02
5.317031560989479710e-02
4.663065112311629012e-02
4.748365083878305221e-02
4.520898493033835563e-02
4.634631788456070739e-02
4.407165197611601082e-02
4.179698606767130731e-02
4.378731873756042114e-02
4.435598521467159355e-02
4.606198464600511772e-02
4.350298549900483147e-02
4.663065112311629012e-02
4.606198464600511772e-02
4.691498436167187980e-02
4.833665055444981429e-02
4.492465169178276596e-02
4.549331816889394531e-02
4.549331816889394531e-02
4.435598521467159355e-02
4.492465169178276596e-02
4.776798407733864188e-02
4.321865226044924874e-02
4.577765140744952804e-02
4.606198464600511772e-02
4.378731873756042114e-02
4.407165197611601082e-02
4.179698606767130731e-02
4.293431902189365906e-02
4.122831959056013490e-02
4.151265282911572457e-02
4.179698606767130731e-02
4.293431902189365906e-02
4.520898493033835563e-02
4.065965311344896249e-02
4.321865226044924874e-02
4.208131930622689698e-02
3.952232015922661074e-02
3.895365368211543833e-02
3.810065396644867625e-02
3.838498720500426592e-02
3.753198748933750384e-02
3.639465453511515208e-02
4.009098663633779008e-02
3.980665339778220041e-02
3.980665339778220041e-02
3.980665339778220041e-02
3.724765425078191416e-02
3.753198748933750384e-02
3.781632072789309351e-02
4.122831959056013490e-02
3.866932044355985559e-02
3.525732158089280727e-02
3.440432186522604519e-02
3.355132214955928310e-02
3.525732158089280727e-02
3.696332101222633143e-02
3.838498720500426592e-02
3.866932044355985559e-02
3.753198748933750384e-02
3.582598805800397967e-02
3.667898777367074176e-02
3.554165481944839694e-02
3.611032129655956935e-02
3.355132214955928310e-02
3.440432186522604519e-02
3.326698891100369343e-02
3.468865510378163486e-02
3.411998862667045551e-02
3.724765425078191416e-02
3.326698891100369343e-02
3.156098947967017621e-02
3.355132214955928310e-02
3.525732158089280727e-02
3.411998862667045551e-02
3.696332101222633143e-02
3.355132214955928310e-02
3.241398919533693829e-02
3.440432186522604519e-02
3.212965595678134861e-02
3.468865510378163486e-02
3.269832243389252102e-02
3.411998862667045551e-02
3.525732158089280727e-02
3.753198748933750384e-02
3.639465453511515208e-02
3.411998862667045551e-02
3.127665624111458653e-02
3.440432186522604519e-02
3.383565538811487278e-02
3.895365368211543833e-02
3.781632072789309351e-02
3.895365368211543833e-02
3.838498720500426592e-02
3.554165481944839694e-02
3.156098947967017621e-02
3.411998862667045551e-02
3.269832243389252102e-02
3.013932328689223825e-02
3.639465453511515208e-02
3.326698891100369343e-02
3.127665624111458653e-02
3.042365652544782445e-02
2.985499004833665204e-02
3.440432186522604519e-02
3.667898777367074176e-02
3.269832243389252102e-02
3.440432186522604519e-02
3.440432186522604519e-02
3.468865510378163486e-02
3.525732158089280727e-02
3.042365652544782445e-02
3.440432186522604519e-02
3.298265567244811070e-02
2.985499004833665204e-02
3.184532271822575894e-02
2.871765709411430029e-02
2.786465737844754167e-02
3.184532271822575894e-02
3.099232300255900033e-02
3.070798976400341065e-02
2.900199033266988996e-02
3.411998862667045551e-02
3.554165481944839694e-02
3.184532271822575894e-02
3.013932328689223825e-02
2.985499004833665204e-02
2.985499004833665204e-02
3.013932328689223825e-02
3.013932328689223825e-02
2.758032413989195200e-02
2.900199033266988996e-02
2.871765709411430029e-02
3.156098947967017621e-02
3.156098947967017621e-02
2.729599090133636580e-02
3.013932328689223825e-02
2.530565823144725543e-02
2.729599090133636580e-02
2.957065680978106237e-02
2.701165766278077959e-02
2.644299118566960372e-02
3.070798976400341065e-02
2.530565823144725543e-02
2.445265851578049335e-02
2.701165766278077959e-02
2.615865794711401751e-02
2.502132499289166923e-02
2.644299118566960372e-02
