1.000000000000000000e+00
7.895424836601306895e-01
7.535947712418300526e-01
7.084967320261438273e-01
6.424836601307190032e-01
6.326797385620914760e-01
6.274509803921568540e-01
6.156862745098039547e-01
5.771241830065358958e-01
5.601307189542483744e-01
5.209150326797385988e-01
5.163398692810458046e-01
4.947712418300653781e-01
4.607843137254901689e-01
4.640522875816993631e-01
4.379084967320261423e-01
4.522875816993464082e-01
4.333333333333333481e-01
4.013071895424836777e-01
4.026143790849673332e-01
3.901960784313725505e-01
3.941176470588235170e-01
3.928104575163398615e-01
3.673202614379085240e-01
3.633986928104575020e-01
3.431372549019607865e-01
3.294117647058823484e-01
3.065359477124183218e-01
3.261437908496732097e-01
3.104575163398692883e-01
2.973856209150326779e-01
2.973856209150326779e-01
2.973856209150326779e-01
2.803921568627451011e-01
2.960784313725490224e-01
2.758169934640523069e-01
2.830065359477124121e-01
2.803921568627451011e-01
2.640522875816993520e-01
2.803921568627451011e-01
2.594771241830065578e-01
2.633986928104575242e-01
2.496732026143790861e-01
2.333333333333333370e-01
2.281045751633986873e-01
2.241830065359477209e-01
2.254901960784313764e-01
2.150326797385621047e-01
2.084967320261437995e-01
2.137254901960784215e-01
2.098039215686274550e-01
2.071895424836601440e-01
1.895424836601307117e-01
1.915032679738562227e-01
1.784313725490196123e-01
1.653594771241830019e-01
1.614379084967320355e-01
1.633986928104575187e-01
1.823529411764705788e-01
1.810457516339869233e-01
1.875816993464052285e-01
1.758169934640523013e-01
1.640522875816993464e-01
1.686274509803921684e-01
1.679738562091503407e-01
1.588235294117646967e-01
1.516339869281045638e-01
1.575163398692810413e-01
1.444444444444444309e-01
1.535947712418300748e-01
1.431372549019607754e-01
1.477124183006535973e-01
1.464052287581699419e-01
1.464052287581699419e-01
1.549019607843137303e-01
1.359477124183006425e-01
1.352941176470588147e-01
1.385620915032679812e-01
1.267973856209150263e-01
1.241830065359477153e-01
1.117647058823529466e-01
1.183006535947712379e-01
1.196078431372549072e-01
1.274509803921568540e-01
1.156862745098039269e-01
1.084967320261437940e-01
1.098039215686274495e-01
1.143790849673202575e-01
1.091503267973856217e-01
1.111111111111111049e-01
1.156862745098039269e-01
1.104575163398692772e-01
1.084967320261437940e-01
1.111111111111111049e-01
1.071895424836601246e-01
9.542483660130718359e-02
1.026143790849673165e-01
9.542483660130718359e-02
1.013071895424836610e-01
8.758169934640522292e-02
9.803921568627450844e-02
9.411764705882352811e-02
8.758169934640522292e-02
8.562091503267973969e-02
8.431372549019608420e-02
7.908496732026143450e-02
7.712418300653595127e-02
7.777777777777777901e-02
8.627450980392156743e-02
7.254901960784314319e-02
8.104575163398693161e-02
7.973856209150326224e-02
7.450980392156862642e-02
7.647058823529412352e-02
7.058823529411764608e-02
6.862745098039216285e-02
6.928104575163399059e-02
6.993464052287581834e-02
6.209150326797385766e-02
6.209150326797385766e-02
6.535947712418301025e-02
6.862745098039216285e-02
6.078431372549019523e-02
6.209150326797385766e-02
6.732026143790849348e-02
6.928104575163399059e-02
7.124183006535947382e-02
5.555555555555555247e-02
6.928104575163399059e-02
7.124183006535947382e-02
6.013071895424836749e-02
6.405228758169934089e-02
6.209150326797385766e-02
6.339869281045751315e-02
6.143790849673202298e-02
6.601307189542483800e-02
5.882352941176470507e-02
5.424836601307189698e-02
5.294117647058823456e-02
5.816993464052287732e-02
5.032679738562091665e-02
5.032679738562091665e-02
5.294117647058823456e-02
5.032679738562091665e-02
5.163398692810457213e-02
5.032679738562091665e-02
5.032679738562091665e-02
4.901960784313725422e-02
5.490196078431372473e-02
4.967320261437908197e-02
5.032679738562091665e-02
5.359477124183006230e-02
5.555555555555555247e-02
5.424836601307189698e-02
4.901960784313725422e-02
5.490196078431372473e-02
4.117647058823529355e-02
4.509803921568627388e-02
4.313725490196078372e-02
4.509803921568627388e-02
3.986928104575163112e-02
4.901960784313725422e-02
4.705882352941176405e-02
4.379084967320261146e-02
4.771241830065359180e-02
4.509803921568627388e-02
4.183006535947712129e-02
4.444444444444444614e-02
4.444444444444444614e-02
4.183006535947712129e-02
4.575163398692810163e-02
4.052287581699346580e-02
3.529411764705882304e-02
4.117647058823529355e-02
3.660130718954248547e-02
3.333333333333333287e-02
3.856209150326797563e-02
3.856209150326797563e-02
3.464052287581699530e-02
3.137254901960784270e-02
3.660130718954248547e-02
3.660130718954248547e-02
3.921568627450980338e-02
3.790849673202614095e-02
4.117647058823529355e-02
3.986928104575163112e-02
3.594771241830065078e-02
4.117647058823529355e-02
3.398692810457516061e-02
4.248366013071895597e-02
3.267973856209150513e-02
3.137254901960784270e-02
3.202614379084967045e-02
3.464052287581699530e-02
3.398692810457516061e-02
3.464052287581699530e-02
3.071895424836601149e-02
3.398692810457516061e-02
3.790849673202614095e-02
3.464052287581699530e-02
3.071895424836601149e-02
3.267973856209150513e-02
3.790849673202614095e-02
3.660130718954248547e-02
3.398692810457516061e-02
2.745098039215686236e-02
3.071895424836601149e-02
3.071895424836601149e-02
2.745098039215686236e-02
3.725490196078431321e-02
2.875816993464052132e-02
2.549019607843137220e-02
3.071895424836601149e-02
2.679738562091503115e-02
2.810457516339869358e-02
3.202614379084967045e-02
2.941176470588235253e-02
2.614379084967320341e-02
3.071895424836601149e-02
3.006535947712418375e-02
2.483660130718954098e-02
2.679738562091503115e-02
2.875816993464052132e-02
2.549019607843137220e-02
2.745098039215686236e-02
2.287581699346405081e-02
2.287581699346405081e-02
2.026143790849673290e-02
2.352941176470588203e-02
2.091503267973856064e-02
2.352941176470588203e-02
2.679738562091503115e-02
2.156862745098039186e-02
2.418300653594771324e-02
2.418300653594771324e-02
2.091503267973856064e-02
2.614379084967320341e-02
2.156862745098039186e-02
2.287581699346405081e-02
2.091503267973856064e-02
2.222222222222222307e-02
2.222222222222222307e-02
2.352941176470588203e-02
2.352941176470588203e-02
2.483660130718954098e-02
2.352941176470588203e-02
1.960784313725490169e-02
1.830065359477124273e-02
1.568627450980392135e-02
1.503267973856209187e-02
1.764705882352941152e-02
1.830065359477124273e-02
2.026143790849673290e-02
1.633986928104575256e-02
1.895424836601307048e-02
1.503267973856209187e-02
1.699346405228758031e-02
1.503267973856209187e-02
1.633986928104575256e-02
1.437908496732026066e-02
1.830065359477124273e-02
1.633986928104575256e-02
1.437908496732026066e-02
1.568627450980392135e-02
1.307189542483660170e-02
1.437908496732026066e-02
1.437908496732026066e-02
1.764705882352941152e-02
1.960784313725490169e-02
1.830065359477124273e-02
1.372549019607843118e-02
1.503267973856209187e-02
1.307189542483660170e-02
1.372549019607843118e-02
1.633986928104575256e-02
1.568627450980392135e-02
1.633986928104575256e-02
1.633986928104575256e-02
1.633986928104575256e-02
1.895424836601307048e-02
1.699346405228758031e-02
1.633986928104575256e-02
1.699346405228758031e-02
2.156862745098039186e-02
2.287581699346405081e-02
2.026143790849673290e-02
2.026143790849673290e-02
2.091503267973856064e-02
1.633986928104575256e-02
1.895424836601307048e-02
2.091503267973856064e-02
1.960784313725490169e-02
2.156862745098039186e-02
2.026143790849673290e-02
2.026143790849673290e-02
2.287581699346405081e-02
1.633986928104575256e-02
2.352941176470588203e-02
2.483660130718954098e-02
2.287581699346405081e-02
2.222222222222222307e-02
2.156862745098039186e-02
2.418300653594771324e-02
1.895424836601307048e-02
2.549019607843137220e-02
2.352941176470588203e-02
2.156862745098039186e-02
2.156862745098039186e-02
1.764705882352941152e-02
1.568627450980392135e-02
1.633986928104575256e-02
2.026143790849673290e-02
1.633986928104575256e-02
1.699346405228758031e-02
1.568627450980392135e-02
1.437908496732026066e-02
1.830065359477124273e-02
2.026143790849673290e-02
1.633986928104575256e-02
1.699346405228758031e-02
1.764705882352941152e-02
1.960784313725490169e-02
1.764705882352941152e-02
2.091503267973856064e-02
1.764705882352941152e-02
1.960784313725490169e-02
1.764705882352941152e-02
1.568627450980392135e-02
1.176470588235294101e-02
1.568627450980392135e-02
1.503267973856209187e-02
1.241830065359477049e-02
9.803921568627450844e-03
1.437908496732026066e-02
1.111111111111111154e-02
1.372549019607843118e-02
1.372549019607843118e-02
1.307189542483660170e-02
1.764705882352941152e-02
1.241830065359477049e-02
1.241830065359477049e-02
1.699346405228758031e-02
1.111111111111111154e-02
1.503267973856209187e-02
1.503267973856209187e-02
1.503267973856209187e-02
1.045751633986928032e-02
1.176470588235294101e-02
1.437908496732026066e-02
1.503267973856209187e-02
1.176470588235294101e-02
1.503267973856209187e-02
1.307189542483660170e-02
1.437908496732026066e-02
1.568627450980392135e-02
1.307189542483660170e-02
1.437908496732026066e-02
1.176470588235294101e-02
1.111111111111111154e-02
1.307189542483660170e-02
1.241830065359477049e-02
1.176470588235294101e-02
1.372549019607843118e-02
1.241830065359477049e-02
1.307189542483660170e-02
1.437908496732026066e-02
1.437908496732026066e-02
1.437908496732026066e-02
1.437908496732026066e-02
1.111111111111111154e-02
9.803921568627450844e-03
8.496732026143790154e-03
7.189542483660130330e-03
1.045751633986928032e-02
7.843137254901960675e-03
6.535947712418300852e-03
1.045751633986928032e-02
8.496732026143790154e-03
9.150326797385621366e-03
1.045751633986928032e-02
8.496732026143790154e-03
5.228758169934640161e-03
8.496732026143790154e-03
7.189542483660130330e-03
7.843137254901960675e-03
9.803921568627450844e-03
9.150326797385621366e-03
7.189542483660130330e-03
7.843137254901960675e-03
1.111111111111111154e-02
9.150326797385621366e-03
7.189542483660130330e-03
7.189542483660130330e-03
1.045751633986928032e-02
5.882352941176470507e-03
9.803921568627450844e-03
5.882352941176470507e-03
7.189542483660130330e-03
9.150326797385621366e-03
6.535947712418300852e-03
7.843137254901960675e-03
