1.000000000000000000e+00
9.107282693813625318e-01
9.072043852779952955e-01
8.774471417384495098e-01
8.657008613938919073e-01
8.735317149569302719e-01
8.641346906812842343e-01
8.512137823022709604e-01
8.414252153484730323e-01
8.422083007047768133e-01
8.312451057165231028e-01
8.167580266249021559e-01
8.335943617854346677e-01
8.382928739232576865e-01
8.183241973375098288e-01
8.163664839467501544e-01
8.077525450274080088e-01
8.093187157400156817e-01
7.862176977290524782e-01
7.885669537979639321e-01
7.963978073610022967e-01
7.811276429130775689e-01
7.823022709475332404e-01
7.705559906029757489e-01
7.795614722004698960e-01
7.674236491777604030e-01
7.568519968676585830e-01
7.521534847298355642e-01
7.627251370399373842e-01
7.404072043852779617e-01
7.458888018794048724e-01
7.498042286609239993e-01
7.482380579483163263e-01
7.314017227877838145e-01
7.376664056382146173e-01
7.055599060297572667e-01
6.961628817541112291e-01
7.122161315583398489e-01
7.196554424432263231e-01
6.957713390759592276e-01
6.973375097885669005e-01
7.043852779953014842e-01
7.016444792482380288e-01
6.989036805011745734e-01
6.957713390759592276e-01
6.848081440877055170e-01
6.797180892717306078e-01
6.758026624902114810e-01
6.632732967893499865e-01
6.667971808927173338e-01
6.734534064212999160e-01
6.624902114330462055e-01
6.562255285826155138e-01
6.675802662490211148e-01
6.534847298355520584e-01
6.542678151918559504e-01
6.601409553641346406e-01
6.440877055599060208e-01
6.472200469851213667e-01
6.487862176977290396e-01
6.268598277212216185e-01
6.417384494909945669e-01
6.284259984338292915e-01
6.386061080657792211e-01
6.417384494909945669e-01
6.386061080657792211e-01
6.307752545027407454e-01
6.162881754111197985e-01
6.401722787783868940e-01
6.170712607674236905e-01
6.511354737666406045e-01
6.249021143304620551e-01
6.397807361002348925e-01
6.041503523884103055e-01
6.045418950665623070e-01
6.092404072043853258e-01
5.982772122161315043e-01
5.994518402505872867e-01
5.880971025841816857e-01
6.147220046985121256e-01
6.037588097102584150e-01
5.971025841816758328e-01
5.873140172278777937e-01
6.092404072043853258e-01
5.916209866875489221e-01
5.943617854346123774e-01
5.869224745497259033e-01
5.845732184808144494e-01
5.861393891934221223e-01
5.743931088488645198e-01
5.689115113547377200e-01
5.763508222396240832e-01
5.849647611589663398e-01
5.681284259984338281e-01
5.724353954581049564e-01
5.869224745497259033e-01
5.630383711824589188e-01
5.634299138606108093e-01
5.606891151135473539e-01
5.646045418950665917e-01
5.575567736883320080e-01
5.579483163664838985e-01
5.454189506656225150e-01
5.567736883320282271e-01
5.536413469068128812e-01
5.477682067345340799e-01
5.485512920908378609e-01
5.493343774471417529e-01
5.379796397807361519e-01
5.344557556773688045e-01
5.442443226311668436e-01
5.352388410336726965e-01
5.364134690681284789e-01
5.340642129992169140e-01
5.321064996084573506e-01
5.262333594361785494e-01
5.281910728269381128e-01
5.215348472983555306e-01
5.254502740798746574e-01
5.219263899765074211e-01
5.184025058731401847e-01
5.160532498042286198e-01
5.184025058731401847e-01
5.156617071260767293e-01
5.086139389193422566e-01
5.121378230227094930e-01
5.011746280344557825e-01
5.019577133907595634e-01
5.160532498042286198e-01
5.046985121378230188e-01
5.086139389193422566e-01
4.902114330462020164e-01
4.921691464369616353e-01
5.007830853563038920e-01
4.866875489428347801e-01
5.011746280344557825e-01
5.007830853563038920e-01
4.913860610806577989e-01
4.917776037588096893e-01
4.819890368050117613e-01
4.812059514487079248e-01
4.745497259201252871e-01
4.788566953797964154e-01
4.733750978856695601e-01
4.710258418167580508e-01
4.949099451840250352e-01
4.812059514487079248e-01
4.733750978856695601e-01
4.835552075176194342e-01
4.725920125293657237e-01
4.604541895066562307e-01
4.651527016444792495e-01
4.839467501957713247e-01
4.643696162881754130e-01
4.659357870007830860e-01
4.686765857478465414e-01
4.768989819890367965e-01
4.624119028974157941e-01
4.698512137823022683e-01
4.514487079091620836e-01
4.596711041503523942e-01
4.475332811276429013e-01
4.459671104150352283e-01
4.545810493343774294e-01
4.573218480814408848e-01
4.526233359436178660e-01
4.584964761158966118e-01
4.596711041503523942e-01
4.467501957713390648e-01
4.447924823805795014e-01
4.447924823805795014e-01
4.416601409553641555e-01
4.592795614722004482e-01
4.624119028974157941e-01
4.534064212999217025e-01
4.447924823805795014e-01
4.483163664839467377e-01
4.404855129209083731e-01
4.306969459671103895e-01
4.377447141738449732e-01
4.487079091620986837e-01
4.475332811276429013e-01
4.334377447141738449e-01
4.463586530931871743e-01
4.416601409553641555e-01
4.310884886452623355e-01
4.526233359436178660e-01
4.177760375880971155e-01
4.267815191855912071e-01
4.263899765074393167e-01
4.295223179326546625e-01
4.236491777603758613e-01
4.377447141738449732e-01
4.365700861393891907e-01
4.185591229444009520e-01
4.283476898981988801e-01
4.252153484729835342e-01
4.416601409553641555e-01
4.119028974158183143e-01
4.220830070477681883e-01
4.185591229444009520e-01
4.350039154267815178e-01
4.365700861393891907e-01
4.232576350822239708e-01
4.228660924040720248e-01
4.267815191855912071e-01
4.303054032889584990e-01
4.212999216914643519e-01
4.236491777603758613e-01
4.252153484729835342e-01
4.193422083007047885e-01
4.138606108065779332e-01
4.205168363351605154e-01
4.087705559906029684e-01
4.134690681284259872e-01
4.169929522317932791e-01
4.220830070477681883e-01
4.032889584964761132e-01
4.224745497259201343e-01
4.150352388410336602e-01
4.099451840250587509e-01
4.134690681284259872e-01
4.075959279561472415e-01
3.876272513703993838e-01
3.970242756460454214e-01
3.950665622552858025e-01
3.931088488645262391e-01
3.938919342208300756e-01
4.013312451057165497e-01
3.985904463586530944e-01
4.072043852779952955e-01
4.060297572435395685e-01
4.044635865309318956e-01
3.962411902897415850e-01
3.841033672670320920e-01
3.985904463586530944e-01
3.872357086922474378e-01
3.962411902897415850e-01
3.790133124510571827e-01
3.754894283476898909e-01
3.821456538762725286e-01
3.927173061863742931e-01
3.915426781519185662e-01
3.852779953014878744e-01
3.985904463586530944e-01
3.848864526233359284e-01
3.794048551292090732e-01
3.880187940485512743e-01
3.786217697729052367e-01
3.758809710258418368e-01
3.860610806577917109e-01
3.872357086922474378e-01
3.841033672670320920e-01
3.766640563821456733e-01
3.750978856695380004e-01
3.790133124510571827e-01
3.766640563821456733e-01
3.703993735317149816e-01
3.754894283476898909e-01
3.727486296006264910e-01
3.790133124510571827e-01
3.684416601409553627e-01
3.758809710258418368e-01
3.801879404855129096e-01
3.641346906812842343e-01
3.700078308535630356e-01
3.574784651527016521e-01
3.613938919342208345e-01
3.617854346123727249e-01
3.637431480031323439e-01
3.625685199686765614e-01
3.672670321064996357e-01
3.672670321064996357e-01
3.707909162098668721e-01
3.688332028191073086e-01
3.664839467501957437e-01
3.613938919342208345e-01
3.606108065779169980e-01
3.719655442443226545e-01
3.484729835552075050e-01
3.476898981989036685e-01
3.551292090837901427e-01
3.747063429913860544e-01
3.527799530148786333e-01
3.610023492560688885e-01
3.539545810493343603e-01
3.523884103367266873e-01
3.547376664056381967e-01
3.449490994518402687e-01
3.531714956930305238e-01
3.488645262333594510e-01
3.433829287392325957e-01
3.437744714173844862e-01
3.480814408770556145e-01
3.461237274862959956e-01
3.445575567736883227e-01
3.461237274862959956e-01
3.476898981989036685e-01
3.445575567736883227e-01
3.390759592795614674e-01
3.453406421299921591e-01
3.324197337509788297e-01
3.406421299921691404e-01
3.406421299921691404e-01
3.363351605324980675e-01
3.433829287392325957e-01
3.398590446358653039e-01
3.469068128425998321e-01
3.382928739232576310e-01
3.308535630383711568e-01
3.488645262333594510e-01
3.304620203602192663e-01
3.296789350039154298e-01
3.324197337509788297e-01
3.500391542678151779e-01
3.433829287392325957e-01
3.292873923257634838e-01
3.461237274862959956e-01
3.476898981989036685e-01
3.355520751761942311e-01
3.406421299921691404e-01
3.304620203602192663e-01
3.269381362568519744e-01
3.218480814408770652e-01
3.249804228660924110e-01
3.296789350039154298e-01
3.312451057165231028e-01
3.281127642913077569e-01
3.339859044635865581e-01
3.249804228660924110e-01
3.300704776820673203e-01
3.386844166014095769e-01
3.230227094753327921e-01
3.269381362568519744e-01
3.292873923257634838e-01
3.167580266249021004e-01
3.191072826938136098e-01
3.335943617854346122e-01
3.198903680501174462e-01
3.222396241190289556e-01
3.093187157400156817e-01
3.241973375097885746e-01
3.198903680501174462e-01
3.308535630383711568e-01
3.171495693030540464e-01
3.245888801879404650e-01
3.187157400156617193e-01
3.198903680501174462e-01
3.183241973375097733e-01
3.238057948316366286e-01
3.355520751761942311e-01
3.288958496476115934e-01
3.171495693030540464e-01
3.140172278778387005e-01
3.155833985904463734e-01
3.206734534064212827e-01
3.218480814408770652e-01
3.171495693030540464e-01
3.277212216131558109e-01
3.202819107282693922e-01
3.210649960845732287e-01
3.077525450274080088e-01
3.128425998433829180e-01
3.151918559122944274e-01
3.136256851996867545e-01
3.151918559122944274e-01
3.108848864526233546e-01
3.120595144870790816e-01
3.214565387627251192e-01
3.104933437744714086e-01
3.046202036021926629e-01
3.101018010963195182e-01
3.128425998433829180e-01
3.214565387627251192e-01
3.097102584181675722e-01
3.128425998433829180e-01
3.167580266249021004e-01
3.093187157400156817e-01
3.097102584181675722e-01
3.081440877055598992e-01
3.171495693030540464e-01
3.085356303837118452e-01
3.085356303837118452e-01
3.116679718089271911e-01
3.030540328895849900e-01
3.014878621769773170e-01
3.085356303837118452e-01
3.097102584181675722e-01
3.132341425215348640e-01
3.022709475332811535e-01
3.046202036021926629e-01
3.026624902114330440e-01
3.085356303837118452e-01
3.081440877055598992e-01
3.077525450274080088e-01
3.089271730618637357e-01
2.873923257635082051e-01
3.050117462803445534e-01
2.995301487862176981e-01
3.022709475332811535e-01
3.093187157400156817e-01
