1.000000000000000000e+00
8.760529482551143721e-01
8.360409145607701209e-01
8.176895306859205403e-01
8.206979542719614606e-01
8.047533092659446829e-01
7.858002406738868739e-01
7.683513838748495806e-01
7.518050541516245744e-01
7.503008423586040587e-01
7.373646209386282013e-01
7.226233453670276585e-01
7.286401925391094991e-01
7.057761732851985936e-01
6.979542719614921786e-01
6.898315282791817049e-01
6.753910950661853319e-01
6.711793020457280656e-01
6.606498194945847890e-01
6.453068592057761288e-01
6.480144404332129904e-01
6.474127557160047619e-01
6.447051744885680113e-01
6.398916967509025167e-01
6.410950661853188626e-01
6.194344163658243030e-01
6.007821901323706637e-01
6.215403128760529361e-01
6.058965102286402171e-01
6.001805054151624352e-01
5.929602888086642487e-01
5.893501805054152110e-01
5.722021660649819763e-01
5.649819494584837898e-01
5.400120336943441401e-01
5.592659446450060079e-01
5.433212996389891192e-01
5.457280385078219220e-01
5.496389891696751295e-01
5.391095066185318530e-01
5.391095066185318530e-01
5.282791817087846287e-01
5.240673886883273624e-01
5.132370637785800271e-01
5.162454873646209474e-01
5.030084235860409203e-01
5.033092659446449790e-01
4.981949458483754256e-01
4.819494584837545337e-01
4.807460890493381322e-01
4.810469314079422465e-01
4.864620938628158586e-01
4.669073405535499321e-01
4.795427196149217863e-01
4.657039711191335862e-01
4.587845968712394584e-01
4.675090252707581051e-01
4.545728038507821922e-01
4.467509025270758327e-01
4.359205776173284974e-01
4.347172081829121515e-01
4.425391095066185110e-01
4.190734055354993770e-01
4.422382671480144523e-01
4.368231046931407846e-01
4.076413959085439243e-01
4.043321299638988897e-01
4.100481347773766716e-01
4.187725631768953183e-01
4.106498194945848446e-01
3.941034897713597829e-01
4.046329723225030039e-01
3.907942238267148038e-01
3.995186522262334505e-01
3.977135980746089317e-01
3.898916967509025167e-01
3.868832731648615963e-01
3.935018050541516099e-01
3.724428399518652233e-01
3.910950661853189181e-01
3.841756919374247903e-01
3.874849578820697693e-01
3.649217809867629225e-01
3.763537906137184308e-01
3.634175691937424624e-01
3.679302045728038428e-01
3.676293622141997841e-01
3.667268351383874969e-01
3.724428399518652233e-01
3.583032490974729090e-01
3.495788206979542623e-01
3.465703971119133420e-01
3.507821901323706637e-01
3.486762936221419751e-01
3.465703971119133420e-01
3.405535499398315014e-01
3.423586040914560757e-01
3.465703971119133420e-01
3.438628158844765359e-01
3.390493381468110967e-01
3.429602888086642487e-01
3.185920577617328275e-01
3.276173285198555885e-01
3.330324909747292561e-01
3.225030084235860350e-01
3.249097472924187824e-01
3.203971119133574019e-01
3.264139590854392425e-01
3.146811070998796755e-01
3.035499398315282815e-01
3.044524669073405687e-01
3.053549939831528004e-01
3.173886883273164816e-01
3.149819494584837343e-01
3.098676293622141809e-01
2.987364620938628423e-01
3.014440433212996484e-01
3.017448856799037071e-01
3.008423586040914754e-01
3.002406738868832470e-01
2.987364620938628423e-01
2.972322503008423822e-01
2.930204572803850605e-01
2.845968712394705280e-01
2.924187725631768875e-01
2.891095066185319085e-01
2.842960288808664138e-01
2.767749699157641130e-01
2.812876052948254935e-01
2.821901323706377807e-01
2.782791817087845732e-01
2.770758122743682272e-01
2.782791817087845732e-01
2.716606498194945596e-01
2.689530685920577535e-01
2.638387484957882001e-01
2.746690734055354799e-01
2.596269554753309339e-01
2.695547533092659265e-01
2.689530685920577535e-01
2.620336943441636812e-01
2.623345367027677399e-01
2.554151624548736677e-01
2.509025270758122872e-01
2.400722021660649796e-01
2.563176895306858993e-01
2.509025270758122872e-01
2.445848375451263601e-01
2.472924187725631662e-01
2.385679903730445195e-01
2.521058965102286331e-01
2.515042117930204602e-01
2.448856799037304466e-01
2.481949458483754534e-01
2.551143200962695534e-01
2.412755716004813533e-01
2.406738868832731526e-01
2.406738868832731526e-01
2.379663056558363465e-01
2.295427196149217863e-01
2.397713598074608932e-01
2.313477737665463330e-01
2.343561973525872533e-01
2.340553549939831390e-01
2.337545126353790526e-01
2.283393501805054127e-01
2.256317689530685788e-01
2.322503008423585924e-01
2.223225030084235998e-01
2.253309265944644924e-01
2.307460890493381600e-01
2.226233453670276863e-01
2.259326113116726931e-01
2.160048134777376727e-01
2.196149217809867660e-01
2.160048134777376727e-01
2.196149217809867660e-01
2.181107099879663058e-01
2.102888086642599186e-01
2.145006016847172126e-01
2.160048134777376727e-01
2.072803850782190260e-01
2.151022864019253855e-01
2.030685920577617321e-01
2.117930204572803787e-01
2.099879663056558321e-01
2.108904933814681193e-01
1.988567990373044658e-01
1.976534296028880922e-01
2.063778580024067388e-01
1.943441636582430854e-01
2.006618531889290125e-01
1.967509025270758050e-01
2.045728038507821922e-01
1.982551143200962651e-01
1.955475330926594590e-01
1.934416365824307982e-01
1.958483754512635455e-01
1.931407942238267117e-01
1.967509025270758050e-01
1.985559566787003516e-01
1.994584837545126388e-01
1.904332129963898779e-01
1.946450060168471718e-01
1.946450060168471718e-01
1.931407942238267117e-01
1.898315282791817049e-01
1.958483754512635455e-01
1.937424789410348847e-01
1.880264741275571583e-01
1.883273164861612448e-01
1.907340553549939921e-01
1.796028880866425981e-01
1.868231046931407846e-01
1.895306859205776184e-01
1.829121540312876049e-01
1.847172081829121515e-01
1.847172081829121515e-01
1.793020457280385116e-01
1.783995186522262244e-01
1.702767749699157507e-01
1.768953068592057642e-01
1.817087845968712312e-01
1.777978339350180514e-01
1.750902527075812176e-01
1.741877256317689582e-01
1.759927797833935048e-01
1.747894103489771311e-01
1.780986762936221379e-01
1.699759326113116642e-01
1.582430806257520972e-01
1.612515042117930175e-01
1.612515042117930175e-01
1.672683513838748581e-01
1.615523465703971040e-01
1.558363417569193776e-01
1.597472924187725574e-01
1.582430806257520972e-01
1.564380264741275506e-01
1.576413959085439243e-01
1.651624548736461973e-01
1.597472924187725574e-01
1.537304452466907445e-01
1.576413959085439243e-01
1.486161251504211911e-01
1.573405535499398378e-01
1.552346570397112047e-01
1.561371841155234641e-01
1.573405535499398378e-01
1.507220216606498242e-01
1.606498194945848446e-01
1.471119133574007309e-01
1.477135980746089039e-01
1.513237063778579972e-01
1.546329723225030039e-01
1.504211793020457377e-01
1.453068592057761843e-01
1.468110709987966167e-01
1.468110709987966167e-01
1.429001203369434370e-01
1.435018050541516377e-01
1.413959085439229768e-01
1.407942238267148038e-01
1.404933814681107174e-01
1.392900120336943437e-01
1.356799037304452504e-01
1.353790613718411640e-01
1.389891696750902572e-01
1.395908543922984302e-01
1.386883273164861707e-01
1.344765342960288768e-01
1.389891696750902572e-01
1.368832731648616241e-01
1.410950661853188903e-01
1.392900120336943437e-01
1.347773766546329632e-01
1.395908543922984302e-01
1.308664259927797835e-01
1.371841155234657106e-01
1.320697954271961572e-01
1.302647412755716105e-01
1.365824308062575099e-01
1.356799037304452504e-01
1.353790613718411640e-01
1.377858002406738835e-01
1.389891696750902572e-01
1.365824308062575099e-01
1.323706377858002436e-01
1.278580024067388632e-01
1.260529482551143166e-01
1.266546329723224895e-01
1.338748495788207038e-01
1.275571600481347767e-01
1.317689530685920707e-01
1.245487364620938564e-01
1.314681107099879565e-01
1.353790613718411640e-01
1.248495788206979568e-01
1.287605294825511504e-01
1.224428399518652233e-01
1.224428399518652233e-01
1.242478941034897699e-01
1.200361010830324898e-01
1.257521058965102301e-01
1.266546329723224895e-01
1.215403128760529500e-01
1.233453670276774966e-01
1.221419975932611368e-01
1.164259927797833966e-01
1.206377858002406767e-01
1.215403128760529500e-01
1.161251504211792962e-01
1.188327316486161300e-01
1.185318892900120297e-01
1.173285198555956699e-01
1.128158844765342894e-01
1.191335740072202165e-01
1.164259927797833966e-01
1.170276774969915695e-01
1.188327316486161300e-01
1.089049338146811097e-01
1.167268351383874830e-01
1.155234657039711232e-01
1.161251504211792962e-01
1.143200962695547496e-01
1.104091456077015698e-01
1.107099879663056563e-01
1.140192539109506631e-01
1.107099879663056563e-01
1.104091456077015698e-01
1.125150421179302029e-01
1.161251504211792962e-01
1.104091456077015698e-01
1.158243080625752097e-01
1.098074608904933830e-01
1.173285198555956699e-01
1.155234657039711232e-01
1.077015643802647360e-01
1.149217809867629364e-01
1.098074608904933830e-01
1.092057761732851962e-01
1.064981949458483762e-01
1.086040914560770093e-01
1.104091456077015698e-01
1.101083032490974695e-01
1.092057761732851962e-01
1.080024067388688364e-01
1.083032490974729228e-01
1.031889290012033694e-01
1.043922984356197292e-01
1.070998796630565630e-01
1.016847172081829093e-01
1.001805054151624491e-01
1.046931407942238296e-01
1.104091456077015698e-01
9.867629362214200284e-02
9.987966305655836263e-02
9.957882069795427615e-02
9.837545126353790248e-02
9.476534296028880922e-02
1.019855595667870096e-01
9.777376654632972952e-02
9.777376654632972952e-02
9.897713598074608932e-02
8.935018050541516932e-02
9.506618531889289569e-02
9.927797833935017580e-02
9.807460890493381600e-02
9.837545126353790248e-02
9.837545126353790248e-02
9.807460890493381600e-02
9.957882069795427615e-02
9.265944645006016223e-02
8.483754512635378886e-02
9.265944645006016223e-02
9.085439229843561559e-02
9.506618531889289569e-02
9.085439229843561559e-02
9.115523465703971595e-02
9.416365824308062238e-02
9.265944645006016223e-02
8.754512635379060881e-02
8.965102286401925580e-02
8.664259927797833549e-02
8.724428399518652233e-02
9.596871239470516901e-02
8.904933814681106896e-02
8.784596871239470917e-02
9.356197352587244942e-02
8.874849578820698248e-02
9.085439229843561559e-02
8.754512635379060881e-02
8.724428399518652233e-02
8.423586040914560202e-02
8.543922984356197570e-02
8.453670276774970238e-02
7.701564380264741549e-02
8.574007220216606218e-02
7.942238267148014896e-02
8.303249097472924223e-02
8.814681107099879565e-02
