1.000000000000000000e+00
8.227739726027397671e-01
7.705479452054794232e-01
7.545662100456621557e-01
7.117579908675799594e-01
6.783675799086757996e-01
6.649543378995433907e-01
6.529680365296803846e-01
6.184360730593607691e-01
5.973173515981735626e-01
5.853310502283105565e-01
5.821917808219178037e-01
5.559360730593607691e-01
5.433789954337899797e-01
5.231164383561643927e-01
5.279680365296803846e-01
4.977168949771689221e-01
4.880136986301369939e-01
4.974315068493150860e-01
4.714611872146118876e-01
4.714611872146118876e-01
4.688926940639269181e-01
4.466324200913242004e-01
4.223744292237442965e-01
4.192351598173515992e-01
4.192351598173515992e-01
4.098173515981735071e-01
4.032534246575342207e-01
3.958333333333333148e-01
3.855593607305936033e-01
3.824200913242009059e-01
3.778538812785388057e-01
3.804223744292237197e-01
3.593036529680365132e-01
3.690068493150684970e-01
3.544520547945205213e-01
3.384703196347031984e-01
3.401826484018264929e-01
3.250570776255707894e-01
3.370433789954337955e-01
3.210616438356164171e-01
3.270547945205479201e-01
3.264840182648401923e-01
3.050799086757990941e-01
2.990867579908675911e-01
3.005136986301369939e-01
3.025114155251141801e-01
2.879566210045662045e-01
2.879566210045662045e-01
2.833904109589041043e-01
2.771118721461187095e-01
2.813926940639269181e-01
2.765410958904109817e-01
2.662671232876712146e-01
2.534246575342465890e-01
2.622716894977168978e-01
2.605593607305936033e-01
2.577054794520547976e-01
2.442922374429223609e-01
2.557077625570776114e-01
2.477168949771689499e-01
2.382990867579908578e-01
2.394406392694063967e-01
2.300228310502283047e-01
2.400114155251141523e-01
2.382990867579908578e-01
2.308789954337899519e-01
2.337328767123287576e-01
2.131849315068493067e-01
2.211757990867579959e-01
2.154680365296803568e-01
2.043378995433789980e-01
2.063356164383561564e-01
2.109018264840182566e-01
2.014840182648401923e-01
1.926369863013698558e-01
1.974885844748858477e-01
2.046232876712328896e-01
1.932077625570776391e-01
1.909246575342465890e-01
1.994863013698630061e-01
1.957762557077625531e-01
1.960616438356164448e-01
1.789383561643835552e-01
1.775114155251141523e-01
1.729452054794520521e-01
1.783675799086757996e-01
1.866438356164383527e-01
1.840753424657534110e-01
1.712328767123287576e-01
1.686643835616438436e-01
1.772260273972602607e-01
1.732305936073059438e-01
1.632420091324200961e-01
1.749429223744292106e-01
1.723744292237442965e-01
1.686643835616438436e-01
1.646689497716894990e-01
1.586757990867579959e-01
1.563926940639269458e-01
1.549657534246575430e-01
1.566780821917808098e-01
1.583904109589041043e-01
1.529680365296803568e-01
1.509703196347031984e-01
1.495433789954337955e-01
1.535388127853881401e-01
1.543949771689497596e-01
1.441210045662100481e-01
1.563926940639269458e-01
1.421232876712328896e-01
1.389840182648401923e-01
1.441210045662100481e-01
1.432648401826484008e-01
1.389840182648401923e-01
1.404109589041095951e-01
1.441210045662100481e-01
1.327054794520547976e-01
1.281392694063926974e-01
1.404109589041095951e-01
1.281392694063926974e-01
1.272831050228310501e-01
1.341324200913242004e-01
1.347031963470319560e-01
1.250000000000000000e-01
1.178652968036529719e-01
1.224315068493150721e-01
1.192922374429223747e-01
1.247146118721461222e-01
1.192922374429223747e-01
1.081621004566210020e-01
1.050228310502283047e-01
1.121575342465753466e-01
1.078767123287671242e-01
1.073059360730593548e-01
1.081621004566210020e-01
1.004566210045662045e-01
1.078767123287671242e-01
1.041666666666666713e-01
1.104452054794520521e-01
1.073059360730593548e-01
1.004566210045662045e-01
1.041666666666666713e-01
9.788812785388127657e-02
1.027397260273972546e-01
1.041666666666666713e-01
9.360730593607305416e-02
9.788812785388127657e-02
9.902968036529680163e-02
9.674657534246575152e-02
9.589041095890410427e-02
9.075342465753424848e-02
9.275114155251142078e-02
9.360730593607305416e-02
8.704337899543379553e-02
8.504566210045662322e-02
8.533105022831050102e-02
9.218036529680365132e-02
8.932648401826484563e-02
7.990867579908675356e-02
8.304794520547945091e-02
8.219178082191780366e-02
8.533105022831050102e-02
8.333333333333332871e-02
8.704337899543379553e-02
7.876712328767122850e-02
8.333333333333332871e-02
7.905251141552512018e-02
7.676940639269407007e-02
8.076484018264840081e-02
7.848173515981735071e-02
8.190639269406392586e-02
7.962328767123287576e-02
7.448630136986301997e-02
8.047945205479452302e-02
7.477168949771689777e-02
7.762557077625570345e-02
7.220319634703196987e-02
7.248858447488584766e-02
7.876712328767122850e-02
7.619863013698630061e-02
7.420091324200912830e-02
7.106164383561644482e-02
7.106164383561644482e-02
6.992009132420091977e-02
7.505707762557077556e-02
7.049086757990867536e-02
7.134703196347032261e-02
6.906392694063927251e-02
6.735159817351597800e-02
6.735159817351597800e-02
7.134703196347032261e-02
6.678082191780822241e-02
7.391552511415525051e-02
7.049086757990867536e-02
6.906392694063927251e-02
6.792237442922374746e-02
7.163242009132420041e-02
6.735159817351597800e-02
6.763698630136986967e-02
6.849315068493150305e-02
6.934931506849315030e-02
6.820776255707762525e-02
6.478310502283105010e-02
6.478310502283105010e-02
7.163242009132420041e-02
6.706621004566210020e-02
6.934931506849315030e-02
7.020547945205479756e-02
6.307077625570776946e-02
7.106164383561644482e-02
6.621004566210045295e-02
6.250000000000000000e-02
6.250000000000000000e-02
6.478310502283105010e-02
5.936073059360730264e-02
6.478310502283105010e-02
6.364155251141552505e-02
6.135844748858447495e-02
5.993150684931506517e-02
6.078767123287671242e-02
6.078767123287671242e-02
5.707762557077625254e-02
5.536529680365296496e-02
5.565068493150684970e-02
5.365296803652967739e-02
6.307077625570776946e-02
6.364155251141552505e-02
6.164383561643835274e-02
6.392694063926940284e-02
5.850456621004566232e-02
5.593607305936072749e-02
6.192922374429223747e-02
5.736301369863013727e-02
5.679223744292237475e-02
5.679223744292237475e-02
5.565068493150684970e-02
5.251141552511415234e-02
5.194063926940638981e-02
5.279680365296803707e-02
5.222602739726027454e-02
5.022831050228310223e-02
5.336757990867579959e-02
5.194063926940638981e-02
5.308219178082191486e-02
5.450913242009132464e-02
5.393835616438356212e-02
5.251141552511415234e-02
5.450913242009132464e-02
4.965753424657533971e-02
5.108447488584474949e-02
4.994292237442922444e-02
4.880136986301369939e-02
4.737442922374428961e-02
4.566210045662100203e-02
4.908675799086757718e-02
4.908675799086757718e-02
4.594748858447488676e-02
4.480593607305936171e-02
4.537671232876712424e-02
4.594748858447488676e-02
4.394977168949771446e-02
4.452054794520547698e-02
4.851598173515981466e-02
4.794520547945205213e-02
4.794520547945205213e-02
4.623287671232876456e-02
4.651826484018264929e-02
4.480593607305936171e-02
4.509132420091323951e-02
4.252283105022831161e-02
4.337899543378995193e-02
4.480593607305936171e-02
4.309360730593607414e-02
3.881278538812785173e-02
4.081050228310502404e-02
4.394977168949771446e-02
4.337899543378995193e-02
4.109589041095890183e-02
4.480593607305936171e-02
4.166666666666666435e-02
3.938356164383561425e-02
3.652968036529680163e-02
4.052511415525113930e-02
4.423515981735159919e-02
4.023972602739726151e-02
4.480593607305936171e-02
4.452054794520547698e-02
4.537671232876712424e-02
4.423515981735159919e-02
4.195205479452054909e-02
4.081050228310502404e-02
4.509132420091323951e-02
4.280821917808218940e-02
4.023972602739726151e-02
4.109589041095890183e-02
4.166666666666666435e-02
3.995433789954337678e-02
3.738584474885844888e-02
4.195205479452054909e-02
3.966894977168949898e-02
3.795662100456621141e-02
3.510273972602739878e-02
3.909817351598173646e-02
4.109589041095890183e-02
3.652968036529680163e-02
3.824200913242008920e-02
3.652968036529680163e-02
3.510273972602739878e-02
4.195205479452054909e-02
3.881278538812785173e-02
3.710045662100456415e-02
4.081050228310502404e-02
3.767123287671232668e-02
4.081050228310502404e-02
3.567351598173516131e-02
3.652968036529680163e-02
4.052511415525113930e-02
3.767123287671232668e-02
3.738584474885844888e-02
4.166666666666666435e-02
3.767123287671232668e-02
3.510273972602739878e-02
3.681506849315068636e-02
3.652968036529680163e-02
3.624429223744292383e-02
3.652968036529680163e-02
3.367579908675798900e-02
3.396118721461187373e-02
3.481735159817351405e-02
3.538812785388127657e-02
3.624429223744292383e-02
3.652968036529680163e-02
3.253424657534246395e-02
3.281963470319634868e-02
3.310502283105022647e-02
3.025114155251141385e-02
3.453196347031963626e-02
3.167808219178082363e-02
3.453196347031963626e-02
3.110730593607305763e-02
3.110730593607305763e-02
3.196347031963470142e-02
3.339041095890411120e-02
3.367579908675798900e-02
3.082191780821917637e-02
3.424657534246575152e-02
3.396118721461187373e-02
3.196347031963470142e-02
2.739726027397260122e-02
3.224885844748858615e-02
3.167808219178082363e-02
3.224885844748858615e-02
2.882420091324200753e-02
3.025114155251141385e-02
3.253424657534246395e-02
2.968036529680365132e-02
2.768264840182648248e-02
2.853881278538812627e-02
2.910958904109588880e-02
2.654109589041095743e-02
2.882420091324200753e-02
2.711187214611871996e-02
2.739726027397260122e-02
2.910958904109588880e-02
2.825342465753424501e-02
2.425799086757990733e-02
2.796803652968036374e-02
2.796803652968036374e-02
2.910958904109588880e-02
2.597031963470319491e-02
2.910958904109588880e-02
2.682648401826483869e-02
2.825342465753424501e-02
2.796803652968036374e-02
2.882420091324200753e-02
3.053652968036529511e-02
2.568493150684931364e-02
2.768264840182648248e-02
2.796803652968036374e-02
2.682648401826483869e-02
2.454337899543378859e-02
2.625570776255707617e-02
2.825342465753424501e-02
2.711187214611871996e-02
2.711187214611871996e-02
2.597031963470319491e-02
2.910958904109588880e-02
2.768264840182648248e-02
2.568493150684931364e-02
2.625570776255707617e-02
2.739726027397260122e-02
2.425799086757990733e-02
2.597031963470319491e-02
2.568493150684931364e-02
2.568493150684931364e-02
2.454337899543378859e-02
2.454337899543378859e-02
2.026255707762556965e-02
1.997716894977168839e-02
2.340182648401826354e-02
