1.000000000000000000e+00
8.432637571157495238e-01
7.707779886148007353e-01
7.320683111954459088e-01
7.134724857685009747e-01
7.047438330170777698e-01
6.933586337760910823e-01
6.516129032258064502e-01
6.269449715370019049e-01
6.208728652751422938e-01
5.901328273244781375e-01
5.840607210626186374e-01
5.521821631878557346e-01
5.533206831119544811e-01
5.297912713472485713e-01
5.259962049335863421e-01
4.884250474383301510e-01
4.986717267552182031e-01
4.910815939278937448e-01
4.751423149905123489e-01
4.595825426944971648e-01
4.523719165085389182e-01
4.322580645161290258e-01
4.497153700189753245e-01
4.398481973434534842e-01
4.193548387096774355e-01
4.106261859582542861e-01
4.007590132827324458e-01
3.958254269449715257e-01
3.734345351043643069e-01
3.814041745730550326e-01
3.658444022770398485e-01
3.685009487666034422e-01
3.624288425047438311e-01
3.669829222011385395e-01
3.537001897533206818e-01
3.533206831119544700e-01
3.609108159392789283e-01
3.400379506641366123e-01
3.419354838709677269e-01
3.366223908918405949e-01
3.461100569259962234e-01
3.199240986717267754e-01
3.165085388994307580e-01
3.233396584440227928e-01
3.134724857685009525e-01
3.032258064516129004e-01
3.085388994307400323e-01
2.933586337760910601e-01
2.979127134724857684e-01
2.857685009487666017e-01
2.740037950664136468e-01
2.762808349146110287e-01
2.629981024667931711e-01
2.633776091081593829e-01
2.675521821631878794e-01
2.675521821631878794e-01
2.607210626185958446e-01
2.652751423149904975e-01
2.485768500948766502e-01
2.489563567362428897e-01
2.447817836812144210e-01
2.459203036053130842e-01
2.314990512333965911e-01
2.296015180265654765e-01
2.303605313092979001e-01
2.208728652751423271e-01
2.322580645161290425e-01
2.242884250474383168e-01
2.292220113851992369e-01
2.110056925996204868e-01
2.106261859582542750e-01
2.163187855787476188e-01
2.185958254269449730e-01
2.242884250474383168e-01
2.170777988614800702e-01
2.011385199240986743e-01
1.992409867172675597e-01
2.015180265654648861e-01
1.988614800759013201e-01
2.026565464895635771e-01
1.882352941176470562e-01
1.833017077798861361e-01
1.810246679316888097e-01
1.836812144212523756e-01
1.821631878557874729e-01
1.878557874762808444e-01
1.810246679316888097e-01
1.757115749525616777e-01
1.753320683111954381e-01
1.783681214421252437e-01
1.760910815939278895e-01
1.647058823529411742e-01
1.814041745730550215e-01
1.795066413662239069e-01
1.711574952561669694e-01
1.620493358633776082e-01
1.605313092979127054e-01
1.681214421252371916e-01
1.491461100569259901e-01
1.639468690702087228e-01
1.559772296015180248e-01
1.491461100569259901e-01
1.578747628083491394e-01
1.514231499051233443e-01
1.411764705882352922e-01
1.461100569259962123e-01
1.400379506641366290e-01
1.442125237191650977e-01
1.510436432637571047e-01
1.510436432637571047e-01
1.499051233396584415e-01
1.301707779886147887e-01
1.419354838709677435e-01
1.335863377609108060e-01
1.328273244781783546e-01
1.426944971537001949e-01
1.347248576850094970e-01
1.370018975332068234e-01
1.415559772296015317e-01
1.286527514231499136e-01
1.320683111954459310e-01
1.214421252371916532e-01
1.263757115749525595e-01
1.309297912713472400e-01
1.278937381404174622e-01
1.275142314990512227e-01
1.267552182163187990e-01
1.324478178368121428e-01
1.180265654648956358e-01
1.275142314990512227e-01
1.199240986717267504e-01
1.134724857685009552e-01
1.130929791271347296e-01
1.100569259962049379e-01
1.142314990512333928e-01
1.077798861480075837e-01
1.104364326375711636e-01
1.130929791271347296e-01
1.096774193548387122e-01
1.074003795066413719e-01
1.111954459203036011e-01
1.051233396584440177e-01
1.062618595825426948e-01
1.020872865275142261e-01
9.753320683111954548e-02
9.297912713472485102e-02
9.373814041745730241e-02
9.184060721062618782e-02
1.028462998102466774e-01
1.032258064516129031e-01
9.829222011385199687e-02
1.001897533206831115e-01
9.677419354838709409e-02
9.525616698292220519e-02
8.994307400379507322e-02
9.335863377609107672e-02
8.994307400379507322e-02
8.538899430740037877e-02
8.349146110056926418e-02
8.956356736242884753e-02
8.576850094876660446e-02
7.817836812144211833e-02
8.197343453510436140e-02
8.842504743833017045e-02
8.804554079696394475e-02
8.121442125237191001e-02
8.083491461100569819e-02
7.779886148007590652e-02
7.476280834914611484e-02
7.514231499051234053e-02
6.944971537001896900e-02
7.286527514231498637e-02
7.552182163187855235e-02
7.590132827324477804e-02
7.400379506641366345e-02
7.741935483870968082e-02
7.552182163187855235e-02
7.855787476280834403e-02
6.451612903225806273e-02
7.438330170777988914e-02
7.286527514231498637e-02
6.793168880455408010e-02
6.755218216318785440e-02
6.603415559772296550e-02
6.337760910815939952e-02
6.110056925996205229e-02
6.755218216318785440e-02
6.869070208728653149e-02
6.565464895635673981e-02
6.907020872865275718e-02
6.831119544592030579e-02
6.451612903225806273e-02
6.489563567362428842e-02
6.982922201138519469e-02
6.944971537001896900e-02
6.261859582542694813e-02
7.058823529411764608e-02
6.489563567362428842e-02
6.717267552182162871e-02
6.641366223908917732e-02
6.261859582542694813e-02
6.185958254269449674e-02
6.565464895635673981e-02
6.944971537001896900e-02
6.565464895635673981e-02
6.261859582542694813e-02
6.261859582542694813e-02
6.375711574952561134e-02
5.996204933586337521e-02
6.413662239089183703e-02
6.148007590132827105e-02
5.920303605313093076e-02
5.426944971537001755e-02
5.730550284629980923e-02
5.920303605313093076e-02
6.072106261859582660e-02
6.148007590132827105e-02
5.616698292220113908e-02
5.768500948766603492e-02
6.110056925996205229e-02
5.730550284629980923e-02
6.185958254269449674e-02
6.413662239089183703e-02
6.261859582542694813e-02
5.806451612903226062e-02
6.034155597722960090e-02
5.313092979127134741e-02
5.351043643263757310e-02
5.275142314990512171e-02
5.882352941176470507e-02
5.882352941176470507e-02
5.351043643263757310e-02
5.692599620493358353e-02
5.237191650853889602e-02
4.781783681214421544e-02
5.123339658444022587e-02
5.161290322580645157e-02
5.123339658444022587e-02
4.819734345351043420e-02
4.781783681214421544e-02
4.895635673624288559e-02
4.971537001897533004e-02
4.895635673624288559e-02
4.402277039848197238e-02
4.440227703984819807e-02
4.516129032258064252e-02
4.705882352941176405e-02
4.667931688804553836e-02
5.199240986717267726e-02
4.933586337760911128e-02
4.136622390891840639e-02
4.288425047438330223e-02
4.250474383301707654e-02
4.554079696394686821e-02
4.326375711574952793e-02
4.250474383301707654e-02
4.781783681214421544e-02
4.288425047438330223e-02
4.554079696394686821e-02
4.478178368121442376e-02
4.022770398481973625e-02
4.478178368121442376e-02
4.516129032258064252e-02
4.705882352941176405e-02
4.781783681214421544e-02
4.705882352941176405e-02
4.136622390891840639e-02
4.440227703984819807e-02
3.757115749525617027e-02
4.136622390891840639e-02
4.136622390891840639e-02
3.795066413662238902e-02
4.364326375711574668e-02
4.781783681214421544e-02
4.174573055028463209e-02
4.060721062618595500e-02
4.516129032258064252e-02
4.326375711574952793e-02
4.440227703984819807e-02
4.440227703984819807e-02
4.402277039848197238e-02
4.516129032258064252e-02
4.705882352941176405e-02
4.250474383301707654e-02
4.402277039848197238e-02
3.984819734345351055e-02
4.592030360531309391e-02
4.402277039848197238e-02
4.364326375711574668e-02
4.098671726755218070e-02
3.833017077798861472e-02
3.984819734345351055e-02
4.022770398481973625e-02
3.719165085388994457e-02
3.984819734345351055e-02
3.643263757115749318e-02
3.795066413662238902e-02
3.908918406072105917e-02
4.212523719165085084e-02
3.870967741935484041e-02
3.946869070208728486e-02
3.870967741935484041e-02
3.415559772296015290e-02
3.263757115749525706e-02
3.149905123339658691e-02
3.491461100569259735e-02
3.301707779886148275e-02
3.377609108159392720e-02
3.149905123339658691e-02
2.846299810246679177e-02
3.036053130929791330e-02
3.111954459203036122e-02
3.225806451612903136e-02
3.111954459203036122e-02
3.339658444022770151e-02
3.074003795066413552e-02
3.074003795066413552e-02
2.884250474383301746e-02
3.605313092979127443e-02
2.998102466793168761e-02
3.415559772296015290e-02
2.922201138519923969e-02
3.111954459203036122e-02
2.808349146110056954e-02
3.263757115749525706e-02
3.415559772296015290e-02
3.301707779886148275e-02
3.225806451612903136e-02
2.428842504743832995e-02
3.074003795066413552e-02
3.111954459203036122e-02
3.111954459203036122e-02
2.846299810246679177e-02
2.656546489563567370e-02
3.074003795066413552e-02
2.656546489563567370e-02
2.542694497153700356e-02
2.808349146110056954e-02
2.504743833017077786e-02
2.808349146110056954e-02
2.770398481973434385e-02
2.732447817836812162e-02
3.074003795066413552e-02
2.580645161290322578e-02
2.694497153700189593e-02
2.694497153700189593e-02
2.390891840607210772e-02
2.314990512333965980e-02
2.466793168880455564e-02
2.390891840607210772e-02
2.428842504743832995e-02
2.998102466793168761e-02
2.504743833017077786e-02
2.428842504743832995e-02
2.542694497153700356e-02
2.694497153700189593e-02
2.770398481973434385e-02
2.922201138519923969e-02
2.618595825426944801e-02
2.504743833017077786e-02
2.163187855787476396e-02
2.694497153700189593e-02
2.163187855787476396e-02
2.618595825426944801e-02
2.618595825426944801e-02
2.277039848197343411e-02
2.580645161290322578e-02
2.428842504743832995e-02
2.694497153700189593e-02
1.973434535104364243e-02
2.466793168880455564e-02
2.390891840607210772e-02
2.656546489563567370e-02
2.314990512333965980e-02
2.314990512333965980e-02
2.163187855787476396e-02
2.314990512333965980e-02
2.428842504743832995e-02
2.049335863377609035e-02
2.466793168880455564e-02
2.352941176470588203e-02
2.277039848197343411e-02
2.352941176470588203e-02
2.049335863377609035e-02
2.049335863377609035e-02
2.314990512333965980e-02
1.973434535104364243e-02
2.125237191650853827e-02
2.125237191650853827e-02
2.428842504743832995e-02
2.011385199240986812e-02
2.466793168880455564e-02
1.935483870967742021e-02
2.466793168880455564e-02
2.277039848197343411e-02
2.428842504743832995e-02
2.277039848197343411e-02
1.745730550284629867e-02
2.087286527514231604e-02
1.935483870967742021e-02
