1.000000000000000000e+00
8.638160258713618589e-01
8.206970894717929843e-01
8.109953287818900680e-01
7.732662594322673444e-01
7.685950413223140432e-01
7.513474667624865377e-01
7.391304347826086474e-01
7.495508444125045244e-01
7.143370463528566638e-01
6.974487962630254723e-01
6.859504132231405427e-01
6.762486525332375153e-01
6.550485088034495584e-01
6.568451311534315717e-01
6.604383758533955984e-01
6.478620194035213942e-01
6.324110671936759021e-01
6.439094502335609427e-01
6.086956521739130821e-01
5.932446999640675900e-01
6.140855192238591220e-01
6.072583542939273826e-01
5.900107797340998772e-01
5.777937477542220979e-01
5.745598275242543851e-01
5.501257635644987154e-01
5.454545454545454142e-01
5.666546891843334821e-01
5.425799496945742373e-01
5.213798059647861693e-01
5.206611570247934306e-01
5.249730506647503070e-01
5.037729069349622391e-01
5.041322314049586639e-01
5.141933165648581161e-01
5.034135824649658142e-01
4.976643909450233494e-01
4.814947897951850631e-01
4.689184333453108033e-01
4.725116780452748855e-01
4.646065397053539270e-01
4.656845131153431461e-01
4.656845131153431461e-01
4.664031620553359958e-01
4.484369385555156406e-01
4.584980237154150373e-01
4.383758533956162440e-01
4.290334171757096415e-01
4.405318002155946822e-01
4.383758533956162440e-01
4.408911246855911070e-01
4.261588214157384091e-01
4.376572044556234498e-01
4.186130075458138755e-01
4.103485447358964922e-01
4.182536830758174506e-01
4.117858426158821361e-01
3.898670499461013295e-01
3.934602946460654116e-01
3.859144807761408780e-01
3.931009701760689867e-01
3.887890765361121104e-01
3.895077254761049046e-01
3.959755659360402191e-01
3.877111031261228913e-01
3.841178584261588091e-01
3.931009701760689867e-01
3.816025871361840016e-01
3.776500179662234946e-01
3.891484010061085352e-01
3.884297520661156855e-01
3.733381243262666183e-01
3.744160977362558373e-01
3.744160977362558373e-01
3.550125763564498937e-01
3.550125763564498937e-01
3.596837944664031395e-01
3.560905497664391128e-01
3.528566295364714556e-01
3.517786561264822365e-01
3.481854114265181543e-01
3.366870283866331137e-01
3.341717570966583062e-01
3.582464965864175510e-01
3.467481135465325104e-01
3.467481135465325104e-01
3.287818900467121552e-01
3.237513474667624847e-01
3.381243262666187577e-01
3.356090549766438946e-01
3.402802730865971959e-01
3.298598634567013743e-01
3.269852676967301419e-01
3.233920229967660598e-01
3.208767517067912522e-01
3.111749910168882249e-01
3.241106719367589095e-01
3.057851239669421295e-01
3.021918792669781029e-01
3.003952569169960340e-01
3.007545813869924589e-01
3.151275601868487319e-01
2.871002515271289801e-01
2.860222781171397610e-01
2.982393100970175959e-01
2.784764642472152274e-01
2.871002515271289801e-01
2.903341717570966374e-01
2.838663312971613228e-01
2.781171397772188025e-01
2.917714696370822813e-01
2.759611929572403644e-01
2.738052461372619262e-01
2.748832195472511453e-01
2.709306503772906938e-01
2.723679482572763377e-01
2.666187567373338174e-01
2.763205174272367892e-01
2.662594322673373926e-01
2.605102407473948722e-01
2.547610492274524074e-01
2.662594322673373926e-01
2.705713259072942689e-01
2.439813151275601888e-01
2.619475386273805162e-01
2.637441609773625850e-01
2.594322673374056532e-01
2.576356449874236398e-01
2.698526769673014747e-01
2.508084800574919004e-01
2.569169960474308456e-01
2.454186130075458050e-01
2.558390226374416265e-01
2.508084800574919004e-01
2.551203736974487768e-01
2.508084800574919004e-01
2.429033417175709697e-01
2.472152353575278461e-01
2.443406395975565859e-01
2.446999640675530108e-01
2.479338842975206680e-01
2.461372619475386270e-01
2.432626661875673668e-01
2.511678045274883253e-01
2.349982033776500112e-01
2.436219906575637917e-01
2.475745598275242432e-01
2.339202299676607921e-01
2.461372619475386270e-01
2.393100970176068876e-01
2.184692777578153000e-01
2.310456342076895320e-01
2.353575278476464361e-01
2.375134746676248743e-01
2.274523895077254776e-01
2.306863097376931349e-01
2.173913043478260809e-01
2.303269852676967377e-01
2.303269852676967377e-01
2.188286022278117249e-01
2.091268415379087253e-01
2.260150916277398614e-01
2.062522457779374652e-01
2.127200862378728075e-01
2.066115702479338900e-01
2.155946819978440399e-01
2.062522457779374652e-01
2.159540064678404647e-01
2.163133309378368618e-01
2.242184692777578203e-01
2.062522457779374652e-01
2.141573841178584237e-01
1.983471074380165344e-01
2.051742723679482461e-01
2.069708947179302871e-01
2.058929213079410681e-01
2.105641394178943693e-01
2.030183255479698079e-01
2.055335968379446709e-01
2.019403521379805888e-01
2.026590010779734108e-01
2.012217031979877946e-01
1.936758893280632332e-01
1.972691340280273153e-01
2.073302191879266843e-01
1.868487243981315216e-01
1.969098095580308905e-01
2.012217031979877946e-01
1.997844053180021506e-01
1.976284584980237125e-01
1.846927775781530834e-01
1.908012935680920008e-01
1.933165648580668361e-01
1.882860222781171378e-01
1.872080488681279187e-01
1.947538627380524523e-01
2.037369744879626299e-01
1.911606180380883979e-01
1.818181818181818232e-01
1.652892561983471120e-01
1.861300754581386996e-01
1.854114265181458776e-01
1.696011498383039884e-01
1.735537190082644676e-01
1.785842615882141660e-01
1.771469637082285220e-01
1.796622349982033851e-01
1.746316924182536867e-01
1.864893999281350967e-01
1.760689902982393029e-01
1.836148041681638643e-01
1.692418253683075913e-01
1.674452030183255502e-01
1.731943945382680428e-01
1.696011498383039884e-01
1.713977721882860294e-01
1.559468199784405373e-01
1.663672296083363311e-01
1.649299317283506872e-01
1.634926338483650710e-01
1.721164211282788237e-01
1.652892561983471120e-01
1.656485806683435091e-01
1.620553359683794548e-01
1.660079051383399340e-01
1.606180380883938108e-01
1.563061444484369344e-01
1.501976284584980170e-01
1.466043837585339626e-01
1.516349263384836610e-01
1.530722242184692772e-01
1.505569529284944419e-01
1.545095220984548934e-01
1.484010061085160037e-01
1.501976284584980170e-01
1.480416816385195788e-01
1.455264103485447436e-01
1.530722242184692772e-01
1.516349263384836610e-01
1.480416816385195788e-01
1.570247933884297564e-01
1.408551922385914423e-01
1.440891124685590996e-01
1.415738411785842643e-01
1.509162773984908390e-01
1.505569529284944419e-01
1.466043837585339626e-01
1.473230326985267569e-01
1.376212720086237851e-01
1.386992454186130042e-01
1.451670858785483187e-01
1.365432985986345660e-01
1.408551922385914423e-01
1.365432985986345660e-01
1.329500538986705116e-01
1.318720804886812925e-01
1.419331656485806614e-01
1.401365432985986481e-01
1.300754581386992514e-01
1.325907294286740867e-01
1.343873517786561278e-01
1.304347826086956486e-01
1.369026230686309631e-01
1.279195113187208133e-01
1.311534315486884705e-01
1.340280273086597307e-01
1.304347826086956486e-01
1.379805964786201822e-01
1.268415379087315942e-01
1.315127560186848676e-01
1.304347826086956486e-01
1.264822134387351693e-01
1.268415379087315942e-01
1.257635644987423751e-01
1.203736974487962658e-01
1.236076176787639230e-01
1.311534315486884705e-01
1.243262666187567311e-01
1.221703197987782930e-01
1.304347826086956486e-01
1.174991016888250056e-01
1.149838303988501564e-01
1.189363995688106357e-01
1.225296442687747039e-01
1.160618038088393755e-01
1.103126122888968691e-01
1.218109953287818958e-01
1.268415379087315942e-01
1.185770750988142247e-01
1.174991016888250056e-01
1.228889687387711149e-01
1.153431548688465674e-01
1.225296442687747039e-01
1.196550485088034438e-01
1.124685591088753212e-01
1.189363995688106357e-01
1.200143729787998548e-01
1.085159899389148419e-01
1.189363995688106357e-01
1.207330219187926629e-01
1.077973409989220199e-01
1.135465325188645402e-01
1.024074739489759245e-01
1.052820697089471846e-01
1.106719367588932801e-01
1.081566654689184309e-01
1.081566654689184309e-01
1.081566654689184309e-01
1.121092346388789102e-01
1.113905856988860882e-01
1.110312612288896911e-01
1.006108515989938973e-01
1.042040962989579655e-01
1.020481494789795135e-01
1.049227452389507736e-01
1.049227452389507736e-01
1.009701760689902944e-01
9.522098454904778797e-02
1.006108515989938973e-01
1.002515271289974863e-01
1.117499101688824992e-01
1.081566654689184309e-01
1.060007186489399927e-01
9.414301113905856888e-02
9.378368666906215789e-02
9.593963348904060995e-02
1.002515271289974863e-01
1.049227452389507736e-01
9.845490477901544524e-02
9.378368666906215789e-02
9.953287818900466433e-02
9.019044196909808964e-02
1.006108515989938973e-01
9.593963348904060995e-02
9.809558030901904813e-02
9.378368666906215789e-02
8.983111749910169253e-02
8.911246855910887055e-02
9.054976643909450063e-02
8.587854832914121328e-02
8.444125044915558320e-02
9.162773984908371971e-02
8.695652173913043237e-02
9.593963348904060995e-02
9.162773984908371971e-02
8.695652173913043237e-02
8.947179302910528154e-02
9.126841537908732260e-02
8.911246855910887055e-02
8.695652173913043237e-02
9.486166007905137698e-02
9.342436219906576078e-02
8.947179302910528154e-02
8.839381961911606245e-02
8.947179302910528154e-02
9.558030901904419896e-02
8.767517067912325435e-02
9.701760689902982904e-02
9.414301113905856888e-02
8.264462809917355601e-02
9.378368666906215789e-02
8.336327703916636411e-02
8.264462809917355601e-02
8.300395256916996700e-02
8.300395256916996700e-02
8.120733021918792593e-02
8.551922385914480229e-02
8.444125044915558320e-02
8.551922385914480229e-02
8.695652173913043237e-02
8.192597915918073403e-02
8.228530362917714502e-02
8.551922385914480229e-02
8.480057491915199419e-02
7.545813869924541950e-02
7.905138339920948776e-02
8.084800574919151495e-02
8.084800574919151495e-02
7.905138339920948776e-02
8.012935680919870685e-02
8.192597915918073403e-02
7.222421846927776223e-02
7.114624505928854314e-02
7.905138339920948776e-02
8.120733021918792593e-02
7.330219187926698132e-02
7.509881422924900851e-02
6.899029823931009109e-02
6.899029823931009109e-02
7.150556952928494026e-02
8.228530362917714502e-02
6.719367588932806390e-02
7.509881422924900851e-02
7.545813869924541950e-02
7.689543657923104958e-02
7.545813869924541950e-02
7.689543657923104958e-02
6.970894717930291307e-02
6.719367588932806390e-02
6.431908012935680374e-02
