1.000000000000000000e+00
7.491467576791809302e-01
6.655290102389078699e-01
6.843003412969282939e-01
6.979522184300340770e-01
6.843003412969282939e-01
6.382252559726961927e-01
6.416382252559726940e-01
6.313993174061433011e-01
5.819112627986348096e-01
6.092150170648463758e-01
5.733788395904436674e-01
5.699658703071672772e-01
5.546075085324232434e-01
5.426621160409555999e-01
5.750853242320819181e-01
5.460750853242321012e-01
4.914675767918088578e-01
5.290102389078498168e-01
5.443686006825938506e-01
5.153583617747440337e-01
4.914675767918088578e-01
4.778156996587030747e-01
4.795221843003412698e-01
5.153583617747440337e-01
4.726962457337883783e-01
4.709897610921501832e-01
4.863481228668942169e-01
4.505119453924914530e-01
4.112627986348122988e-01
4.317406143344709735e-01
4.880546075085324120e-01
4.488054607508532579e-01
4.283276450511945277e-01
4.317406143344709735e-01
4.470989761092150072e-01
4.283276450511945277e-01
4.112627986348122988e-01
4.180887372013651904e-01
4.027303754266211566e-01
3.788395904436859807e-01
3.822525597269624820e-01
4.078498293515358530e-01
3.515358361774744145e-01
3.532423208191126096e-01
3.754266211604095349e-01
3.668941979522184482e-01
3.634812286689420024e-01
3.242320819112627928e-01
3.412969283276450772e-01
3.378839590443685759e-01
3.481228668941979687e-01
3.378839590443685759e-01
3.208191126279863470e-01
3.156996587030716506e-01
3.208191126279863470e-01
3.293515358361774892e-01
3.395904436860068265e-01
3.361774744027303807e-01
3.122866894197952048e-01
3.174061433447099012e-01
3.071672354948805639e-01
3.105802047781570097e-01
3.020477815699658675e-01
3.242320819112627928e-01
2.986348122866894217e-01
2.832764505119453879e-01
2.986348122866894217e-01
2.610921501706484626e-01
3.105802047781570097e-01
2.645051194539249084e-01
2.627986348122867133e-01
2.662116040955631591e-01
2.747440273037542458e-01
2.525597269624573205e-01
2.474402730375426518e-01
2.747440273037542458e-01
2.559726962457337662e-01
2.474402730375426518e-01
2.662116040955631591e-01
2.474402730375426518e-01
2.457337883959044289e-01
2.542662116040955711e-01
2.508532423208191253e-01
2.337883959044368687e-01
2.372013651877133145e-01
2.303754266211604229e-01
2.440273037542662060e-01
2.372013651877133145e-01
2.406143344709897602e-01
2.252559726962457265e-01
2.269624573378839494e-01
2.491467576791808747e-01
2.389078498293515374e-01
2.252559726962457265e-01
2.337883959044368687e-01
2.116040955631399434e-01
2.269624573378839494e-01
2.337883959044368687e-01
2.064846416382252470e-01
1.996587030716723554e-01
2.116040955631399434e-01
2.047781569965870241e-01
2.269624573378839494e-01
2.098976109215016927e-01
2.303754266211604229e-01
2.218430034129692807e-01
2.372013651877133145e-01
2.133105802047781663e-01
1.894197952218429903e-01
1.911262798634812410e-01
2.081911262798634699e-01
2.047781569965870241e-01
2.133105802047781663e-01
2.150170648464163892e-01
1.945392491467576868e-01
1.945392491467576868e-01
1.911262798634812410e-01
1.825938566552900988e-01
1.860068259385665446e-01
1.706484641638225386e-01
1.945392491467576868e-01
1.911262798634812410e-01
1.774744027303754301e-01
1.638225255972696193e-01
1.535836177474402819e-01
1.569965870307167277e-01
1.672354948805460650e-01
1.740614334470989844e-01
1.638225255972696193e-01
1.518771331058020591e-01
1.877133105802047675e-01
1.689419795221842879e-01
1.569965870307167277e-01
1.689419795221842879e-01
1.672354948805460650e-01
1.552901023890785048e-01
1.740614334470989844e-01
1.501706484641638362e-01
1.655290102389078422e-01
1.433447098976109169e-01
1.552901023890785048e-01
1.450511945392491397e-01
1.450511945392491397e-01
1.467576791808873626e-01
1.484641638225255855e-01
1.655290102389078422e-01
1.672354948805460650e-01
1.518771331058020591e-01
1.501706484641638362e-01
1.587030716723549506e-01
1.296928327645051060e-01
1.484641638225255855e-01
1.604095563139931735e-01
1.518771331058020591e-01
1.348122866894198024e-01
1.621160409556313964e-01
1.348122866894198024e-01
1.552901023890785048e-01
1.552901023890785048e-01
1.672354948805460650e-01
1.604095563139931735e-01
1.484641638225255855e-01
1.365187713310580253e-01
1.569965870307167277e-01
1.433447098976109169e-01
1.621160409556313964e-01
1.501706484641638362e-01
1.365187713310580253e-01
1.433447098976109169e-01
1.262798634812286602e-01
1.262798634812286602e-01
1.262798634812286602e-01
1.194539249146757687e-01
1.211604095563139916e-01
1.177474402730375458e-01
1.126279863481228632e-01
1.245733788395904373e-01
1.313993174061433566e-01
1.228668941979522145e-01
1.245733788395904373e-01
1.177474402730375458e-01
1.262798634812286602e-01
1.245733788395904373e-01
1.211604095563139916e-01
1.177474402730375458e-01
1.058020477815699717e-01
1.262798634812286602e-01
1.177474402730375458e-01
1.279863481228668831e-01
1.177474402730375458e-01
1.058020477815699717e-01
1.092150170648464175e-01
1.023890784982935120e-01
1.228668941979522145e-01
1.245733788395904373e-01
1.126279863481228632e-01
1.143344709897610861e-01
1.006825938566552892e-01
1.006825938566552892e-01
9.556313993174062049e-02
1.075085324232081946e-01
9.556313993174062049e-02
9.897610921501706627e-02
8.873720136518771506e-02
1.006825938566552892e-01
9.897610921501706627e-02
9.726962457337884338e-02
8.703071672354949218e-02
9.385665529010238373e-02
9.044368600682593795e-02
1.075085324232081946e-01
1.058020477815699717e-01
1.023890784982935120e-01
9.897610921501706627e-02
8.703071672354949218e-02
7.849829351535836386e-02
8.361774744027303252e-02
8.020477815699658675e-02
8.191126279863480963e-02
7.849829351535836386e-02
6.825938566552901265e-02
8.873720136518771506e-02
7.508532423208191808e-02
6.825938566552901265e-02
8.361774744027303252e-02
9.215017064846416084e-02
6.996587030716723554e-02
7.337883959044368132e-02
8.532423208191126929e-02
7.849829351535836386e-02
7.849829351535836386e-02
8.873720136518771506e-02
8.361774744027303252e-02
8.020477815699658675e-02
9.385665529010238373e-02
7.679180887372014097e-02
8.873720136518771506e-02
8.020477815699658675e-02
8.703071672354949218e-02
9.044368600682593795e-02
7.849829351535836386e-02
7.849829351535836386e-02
8.873720136518771506e-02
7.167235494880545843e-02
8.703071672354949218e-02
9.215017064846416084e-02
7.679180887372014097e-02
7.508532423208191808e-02
8.361774744027303252e-02
9.215017064846416084e-02
8.191126279863480963e-02
8.532423208191126929e-02
8.873720136518771506e-02
8.191126279863480963e-02
9.385665529010238373e-02
7.508532423208191808e-02
7.849829351535836386e-02
8.703071672354949218e-02
7.849829351535836386e-02
7.679180887372014097e-02
6.655290102389078977e-02
8.020477815699658675e-02
6.996587030716723554e-02
7.849829351535836386e-02
7.849829351535836386e-02
7.679180887372014097e-02
7.849829351535836386e-02
7.849829351535836386e-02
8.020477815699658675e-02
7.679180887372014097e-02
8.191126279863480963e-02
7.167235494880545843e-02
8.361774744027303252e-02
7.167235494880545843e-02
6.996587030716723554e-02
7.849829351535836386e-02
7.337883959044368132e-02
7.679180887372014097e-02
8.361774744027303252e-02
7.337883959044368132e-02
7.508532423208191808e-02
8.020477815699658675e-02
6.996587030716723554e-02
7.337883959044368132e-02
7.849829351535836386e-02
7.679180887372014097e-02
7.337883959044368132e-02
7.508532423208191808e-02
5.972696245733788434e-02
6.825938566552901265e-02
5.631399317406143162e-02
5.290102389078498585e-02
6.655290102389078977e-02
6.655290102389078977e-02
7.167235494880545843e-02
7.679180887372014097e-02
6.996587030716723554e-02
6.313993174061433011e-02
6.996587030716723554e-02
7.337883959044368132e-02
6.484641638225255300e-02
6.313993174061433011e-02
6.484641638225255300e-02
6.484641638225255300e-02
6.655290102389078977e-02
6.484641638225255300e-02
6.143344709897610723e-02
6.484641638225255300e-02
7.167235494880545843e-02
6.484641638225255300e-02
6.484641638225255300e-02
6.484641638225255300e-02
6.655290102389078977e-02
5.631399317406143162e-02
7.337883959044368132e-02
6.484641638225255300e-02
6.143344709897610723e-02
5.802047781569966145e-02
6.825938566552901265e-02
6.655290102389078977e-02
5.972696245733788434e-02
6.996587030716723554e-02
7.849829351535836386e-02
5.972696245733788434e-02
6.655290102389078977e-02
7.337883959044368132e-02
6.655290102389078977e-02
5.802047781569966145e-02
5.119453924914675602e-02
6.484641638225255300e-02
5.972696245733788434e-02
4.948805460750853313e-02
6.313993174061433011e-02
5.802047781569966145e-02
5.972696245733788434e-02
6.313993174061433011e-02
6.484641638225255300e-02
6.996587030716723554e-02
5.972696245733788434e-02
4.436860068259385753e-02
5.119453924914675602e-02
5.460750853242320874e-02
5.119453924914675602e-02
5.290102389078498585e-02
5.119453924914675602e-02
6.825938566552901265e-02
5.802047781569966145e-02
4.948805460750853313e-02
5.631399317406143162e-02
4.948805460750853313e-02
5.802047781569966145e-02
5.802047781569966145e-02
5.972696245733788434e-02
5.119453924914675602e-02
6.313993174061433011e-02
5.460750853242320874e-02
5.631399317406143162e-02
5.631399317406143162e-02
5.460750853242320874e-02
3.754266211604095904e-02
4.095563139931740482e-02
3.924914675767918193e-02
4.095563139931740482e-02
5.290102389078498585e-02
3.754266211604095904e-02
3.924914675767918193e-02
3.924914675767918193e-02
4.266211604095563464e-02
3.754266211604095904e-02
3.754266211604095904e-02
3.924914675767918193e-02
4.095563139931740482e-02
4.948805460750853313e-02
4.948805460750853313e-02
4.436860068259385753e-02
4.778156996587031025e-02
4.436860068259385753e-02
4.266211604095563464e-02
3.754266211604095904e-02
4.778156996587031025e-02
4.607508532423208042e-02
4.948805460750853313e-02
4.266211604095563464e-02
4.607508532423208042e-02
4.607508532423208042e-02
4.436860068259385753e-02
3.924914675767918193e-02
4.266211604095563464e-02
5.119453924914675602e-02
5.290102389078498585e-02
4.948805460750853313e-02
4.266211604095563464e-02
5.460750853242320874e-02
3.754266211604095904e-02
4.266211604095563464e-02
5.460750853242320874e-02
4.778156996587031025e-02
4.436860068259385753e-02
4.095563139931740482e-02
4.436860068259385753e-02
