1.000000000000000000e+00
9.248927038626609809e-01
9.442060085836909700e-01
9.120171673819742475e-01
9.120171673819742475e-01
8.776824034334763658e-01
8.648068669527897434e-01
8.776824034334763658e-01
9.034334763948498326e-01
9.012875536480686733e-01
8.454935622317596433e-01
9.034334763948498326e-01
8.755364806866953176e-01
8.841201716738197325e-01
9.012875536480686733e-01
8.454935622317596433e-01
8.583690987124463767e-01
8.690987124463519509e-01
8.648068669527897434e-01
8.583690987124463767e-01
8.111587982832617616e-01
8.776824034334763658e-01
8.733905579399141583e-01
8.669527896995707916e-01
8.004291845493561874e-01
8.133047210300429208e-01
8.218884120171673358e-01
8.454935622317596433e-01
8.648068669527897434e-01
8.540772532188841693e-01
8.240343347639484950e-01
8.390557939914162766e-01
8.562231759656652175e-01
7.896995708154506133e-01
8.068669527896995541e-01
7.660944206008584167e-01
7.896995708154506133e-01
8.025751072961373467e-01
8.583690987124463767e-01
8.047210300429185059e-01
8.562231759656652175e-01
8.133047210300429208e-01
8.454935622317596433e-01
8.218884120171673358e-01
8.369098712446352284e-01
7.875536480686695651e-01
7.961373390557939800e-01
8.154506437768240801e-01
7.896995708154506133e-01
7.639484978540772575e-01
7.854077253218884058e-01
7.532188841201716833e-01
8.197424892703862875e-01
7.982832618025751392e-01
8.068669527896995541e-01
7.918454935622317725e-01
7.360515021459227425e-01
7.811158798283261984e-01
7.939914163090128207e-01
7.854077253218884058e-01
7.896995708154506133e-01
7.703862660944206242e-01
7.339055793991415833e-01
7.811158798283261984e-01
7.811158798283261984e-01
7.682403433476394650e-01
7.403433476394849500e-01
7.875536480686695651e-01
8.111587982832617616e-01
7.746781115879828317e-01
7.660944206008584167e-01
7.746781115879828317e-01
7.768240343347639909e-01
7.832618025751072466e-01
7.789699570815450391e-01
7.660944206008584167e-01
7.961373390557939800e-01
8.197424892703862875e-01
7.446351931330471574e-01
7.274678111587983276e-01
7.339055793991415833e-01
7.381974248927039017e-01
7.446351931330471574e-01
7.424892703862661092e-01
7.467811158798283167e-01
7.596566523605150500e-01
7.939914163090128207e-01
7.575107296137338908e-01
7.811158798283261984e-01
7.618025751072960983e-01
7.532188841201716833e-01
7.081545064377682275e-01
7.489270386266094759e-01
7.124463519313304349e-01
7.103004291845493867e-01
7.339055793991415833e-01
7.274678111587983276e-01
7.510729613733905241e-01
7.596566523605150500e-01
7.317596566523605350e-01
7.124463519313304349e-01
6.995708154506438126e-01
7.832618025751072466e-01
7.768240343347639909e-01
7.296137339055793758e-01
7.253218884120171683e-01
7.639484978540772575e-01
7.789699570815450391e-01
7.660944206008584167e-01
7.038626609442060200e-01
7.360515021459227425e-01
7.381974248927039017e-01
7.253218884120171683e-01
7.253218884120171683e-01
7.489270386266094759e-01
7.188841201716738016e-01
8.025751072961373467e-01
7.660944206008584167e-01
7.618025751072960983e-01
7.467811158798283167e-01
7.296137339055793758e-01
7.596566523605150500e-01
7.961373390557939800e-01
8.004291845493561874e-01
7.339055793991415833e-01
6.845493562231759199e-01
7.596566523605150500e-01
7.618025751072960983e-01
7.296137339055793758e-01
7.339055793991415833e-01
7.210300429184549609e-01
7.639484978540772575e-01
7.296137339055793758e-01
6.995708154506438126e-01
7.446351931330471574e-01
7.553648068669528426e-01
6.952789699570814941e-01
7.339055793991415833e-01
7.768240343347639909e-01
6.952789699570814941e-01
7.639484978540772575e-01
6.931330472103004459e-01
7.081545064377682275e-01
7.317596566523605350e-01
6.802575107296137125e-01
7.317596566523605350e-01
7.124463519313304349e-01
6.845493562231759199e-01
7.381974248927039017e-01
7.317596566523605350e-01
6.845493562231759199e-01
7.317596566523605350e-01
7.210300429184549609e-01
7.167381974248927534e-01
6.931330472103004459e-01
6.802575107296137125e-01
7.188841201716738016e-01
7.038626609442060200e-01
7.145922746781115942e-01
7.124463519313304349e-01
6.866952789699570792e-01
7.188841201716738016e-01
6.952789699570814941e-01
6.738197424892703458e-01
7.103004291845493867e-01
7.038626609442060200e-01
6.931330472103004459e-01
7.060085836909871793e-01
6.738197424892703458e-01
6.995708154506438126e-01
6.609442060085837234e-01
6.566523605150214049e-01
6.802575107296137125e-01
6.738197424892703458e-01
7.231759656652360091e-01
6.416309012875536233e-01
6.888412017167382384e-01
6.738197424892703458e-01
7.124463519313304349e-01
6.931330472103004459e-01
6.695278969957081383e-01
6.695278969957081383e-01
6.781115879828326642e-01
6.866952789699570792e-01
6.845493562231759199e-01
6.630901287553647716e-01
6.545064377682403567e-01
6.738197424892703458e-01
6.845493562231759199e-01
7.038626609442060200e-01
6.630901287553647716e-01
6.845493562231759199e-01
7.360515021459227425e-01
6.459227467811158307e-01
6.716738197424892975e-01
6.566523605150214049e-01
6.652360515021459308e-01
6.931330472103004459e-01
6.909871244635192866e-01
6.502145922746781492e-01
5.987124463519313267e-01
6.566523605150214049e-01
6.888412017167382384e-01
6.566523605150214049e-01
6.523605150214591974e-01
6.738197424892703458e-01
6.845493562231759199e-01
6.523605150214591974e-01
6.587982832618025641e-01
6.609442060085837234e-01
6.351931330472102566e-01
6.330472103004292084e-01
6.652360515021459308e-01
6.502145922746781492e-01
6.351931330472102566e-01
6.394849785407725751e-01
6.845493562231759199e-01
6.545064377682403567e-01
6.309012875536480491e-01
6.330472103004292084e-01
6.587982832618025641e-01
6.652360515021459308e-01
6.244635193133046824e-01
6.201716738197424750e-01
6.351931330472102566e-01
6.459227467811158307e-01
6.523605150214591974e-01
6.287553648068670009e-01
6.287553648068670009e-01
6.630901287553647716e-01
6.566523605150214049e-01
6.952789699570814941e-01
6.716738197424892975e-01
6.416309012875536233e-01
6.244635193133046824e-01
6.695278969957081383e-01
6.845493562231759199e-01
6.223175965665236342e-01
6.373390557939914158e-01
6.587982832618025641e-01
6.351931330472102566e-01
6.266094420600858417e-01
6.373390557939914158e-01
6.287553648068670009e-01
6.373390557939914158e-01
6.502145922746781492e-01
6.330472103004292084e-01
6.545064377682403567e-01
6.373390557939914158e-01
6.373390557939914158e-01
6.609442060085837234e-01
6.437768240343347825e-01
6.094420600858369008e-01
6.566523605150214049e-01
6.287553648068670009e-01
6.351931330472102566e-01
6.094420600858369008e-01
5.836909871244635450e-01
6.158798283261802675e-01
6.394849785407725751e-01
6.373390557939914158e-01
6.287553648068670009e-01
6.351931330472102566e-01
6.394849785407725751e-01
6.201716738197424750e-01
5.922746781115879600e-01
6.094420600858369008e-01
6.158798283261802675e-01
6.416309012875536233e-01
6.072961373390557416e-01
6.051502145922746934e-01
5.708154506437768116e-01
6.523605150214591974e-01
6.137339055793991083e-01
6.158798283261802675e-01
6.244635193133046824e-01
6.223175965665236342e-01
6.094420600858369008e-01
6.180257510729614268e-01
6.330472103004292084e-01
5.772532188841201783e-01
6.180257510729614268e-01
6.502145922746781492e-01
6.008583690987124859e-01
6.330472103004292084e-01
6.094420600858369008e-01
6.309012875536480491e-01
6.416309012875536233e-01
6.223175965665236342e-01
5.836909871244635450e-01
5.879828326180257525e-01
5.965665236051501674e-01
5.987124463519313267e-01
5.708154506437768116e-01
5.987124463519313267e-01
6.223175965665236342e-01
6.137339055793991083e-01
5.793991416309013376e-01
6.137339055793991083e-01
6.244635193133046824e-01
6.094420600858369008e-01
5.901287553648069117e-01
6.072961373390557416e-01
5.901287553648069117e-01
5.965665236051501674e-01
6.287553648068670009e-01
5.815450643776823858e-01
5.622317596566523967e-01
6.201716738197424750e-01
5.515021459227468226e-01
6.051502145922746934e-01
5.987124463519313267e-01
5.579399141630900782e-01
5.686695278969957634e-01
6.158798283261802675e-01
6.030042918454935341e-01
6.137339055793991083e-01
6.309012875536480491e-01
6.201716738197424750e-01
5.815450643776823858e-01
5.815450643776823858e-01
5.665236051502146042e-01
5.665236051502146042e-01
5.879828326180257525e-01
6.030042918454935341e-01
5.708154506437768116e-01
5.879828326180257525e-01
5.901287553648069117e-01
5.987124463519313267e-01
5.665236051502146042e-01
5.987124463519313267e-01
5.751072961373390191e-01
5.965665236051501674e-01
5.407725321888412484e-01
5.472103004291845041e-01
5.858369098712445933e-01
5.708154506437768116e-01
5.793991416309013376e-01
5.944206008583691192e-01
5.858369098712445933e-01
5.708154506437768116e-01
5.579399141630900782e-01
5.386266094420600892e-01
6.201716738197424750e-01
5.815450643776823858e-01
6.008583690987124859e-01
5.858369098712445933e-01
5.815450643776823858e-01
5.944206008583691192e-01
5.987124463519313267e-01
5.600858369098712375e-01
5.836909871244635450e-01
5.879828326180257525e-01
5.515021459227468226e-01
6.115879828326180601e-01
5.836909871244635450e-01
5.493562231759656633e-01
6.287553648068670009e-01
5.772532188841201783e-01
5.407725321888412484e-01
5.515021459227468226e-01
6.137339055793991083e-01
5.429184549356222966e-01
5.901287553648069117e-01
5.729613733905579709e-01
5.772532188841201783e-01
5.278969957081545150e-01
5.879828326180257525e-01
5.214592274678111483e-01
5.729613733905579709e-01
5.300429184549356743e-01
5.772532188841201783e-01
5.536480686695278708e-01
5.965665236051501674e-01
5.665236051502146042e-01
5.793991416309013376e-01
5.708154506437768116e-01
6.330472103004292084e-01
5.579399141630900782e-01
5.085836909871244149e-01
5.321888412017167225e-01
5.751072961373390191e-01
5.515021459227468226e-01
5.300429184549356743e-01
6.373390557939914158e-01
5.729613733905579709e-01
5.793991416309013376e-01
5.429184549356222966e-01
5.793991416309013376e-01
5.665236051502146042e-01
5.922746781115879600e-01
5.901287553648069117e-01
5.858369098712445933e-01
5.965665236051501674e-01
5.386266094420600892e-01
5.429184549356222966e-01
5.515021459227468226e-01
5.429184549356222966e-01
5.579399141630900782e-01
5.772532188841201783e-01
5.557939914163090300e-01
