1.000000000000000000e+00
8.673850890697163418e-01
8.370354079612931653e-01
8.141631845172641047e-01
7.919507367495051131e-01
7.780954475478337740e-01
7.453265889597536775e-01
7.402683087750164814e-01
7.237739168682647550e-01
7.042005718055861507e-01
6.960633384649219657e-01
6.569166483395645351e-01
6.489993402243237064e-01
6.575764240158346041e-01
6.437211348141631539e-01
6.351440510226522562e-01
6.122718275786233066e-01
6.168902573125137900e-01
6.032548933362656962e-01
6.041345942379591216e-01
5.770837915108862903e-01
5.797228942159665666e-01
5.654277545634484037e-01
5.766439410600395776e-01
5.619089509566747020e-01
5.385968770617990398e-01
5.304596437211348547e-01
5.304596437211348547e-01
5.227622608313173824e-01
5.168242797448867609e-01
5.126457004618429902e-01
4.968110842313613329e-01
5.005498130635583909e-01
4.873542995381570098e-01
4.778975148449527421e-01
4.715196833076754079e-01
4.686606553771717754e-01
4.629425995161645102e-01
4.684407301517484190e-01
4.433692544534857949e-01
4.501869364416098418e-01
4.429294040026390822e-01
4.268748625467341240e-01
4.310534418297778947e-01
4.158786012755663064e-01
4.176380030789531572e-01
4.059819661315152706e-01
4.073015174840554087e-01
3.971849571145810165e-01
3.879480976468001052e-01
3.912469760281504505e-01
3.941060039586540831e-01
3.842093688146030472e-01
3.769518363756322876e-01
3.776116120519023567e-01
3.705740048383549534e-01
3.518803606773697190e-01
3.611172201451506303e-01
3.518803606773697190e-01
3.529799868044865008e-01
3.529799868044865008e-01
3.470420057180558793e-01
3.411040246316252578e-01
3.380250714756982688e-01
3.305476138113041529e-01
3.301077633604574402e-01
3.160325489333626336e-01
3.164723993842093464e-01
3.061359137893116533e-01
3.131735210028590011e-01
3.043765119859248025e-01
3.006377831537277445e-01
2.988783813503408937e-01
2.936001759401803413e-01
2.909610732351000650e-01
2.779854849351220403e-01
2.856828678249395126e-01
2.786452606113921093e-01
2.685287002419177727e-01
2.658895975368374964e-01
2.678689245656477036e-01
2.645700461842973583e-01
2.696283263690345544e-01
2.592918407741368059e-01
2.628106443809105075e-01
2.546734110402463225e-01
2.592918407741368059e-01
2.581922146470200241e-01
2.502749065317791954e-01
2.381790191334946238e-01
2.500549813063558391e-01
2.372993182318011984e-01
2.394985704860347620e-01
2.346602155267209222e-01
2.379590939080712675e-01
2.337805146250274968e-01
2.304816362436771515e-01
2.278425335385968753e-01
2.280624587640202316e-01
2.267429074114800935e-01
2.192654497470859776e-01
2.243237299318231737e-01
2.177259731691225109e-01
2.223444029030129665e-01
2.146470200131955219e-01
2.080492632504948314e-01
2.093688146030349695e-01
2.040906091928744170e-01
2.120079173081152457e-01
2.051902353199911988e-01
2.040906091928744170e-01
2.073894875742247623e-01
2.056300857708379115e-01
1.948537497250934780e-01
1.990323290081372209e-01
2.001319551352540027e-01
1.988124037827138646e-01
1.937541235979766963e-01
1.946338244996701217e-01
1.970530019793270415e-01
1.871563668352760057e-01
1.911150208928964200e-01
1.862766659335825803e-01
1.770398064658016413e-01
1.772597316912249699e-01
1.816582361996920969e-01
1.809984605234220278e-01
1.790191334946118207e-01
1.730811524081812269e-01
1.737409280844512960e-01
1.744007037607213650e-01
1.728612271827578706e-01
1.678029469980206745e-01
1.651638442929403983e-01
1.620848911370134093e-01
1.607653397844732712e-01
1.618649659115900530e-01
1.576863866285462823e-01
1.620848911370134093e-01
1.550472839234660338e-01
1.517484055421156885e-01
1.554871343743127465e-01
1.546074334726193211e-01
1.548273586980426775e-01
1.502089289641521941e-01
1.491093028370354123e-01
1.455904992302617107e-01
1.466901253573784925e-01
1.458104244556850670e-01
1.453705740048383543e-01
1.436111722014515035e-01
1.420716956234880091e-01
1.420716956234880091e-01
1.409720694963712273e-01
1.455904992302617107e-01
1.429513965251814345e-01
1.339344622828238518e-01
1.337145370574004954e-01
1.392126676929843765e-01
1.372333406641741693e-01
1.315152848031669319e-01
1.293160325489333684e-01
1.288761820980866557e-01
1.277765559709698739e-01
1.328348361557070700e-01
1.231581262370793906e-01
1.187596217286122774e-01
1.240378271387728160e-01
1.194193974048823464e-01
1.233780514625027469e-01
1.198592478557290453e-01
1.176599956014954956e-01
1.200791730811524016e-01
1.209588739828458270e-01
1.101825379371013797e-01
1.251374532658895977e-01
1.209588739828458270e-01
1.143611172201451504e-01
1.161205190235320012e-01
1.130415658676050122e-01
1.079832856828678300e-01
1.093028370354079681e-01
1.134814163184517249e-01
1.145810424455685067e-01
1.104024631625247360e-01
1.077633604574444737e-01
1.123817901913349432e-01
1.112821640642181614e-01
1.062238838794809792e-01
1.075434352320211173e-01
1.051242577523641974e-01
1.024851550472839212e-01
1.055641082032109102e-01
1.082032109082911864e-01
1.046844073015174847e-01
1.029250054981306339e-01
1.038047063998240593e-01
9.808665053881680806e-02
1.020453045964372085e-01
1.007257532438970704e-01
1.007257532438970704e-01
1.064438091049043356e-01
1.060039586540576229e-01
9.940620189135693230e-02
9.368814603034968103e-02
9.852650098966352077e-02
9.698702441170002631e-02
9.544754783373653184e-02
9.610732351000660090e-02
9.896635144051021959e-02
9.588739828458324455e-02
1.002859027930503577e-01
9.280844512865625562e-02
9.830657576424016442e-02
9.346822080492632467e-02
9.566747305915988819e-02
8.753023971849571705e-02
8.972949197272926669e-02
8.577083791510886623e-02
8.379151088629865907e-02
8.533098746426215353e-02
8.511106223883879718e-02
8.599076314053222259e-02
8.313173521002859001e-02
8.181218385748845190e-02
8.489113701341544083e-02
8.269188475918187731e-02
7.939300637783153203e-02
7.895315592698481932e-02
7.675390367275126968e-02
7.983285682867824473e-02
7.983285682867824473e-02
7.961293160325488838e-02
7.587420277105784427e-02
7.631405322190455698e-02
7.587420277105784427e-02
7.235539916428414264e-02
7.367495051682428076e-02
7.389487574224763711e-02
7.433472619309434981e-02
7.147569826259071724e-02
7.235539916428414264e-02
7.235539916428414264e-02
7.367495051682428076e-02
7.059599736089729183e-02
7.191554871343742994e-02
7.103584781174400453e-02
6.729711897954696043e-02
6.883659555751044101e-02
6.641741807785353502e-02
6.751704420497031678e-02
7.191554871343742994e-02
6.619749285243017867e-02
6.861667033208708466e-02
6.707719375412360407e-02
6.795689465581701560e-02
6.883659555751044101e-02
6.685726852870024772e-02
6.553771717616010961e-02
6.179898834396305163e-02
6.487794149989004056e-02
5.937981086430613870e-02
6.883659555751044101e-02
6.553771717616010961e-02
6.773696943039365925e-02
6.487794149989004056e-02
6.223883879480976433e-02
5.872003518803606964e-02
6.421816582361997150e-02
6.223883879480976433e-02
6.025951176599955716e-02
5.718055861007257518e-02
5.850010996261271329e-02
6.289861447107983339e-02
5.784033428634264423e-02
5.784033428634264423e-02
5.520123158126236801e-02
5.893996041345942599e-02
5.630085770837914977e-02
5.586100725753243706e-02
5.608093248295579342e-02
5.388168022872223684e-02
5.608093248295579342e-02
5.454145590499230589e-02
5.586100725753243706e-02
5.212227842533538602e-02
5.212227842533538602e-02
5.146250274906531696e-02
5.476138113041565531e-02
5.520123158126236801e-02
5.564108203210908071e-02
5.366175500329888048e-02
5.322190455245216778e-02
5.432153067956894954e-02
5.300197932702881143e-02
5.256212887618209872e-02
5.322190455245216778e-02
5.520123158126236801e-02
4.992302617110182250e-02
5.234220365075874237e-02
4.574444688805805875e-02
5.190235319991202967e-02
4.882340004398504768e-02
5.212227842533538602e-02
4.926325049483176038e-02
5.080272707279524791e-02
4.530459643721134605e-02
4.992302617110182250e-02
4.926325049483176038e-02
5.168242797448867332e-02
4.948317572025510980e-02
4.926325049483176038e-02
4.948317572025510980e-02
4.640422256432812781e-02
4.816362436771497862e-02
4.640422256432812781e-02
4.684407301517484051e-02
4.948317572025510980e-02
4.574444688805805875e-02
4.684407301517484051e-02
4.904332526940840403e-02
4.442489553551792064e-02
4.486474598636463335e-02
4.552452166263470240e-02
4.244556850670772041e-02
4.684407301517484051e-02
4.750384869144490957e-02
4.200571805586100771e-02
4.288541895755443312e-02
4.552452166263470240e-02
4.156586760501429501e-02
4.222564328128436406e-02
4.134594237959093865e-02
4.090609192874422595e-02
4.068616670332086960e-02
4.112601715416758230e-02
4.288541895755443312e-02
4.376511985924785852e-02
4.244556850670772041e-02
4.024631625247415689e-02
4.156586760501429501e-02
4.200571805586100771e-02
3.914669012535737513e-02
3.716736309654717491e-02
3.672751264570046220e-02
3.958654057620408784e-02
3.496811084231361139e-02
3.650758742027710585e-02
3.606773696943039315e-02
3.408840994062018598e-02
3.760721354739388761e-02
3.738728832197053126e-02
3.716736309654717491e-02
3.496811084231361139e-02
3.672751264570046220e-02
3.694743787112381855e-02
3.276885858808005481e-02
3.320870903892676751e-02
3.474818561689025503e-02
3.672751264570046220e-02
3.518803606773696774e-02
3.386848471519682963e-02
3.342863426435012386e-02
3.320870903892676751e-02
3.760721354739388761e-02
3.672751264570046220e-02
3.144930723553991669e-02
3.540796129316032409e-02
3.474818561689025503e-02
3.584781174400703679e-02
3.386848471519682963e-02
3.496811084231361139e-02
3.232900813723334210e-02
3.518803606773696774e-02
3.474818561689025503e-02
3.496811084231361139e-02
3.364855948977348021e-02
3.298878381350341116e-02
3.364855948977348021e-02
3.342863426435012386e-02
3.166923246096327305e-02
3.144930723553991669e-02
3.210908291180998575e-02
3.342863426435012386e-02
3.034968110842313493e-02
3.320870903892676751e-02
3.210908291180998575e-02
3.562788651858368044e-02
3.188915768638662940e-02
3.012975588299977858e-02
3.188915768638662940e-02
3.210908291180998575e-02
3.144930723553991669e-02
3.210908291180998575e-02
3.232900813723334210e-02
3.254893336265669845e-02
3.166923246096327305e-02
3.276885858808005481e-02
3.034968110842313493e-02
3.166923246096327305e-02
3.254893336265669845e-02
