1.000000000000000000e+00
8.125000000000000000e-01
7.448308270676691212e-01
7.044172932330826642e-01
6.588345864661654394e-01
6.381578947368421462e-01
6.372180451127819056e-01
6.282894736842105088e-01
5.958646616541353191e-01
5.845864661654135430e-01
5.328947368421053099e-01
5.225563909774436633e-01
5.070488721804511378e-01
5.046992481203007586e-01
4.741541353383458834e-01
4.821428571428571508e-01
4.544172932330827197e-01
4.567669172932330990e-01
4.562969924812030342e-01
4.384398496240601295e-01
4.318609022556391119e-01
4.125939849624060130e-01
3.820488721804511378e-01
3.853383458646616466e-01
3.900375939849624052e-01
3.820488721804511378e-01
3.735902255639097502e-01
3.327067669172932285e-01
3.411654135338345606e-01
3.505639097744360777e-01
3.411654135338345606e-01
3.256578947368420907e-01
3.129699248120300648e-01
3.341165413533834783e-01
3.120300751879699352e-01
3.087406015037593709e-01
3.049812030075187974e-01
2.838345864661654394e-01
2.913533834586466420e-01
2.772556390977443663e-01
2.725563909774436078e-01
2.730263157894736725e-01
2.537593984962406291e-01
2.720864661654135430e-01
2.622180451127819611e-01
2.692669172932330990e-01
2.316729323308270583e-01
2.321428571428571508e-01
2.340225563909774376e-01
2.274436090225563922e-01
2.203947368421052544e-01
2.189849624060150324e-01
2.058270676691729417e-01
2.077067669172932285e-01
2.152255639097744311e-01
1.875000000000000000e-01
2.020676691729323404e-01
2.053571428571428492e-01
2.105263157894736725e-01
2.044172932330827197e-01
1.968984962406015171e-01
1.987781954887218039e-01
1.940789473684210453e-01
1.823308270676691767e-01
1.846804511278195560e-01
1.809210526315789547e-01
1.781015037593984829e-01
1.630639097744360777e-01
1.762218045112781961e-01
1.640037593984962350e-01
1.569548872180451249e-01
1.560150375939849676e-01
1.616541353383458557e-01
1.555451127819548751e-01
1.640037593984962350e-01
1.635338345864661702e-01
1.569548872180451249e-01
1.527255639097744311e-01
1.466165413533834505e-01
1.348684210526315819e-01
1.447368421052631637e-01
1.390977443609022479e-01
1.320488721804511378e-01
1.353383458646616466e-01
1.339285714285714246e-01
1.466165413533834505e-01
1.301691729323308233e-01
1.292293233082706660e-01
1.320488721804511378e-01
1.217105263157894773e-01
1.278195488721804440e-01
1.217105263157894773e-01
1.240601503759398427e-01
1.245300751879699214e-01
1.109022556390977382e-01
1.094924812030075162e-01
1.066729323308270722e-01
1.062030075187969935e-01
1.085526315789473728e-01
1.104323308270676735e-01
1.118421052631578955e-01
1.038533834586466142e-01
1.052631578947368363e-01
1.043233082706766929e-01
1.141917293233082747e-01
1.047932330827067715e-01
1.057330827067669149e-01
1.062030075187969935e-01
1.057330827067669149e-01
1.076127819548872155e-01
1.005639097744360916e-01
1.043233082706766929e-01
1.038533834586466142e-01
1.005639097744360916e-01
1.071428571428571369e-01
1.104323308270676735e-01
9.539473684210526827e-02
9.633458646616541166e-02
9.962406015037593432e-02
1.019736842105263136e-01
9.351503759398496762e-02
1.000939849624060130e-01
9.586466165413533302e-02
9.727443609022556892e-02
9.868421052631579093e-02
9.539473684210526827e-02
9.445488721804511101e-02
9.774436090225563367e-02
8.317669172932330712e-02
9.163533834586466698e-02
8.599624060150376503e-02
8.364661654135338575e-02
9.210526315789473173e-02
8.129699248120300648e-02
8.975563909774436633e-02
8.552631578947368640e-02
8.082706766917292784e-02
7.894736842105262720e-02
8.082706766917292784e-02
7.941729323308270583e-02
6.907894736842105921e-02
6.954887218045112396e-02
7.283834586466166050e-02
6.578947368421052266e-02
6.813909774436090194e-02
6.531954887218045791e-02
5.874060150375939870e-02
6.672932330827067993e-02
6.719924812030075856e-02
7.236842105263158187e-02
6.766917293233082331e-02
6.766917293233082331e-02
6.719924812030075856e-02
5.545112781954886910e-02
6.296992481203007863e-02
6.062030075187969935e-02
5.921052631578947040e-02
6.437969924812030065e-02
6.390977443609022202e-02
6.531954887218045791e-02
7.048872180451128122e-02
6.860902255639098057e-02
6.484962406015037928e-02
6.062030075187969935e-02
6.109022556390977104e-02
6.437969924812030065e-02
6.390977443609022202e-02
6.109022556390977104e-02
6.578947368421052266e-02
5.733082706766916975e-02
6.484962406015037928e-02
6.203007518796992137e-02
6.203007518796992137e-02
6.343984962406015726e-02
6.296992481203007863e-02
5.968045112781954903e-02
5.357142857142856845e-02
6.015037593984962072e-02
5.216165413533834644e-02
5.498120300751879741e-02
5.075187969924811748e-02
5.780075187969924838e-02
5.592105263157894773e-02
5.028195488721804579e-02
5.686090225563909806e-02
4.746240601503759482e-02
5.592105263157894773e-02
5.357142857142856845e-02
4.981203007518796716e-02
4.981203007518796716e-02
5.169172932330826781e-02
4.511278195488721554e-02
4.840225563909774514e-02
4.887218045112781684e-02
4.323308270676691489e-02
4.417293233082706522e-02
4.605263157894736586e-02
4.699248120300751619e-02
4.370300751879699352e-02
4.840225563909774514e-02
4.088345864661654255e-02
4.605263157894736586e-02
4.088345864661654255e-02
3.524436090225564061e-02
4.229323308270676457e-02
3.947368421052631360e-02
4.182330827067669288e-02
4.088345864661654255e-02
4.088345864661654255e-02
4.323308270676691489e-02
4.370300751879699352e-02
3.712406015037594126e-02
4.276315789473684320e-02
3.947368421052631360e-02
3.994360902255639223e-02
3.853383458646616327e-02
3.994360902255639223e-02
3.712406015037594126e-02
3.994360902255639223e-02
3.618421052631579093e-02
3.195488721804511101e-02
3.148496240601503932e-02
3.195488721804511101e-02
3.195488721804511101e-02
3.289473684210526133e-02
3.101503759398496068e-02
3.806390977443609158e-02
3.289473684210526133e-02
3.712406015037594126e-02
3.430451127819549029e-02
3.430451127819549029e-02
3.289473684210526133e-02
3.383458646616541166e-02
3.430451127819549029e-02
3.195488721804511101e-02
3.336466165413533996e-02
2.866541353383458487e-02
3.336466165413533996e-02
3.336466165413533996e-02
3.289473684210526133e-02
2.772556390977443455e-02
2.772556390977443455e-02
2.772556390977443455e-02
2.960526315789473520e-02
2.772556390977443455e-02
2.396616541353383326e-02
2.819548872180450971e-02
2.255639097744360777e-02
2.725563909774435939e-02
2.678571428571428423e-02
2.255639097744360777e-02
2.443609022556390842e-02
2.678571428571428423e-02
2.819548872180450971e-02
2.537593984962405874e-02
2.490601503759398358e-02
2.866541353383458487e-02
2.396616541353383326e-02
2.490601503759398358e-02
2.302631578947368293e-02
3.054511278195488552e-02
2.490601503759398358e-02
2.302631578947368293e-02
2.443609022556390842e-02
2.396616541353383326e-02
2.866541353383458487e-02
2.396616541353383326e-02
2.631578947368420907e-02
2.161654135338345745e-02
2.161654135338345745e-02
2.161654135338345745e-02
1.973684210526315680e-02
2.302631578947368293e-02
2.396616541353383326e-02
2.302631578947368293e-02
2.208646616541353261e-02
2.020676691729323196e-02
1.832706766917293131e-02
2.396616541353383326e-02
1.973684210526315680e-02
1.926691729323308164e-02
1.785714285714285615e-02
1.832706766917293131e-02
1.832706766917293131e-02
1.879699248120300648e-02
1.691729323308270583e-02
1.738721804511278099e-02
1.550751879699248034e-02
1.503759398496240518e-02
1.456766917293233002e-02
1.456766917293233002e-02
1.503759398496240518e-02
1.644736842105263067e-02
1.315789473684210453e-02
1.503759398496240518e-02
1.503759398496240518e-02
1.503759398496240518e-02
1.691729323308270583e-02
1.456766917293233002e-02
1.315789473684210453e-02
1.362781954887217969e-02
1.362781954887217969e-02
1.174812030075187905e-02
1.691729323308270583e-02
1.362781954887217969e-02
1.362781954887217969e-02
1.221804511278195421e-02
1.362781954887217969e-02
1.691729323308270583e-02
1.597744360902255550e-02
1.644736842105263067e-02
1.550751879699248034e-02
1.691729323308270583e-02
1.691729323308270583e-02
1.456766917293233002e-02
1.409774436090225486e-02
1.503759398496240518e-02
1.268796992481202937e-02
1.362781954887217969e-02
1.738721804511278099e-02
1.738721804511278099e-02
1.409774436090225486e-02
1.550751879699248034e-02
1.503759398496240518e-02
1.879699248120300648e-02
1.221804511278195421e-02
1.315789473684210453e-02
1.315789473684210453e-02
1.221804511278195421e-02
1.033834586466165356e-02
1.033834586466165356e-02
1.409774436090225486e-02
1.127819548872180389e-02
1.033834586466165356e-02
1.174812030075187905e-02
1.362781954887217969e-02
1.597744360902255550e-02
1.221804511278195421e-02
1.550751879699248034e-02
1.738721804511278099e-02
1.550751879699248034e-02
1.409774436090225486e-02
1.503759398496240518e-02
1.456766917293233002e-02
1.503759398496240518e-02
1.973684210526315680e-02
1.832706766917293131e-02
1.597744360902255550e-02
1.644736842105263067e-02
1.503759398496240518e-02
1.503759398496240518e-02
1.456766917293233002e-02
1.268796992481202937e-02
1.597744360902255550e-02
1.879699248120300648e-02
1.409774436090225486e-02
1.550751879699248034e-02
1.503759398496240518e-02
1.268796992481202937e-02
1.409774436090225486e-02
1.503759398496240518e-02
1.409774436090225486e-02
1.456766917293233002e-02
1.691729323308270583e-02
1.691729323308270583e-02
1.456766917293233002e-02
1.503759398496240518e-02
1.550751879699248034e-02
1.362781954887217969e-02
1.550751879699248034e-02
1.362781954887217969e-02
1.409774436090225486e-02
1.691729323308270583e-02
1.362781954887217969e-02
1.597744360902255550e-02
1.785714285714285615e-02
1.315789473684210453e-02
1.268796992481202937e-02
1.456766917293233002e-02
1.362781954887217969e-02
9.398496240601503238e-03
1.268796992481202937e-02
1.033834586466165356e-02
1.080827067669172872e-02
1.174812030075187905e-02
8.928571428571428076e-03
9.398496240601503238e-03
1.080827067669172872e-02
9.868421052631578400e-03
8.928571428571428076e-03
7.988721804511277752e-03
1.033834586466165356e-02
9.398496240601503238e-03
1.127819548872180389e-02
1.033834586466165356e-02
1.315789473684210453e-02
1.221804511278195421e-02
1.080827067669172872e-02
8.458646616541352914e-03
1.268796992481202937e-02
1.033834586466165356e-02
