1.000000000000000000e+00
7.750497677504977201e-01
7.285998672859986813e-01
6.854678168546781691e-01
6.542800265428002637e-01
6.741871267418713121e-01
6.741871267418713121e-01
6.270736562707365236e-01
6.549435965494360135e-01
6.131386861313868897e-01
5.938951559389515911e-01
6.104844061048441128e-01
5.573988055739880210e-01
5.295288652952886421e-01
5.527538155275381060e-01
5.235567352355673387e-01
5.421366954213669986e-01
5.215660252156602006e-01
5.036496350364964014e-01
4.903782349037823507e-01
4.870603848706038241e-01
4.751161247511612729e-01
4.698075646980756637e-01
4.545454545454545303e-01
4.611811546118115279e-01
4.691439946914399695e-01
4.552090245520902245e-01
4.293297942932979283e-01
4.366290643662906201e-01
4.120769741207697678e-01
4.173855341738553215e-01
4.167219641672196273e-01
3.901791639017916369e-01
3.875248838752488600e-01
3.928334439283344137e-01
3.861977438619774161e-01
3.755806237558062533e-01
3.782349037823490301e-01
3.596549435965494257e-01
3.603185136031851199e-01
3.662906436629064233e-01
3.483742534837425131e-01
3.450564034505640421e-01
3.437292634372926536e-01
3.198407431984074401e-01
3.530192435301924281e-01
3.331121433311214353e-01
3.158593231585932193e-01
3.317850033178500468e-01
3.005972130059721414e-01
3.045786330457863067e-01
2.979429329794293091e-01
3.005972130059721414e-01
3.019243530192435299e-01
2.992700729927007530e-01
2.859986728599867023e-01
2.959522229595222265e-01
2.866622428666224520e-01
2.840079628400796197e-01
2.793629727936297047e-01
2.773722627737226221e-01
2.674187126741871534e-01
2.534837425348374085e-01
2.594558725945587119e-01
2.866622428666224520e-01
2.521566025215660201e-01
2.581287325812873235e-01
2.707365627073656245e-01
2.548108825481088524e-01
2.601194426011944061e-01
2.587923025879230177e-01
2.349037823490378318e-01
2.481751824817518270e-01
2.395487723954877191e-01
2.315859323158593330e-01
2.315859323158593330e-01
2.428666224286662179e-01
2.349037823490378318e-01
2.335766423357664157e-01
2.222959522229595308e-01
2.203052422030524204e-01
2.209688122096881147e-01
2.209688122096881147e-01
2.203052422030524204e-01
2.342402123424021099e-01
2.209688122096881147e-01
2.276045122760451123e-01
2.090245520902455079e-01
2.057067020570670091e-01
2.163238221632382274e-01
2.136695421366954228e-01
1.990710019907100115e-01
1.990710019907100115e-01
2.063702720637027310e-01
2.130059721300597286e-01
2.070338420703384252e-01
1.944260119442601242e-01
1.957531519575315127e-01
1.964167219641672069e-01
2.003981420039814276e-01
1.990710019907100115e-01
1.977438619774386230e-01
1.864631718646317105e-01
1.957531519575315127e-01
1.851360318513603220e-01
1.738553417385534094e-01
1.692103516921035222e-01
1.811546118115461290e-01
1.838088918380889059e-01
1.771731917717319083e-01
1.778367617783676302e-01
1.785003317850033244e-01
1.725282017252820210e-01
1.785003317850033244e-01
1.758460517584605198e-01
1.672196416721964118e-01
1.725282017252820210e-01
1.605839416058394142e-01
1.725282017252820210e-01
1.639017916390179130e-01
1.632382216323822188e-01
1.758460517584605198e-01
1.685467816854678280e-01
1.751824817518248256e-01
1.546118115461181108e-01
1.745189117451891037e-01
1.612475116124751084e-01
1.526211015262110282e-01
1.605839416058394142e-01
1.559389515593895270e-01
1.493032514930325017e-01
1.559389515593895270e-01
1.526211015262110282e-01
1.459854014598540028e-01
1.519575315195753062e-01
1.479761114797611132e-01
1.506303915063039178e-01
1.433311214333112260e-01
1.453218314532183086e-01
1.506303915063039178e-01
1.413404114134041156e-01
1.519575315195753062e-01
1.420039814200398098e-01
1.486396814863968074e-01
1.280690112806901204e-01
1.327140013271400076e-01
1.380225613802256168e-01
1.386861313868613110e-01
1.307232913072329250e-01
1.220968812209688170e-01
1.300597213005972030e-01
1.333775713337757018e-01
1.201061712010617066e-01
1.280690112806901204e-01
1.194426011944260124e-01
1.307232913072329250e-01
1.214333112143331089e-01
1.108161911081619044e-01
1.094890510948905160e-01
1.134704711347047090e-01
1.161247511612475136e-01
1.081619110816191137e-01
1.141340411413404171e-01
1.088254810882548079e-01
1.101526211015262102e-01
1.068347710683477114e-01
1.121433311214333067e-01
1.167883211678832078e-01
1.001990710019907138e-01
1.074983410749834056e-01
1.061712010617120172e-01
1.094890510948905160e-01
1.088254810882548079e-01
1.041804910418049068e-01
1.061712010617120172e-01
9.090909090909091161e-02
1.028533510285335045e-01
9.953550099535500573e-02
9.555408095554081271e-02
9.953550099535500573e-02
1.061712010617120172e-01
1.028533510285335045e-01
1.035169210351692126e-01
9.090909090909091161e-02
1.008626410086264080e-01
9.090909090909091161e-02
9.688122096881221501e-02
9.157266091572660582e-02
8.891838088918381511e-02
9.422694094226941042e-02
1.008626410086264080e-01
1.001990710019907138e-01
1.035169210351692126e-01
9.953550099535500573e-02
8.692767086927670472e-02
1.021897810218978103e-01
9.887193098871931152e-02
9.422694094226941042e-02
9.289980092899800812e-02
9.621765096217650692e-02
9.289980092899800812e-02
9.820836098208360343e-02
8.958195089581950932e-02
8.891838088918381511e-02
8.759124087591241281e-02
9.024552090245520353e-02
9.688122096881221501e-02
8.692767086927670472e-02
1.035169210351692126e-01
9.289980092899800812e-02
9.754479097544790922e-02
8.626410086264101051e-02
9.024552090245520353e-02
8.759124087591241281e-02
8.891838088918381511e-02
9.555408095554081271e-02
7.830126078301261061e-02
8.958195089581950932e-02
8.095554080955540133e-02
8.360982083609820592e-02
8.759124087591241281e-02
8.161911081619110941e-02
8.958195089581950932e-02
8.891838088918381511e-02
9.157266091572660582e-02
7.763769077637690252e-02
8.626410086264101051e-02
8.360982083609820592e-02
7.763769077637690252e-02
8.759124087591241281e-02
7.763769077637690252e-02
9.090909090909091161e-02
9.157266091572660582e-02
7.830126078301261061e-02
9.356337093563371621e-02
8.891838088918381511e-02
9.090909090909091161e-02
7.830126078301261061e-02
7.631055076310551410e-02
7.365627073656270951e-02
7.697412076974120831e-02
7.697412076974120831e-02
7.232913072329130721e-02
8.294625082946251171e-02
7.631055076310551410e-02
7.498341074983411181e-02
7.962840079628401291e-02
7.896483078964830482e-02
8.294625082946251171e-02
7.962840079628401291e-02
7.365627073656270951e-02
8.095554080955540133e-02
7.896483078964830482e-02
7.232913072329130721e-02
8.759124087591241281e-02
7.697412076974120831e-02
6.901128069011280841e-02
7.830126078301261061e-02
7.232913072329130721e-02
7.033842070338421071e-02
7.232913072329130721e-02
7.431984074319840372e-02
7.631055076310551410e-02
8.161911081619110941e-02
7.564698075646980602e-02
7.564698075646980602e-02
7.498341074983411181e-02
7.896483078964830482e-02
7.830126078301261061e-02
7.830126078301261061e-02
7.763769077637690252e-02
7.100199071001990492e-02
7.299270072992700142e-02
7.166556071665561300e-02
7.100199071001990492e-02
6.834771068347710032e-02
7.166556071665561300e-02
7.166556071665561300e-02
6.171201061712010272e-02
7.431984074319840372e-02
7.564698075646980602e-02
7.564698075646980602e-02
6.702057067020571191e-02
7.232913072329130721e-02
7.299270072992700142e-02
6.834771068347710032e-02
7.166556071665561300e-02
6.635700066357000382e-02
5.507631055076310511e-02
7.232913072329130721e-02
6.237558062375580387e-02
6.569343065693430961e-02
6.237558062375580387e-02
6.436629064366290731e-02
6.303915063039150501e-02
7.100199071001990492e-02
6.502986065029860152e-02
6.436629064366290731e-02
5.905773059057730506e-02
6.370272063702721310e-02
7.763769077637690252e-02
7.166556071665561300e-02
5.773059057730590277e-02
5.640345056403450741e-02
6.237558062375580387e-02
6.370272063702721310e-02
7.365627073656270951e-02
6.436629064366290731e-02
6.569343065693430961e-02
5.773059057730590277e-02
6.635700066357000382e-02
5.972130059721300621e-02
6.502986065029860152e-02
6.237558062375580387e-02
6.702057067020571191e-02
5.706702057067020856e-02
6.237558062375580387e-02
6.834771068347710032e-02
6.702057067020571191e-02
6.635700066357000382e-02
5.905773059057730506e-02
6.038487060384870736e-02
6.436629064366290731e-02
5.441274054412740396e-02
6.237558062375580387e-02
6.237558062375580387e-02
6.768414067684140611e-02
5.773059057730590277e-02
5.507631055076310511e-02
5.374917053749170281e-02
5.441274054412740396e-02
5.308560053085600861e-02
5.175846051758460631e-02
6.502986065029860152e-02
6.237558062375580387e-02
5.773059057730590277e-02
5.043132050431320401e-02
5.507631055076310511e-02
5.839416058394160391e-02
5.573988055739880626e-02
5.640345056403450741e-02
5.374917053749170281e-02
5.043132050431320401e-02
5.175846051758460631e-02
5.109489051094890516e-02
5.308560053085600861e-02
4.844061048440610751e-02
5.374917053749170281e-02
5.308560053085600861e-02
5.109489051094890516e-02
5.507631055076310511e-02
4.844061048440610751e-02
4.777704047777040636e-02
4.180491041804910296e-02
4.777704047777040636e-02
4.777704047777040636e-02
4.512276045122760176e-02
4.711347047113470521e-02
4.114134041141340181e-02
3.915063039150630531e-02
4.379562043795620641e-02
4.313205043132050526e-02
4.313205043132050526e-02
4.578633045786330291e-02
3.915063039150630531e-02
3.915063039150630531e-02
4.445919044459190755e-02
4.445919044459190755e-02
4.180491041804910296e-02
3.981420039814200645e-02
3.052422030524220425e-02
4.047777040477770066e-02
3.450564034505640421e-02
3.782349037823490301e-02
3.848706038487060416e-02
3.782349037823490301e-02
4.047777040477770066e-02
3.715992037159920186e-02
4.313205043132050526e-02
3.649635036496350071e-02
3.848706038487060416e-02
4.180491041804910296e-02
3.715992037159920186e-02
4.047777040477770066e-02
3.516921035169210535e-02
4.047777040477770066e-02
3.583278035832780650e-02
3.450564034505640421e-02
3.052422030524220425e-02
3.848706038487060416e-02
3.251493032514930076e-02
4.180491041804910296e-02
3.915063039150630531e-02
3.848706038487060416e-02
3.516921035169210535e-02
3.848706038487060416e-02
3.317850033178500191e-02
4.180491041804910296e-02
4.114134041141340181e-02
3.981420039814200645e-02
3.848706038487060416e-02
