1.000000000000000000e+00
7.595473833097595717e-01
7.142857142857143016e-01
6.987270155586987608e-01
6.449787835926449331e-01
6.534653465346534906e-01
6.534653465346534906e-01
6.166902404526166670e-01
5.572842998585573193e-01
5.530410183875530405e-01
5.360678925035360365e-01
5.487977369165487618e-01
5.601131541725601348e-01
5.148514851485148647e-01
4.865629420084865431e-01
5.035360678925034916e-01
4.710042432814710023e-01
4.950495049504950451e-01
4.653465346534653713e-01
4.328147100424328264e-01
4.582743988684582770e-01
4.540311173974540537e-01
4.469589816124469595e-01
4.172560113154172301e-01
4.229137199434229166e-01
3.691654879773691444e-01
3.988684582743988738e-01
3.875530410183875563e-01
4.031117397454030971e-01
3.748231966053748310e-01
3.847241867043847408e-01
3.875530410183875563e-01
3.719943422913720155e-01
3.620933521923621057e-01
3.536067892503536036e-01
3.564356435643564192e-01
3.437057991513436939e-01
3.352192362093351918e-01
3.111739745403111490e-01
3.366336633663366551e-01
3.224893917963224665e-01
3.323903818953323763e-01
3.394625176803394706e-01
3.196605374823196510e-01
3.154172560113154278e-01
2.857142857142856984e-01
2.970297029702970160e-01
2.927864214992927927e-01
2.927864214992927927e-01
3.182461103253182433e-01
2.644978783592644711e-01
2.786421499292786597e-01
2.800565770862800674e-01
3.083451202263083335e-01
2.715700141442715654e-01
2.913719943422913849e-01
2.942008486562942005e-01
3.097595473833097413e-01
2.729844413012729731e-01
2.574257425742574323e-01
2.701555869872701576e-01
2.687411598302687499e-01
2.814710042432814752e-01
2.786421499292786597e-01
2.644978783592644711e-01
2.701555869872701576e-01
2.786421499292786597e-01
2.432814710042432715e-01
2.305516265912305462e-01
2.461103253182461148e-01
2.644978783592644711e-01
2.432814710042432715e-01
2.418670438472418638e-01
2.263083451202262952e-01
2.362093352192362050e-01
2.220650636492220720e-01
2.461103253182461148e-01
2.220650636492220720e-01
2.432814710042432715e-01
2.362093352192362050e-01
2.319660537482319540e-01
2.347949080622347973e-01
2.192362093352192287e-01
2.220650636492220720e-01
2.079207920792079112e-01
2.036775106082036879e-01
2.489391796322489303e-01
2.234794908062234797e-01
2.333804809052333895e-01
2.036775106082036879e-01
2.149929278642150055e-01
2.135785007072135699e-01
2.022630834512022524e-01
2.121640735502121622e-01
2.135785007072135699e-01
1.966053748231965936e-01
1.923620933521923704e-01
1.725601131541725508e-01
1.980198019801980291e-01
2.093352192362093467e-01
2.008486562942008447e-01
2.121640735502121622e-01
2.008486562942008447e-01
1.980198019801980291e-01
1.966053748231965936e-01
2.036775106082036879e-01
2.178217821782178210e-01
1.937765205091937781e-01
1.852899575671852761e-01
2.022630834512022524e-01
2.121640735502121622e-01
1.937765205091937781e-01
1.980198019801980291e-01
1.782178217821782096e-01
1.937765205091937781e-01
1.499292786421499157e-01
1.980198019801980291e-01
1.895332390381895271e-01
1.923620933521923704e-01
1.796322489391796451e-01
1.966053748231965936e-01
2.050919377652050957e-01
1.838755304101838683e-01
1.966053748231965936e-01
1.768033946251768018e-01
1.697312588401697353e-01
1.852899575671852761e-01
1.824611032531824606e-01
1.796322489391796451e-01
1.711456859971711431e-01
1.810466760961810528e-01
1.626591230551626688e-01
1.584158415841584178e-01
1.640735502121640765e-01
1.711456859971711431e-01
1.570014144271570100e-01
1.739745403111739863e-01
1.626591230551626688e-01
1.626591230551626688e-01
1.654879773691654843e-01
1.711456859971711431e-01
1.598302687411598255e-01
1.753889674681753941e-01
1.626591230551626688e-01
1.711456859971711431e-01
1.626591230551626688e-01
1.570014144271570100e-01
1.471004243281471002e-01
1.654879773691654843e-01
1.400282885431400337e-01
1.499292786421499157e-01
1.612446958981612333e-01
1.442715700141442847e-01
1.669024045261668920e-01
1.485148514851485080e-01
1.471004243281471002e-01
1.584158415841584178e-01
1.527581329561527590e-01
1.683168316831683275e-01
1.697312588401697353e-01
1.513437057991513512e-01
1.272984441301273084e-01
1.301272984441301239e-01
1.442715700141442847e-01
1.471004243281471002e-01
1.400282885431400337e-01
1.471004243281471002e-01
1.272984441301273084e-01
1.315417256011315317e-01
1.244695898161244652e-01
1.258840169731258729e-01
1.414427157001414415e-01
1.414427157001414415e-01
1.173974540311173986e-01
1.287128712871287162e-01
1.371994342291371904e-01
1.272984441301273084e-01
1.428571428571428492e-01
1.400282885431400337e-01
1.103253182461103321e-01
1.188118811881188064e-01
1.329561527581329672e-01
1.188118811881188064e-01
1.400282885431400337e-01
1.329561527581329672e-01
1.301272984441301239e-01
1.258840169731258729e-01
1.188118811881188064e-01
1.230551626591230574e-01
1.173974540311173986e-01
1.188118811881188064e-01
1.103253182461103321e-01
1.216407355021216358e-01
1.103253182461103321e-01
1.159830268741159770e-01
1.074964639321075027e-01
1.103253182461103321e-01
1.159830268741159770e-01
1.074964639321075027e-01
1.074964639321075027e-01
1.103253182461103321e-01
1.018387553041018440e-01
1.244695898161244652e-01
1.230551626591230574e-01
1.117397454031117399e-01
1.089108910891089105e-01
1.173974540311173986e-01
1.188118811881188064e-01
1.202263083451202280e-01
9.759547383309759294e-02
1.004243281471004223e-01
1.159830268741159770e-01
1.032531824611032517e-01
1.018387553041018440e-01
1.074964639321075027e-01
9.335219236209335580e-02
1.060820367751060811e-01
1.103253182461103321e-01
1.046676096181046733e-01
9.618104667609618519e-02
9.476661951909476356e-02
1.230551626591230574e-01
9.900990099009901457e-02
1.004243281471004223e-01
1.089108910891089105e-01
9.193776520509193417e-02
1.301272984441301239e-01
1.145685997171145692e-01
1.089108910891089105e-01
1.117397454031117399e-01
1.046676096181046733e-01
8.910891089108910479e-02
1.188118811881188064e-01
1.301272984441301239e-01
1.159830268741159770e-01
1.131541725601131476e-01
1.046676096181046733e-01
1.089108910891089105e-01
1.159830268741159770e-01
1.060820367751060811e-01
1.074964639321075027e-01
1.032531824611032517e-01
1.103253182461103321e-01
9.759547383309759294e-02
1.159830268741159770e-01
1.301272984441301239e-01
1.032531824611032517e-01
7.779349363507778725e-02
1.046676096181046733e-01
9.335219236209335580e-02
8.062234794908061664e-02
9.335219236209335580e-02
9.618104667609618519e-02
1.089108910891089105e-01
1.060820367751060811e-01
9.335219236209335580e-02
9.759547383309759294e-02
1.103253182461103321e-01
1.103253182461103321e-01
9.335219236209335580e-02
8.486562942008486765e-02
1.018387553041018440e-01
1.018387553041018440e-01
9.476661951909476356e-02
1.046676096181046733e-01
8.910891089108910479e-02
8.769448373408769704e-02
6.930693069306931298e-02
8.910891089108910479e-02
8.486562942008486765e-02
9.052333804809052642e-02
7.496463932107495787e-02
8.910891089108910479e-02
9.618104667609618519e-02
9.052333804809052642e-02
1.060820367751060811e-01
8.486562942008486765e-02
8.628005657708627540e-02
8.345120226308344602e-02
1.060820367751060811e-01
9.335219236209335580e-02
9.193776520509193417e-02
9.900990099009901457e-02
8.910891089108910479e-02
8.345120226308344602e-02
9.335219236209335580e-02
9.759547383309759294e-02
8.910891089108910479e-02
7.779349363507778725e-02
7.637906647807637950e-02
7.920792079207920888e-02
7.920792079207920888e-02
8.203677510608203827e-02
7.496463932107495787e-02
7.637906647807637950e-02
7.355021216407355011e-02
6.506364922206506196e-02
9.335219236209335580e-02
7.213578500707214236e-02
5.374823196605375136e-02
7.072135785007072073e-02
7.213578500707214236e-02
7.072135785007072073e-02
7.355021216407355011e-02
8.345120226308344602e-02
7.355021216407355011e-02
8.910891089108910479e-02
8.910891089108910479e-02
7.920792079207920888e-02
7.637906647807637950e-02
7.920792079207920888e-02
7.072135785007072073e-02
7.213578500707214236e-02
6.930693069306931298e-02
6.506364922206506196e-02
7.355021216407355011e-02
8.062234794908061664e-02
8.062234794908061664e-02
6.082036775106081788e-02
8.345120226308344602e-02
7.072135785007072073e-02
7.355021216407355011e-02
6.647807637906648359e-02
7.072135785007072073e-02
7.637906647807637950e-02
6.647807637906648359e-02
6.223479490806223258e-02
5.657708628005657381e-02
5.516265912305516605e-02
5.657708628005657381e-02
6.647807637906648359e-02
6.082036775106081788e-02
6.223479490806223258e-02
5.940594059405940319e-02
6.082036775106081788e-02
5.516265912305516605e-02
6.082036775106081788e-02
6.506364922206506196e-02
5.516265912305516605e-02
5.799151343705798850e-02
5.233380480905233667e-02
5.233380480905233667e-02
6.223479490806223258e-02
5.940594059405940319e-02
6.789250353606789135e-02
6.364922206506365421e-02
6.364922206506365421e-02
5.940594059405940319e-02
6.789250353606789135e-02
6.082036775106081788e-02
6.789250353606789135e-02
5.374823196605375136e-02
5.233380480905233667e-02
4.950495049504950729e-02
6.223479490806223258e-02
5.799151343705798850e-02
5.374823196605375136e-02
6.789250353606789135e-02
5.799151343705798850e-02
6.364922206506365421e-02
4.950495049504950729e-02
5.091937765205092198e-02
4.950495049504950729e-02
5.940594059405940319e-02
6.506364922206506196e-02
5.799151343705798850e-02
5.516265912305516605e-02
5.657708628005657381e-02
6.506364922206506196e-02
6.647807637906648359e-02
6.082036775106081788e-02
6.789250353606789135e-02
6.364922206506365421e-02
6.647807637906648359e-02
5.516265912305516605e-02
4.809052333804809259e-02
6.506364922206506196e-02
4.667609618104667790e-02
5.799151343705798850e-02
5.374823196605375136e-02
6.364922206506365421e-02
6.647807637906648359e-02
5.940594059405940319e-02
6.789250353606789135e-02
6.647807637906648359e-02
6.789250353606789135e-02
5.516265912305516605e-02
6.647807637906648359e-02
5.091937765205092198e-02
5.799151343705798850e-02
5.233380480905233667e-02
5.657708628005657381e-02
5.799151343705798850e-02
5.091937765205092198e-02
4.667609618104667790e-02
5.233380480905233667e-02
5.657708628005657381e-02
4.667609618104667790e-02
4.809052333804809259e-02
2.828854314002828690e-02
5.374823196605375136e-02
