1.000000000000000000e+00
7.855477855477855931e-01
7.552447552447552059e-01
7.435897435897436125e-01
7.715617715617715255e-01
7.925407925407925713e-01
7.505827505827505908e-01
7.226107226107225667e-01
6.829836829836829493e-01
6.923076923076922906e-01
6.993006993006992689e-01
6.993006993006992689e-01
7.016317016317016320e-01
7.482517482517482277e-01
6.759906759906759710e-01
6.806526806526806972e-01
7.342657342657342712e-01
6.923076923076922906e-01
7.086247086247086102e-01
6.643356643356643776e-01
6.736596736596736079e-01
6.666666666666666297e-01
6.829836829836829493e-01
6.759906759906759710e-01
6.783216783216783341e-01
6.643356643356643776e-01
6.596736596736596514e-01
5.920745920745921209e-01
6.107226107226106926e-01
6.130536130536130557e-01
6.573426573426572883e-01
6.270396270396270122e-01
6.456876456876456949e-01
6.317016317016317384e-01
6.107226107226106926e-01
5.641025641025640969e-01
5.804195804195804165e-01
6.107226107226106926e-01
6.083916083916084405e-01
5.757575757575758013e-01
5.687645687645687120e-01
5.617715617715617338e-01
5.524475524475523924e-01
5.314685314685314577e-01
5.384615384615384359e-01
5.990675990675990992e-01
5.641025641025640969e-01
5.780885780885780534e-01
5.594405594405594817e-01
5.734265734265734382e-01
5.477855477855477773e-01
5.850815850815850316e-01
5.710955710955710751e-01
5.571095571095571186e-01
5.757575757575758013e-01
6.060606060606060774e-01
5.734265734265734382e-01
5.384615384615384359e-01
5.314685314685314577e-01
5.571095571095571186e-01
5.687645687645687120e-01
5.734265734265734382e-01
5.641025641025640969e-01
5.664335664335664600e-01
5.431235431235431621e-01
5.664335664335664600e-01
5.221445221445221163e-01
5.221445221445221163e-01
4.848484848484848619e-01
5.174825174825175012e-01
5.291375291375290946e-01
5.337995337995338208e-01
5.081585081585081598e-01
4.988344988344988185e-01
5.221445221445221163e-01
5.104895104895105229e-01
4.895104895104895326e-01
5.104895104895105229e-01
4.988344988344988185e-01
4.895104895104895326e-01
4.895104895104895326e-01
4.801864801864801913e-01
4.941724941724941478e-01
4.685314685314685423e-01
4.801864801864801913e-01
4.778554778554778282e-01
4.848484848484848619e-01
5.104895104895105229e-01
4.731934731934732130e-01
4.825174825174824988e-01
4.801864801864801913e-01
5.058275058275057967e-01
5.104895104895105229e-01
4.755244755244755206e-01
4.755244755244755206e-01
4.801864801864801913e-01
4.731934731934732130e-01
4.638694638694638717e-01
4.615384615384615641e-01
4.778554778554778282e-01
4.801864801864801913e-01
4.685314685314685423e-01
4.452214452214452445e-01
4.755244755244755206e-01
4.428904428904428814e-01
4.568764568764568934e-01
4.662004662004661792e-01
4.428904428904428814e-01
4.102564102564102422e-01
4.405594405594405738e-01
4.545454545454545303e-01
4.685314685314685423e-01
4.125874125874126053e-01
4.522144522144522227e-01
4.405594405594405738e-01
4.358974358974359031e-01
4.475524475524475521e-01
4.358974358974359031e-01
4.102564102564102422e-01
4.428904428904428814e-01
4.522144522144522227e-01
4.265734265734265618e-01
4.125874125874126053e-01
4.335664335664335400e-01
4.242424242424242542e-01
4.265734265734265618e-01
4.405594405594405738e-01
4.149184149184149129e-01
4.009324009324009563e-01
4.079254079254079346e-01
4.172494172494172759e-01
4.125874125874126053e-01
4.452214452214452445e-01
4.149184149184149129e-01
4.102564102564102422e-01
4.219114219114218911e-01
4.358974358974359031e-01
4.452214452214452445e-01
3.916083916083916150e-01
3.869463869463869443e-01
3.892773892773892519e-01
3.496503496503496344e-01
3.729603729603729878e-01
4.055944055944055715e-01
3.799533799533799661e-01
3.986013986013985932e-01
4.079254079254079346e-01
3.659673659673659540e-01
4.055944055944055715e-01
4.032634032634032639e-01
4.055944055944055715e-01
3.916083916083916150e-01
3.729603729603729878e-01
3.776223776223776030e-01
3.869463869463869443e-01
3.636363636363636465e-01
3.822843822843822736e-01
3.846153846153846367e-01
3.822843822843822736e-01
3.846153846153846367e-01
3.822843822843822736e-01
3.706293706293706247e-01
3.869463869463869443e-01
3.659673659673659540e-01
3.636363636363636465e-01
3.706293706293706247e-01
3.473193473193473269e-01
3.543123543123543051e-01
3.543123543123543051e-01
3.519813519813519975e-01
3.636363636363636465e-01
3.706293706293706247e-01
3.426573426573426562e-01
3.449883449883449638e-01
3.566433566433566682e-01
3.496503496503496344e-01
3.659673659673659540e-01
3.706293706293706247e-01
3.613053613053612834e-01
3.519813519813519975e-01
3.473193473193473269e-01
3.729603729603729878e-01
3.426573426573426562e-01
3.519813519813519975e-01
3.519813519813519975e-01
3.449883449883449638e-01
3.310023310023310072e-01
3.333333333333333148e-01
3.519813519813519975e-01
3.403263403263403486e-01
3.496503496503496344e-01
3.146853146853146876e-01
3.333333333333333148e-01
3.310023310023310072e-01
3.636363636363636465e-01
3.403263403263403486e-01
3.379953379953379855e-01
3.543123543123543051e-01
3.426573426573426562e-01
3.216783216783216659e-01
3.426573426573426562e-01
3.333333333333333148e-01
3.240093240093240290e-01
3.146853146853146876e-01
3.310023310023310072e-01
3.356643356643356779e-01
3.379953379953379855e-01
3.100233100233100170e-01
3.053613053613053463e-01
3.589743589743589758e-01
3.286713286713286442e-01
3.146853146853146876e-01
3.076923076923077094e-01
3.216783216783216659e-01
3.030303030303030387e-01
3.053613053613053463e-01
3.240093240093240290e-01
3.426573426573426562e-01
3.682983682983683171e-01
3.379953379953379855e-01
3.193473193473193583e-01
3.310023310023310072e-01
3.240093240093240290e-01
3.496503496503496344e-01
3.170163170163169952e-01
3.449883449883449638e-01
3.193473193473193583e-01
3.286713286713286442e-01
3.170163170163169952e-01
3.170163170163169952e-01
3.263403263403263366e-01
3.193473193473193583e-01
3.310023310023310072e-01
2.890442890442890267e-01
3.216783216783216659e-01
3.030303030303030387e-01
2.867132867132867191e-01
2.867132867132867191e-01
3.146853146853146876e-01
3.146853146853146876e-01
2.913752913752913898e-01
2.820512820512820484e-01
3.263403263403263366e-01
3.146853146853146876e-01
3.053613053613053463e-01
3.216783216783216659e-01
2.773892773892773778e-01
3.146853146853146876e-01
3.240093240093240290e-01
2.937062937062936974e-01
3.170163170163169952e-01
3.240093240093240290e-01
3.216783216783216659e-01
2.960372960372960605e-01
3.263403263403263366e-01
2.843822843822843560e-01
3.076923076923077094e-01
3.076923076923077094e-01
2.843822843822843560e-01
3.053613053613053463e-01
2.843822843822843560e-01
3.006993006993006756e-01
3.053613053613053463e-01
2.843822843822843560e-01
2.983682983682983680e-01
3.053613053613053463e-01
3.100233100233100170e-01
2.843822843822843560e-01
3.030303030303030387e-01
2.890442890442890267e-01
2.867132867132867191e-01
2.773892773892773778e-01
2.634032634032634212e-01
2.750582750582750702e-01
2.937062937062936974e-01
2.890442890442890267e-01
2.657342657342657288e-01
2.377622377622377603e-01
2.657342657342657288e-01
2.820512820512820484e-01
2.820512820512820484e-01
2.867132867132867191e-01
2.913752913752913898e-01
2.797202797202797409e-01
2.773892773892773778e-01
2.960372960372960605e-01
2.773892773892773778e-01
2.703962703962703995e-01
2.703962703962703995e-01
2.494172494172494092e-01
2.820512820512820484e-01
2.540792540792540799e-01
2.447552447552447663e-01
2.727272727272727071e-01
2.564102564102563875e-01
2.727272727272727071e-01
2.750582750582750702e-01
2.797202797202797409e-01
2.867132867132867191e-01
2.750582750582750702e-01
2.680652680652680919e-01
2.867132867132867191e-01
2.424242424242424310e-01
2.867132867132867191e-01
2.587412587412587506e-01
2.727272727272727071e-01
2.797202797202797409e-01
2.890442890442890267e-01
2.750582750582750702e-01
2.564102564102563875e-01
2.727272727272727071e-01
2.540792540792540799e-01
2.680652680652680919e-01
2.610722610722610582e-01
2.354312354312354250e-01
2.331002331002330896e-01
2.377622377622377603e-01
2.703962703962703995e-01
2.703962703962703995e-01
2.470862470862470739e-01
2.424242424242424310e-01
2.750582750582750702e-01
2.470862470862470739e-01
2.564102564102563875e-01
2.634032634032634212e-01
2.540792540792540799e-01
2.377622377622377603e-01
2.447552447552447663e-01
2.377622377622377603e-01
2.307692307692307820e-01
2.517482517482517723e-01
2.540792540792540799e-01
2.331002331002330896e-01
2.447552447552447663e-01
2.564102564102563875e-01
2.470862470862470739e-01
2.447552447552447663e-01
2.540792540792540799e-01
2.564102564102563875e-01
2.564102564102563875e-01
2.354312354312354250e-01
2.540792540792540799e-01
2.680652680652680919e-01
2.377622377622377603e-01
2.517482517482517723e-01
2.540792540792540799e-01
2.424242424242424310e-01
2.400932400932400956e-01
2.470862470862470739e-01
2.354312354312354250e-01
2.447552447552447663e-01
2.331002331002330896e-01
2.400932400932400956e-01
2.610722610722610582e-01
2.377622377622377603e-01
2.540792540792540799e-01
2.517482517482517723e-01
2.447552447552447663e-01
2.331002331002330896e-01
2.540792540792540799e-01
2.331002331002330896e-01
2.284382284382284467e-01
2.494172494172494092e-01
2.307692307692307820e-01
2.400932400932400956e-01
2.307692307692307820e-01
2.331002331002330896e-01
2.191142191142191054e-01
2.424242424242424310e-01
2.447552447552447663e-01
2.331002331002330896e-01
2.424242424242424310e-01
2.307692307692307820e-01
2.377622377622377603e-01
2.214452214452214407e-01
2.237762237762237760e-01
2.167832167832167700e-01
2.144522144522144624e-01
2.331002331002330896e-01
2.237762237762237760e-01
2.377622377622377603e-01
2.214452214452214407e-01
2.424242424242424310e-01
2.540792540792540799e-01
2.237762237762237760e-01
2.237762237762237760e-01
2.191142191142191054e-01
2.237762237762237760e-01
2.261072261072261114e-01
2.354312354312354250e-01
2.144522144522144624e-01
2.214452214452214407e-01
2.167832167832167700e-01
2.214452214452214407e-01
2.074592074592074564e-01
2.284382284382284467e-01
2.144522144522144624e-01
2.261072261072261114e-01
2.191142191142191054e-01
2.331002331002330896e-01
2.121212121212121271e-01
