1.000000000000000000e+00
8.223760092272203170e-01
7.647058823529411242e-01
7.462514417531718180e-01
7.272202998846597488e-01
6.926182237600922997e-01
6.591695501730103768e-01
6.384083044982699073e-01
6.205305651672433642e-01
6.164936562860438007e-01
6.026528258362168211e-01
5.963091118800460944e-01
5.709342560553632984e-01
5.605536332179931192e-01
5.173010380622837801e-01
5.121107266435985794e-01
5.086505190311418900e-01
5.028835063437139263e-01
4.994232987312571814e-01
4.740484429065743854e-01
4.492502883506343525e-01
4.475201845444060078e-01
4.273356401384083014e-01
4.175317185697808298e-01
4.273356401384083014e-01
4.250288350634371382e-01
4.267589388696655384e-01
4.111880046136101585e-01
3.996539792387543422e-01
3.881199538638985258e-01
3.852364475201845440e-01
3.944636678200691970e-01
3.713956170703575643e-01
3.777393310265282356e-01
3.742791234140714907e-01
3.558246828143021845e-01
3.385236447520184599e-01
3.506343713956170949e-01
3.517877739331026765e-01
3.489042675893886947e-01
3.419838523644752049e-01
3.546712802768166028e-01
3.217993079584774985e-01
3.166089965397924089e-01
3.177623990772779905e-01
3.056516724336793556e-01
3.021914648212226107e-01
3.125720876585928454e-01
3.016147635524797921e-01
3.004613610149942104e-01
2.895040369088812127e-01
2.739331026528258328e-01
2.860438292964244678e-01
2.768166089965398147e-01
2.877739331026528125e-01
2.762399077277969961e-01
2.727797001153402512e-01
2.722029988465974881e-01
2.635524798154555981e-01
2.508650519031142001e-01
2.520184544405997817e-01
2.543252595155709450e-01
2.485582468281430091e-01
2.450980392156862642e-01
2.606689734717416163e-01
2.439446366782006825e-01
2.508650519031142001e-01
2.479815455594002183e-01
2.301038062283737029e-01
2.226066897347174223e-01
2.306805074971164937e-01
2.226066897347174223e-01
2.197231833910034682e-01
2.266435986159169580e-01
2.393310265282583560e-01
2.226066897347174223e-01
2.226066897347174223e-01
2.185697808535178865e-01
2.145328719723183508e-01
2.151095732410611416e-01
2.053056516724336700e-01
2.104959630911187873e-01
2.081891580161476241e-01
2.001153402537485526e-01
1.983852364475201802e-01
2.053056516724336700e-01
2.128027681660899784e-01
1.885813148788927363e-01
1.851211072664359913e-01
2.081891580161476241e-01
1.735870818915801750e-01
1.833910034602076189e-01
1.885813148788927363e-01
1.845444059976932005e-01
1.787773933102652923e-01
1.822376009227220373e-01
1.833910034602076189e-01
1.828143021914648281e-01
1.897347174163783179e-01
1.903114186851211087e-01
1.822376009227220373e-01
1.810841983852364556e-01
1.718569780853517748e-01
1.655132641291810758e-01
1.764705882352941291e-01
1.724336793540945656e-01
1.695501730103806115e-01
1.637831603229527033e-01
1.735870818915801750e-01
1.753171856978085474e-01
1.701268742791234023e-01
1.672433679354094482e-01
1.557093425605536319e-01
1.660899653979238666e-01
1.551326412918108411e-01
1.568627450980392135e-01
1.574394463667820043e-01
1.487889273356401421e-01
1.430219146482122339e-01
1.493656286043829329e-01
1.418685121107266522e-01
1.453287197231833972e-01
1.505190311418685145e-01
1.453287197231833972e-01
1.505190311418685145e-01
1.597462514417531676e-01
1.453287197231833972e-01
1.424452133794694431e-01
1.608996539792387492e-01
1.528258362168396778e-01
1.510957324106113053e-01
1.499423298731257237e-01
1.384083044982699073e-01
1.401384083044982798e-01
1.424452133794694431e-01
1.493656286043829329e-01
1.372549019607843257e-01
1.245674740484428999e-01
1.372549019607843257e-01
1.257208765859284816e-01
1.303344867358708081e-01
1.211072664359861550e-01
1.309111880046135989e-01
1.280276816608996449e-01
1.384083044982699073e-01
1.366782006920415349e-01
1.349480968858131624e-01
1.280276816608996449e-01
1.182237600922722009e-01
1.193771626297577826e-01
1.251441753171856908e-01
1.216839677047289459e-01
1.118800461361015020e-01
1.234140715109573183e-01
1.118800461361015020e-01
1.182237600922722009e-01
1.176470588235294101e-01
1.182237600922722009e-01
1.101499423298731295e-01
1.124567474048442928e-01
1.124567474048442928e-01
1.193771626297577826e-01
1.222606689734717367e-01
1.239907727797001091e-01
1.130334486735870836e-01
1.078431372549019662e-01
1.176470588235294101e-01
1.055363321799307891e-01
1.101499423298731295e-01
1.245674740484428999e-01
1.170703575547866193e-01
1.101499423298731295e-01
1.113033448673587111e-01
1.061130334486735938e-01
1.170703575547866193e-01
1.101499423298731295e-01
1.061130334486735938e-01
1.014994232987312534e-01
1.009227220299884625e-01
1.089965397923875479e-01
1.141868512110726652e-01
1.078431372549019662e-01
1.014994232987312534e-01
1.043829296424452074e-01
1.061130334486735938e-01
9.515570934256055435e-02
1.020761245674740442e-01
9.457900807381776354e-02
9.573241061130334517e-02
8.996539792387543699e-02
9.227220299884660026e-02
1.003460207612456717e-01
1.009227220299884625e-01
1.003460207612456717e-01
8.362168396770472412e-02
8.592848904267588739e-02
7.497116493656286185e-02
9.342560553633218190e-02
7.554786620530565266e-02
7.324106113033448939e-02
8.535178777393309657e-02
8.189158016147635166e-02
7.958477508650518839e-02
7.958477508650518839e-02
7.093425605536332612e-02
7.554786620530565266e-02
8.073817762399077003e-02
7.266435986159169858e-02
7.900807381776239757e-02
7.958477508650518839e-02
8.419838523644751493e-02
6.920415224913495367e-02
8.016147635524797921e-02
7.151095732410611694e-02
8.362168396770472412e-02
8.073817762399077003e-02
7.727797001153402512e-02
8.708189158016148290e-02
8.131487889273356084e-02
7.785467128027681594e-02
7.266435986159169858e-02
7.035755478662053530e-02
7.439446366782007103e-02
7.727797001153402512e-02
7.381776239907728021e-02
7.208765859284890776e-02
7.093425605536332612e-02
6.574394463667819488e-02
6.747404844290658121e-02
7.151095732410611694e-02
7.612456747404844348e-02
6.459054209919261325e-02
6.574394463667819488e-02
6.574394463667819488e-02
7.093425605536332612e-02
6.055363321799307752e-02
6.170703575547865916e-02
5.997693194925028670e-02
6.286043829296424079e-02
5.997693194925028670e-02
6.862745098039216285e-02
6.286043829296424079e-02
7.093425605536332612e-02
6.055363321799307752e-02
5.363321799307958770e-02
5.882352941176470507e-02
6.286043829296424079e-02
5.824682814302191425e-02
5.420991926182237852e-02
5.594002306805075098e-02
6.574394463667819488e-02
6.343713956170703161e-02
5.709342560553633261e-02
5.709342560553633261e-02
6.805074971164937203e-02
5.882352941176470507e-02
6.055363321799307752e-02
5.824682814302191425e-02
6.113033448673586834e-02
5.882352941176470507e-02
6.055363321799307752e-02
5.767012687427912343e-02
5.824682814302191425e-02
5.767012687427912343e-02
6.516724336793540406e-02
6.516724336793540406e-02
6.286043829296424079e-02
5.767012687427912343e-02
6.170703575547865916e-02
4.901960784313725422e-02
6.113033448673586834e-02
5.305651672433679689e-02
5.478662053056516934e-02
5.190311418685120831e-02
5.420991926182237852e-02
5.478662053056516934e-02
4.901960784313725422e-02
5.478662053056516934e-02
5.305651672433679689e-02
5.247981545559399913e-02
5.420991926182237852e-02
5.536332179930796016e-02
5.478662053056516934e-02
5.594002306805075098e-02
5.247981545559399913e-02
5.363321799307958770e-02
5.594002306805075098e-02
4.959630911188004504e-02
5.709342560553633261e-02
5.478662053056516934e-02
5.247981545559399913e-02
5.651672433679354179e-02
5.132641291810841749e-02
5.594002306805075098e-02
5.709342560553633261e-02
5.536332179930796016e-02
4.786620530565167259e-02
5.017301038062283586e-02
5.074971164936562668e-02
5.132641291810841749e-02
4.671280276816609095e-02
4.325259515570933910e-02
4.786620530565167259e-02
5.536332179930796016e-02
5.132641291810841749e-02
4.325259515570933910e-02
5.247981545559399913e-02
5.420991926182237852e-02
4.959630911188004504e-02
5.074971164936562668e-02
4.844290657439446340e-02
4.728950403690888177e-02
5.478662053056516934e-02
5.478662053056516934e-02
5.074971164936562668e-02
5.478662053056516934e-02
4.959630911188004504e-02
5.132641291810841749e-02
4.613610149942330013e-02
4.613610149942330013e-02
5.017301038062283586e-02
5.132641291810841749e-02
4.671280276816609095e-02
4.959630911188004504e-02
5.017301038062283586e-02
4.440599769319492768e-02
5.190311418685120831e-02
4.382929642445213686e-02
5.190311418685120831e-02
4.382929642445213686e-02
5.017301038062283586e-02
4.671280276816609095e-02
4.325259515570933910e-02
4.440599769319492768e-02
4.209919261822375747e-02
4.382929642445213686e-02
4.267589388696654829e-02
4.555940023068050931e-02
4.382929642445213686e-02
4.209919261822375747e-02
3.633217993079584929e-02
3.979238754325259420e-02
4.267589388696654829e-02
4.325259515570933910e-02
4.382929642445213686e-02
3.402537485582468602e-02
4.209919261822375747e-02
4.325259515570933910e-02
3.979238754325259420e-02
4.036908881199538501e-02
3.921568627450980338e-02
3.690888119953864011e-02
4.036908881199538501e-02
4.325259515570933910e-02
3.460207612456747683e-02
3.979238754325259420e-02
3.863898500576701256e-02
4.036908881199538501e-02
4.036908881199538501e-02
4.209919261822375747e-02
3.402537485582468602e-02
4.325259515570933910e-02
4.209919261822375747e-02
3.575547866205305847e-02
3.690888119953864011e-02
3.171856978085351580e-02
3.517877739331026765e-02
3.287197231833909744e-02
3.633217993079584929e-02
3.517877739331026765e-02
3.921568627450980338e-02
3.921568627450980338e-02
3.460207612456747683e-02
3.806228373702422174e-02
3.402537485582468602e-02
3.517877739331026765e-02
3.690888119953864011e-02
3.979238754325259420e-02
3.460207612456747683e-02
4.325259515570933910e-02
3.633217993079584929e-02
3.806228373702422174e-02
3.748558246828143092e-02
3.344867358708188826e-02
3.863898500576701256e-02
4.036908881199538501e-02
2.998846597462514335e-02
3.402537485582468602e-02
3.806228373702422174e-02
3.402537485582468602e-02
3.748558246828143092e-02
3.979238754325259420e-02
3.287197231833909744e-02
3.633217993079584929e-02
3.921568627450980338e-02
4.094579008073817583e-02
3.517877739331026765e-02
3.460207612456747683e-02
3.690888119953864011e-02
3.979238754325259420e-02
3.171856978085351580e-02
