1.000000000000000000e+00
8.910607866507747055e-01
8.579261025029797372e-01
8.524433849821215770e-01
8.479141835518474446e-01
8.443384982121573401e-01
8.212157330154946644e-01
8.102502979737783440e-01
8.059594755661502186e-01
7.892729439809297309e-01
7.885578069129917100e-01
7.606674612634087840e-01
7.780691299165672925e-01
7.811680572109653831e-01
7.561382598331346516e-01
7.606674612634087840e-01
7.489868891537544426e-01
7.342073897497020107e-01
7.268176400476757948e-01
7.270560190703218018e-01
7.053635280095351678e-01
7.094159713945172863e-01
6.877234803337306523e-01
6.858164481525625966e-01
6.934445768772348195e-01
6.767580452920143319e-01
6.753277711561382901e-01
6.710369487485101647e-01
6.676996424314660672e-01
6.641239570917759627e-01
6.476758045292014820e-01
6.431466030989273497e-01
6.443384982121573845e-01
6.278903456495827928e-01
6.326579261025029322e-01
6.262216924910607441e-01
6.131108462455303609e-01
6.038140643623360893e-01
6.019070321811680335e-01
6.047675804529201171e-01
5.969010727056018872e-01
5.985697258641239360e-01
5.816448152562574414e-01
5.945172824791418176e-01
5.878426698450536225e-01
5.678188319427890374e-01
5.687723480333730652e-01
5.718712753277711558e-01
5.654350417163289677e-01
5.594755661501787936e-01
5.520858164481525776e-01
5.663885578069129956e-01
5.466030989272944174e-01
5.294398092967819158e-01
5.351609058402860830e-01
5.368295589988081318e-01
5.210965435041716720e-01
5.327771156138260134e-01
5.153754469606675048e-01
5.239570917759237556e-01
5.210965435041716720e-01
5.036948748510131635e-01
5.067938021454112540e-01
5.058402860548272262e-01
5.001191895113230590e-01
5.084624553039333028e-01
4.846245530393325507e-01
4.843861740166865437e-01
4.915375446960667527e-01
4.858164481525625855e-01
4.758045292014302929e-01
4.729439809296782093e-01
4.662693682955900143e-01
4.691299165673420979e-01
4.786650774731823765e-01
4.674612634088200491e-01
4.681764004767580700e-01
4.572109654350416941e-01
4.581644815256257219e-01
4.574493444576877010e-01
4.579261025029797150e-01
4.634088200238378752e-01
4.600715137067937777e-01
4.324195470798569696e-01
4.359952324195470741e-01
4.383790226460071437e-01
4.278903456495828372e-01
4.269368295589988094e-01
4.262216924910607885e-01
4.245530393325387397e-01
4.097735399284863078e-01
4.209773539928486352e-01
4.150178784266984611e-01
4.171632896305125238e-01
4.100119189511323148e-01
4.083432657926102660e-01
4.126340882002383914e-01
4.076281287246722451e-01
3.935637663885578341e-01
3.971394517282479386e-01
3.988081048867699874e-01
4.050059594755661685e-01
3.930870083432658202e-01
3.930870083432658202e-01
3.864123957091775696e-01
3.814064362336114233e-01
3.802145411203813885e-01
3.940405244338498481e-01
3.830750893921334721e-01
3.764004767580452770e-01
3.809296781883194094e-01
3.742550655542312144e-01
3.764004767580452770e-01
3.706793802145411099e-01
3.706793802145411099e-01
3.721096543504171517e-01
3.675804529201430193e-01
3.592371871275327755e-01
3.601907032181168034e-01
3.492252681764004829e-01
3.537544696066746153e-01
3.547079856972586431e-01
3.430274135876043018e-01
3.446960667461263506e-01
3.387365911799761764e-01
3.365911799761621137e-01
3.337306317044100301e-01
3.315852205005959674e-01
3.406436233611442321e-01
3.358760429082240928e-01
3.334922526817640231e-01
3.265792610250298211e-01
3.294398092967819047e-01
3.244338498212157584e-01
3.265792610250298211e-01
3.218116805721096818e-01
3.172824791418354939e-01
3.272943980929678420e-01
3.160905840286054591e-01
3.096543504171632710e-01
3.199046483909415706e-01
3.177592371871275079e-01
3.013110846245530272e-01
3.122765196662693477e-01
3.044100119189511178e-01
3.008343265792610133e-01
2.965435041716328879e-01
3.032181168057210829e-01
2.967818831942788949e-01
2.984505363528009436e-01
2.867699642431466023e-01
2.860548271752085814e-01
2.829558998808104908e-01
2.853396901072705605e-01
2.843861740166865326e-01
2.789034564958283724e-01
2.839094159713945187e-01
2.717520858164481634e-01
2.700834326579261147e-01
2.691299165673420868e-01
2.765196662693683027e-01
2.684147794994040659e-01
2.660309892729439962e-01
2.591179976162097942e-01
2.636471990464839266e-01
2.650774731823599684e-01
2.629320619785459057e-01
2.607866507747318430e-01
2.612634088200238569e-01
2.593563766388558012e-01
2.629320619785459057e-01
2.624553039332538917e-01
2.541120381406436479e-01
2.553039332538736828e-01
2.598331346841478151e-01
2.605482717520858360e-01
2.536352800953516340e-01
2.522050059594755922e-01
2.562574493444577106e-01
2.531585220500596201e-01
2.443384982121573346e-01
2.486293206197854599e-01
2.481525625744934460e-01
2.491060786650774739e-01
2.441001191895113276e-01
2.441001191895113276e-01
2.414779499404052510e-01
2.445768772348033415e-01
2.457687723480333764e-01
2.350417163289630629e-01
2.376638855780691395e-01
2.328963051251490002e-01
2.340882002383790350e-01
2.319427890345649446e-01
2.367103694874851116e-01
2.433849821215733067e-01
2.278903456495828261e-01
2.328963051251490002e-01
2.274135876042908122e-01
2.228843861740166798e-01
2.269368295589987983e-01
2.259833134684147704e-01
2.255065554231227565e-01
2.233611442193086938e-01
2.188319427890345614e-01
2.226460071513706729e-01
2.212157330154946311e-01
2.221692491060786590e-01
2.205005959475566102e-01
2.243146603098927216e-01
2.219308700834326520e-01
2.209773539928486241e-01
2.162097735399284848e-01
2.166865315852204987e-01
2.212157330154946311e-01
2.171632896305125127e-01
2.169249106078665057e-01
2.181168057210965405e-01
2.178784266984505336e-01
2.190703218116805684e-01
2.190703218116805684e-01
2.123957091775923733e-01
2.119189511323003594e-01
2.071513706793802201e-01
2.071513706793802201e-01
2.152562574493444569e-01
1.954707985697258510e-01
1.983313468414779623e-01
2.052443384982121644e-01
2.035756853396901156e-01
2.057210965435041783e-01
2.078665077473182410e-01
2.028605482717520947e-01
1.990464839094159832e-01
2.073897497020262271e-01
2.007151370679380320e-01
2.050059594755661574e-01
2.009535160905840390e-01
2.095351609058402897e-01
2.007151370679380320e-01
1.949940405244338371e-01
2.019070321811680668e-01
1.949940405244338371e-01
1.918951132300357465e-01
1.814064362336114400e-01
1.802145411203814052e-01
1.828367103694874818e-01
1.849821215733015445e-01
1.821215733015494609e-01
1.823599523241954679e-01
1.825983313468414748e-01
1.783075089392133494e-01
1.835518474374255027e-01
1.735399284862932101e-01
1.816448152562574470e-01
1.816448152562574470e-01
1.761620977353992867e-01
1.756853396901072728e-01
1.775923718712753285e-01
1.790226460071513703e-01
1.754469606674612658e-01
1.740166865315852240e-01
1.744934445768772380e-01
1.678188319427890429e-01
1.706793802145411265e-01
1.680572109654350499e-01
1.592371871275327644e-01
1.668653158522050151e-01
1.625744934445768897e-01
1.620977353992848757e-01
1.666269368295590081e-01
1.647199046483909524e-01
1.575685339690107156e-01
1.640047675804529315e-01
1.582836710369487365e-01
1.609058402860548409e-01
1.606674612634088062e-01
1.570917759237187017e-01
1.563766388557806808e-01
1.575685339690107156e-01
1.525625744934445693e-01
1.530393325387365833e-01
1.482717520858164439e-01
1.477949940405244300e-01
1.544696066746126251e-01
1.554231227651966529e-01
1.511323003575685275e-01
1.461263408820023812e-01
1.477949940405244300e-01
1.499404052443384927e-01
1.477949940405244300e-01
1.458879618593563743e-01
1.568533969010726947e-01
1.439809296781883186e-01
1.494636471990464788e-01
1.468414779499404021e-01
1.454112038140643604e-01
1.423122765196662698e-01
1.444576877234803325e-01
1.358760429082240817e-01
1.442193087008343255e-01
1.382598331346841514e-01
1.387365911799761653e-01
1.377830750893921374e-01
1.399284862932062001e-01
1.351609058402860608e-01
1.408820023837902280e-01
1.368295589988081096e-01
1.389749702026221723e-01
1.449344457687723464e-01
1.399284862932062001e-01
1.435041716328963046e-01
1.439809296781883186e-01
1.396901072705601932e-01
1.406436233611442210e-01
1.418355184743742559e-01
1.466030989272943952e-01
1.406436233611442210e-01
1.425506555423122768e-01
1.311084624553039424e-01
1.356376638855780747e-01
1.313468414779499494e-01
1.296781883194279006e-01
1.337306317044100190e-01
1.277711561382598449e-01
1.265792610250298100e-01
1.256257449344457822e-01
1.220500595947556638e-01
1.234803337306317056e-01
1.258641239570917891e-01
1.210965435041716359e-01
1.220500595947556638e-01
1.275327771156138379e-01
1.284862932061978658e-01
1.253873659117997752e-01
1.256257449344457822e-01
1.284862932061978658e-01
1.222884386174016708e-01
1.227651966626936847e-01
1.239570917759237195e-01
1.230035756853396917e-01
1.232419547079856986e-01
1.175208581644815314e-01
1.234803337306317056e-01
1.210965435041716359e-01
1.163289630512514966e-01
1.227651966626936847e-01
1.234803337306317056e-01
1.194278903456495872e-01
1.239570917759237195e-01
1.177592371871275384e-01
1.165673420738975036e-01
1.182359952324195523e-01
1.151370679380214479e-01
1.060786650774731832e-01
1.139451728247914131e-01
1.134684147794993991e-01
1.077473182359952319e-01
1.148986889153754409e-01
1.063170441001191902e-01
1.098927294398092946e-01
1.077473182359952319e-01
1.096543504171632877e-01
1.115613825983313434e-01
1.108462455303933225e-01
1.032181168057210996e-01
1.008343265792610299e-01
1.051251489868891553e-01
1.039332538736591205e-01
1.005959475566150230e-01
1.025029797377830787e-01
1.041716328963051275e-01
1.051251489868891553e-01
1.046483909415971414e-01
1.015494636471990508e-01
1.027413587604290857e-01
1.096543504171632877e-01
1.096543504171632877e-01
1.003575685339690160e-01
1.034564958283671066e-01
1.010727056019070369e-01
1.027413587604290857e-01
1.005959475566150230e-01
1.013110846245530439e-01
1.039332538736591205e-01
9.964243146603099510e-02
9.916567342073898117e-02
9.916567342073898117e-02
1.025029797377830787e-01
9.988081048867700207e-02
9.988081048867700207e-02
9.797377830750893246e-02
9.344457687723480011e-02
9.511323003575684887e-02
9.582836710369486977e-02
9.535160905840285583e-02
9.773539928486292550e-02
9.558998808104886280e-02
9.725864123957091156e-02
9.940405244338498814e-02
9.106078665077473044e-02
