1.000000000000000000e+00
8.656036446469248524e-01
7.790432801822323450e-01
7.995444191343963336e-01
7.813211845102505659e-01
7.425968109339408096e-01
7.539863325740319144e-01
7.608200455580865773e-01
6.651480637813211860e-01
6.628701594533029651e-01
6.879271070615033956e-01
6.264236902050114297e-01
6.264236902050114297e-01
6.036446469248291091e-01
6.332574031890660926e-01
5.717539863325740157e-01
5.831435079726651205e-01
5.808656036446468995e-01
5.740318906605922367e-01
5.990888382687926672e-01
5.785876993166286786e-01
5.831435079726651205e-01
5.763097949886104576e-01
5.375854214123007013e-01
5.694760820045557947e-01
5.580865603644646900e-01
5.580865603644646900e-01
5.102505694760820498e-01
5.284738041002278175e-01
5.079726651480638289e-01
5.261958997722095965e-01
4.965831435079726686e-01
5.034168564920273869e-01
4.874715261958997847e-01
4.965831435079726686e-01
4.578587699316628568e-01
4.965831435079726686e-01
4.624145785876992987e-01
4.624145785876992987e-01
4.920273348519362266e-01
4.760820045558086799e-01
4.669703872437357406e-01
4.669703872437357406e-01
4.783599088838269009e-01
4.419134396355353100e-01
4.533029612756264148e-01
4.624145785876992987e-01
4.373576309794988681e-01
4.259681093394077633e-01
4.054669703872437192e-01
4.123006833712983821e-01
4.031890660592254982e-01
4.145785876993166030e-01
4.214123006833713214e-01
4.145785876993166030e-01
3.963553530751708354e-01
3.621867881548975210e-01
3.781321184510250677e-01
3.826879271070615096e-01
3.804100227790432887e-01
3.895216400911161725e-01
3.872437357630979515e-01
4.009111617312072773e-01
3.804100227790432887e-01
3.621867881548975210e-01
3.804100227790432887e-01
3.986332574031890563e-01
3.872437357630979515e-01
3.826879271070615096e-01
3.781321184510250677e-01
3.940774487471526144e-01
3.462414578587699188e-01
3.940774487471526144e-01
3.917995444191343934e-01
3.849658314350797306e-01
3.712984054669704048e-01
3.394077448747152559e-01
3.394077448747152559e-01
3.416856492027334768e-01
3.485193621867881397e-01
3.166287015945330463e-01
3.599088838268792445e-01
3.189066059225512673e-01
3.416856492027334768e-01
3.280182232346241511e-01
3.712984054669704048e-01
3.485193621867881397e-01
3.599088838268792445e-01
3.143507972665148253e-01
3.507972665148063607e-01
3.257403189066059301e-01
3.302961275626423721e-01
3.166287015945330463e-01
3.325740318906605930e-01
3.097949886104783834e-01
3.075170842824601625e-01
3.234624145785877092e-01
3.348519362186788140e-01
3.052391799544418860e-01
3.029612756264236650e-01
3.280182232346241511e-01
3.211845102505694882e-01
3.189066059225512673e-01
3.052391799544418860e-01
2.984054669703872231e-01
3.371298405466970349e-01
3.485193621867881397e-01
2.984054669703872231e-01
3.143507972665148253e-01
2.824601366742596764e-01
3.075170842824601625e-01
2.733485193621867926e-01
2.938496583143507812e-01
2.984054669703872231e-01
2.824601366742596764e-01
2.710706150341685716e-01
2.847380410022778974e-01
2.733485193621867926e-01
2.710706150341685716e-01
2.733485193621867926e-01
2.961275626423690022e-01
2.779043280182232345e-01
2.938496583143507812e-01
2.892938496583143393e-01
2.801822323462414555e-01
2.665148063781321297e-01
2.505694760820045830e-01
2.847380410022778974e-01
2.574031890660592459e-01
2.756264236902050135e-01
2.551252847380410249e-01
2.665148063781321297e-01
2.574031890660592459e-01
2.460136674259681133e-01
2.551252847380410249e-01
2.414578587699316714e-01
2.574031890660592459e-01
2.551252847380410249e-01
2.391799544419134504e-01
2.665148063781321297e-01
2.346241457858769808e-01
2.528473804100228040e-01
2.687927107061503507e-01
2.619589977220956878e-01
2.779043280182232345e-01
2.710706150341685716e-01
2.551252847380410249e-01
2.801822323462414555e-01
2.414578587699316714e-01
2.915717539863325602e-01
2.437357630979498924e-01
2.551252847380410249e-01
2.369020501138952295e-01
2.391799544419134504e-01
2.824601366742596764e-01
2.528473804100228040e-01
2.619589977220956878e-01
2.528473804100228040e-01
2.665148063781321297e-01
2.687927107061503507e-01
2.300683371298405389e-01
2.482915717539863343e-01
2.687927107061503507e-01
2.551252847380410249e-01
2.437357630979498924e-01
2.528473804100228040e-01
2.801822323462414555e-01
2.505694760820045830e-01
2.414578587699316714e-01
2.391799544419134504e-01
2.460136674259681133e-01
2.277904328018223179e-01
2.277904328018223179e-01
2.346241457858769808e-01
2.255125284738040969e-01
2.300683371298405389e-01
2.164009111617312131e-01
2.300683371298405389e-01
2.164009111617312131e-01
2.118451025056947712e-01
2.209567198177676550e-01
2.323462414578587598e-01
2.141230068337129921e-01
2.050113895216400806e-01
2.141230068337129921e-01
2.164009111617312131e-01
2.050113895216400806e-01
1.662870159453302965e-01
2.050113895216400806e-01
2.072892938496583015e-01
1.981776765375854177e-01
2.232346241457858760e-01
2.164009111617312131e-01
2.118451025056947712e-01
2.050113895216400806e-01
1.776765375854214013e-01
1.890660592255125338e-01
2.209567198177676550e-01
2.186788154897494341e-01
2.141230068337129921e-01
2.027334851936218596e-01
2.027334851936218596e-01
2.027334851936218596e-01
1.958997722095671967e-01
1.731207289293849594e-01
1.867881548974943129e-01
1.822323462414578710e-01
1.913439635535307548e-01
2.095671981776765502e-01
1.753986332574031803e-01
1.867881548974943129e-01
1.776765375854214013e-01
1.753986332574031803e-01
1.708428246013667384e-01
1.662870159453302965e-01
1.685649202733485175e-01
1.799544419134396223e-01
1.867881548974943129e-01
1.845102505694760919e-01
1.799544419134396223e-01
1.776765375854214013e-01
1.708428246013667384e-01
1.685649202733485175e-01
1.776765375854214013e-01
1.776765375854214013e-01
1.617312072892938546e-01
1.571753986332574127e-01
1.594533029612756336e-01
1.708428246013667384e-01
1.548974943052391917e-01
1.890660592255125338e-01
1.776765375854214013e-01
1.776765375854214013e-01
1.958997722095671967e-01
1.685649202733485175e-01
1.913439635535307548e-01
1.799544419134396223e-01
1.822323462414578710e-01
1.822323462414578710e-01
1.890660592255125338e-01
2.095671981776765502e-01
1.776765375854214013e-01
1.867881548974943129e-01
1.867881548974943129e-01
1.936218678815489758e-01
1.617312072892938546e-01
1.526195899772209430e-01
1.708428246013667384e-01
1.662870159453302965e-01
1.753986332574031803e-01
1.435079726651480592e-01
1.799544419134396223e-01
1.617312072892938546e-01
1.594533029612756336e-01
1.753986332574031803e-01
1.526195899772209430e-01
1.685649202733485175e-01
1.548974943052391917e-01
1.753986332574031803e-01
1.640091116173120755e-01
1.640091116173120755e-01
1.503416856492027220e-01
1.594533029612756336e-01
1.822323462414578710e-01
1.571753986332574127e-01
1.776765375854214013e-01
1.480637813211845011e-01
1.640091116173120755e-01
1.708428246013667384e-01
1.753986332574031803e-01
1.548974943052391917e-01
1.412300683371298382e-01
1.685649202733485175e-01
1.457858769931662801e-01
1.640091116173120755e-01
1.435079726651480592e-01
1.594533029612756336e-01
1.503416856492027220e-01
1.480637813211845011e-01
1.366742596810933963e-01
1.548974943052391917e-01
1.480637813211845011e-01
1.526195899772209430e-01
1.480637813211845011e-01
1.230068337129840567e-01
1.412300683371298382e-01
1.412300683371298382e-01
1.343963553530751753e-01
1.321184510250569544e-01
1.207289293849658357e-01
1.047835990888382751e-01
1.230068337129840567e-01
1.184510250569476147e-01
1.207289293849658357e-01
1.093394077448747170e-01
1.025056947608200403e-01
1.298405466970387334e-01
1.252847380410022915e-01
1.207289293849658357e-01
1.298405466970387334e-01
1.457858769931662801e-01
1.184510250569476147e-01
1.184510250569476147e-01
1.252847380410022915e-01
1.161731207289293799e-01
1.138952164009111589e-01
1.275626423690205125e-01
1.230068337129840567e-01
1.184510250569476147e-01
1.161731207289293799e-01
1.116173120728929380e-01
9.794988610478359836e-02
1.161731207289293799e-01
1.116173120728929380e-01
1.116173120728929380e-01
1.252847380410022915e-01
1.002277904328018193e-01
1.093394077448747170e-01
1.230068337129840567e-01
1.116173120728929380e-01
1.138952164009111589e-01
1.207289293849658357e-01
1.275626423690205125e-01
1.070615034168564961e-01
1.047835990888382751e-01
9.567198177676537740e-02
9.794988610478359836e-02
1.184510250569476147e-01
1.184510250569476147e-01
1.116173120728929380e-01
1.002277904328018193e-01
1.138952164009111589e-01
1.207289293849658357e-01
1.230068337129840567e-01
1.230068337129840567e-01
1.116173120728929380e-01
1.207289293849658357e-01
1.116173120728929380e-01
1.047835990888382751e-01
1.047835990888382751e-01
1.207289293849658357e-01
1.002277904328018193e-01
1.002277904328018193e-01
1.002277904328018193e-01
1.047835990888382751e-01
1.161731207289293799e-01
1.161731207289293799e-01
1.138952164009111589e-01
8.428246013667425873e-02
1.116173120728929380e-01
1.002277904328018193e-01
1.207289293849658357e-01
1.184510250569476147e-01
1.070615034168564961e-01
1.025056947608200403e-01
9.111617312072893549e-02
1.025056947608200403e-01
1.025056947608200403e-01
1.002277904328018193e-01
1.093394077448747170e-01
1.070615034168564961e-01
1.070615034168564961e-01
1.230068337129840567e-01
1.047835990888382751e-01
1.025056947608200403e-01
1.093394077448747170e-01
1.047835990888382751e-01
1.047835990888382751e-01
8.883826879271070065e-02
8.428246013667425873e-02
9.339407744874715644e-02
9.794988610478359836e-02
1.002277904328018193e-01
8.656036446469247969e-02
9.794988610478359836e-02
8.200455580865603777e-02
9.794988610478359836e-02
8.883826879271070065e-02
1.161731207289293799e-01
9.567198177676537740e-02
1.093394077448747170e-01
9.339407744874715644e-02
9.111617312072893549e-02
8.428246013667425873e-02
9.339407744874715644e-02
8.656036446469247969e-02
9.111617312072893549e-02
9.111617312072893549e-02
1.070615034168564961e-01
1.002277904328018193e-01
9.339407744874715644e-02
1.047835990888382751e-01
1.047835990888382751e-01
8.883826879271070065e-02
1.002277904328018193e-01
1.321184510250569544e-01
9.339407744874715644e-02
9.567198177676537740e-02
1.002277904328018193e-01
8.200455580865603777e-02
1.047835990888382751e-01
