1.000000000000000000e+00
8.120860927152317998e-01
7.500000000000000000e-01
7.119205298013244754e-01
7.144039735099337873e-01
6.738410596026490618e-01
6.432119205298013620e-01
6.225165562913906880e-01
5.993377483443708131e-01
5.885761589403973870e-01
5.513245033112582627e-01
5.273178807947019875e-01
5.488410596026490618e-01
5.206953642384105629e-01
5.215231788079470743e-01
5.049668874172185129e-01
5.124172185430463378e-01
5.024834437086093120e-01
4.842715231788079500e-01
4.809602649006622377e-01
4.743377483443708686e-01
4.577814569536423628e-01
4.395695364238410563e-01
4.379139072847682002e-01
4.197019867549668937e-01
4.155629139072847811e-01
3.642384105960264629e-01
3.600993377483443503e-01
3.559602649006622377e-01
3.559602649006622377e-01
3.485099337748344128e-01
3.385761589403973315e-01
3.344370860927152189e-01
3.427152317880794441e-01
3.286423841059602502e-01
3.245033112582781376e-01
3.228476821192052815e-01
3.385761589403973315e-01
3.211920529801324253e-01
2.855960264900662127e-01
2.864238410596026685e-01
2.971854304635761501e-01
2.748344370860927310e-01
2.715231788079470188e-01
2.847682119205298124e-01
2.450331125827814593e-01
2.384105960264900625e-01
2.632450331125827936e-01
2.491721854304635719e-01
2.417218543046357748e-01
2.425496688741721751e-01
2.384105960264900625e-01
2.483443708609271439e-01
2.533112582781457123e-01
2.061258278145695344e-01
2.309602649006622654e-01
2.309602649006622654e-01
2.226821192052980125e-01
2.185430463576158999e-01
2.102649006622516470e-01
1.978476821192053092e-01
2.011589403973509937e-01
2.119205298013245031e-01
1.903973509933774844e-01
2.044701986754966783e-01
1.812913907284768311e-01
1.788079470198675469e-01
1.862582781456953718e-01
1.597682119205298124e-01
1.705298013245033217e-01
1.812913907284768311e-01
1.837748344370860876e-01
1.647350993377483530e-01
1.713576158940397220e-01
1.473509933774834468e-01
1.589403973509933843e-01
1.630794701986754969e-01
1.556291390728476720e-01
1.332781456953642252e-01
1.506622516556291314e-01
1.680463576158940375e-01
1.581125827814569562e-01
1.614238410596026407e-01
1.531456953642384156e-01
1.382450331125827936e-01
1.481788079470198749e-01
1.473509933774834468e-01
1.556291390728476720e-01
1.564569536423841001e-01
1.465231788079470188e-01
1.473509933774834468e-01
1.349337748344370813e-01
1.307947019867549687e-01
1.349337748344370813e-01
1.407284768211920500e-01
1.465231788079470188e-01
1.374172185430463655e-01
1.183774834437086032e-01
1.216887417218543016e-01
1.283112582781456845e-01
1.266556291390728561e-01
1.316225165562913968e-01
1.291390728476821126e-01
1.274834437086092842e-01
1.142384105960264906e-01
1.092715231788079500e-01
1.167218543046357609e-01
1.158940397350993329e-01
1.100993377483443642e-01
1.150662251655629187e-01
1.125827814569536484e-01
1.183774834437086032e-01
1.125827814569536484e-01
1.018211920529801390e-01
8.940397350993377346e-02
1.018211920529801390e-01
1.018211920529801390e-01
1.034768211920529812e-01
9.602649006622517025e-02
9.685430463576158444e-02
7.864238410596026407e-02
9.685430463576158444e-02
1.034768211920529812e-01
9.188741721854304378e-02
9.354304635761589992e-02
9.023178807947020152e-02
9.602649006622517025e-02
9.933774834437085477e-02
8.609271523178807506e-02
8.278145695364239054e-02
8.278145695364239054e-02
8.112582781456953440e-02
7.450331125827815149e-02
7.201986754966886728e-02
7.781456953642383600e-02
7.284768211920529535e-02
6.953642384105959695e-02
7.284768211920529535e-02
7.284768211920529535e-02
6.622516556291391243e-02
7.036423841059602502e-02
6.291390728476821403e-02
6.291390728476821403e-02
6.622516556291391243e-02
6.125827814569536484e-02
5.794701986754966644e-02
6.043046357615894371e-02
5.463576158940397498e-02
5.546357615894039611e-02
6.208609271523178597e-02
5.380794701986754691e-02
5.629139072847682418e-02
4.884105960264900625e-02
6.043046357615894371e-02
5.877483443708609451e-02
5.298013245033112578e-02
4.056291390728476720e-02
5.629139072847682418e-02
4.304635761589403753e-02
4.552980132450330786e-02
4.635761589403973593e-02
4.884105960264900625e-02
4.221854304635761640e-02
4.718543046357615706e-02
4.221854304635761640e-02
4.801324503311258513e-02
5.380794701986754691e-02
4.552980132450330786e-02
4.387417218543046560e-02
4.139072847682119527e-02
4.139072847682119527e-02
3.973509933774834607e-02
3.559602649006622654e-02
3.476821192052979848e-02
4.470198675496688673e-02
4.470198675496688673e-02
3.559602649006622654e-02
3.890728476821191800e-02
3.973509933774834607e-02
4.056291390728476720e-02
3.642384105960264767e-02
4.221854304635761640e-02
4.470198675496688673e-02
5.132450331125827658e-02
4.470198675496688673e-02
4.552980132450330786e-02
4.470198675496688673e-02
3.973509933774834607e-02
4.635761589403973593e-02
4.387417218543046560e-02
4.056291390728476720e-02
3.807947019867549687e-02
4.056291390728476720e-02
4.139072847682119527e-02
3.559602649006622654e-02
3.807947019867549687e-02
4.387417218543046560e-02
3.725165562913907574e-02
4.139072847682119527e-02
3.807947019867549687e-02
3.642384105960264767e-02
3.973509933774834607e-02
4.966887417218542738e-02
4.387417218543046560e-02
4.304635761589403753e-02
4.470198675496688673e-02
3.973509933774834607e-02
3.807947019867549687e-02
3.973509933774834607e-02
4.387417218543046560e-02
3.642384105960264767e-02
4.801324503311258513e-02
4.387417218543046560e-02
4.221854304635761640e-02
3.145695364238410702e-02
3.476821192052979848e-02
3.311258278145695622e-02
3.476821192052979848e-02
3.476821192052979848e-02
2.814569536423841209e-02
3.394039735099337735e-02
3.145695364238410702e-02
3.559602649006622654e-02
3.311258278145695622e-02
3.145695364238410702e-02
3.725165562913907574e-02
3.725165562913907574e-02
2.897350993377483322e-02
2.980132450331125782e-02
3.807947019867549687e-02
4.221854304635761640e-02
3.476821192052979848e-02
3.145695364238410702e-02
3.145695364238410702e-02
3.145695364238410702e-02
3.642384105960264767e-02
2.980132450331125782e-02
3.062913907284768242e-02
3.394039735099337735e-02
3.890728476821191800e-02
3.394039735099337735e-02
3.062913907284768242e-02
3.807947019867549687e-02
3.062913907284768242e-02
3.228476821192052815e-02
3.311258278145695622e-02
3.145695364238410702e-02
3.145695364238410702e-02
2.400662251655629256e-02
3.394039735099337735e-02
2.069536423841059763e-02
3.145695364238410702e-02
2.649006622516556289e-02
2.069536423841059763e-02
2.566225165562913829e-02
2.814569536423841209e-02
2.814569536423841209e-02
2.152317880794701876e-02
3.394039735099337735e-02
2.980132450331125782e-02
2.649006622516556289e-02
2.317880794701986796e-02
2.483443708609271369e-02
2.566225165562913829e-02
2.400662251655629256e-02
2.566225165562913829e-02
3.145695364238410702e-02
2.152317880794701876e-02
2.152317880794701876e-02
1.655629139072847811e-02
2.649006622516556289e-02
2.649006622516556289e-02
2.400662251655629256e-02
2.235099337748344336e-02
1.986754966887417304e-02
2.814569536423841209e-02
2.731788079470198749e-02
1.903973509933774844e-02
2.400662251655629256e-02
2.566225165562913829e-02
1.903973509933774844e-02
2.235099337748344336e-02
1.324503311258278145e-02
1.324503311258278145e-02
2.317880794701986796e-02
2.400662251655629256e-02
1.986754966887417304e-02
1.572847682119205351e-02
1.986754966887417304e-02
1.903973509933774844e-02
2.483443708609271369e-02
1.986754966887417304e-02
2.152317880794701876e-02
1.738410596026489924e-02
2.069536423841059763e-02
2.069536423841059763e-02
1.986754966887417304e-02
1.655629139072847811e-02
1.738410596026489924e-02
1.490066225165562891e-02
1.655629139072847811e-02
1.490066225165562891e-02
1.490066225165562891e-02
1.903973509933774844e-02
1.655629139072847811e-02
1.407284768211920604e-02
1.490066225165562891e-02
1.241721854304635685e-02
1.490066225165562891e-02
1.738410596026489924e-02
1.572847682119205351e-02
1.572847682119205351e-02
9.933774834437086518e-03
1.572847682119205351e-02
1.241721854304635685e-02
1.490066225165562891e-02
9.933774834437086518e-03
1.241721854304635685e-02
1.407284768211920604e-02
1.324503311258278145e-02
1.490066225165562891e-02
1.158940397350993398e-02
1.738410596026489924e-02
1.738410596026489924e-02
1.490066225165562891e-02
1.655629139072847811e-02
1.572847682119205351e-02
1.738410596026489924e-02
1.407284768211920604e-02
1.324503311258278145e-02
1.241721854304635685e-02
1.572847682119205351e-02
1.821192052980132384e-02
1.324503311258278145e-02
1.738410596026489924e-02
1.407284768211920604e-02
1.738410596026489924e-02
1.490066225165562891e-02
1.407284768211920604e-02
1.324503311258278145e-02
1.738410596026489924e-02
1.407284768211920604e-02
1.407284768211920604e-02
1.407284768211920604e-02
1.324503311258278145e-02
1.407284768211920604e-02
1.324503311258278145e-02
1.407284768211920604e-02
1.324503311258278145e-02
1.158940397350993398e-02
8.278145695364239054e-03
9.933774834437086518e-03
1.241721854304635685e-02
1.572847682119205351e-02
1.655629139072847811e-02
1.655629139072847811e-02
1.241721854304635685e-02
1.158940397350993398e-02
1.076158940397350938e-02
1.324503311258278145e-02
1.241721854304635685e-02
1.324503311258278145e-02
9.105960264900661918e-03
9.933774834437086518e-03
9.933774834437086518e-03
1.241721854304635685e-02
1.076158940397350938e-02
1.241721854304635685e-02
9.933774834437086518e-03
9.933774834437086518e-03
1.324503311258278145e-02
1.158940397350993398e-02
9.933774834437086518e-03
1.076158940397350938e-02
9.105960264900661918e-03
9.105960264900661918e-03
1.076158940397350938e-02
7.450331125827814455e-03
1.158940397350993398e-02
1.158940397350993398e-02
7.450331125827814455e-03
1.076158940397350938e-02
1.158940397350993398e-02
1.324503311258278145e-02
9.933774834437086518e-03
1.407284768211920604e-02
9.933774834437086518e-03
1.324503311258278145e-02
1.324503311258278145e-02
1.241721854304635685e-02
1.241721854304635685e-02
7.450331125827814455e-03
1.407284768211920604e-02
1.076158940397350938e-02
1.324503311258278145e-02
1.158940397350993398e-02
1.655629139072847811e-02
1.903973509933774844e-02
1.490066225165562891e-02
1.241721854304635685e-02
1.407284768211920604e-02
