1.000000000000000000e+00
6.916426512968300022e-01
6.368876080691642239e-01
6.628242074927953587e-01
6.426512968299711304e-01
6.167146974063401066e-01
5.619596541786743282e-01
6.023054755043227848e-01
5.533141210374640240e-01
4.870317002881844326e-01
5.100864553314120586e-01
5.446685878962536087e-01
5.389048991354467022e-01
5.590778097982709305e-01
5.187319884726224739e-01
4.726224783861671663e-01
4.610951008645532978e-01
4.870317002881844326e-01
4.610951008645532978e-01
4.438040345821325783e-01
4.668587896253602043e-01
4.610951008645532978e-01
4.236311239193083500e-01
3.832853025936599489e-01
4.409221902017291250e-01
4.380403458213256718e-01
4.092219020172910837e-01
3.429394812680115479e-01
3.602305475504322674e-01
3.602305475504322674e-01
3.832853025936599489e-01
3.890489913544668554e-01
3.832853025936599489e-01
3.429394812680115479e-01
3.602305475504322674e-01
3.342939481268011326e-01
3.688760806916426271e-01
3.573487031700288141e-01
3.054755043227665445e-01
3.198847262247838663e-01
3.141210374639769598e-01
3.083573487031700533e-01
3.256484149855907728e-01
3.083573487031700533e-01
3.083573487031700533e-01
2.939481268011527315e-01
3.170028818443804131e-01
2.766570605187320120e-01
3.170028818443804131e-01
2.449567723342939429e-01
2.795389048991354652e-01
2.824207492795389185e-01
2.795389048991354652e-01
2.536023054755043304e-01
2.680115273775215967e-01
2.536023054755043304e-01
2.507204610951008772e-01
2.363112391930835832e-01
2.449567723342939429e-01
2.276657060518731956e-01
2.651296829971181435e-01
2.391930835734870364e-01
2.507204610951008772e-01
2.391930835734870364e-01
2.449567723342939429e-01
2.564841498559077837e-01
2.363112391930835832e-01
2.305475504322766489e-01
2.536023054755043304e-01
1.729106628242075006e-01
1.729106628242075006e-01
2.074927953890489951e-01
1.988472622478386076e-01
1.844380403458213136e-01
1.902017291066282478e-01
2.276657060518731956e-01
1.844380403458213136e-01
1.844380403458213136e-01
2.161383285302593549e-01
1.988472622478386076e-01
2.363112391930835832e-01
2.190201729106628359e-01
1.930835734870317011e-01
1.786743515850144071e-01
1.815561959654178603e-01
1.873198847262247946e-01
1.642651296829971130e-01
1.844380403458213136e-01
1.642651296829971130e-01
1.902017291066282478e-01
1.613832853025936598e-01
1.296829971181556185e-01
1.585014409221902065e-01
1.469740634005763658e-01
1.296829971181556185e-01
1.498559077809798190e-01
1.325648414985590717e-01
1.412103746397694592e-01
1.527377521613832723e-01
1.440922190201729125e-01
1.585014409221902065e-01
1.556195965417867533e-01
1.296829971181556185e-01
1.210374639769452448e-01
1.383285302593660060e-01
1.613832853025936598e-01
1.585014409221902065e-01
1.757925072046109538e-01
1.498559077809798190e-01
1.469740634005763658e-01
1.383285302593660060e-01
1.354466858789625250e-01
1.268011527377521652e-01
1.095100864553314179e-01
1.095100864553314179e-01
1.210374639769452448e-01
1.469740634005763658e-01
1.296829971181556185e-01
1.181556195965417916e-01
1.469740634005763658e-01
1.239193083573486981e-01
1.066282420749279508e-01
1.152737752161383245e-01
1.296829971181556185e-01
1.296829971181556185e-01
1.152737752161383245e-01
1.325648414985590717e-01
1.181556195965417916e-01
1.239193083573486981e-01
1.181556195965417916e-01
1.123919308357348712e-01
1.095100864553314179e-01
1.268011527377521652e-01
1.066282420749279508e-01
8.069164265129682989e-02
1.123919308357348712e-01
1.037463976945244976e-01
1.152737752161383245e-01
1.008645533141210443e-01
1.210374639769452448e-01
1.037463976945244976e-01
9.798270893371757717e-02
8.933717579250720353e-02
1.008645533141210443e-01
8.357348703170028315e-02
1.123919308357348712e-01
7.780979827089337664e-02
8.645533141210375028e-02
8.933717579250720353e-02
1.152737752161383245e-01
8.069164265129682989e-02
8.933717579250720353e-02
8.357348703170028315e-02
1.008645533141210443e-01
8.933717579250720353e-02
8.069164265129682989e-02
9.510086455331412392e-02
8.933717579250720353e-02
7.780979827089337664e-02
7.780979827089337664e-02
7.204610951008645625e-02
9.221902017291065679e-02
9.510086455331412392e-02
7.204610951008645625e-02
9.221902017291065679e-02
7.780979827089337664e-02
7.780979827089337664e-02
8.357348703170028315e-02
8.645533141210375028e-02
6.051873198847262242e-02
8.357348703170028315e-02
7.204610951008645625e-02
8.645533141210375028e-02
8.357348703170028315e-02
7.492795389048990951e-02
7.780979827089337664e-02
8.645533141210375028e-02
7.492795389048990951e-02
8.645533141210375028e-02
6.628242074927953587e-02
5.763688760806916223e-02
5.475504322766570897e-02
5.763688760806916223e-02
5.475504322766570897e-02
6.340057636887608261e-02
7.492795389048990951e-02
7.492795389048990951e-02
6.916426512968300300e-02
6.051873198847262242e-02
6.051873198847262242e-02
6.628242074927953587e-02
6.628242074927953587e-02
5.763688760806916223e-02
6.628242074927953587e-02
6.916426512968300300e-02
6.051873198847262242e-02
4.610951008645532839e-02
5.763688760806916223e-02
7.492795389048990951e-02
4.610951008645532839e-02
6.051873198847262242e-02
5.763688760806916223e-02
5.187319884726224878e-02
4.899135446685878859e-02
4.899135446685878859e-02
5.763688760806916223e-02
4.322766570605187514e-02
4.899135446685878859e-02
4.034582132564841495e-02
4.899135446685878859e-02
5.763688760806916223e-02
4.610951008645532839e-02
4.899135446685878859e-02
6.051873198847262242e-02
3.746397694524495475e-02
4.899135446685878859e-02
6.916426512968300300e-02
4.899135446685878859e-02
6.340057636887608261e-02
5.187319884726224878e-02
3.170028818443804131e-02
5.763688760806916223e-02
4.899135446685878859e-02
6.916426512968300300e-02
6.051873198847262242e-02
5.187319884726224878e-02
6.628242074927953587e-02
5.475504322766570897e-02
3.170028818443804131e-02
4.034582132564841495e-02
3.458213256484150150e-02
4.899135446685878859e-02
5.763688760806916223e-02
3.746397694524495475e-02
4.322766570605187514e-02
4.034582132564841495e-02
4.610951008645532839e-02
3.458213256484150150e-02
4.322766570605187514e-02
4.034582132564841495e-02
4.034582132564841495e-02
6.340057636887608261e-02
5.187319884726224878e-02
5.475504322766570897e-02
4.899135446685878859e-02
6.628242074927953587e-02
4.610951008645532839e-02
3.746397694524495475e-02
5.187319884726224878e-02
5.187319884726224878e-02
4.899135446685878859e-02
5.187319884726224878e-02
6.340057636887608261e-02
4.899135446685878859e-02
5.763688760806916223e-02
4.899135446685878859e-02
4.322766570605187514e-02
4.034582132564841495e-02
4.899135446685878859e-02
4.610951008645532839e-02
4.034582132564841495e-02
4.322766570605187514e-02
4.034582132564841495e-02
3.170028818443804131e-02
5.187319884726224878e-02
2.881844380403458111e-02
3.458213256484150150e-02
2.593659942363112439e-02
4.034582132564841495e-02
3.746397694524495475e-02
3.746397694524495475e-02
3.746397694524495475e-02
4.610951008645532839e-02
4.322766570605187514e-02
3.746397694524495475e-02
3.746397694524495475e-02
2.305475504322766420e-02
2.593659942363112439e-02
3.458213256484150150e-02
2.305475504322766420e-02
3.458213256484150150e-02
3.458213256484150150e-02
3.458213256484150150e-02
4.034582132564841495e-02
2.305475504322766420e-02
3.170028818443804131e-02
3.170028818443804131e-02
3.170028818443804131e-02
3.458213256484150150e-02
2.593659942363112439e-02
4.034582132564841495e-02
2.881844380403458111e-02
3.746397694524495475e-02
2.881844380403458111e-02
3.170028818443804131e-02
3.170028818443804131e-02
2.881844380403458111e-02
3.458213256484150150e-02
2.881844380403458111e-02
3.458213256484150150e-02
2.881844380403458111e-02
2.305475504322766420e-02
3.170028818443804131e-02
2.881844380403458111e-02
2.881844380403458111e-02
1.729106628242075075e-02
1.729106628242075075e-02
2.593659942363112439e-02
2.881844380403458111e-02
2.881844380403458111e-02
2.305475504322766420e-02
2.017291066282420747e-02
2.593659942363112439e-02
3.458213256484150150e-02
1.152737752161383210e-02
2.017291066282420747e-02
1.729106628242075075e-02
2.593659942363112439e-02
2.305475504322766420e-02
1.729106628242075075e-02
1.440922190201729056e-02
2.593659942363112439e-02
2.017291066282420747e-02
2.305475504322766420e-02
1.440922190201729056e-02
2.305475504322766420e-02
8.645533141210375375e-03
8.645533141210375375e-03
1.440922190201729056e-02
2.305475504322766420e-02
1.729106628242075075e-02
1.152737752161383210e-02
2.017291066282420747e-02
1.729106628242075075e-02
1.152737752161383210e-02
1.729106628242075075e-02
1.729106628242075075e-02
2.593659942363112439e-02
1.440922190201729056e-02
1.152737752161383210e-02
1.152737752161383210e-02
8.645533141210375375e-03
8.645533141210375375e-03
1.152737752161383210e-02
1.152737752161383210e-02
1.152737752161383210e-02
2.017291066282420747e-02
1.152737752161383210e-02
1.440922190201729056e-02
1.440922190201729056e-02
2.017291066282420747e-02
1.729106628242075075e-02
2.017291066282420747e-02
1.729106628242075075e-02
8.645533141210375375e-03
1.152737752161383210e-02
1.152737752161383210e-02
2.017291066282420747e-02
5.763688760806916049e-03
1.152737752161383210e-02
2.017291066282420747e-02
2.017291066282420747e-02
2.305475504322766420e-02
1.440922190201729056e-02
2.017291066282420747e-02
1.440922190201729056e-02
2.305475504322766420e-02
1.729106628242075075e-02
2.017291066282420747e-02
2.305475504322766420e-02
2.593659942363112439e-02
2.881844380403458111e-02
1.440922190201729056e-02
2.017291066282420747e-02
1.152737752161383210e-02
1.729106628242075075e-02
1.729106628242075075e-02
8.645533141210375375e-03
1.729106628242075075e-02
5.763688760806916049e-03
5.763688760806916049e-03
1.729106628242075075e-02
1.440922190201729056e-02
1.440922190201729056e-02
1.440922190201729056e-02
1.729106628242075075e-02
1.440922190201729056e-02
1.440922190201729056e-02
1.729106628242075075e-02
2.017291066282420747e-02
2.305475504322766420e-02
1.440922190201729056e-02
1.440922190201729056e-02
2.017291066282420747e-02
1.440922190201729056e-02
1.440922190201729056e-02
2.017291066282420747e-02
2.305475504322766420e-02
2.593659942363112439e-02
1.152737752161383210e-02
1.152737752161383210e-02
