1.000000000000000000e+00
8.120300751879698797e-01
7.763157894736841813e-01
7.500000000000000000e-01
7.030075187969925254e-01
6.734022556390977243e-01
6.536654135338345606e-01
6.489661654135338020e-01
6.198308270676691212e-01
5.836466165413534135e-01
5.709586466165413876e-01
5.897556390977443108e-01
5.460526315789473450e-01
5.305451127819549306e-01
5.122180451127819056e-01
5.225563909774436633e-01
4.981203007518796855e-01
4.967105263157894912e-01
4.906015037593984829e-01
4.647556390977443663e-01
4.652255639097744311e-01
4.671052631578947456e-01
4.450187969924812026e-01
4.107142857142856984e-01
4.234022556390977243e-01
4.149436090225563922e-01
3.905075187969924699e-01
3.905075187969924699e-01
3.886278195488721554e-01
3.801691729323308233e-01
3.750000000000000000e-01
3.717105263157894912e-01
3.665413533834586679e-01
3.496240601503759482e-01
3.571428571428571508e-01
3.594924812030075301e-01
3.303571428571428492e-01
3.369360902255639223e-01
3.247180451127819611e-01
3.317669172932330990e-01
3.186090225563909528e-01
3.270676691729323404e-01
3.195488721804511378e-01
3.101503759398496207e-01
3.002819548872180389e-01
2.838345864661654394e-01
2.866541353383458834e-01
2.786654135338345606e-01
2.890037593984962627e-01
2.687969924812030342e-01
2.556390977443608881e-01
2.730263157894736725e-01
2.749060150375939870e-01
2.429511278195488622e-01
2.316729323308270583e-01
2.490601503759398427e-01
2.523496240601503793e-01
2.485902255639097780e-01
2.453007518796992414e-01
2.457706766917293340e-01
2.321428571428571508e-01
2.232142857142857262e-01
2.307330827067669288e-01
2.091165413533834505e-01
2.321428571428571508e-01
2.246240601503759482e-01
2.171052631578947456e-01
2.171052631578947456e-01
2.030075187969924699e-01
2.030075187969924699e-01
2.048872180451127845e-01
1.879699248120300648e-01
1.870300751879699352e-01
1.992481203007518686e-01
1.842105263157894635e-01
1.771616541353383534e-01
1.907894736842105365e-01
1.950187969924812026e-01
1.893796992481203145e-01
1.870300751879699352e-01
1.945488721804511378e-01
1.983082706766917391e-01
1.917293233082706660e-01
1.743421052631578816e-01
1.766917293233082609e-01
1.748120300751879741e-01
1.752819548872180389e-01
1.785714285714285754e-01
1.734022556390977521e-01
1.687030075187969935e-01
1.602443609022556337e-01
1.710526315789473728e-01
1.672932330827067715e-01
1.527255639097744311e-01
1.687030075187969935e-01
1.560150375939849676e-01
1.677631578947368363e-01
1.574248120300751896e-01
1.513157894736842091e-01
1.489661654135338298e-01
1.503759398496240518e-01
1.447368421052631637e-01
1.517857142857142738e-01
1.423872180451127845e-01
1.358082706766917391e-01
1.376879699248120259e-01
1.400375939849624052e-01
1.442669172932330712e-01
1.362781954887218039e-01
1.475563909774436078e-01
1.292293233082706660e-01
1.250000000000000000e-01
1.320488721804511378e-01
1.292293233082706660e-01
1.320488721804511378e-01
1.315789473684210453e-01
1.367481203007518686e-01
1.231203007518796994e-01
1.188909774436090194e-01
1.348684210526315819e-01
1.127819548872180389e-01
1.188909774436090194e-01
1.254699248120300648e-01
1.217105263157894773e-01
1.123120300751879741e-01
1.076127819548872155e-01
1.118421052631578955e-01
1.090225563909774376e-01
1.085526315789473728e-01
1.076127819548872155e-01
9.915413533834586957e-02
9.539473684210526827e-02
1.062030075187969935e-01
9.633458646616541166e-02
9.774436090225563367e-02
9.445488721804511101e-02
9.210526315789473173e-02
9.445488721804511101e-02
9.586466165413533302e-02
9.821428571428571230e-02
9.445488721804511101e-02
8.834586466165413043e-02
9.492481203007518964e-02
8.646616541353382979e-02
9.398496240601503238e-02
9.492481203007518964e-02
8.693609022556390842e-02
9.210526315789473173e-02
9.022556390977443108e-02
8.928571428571428770e-02
8.693609022556390842e-02
8.505639097744360777e-02
8.082706766917292784e-02
8.082706766917292784e-02
8.176691729323308511e-02
7.330827067669172525e-02
7.471804511278196115e-02
8.317669172932330712e-02
8.129699248120300648e-02
7.189849624060150324e-02
7.424812030075188252e-02
7.659774436090226180e-02
7.471804511278196115e-02
7.330827067669172525e-02
7.565789473684210453e-02
7.189849624060150324e-02
7.471804511278196115e-02
7.001879699248120259e-02
6.860902255639098057e-02
7.612781954887218316e-02
7.189849624060150324e-02
7.330827067669172525e-02
7.001879699248120259e-02
6.203007518796992137e-02
6.860902255639098057e-02
6.719924812030075856e-02
6.250000000000000000e-02
6.109022556390977104e-02
6.437969924812030065e-02
7.424812030075188252e-02
7.330827067669172525e-02
7.283834586466166050e-02
6.719924812030075856e-02
6.625939849624060130e-02
5.733082706766916975e-02
7.048872180451128122e-02
6.250000000000000000e-02
6.390977443609022202e-02
6.203007518796992137e-02
6.109022556390977104e-02
5.874060150375939870e-02
6.766917293233082331e-02
6.250000000000000000e-02
6.907894736842105921e-02
6.390977443609022202e-02
6.203007518796992137e-02
6.015037593984962072e-02
7.095864661654135985e-02
5.968045112781954903e-02
6.250000000000000000e-02
5.968045112781954903e-02
6.296992481203007863e-02
6.015037593984962072e-02
5.733082706766916975e-02
5.733082706766916975e-02
6.437969924812030065e-02
6.156015037593984968e-02
6.625939849624060130e-02
6.390977443609022202e-02
5.733082706766916975e-02
6.390977443609022202e-02
5.733082706766916975e-02
5.686090225563909806e-02
5.545112781954886910e-02
5.451127819548871878e-02
4.887218045112781684e-02
5.545112781954886910e-02
5.310150375939849676e-02
5.686090225563909806e-02
5.310150375939849676e-02
5.075187969924811748e-02
5.545112781954886910e-02
5.122180451127819611e-02
5.122180451127819611e-02
4.887218045112781684e-02
4.934210526315789547e-02
5.733082706766916975e-02
5.827067669172932007e-02
5.028195488721804579e-02
5.263157894736841813e-02
4.746240601503759482e-02
4.746240601503759482e-02
4.840225563909774514e-02
4.840225563909774514e-02
4.746240601503759482e-02
4.746240601503759482e-02
4.370300751879699352e-02
4.370300751879699352e-02
4.652255639097744450e-02
4.511278195488721554e-02
4.370300751879699352e-02
4.229323308270676457e-02
4.417293233082706522e-02
4.605263157894736586e-02
4.605263157894736586e-02
4.605263157894736586e-02
4.652255639097744450e-02
4.370300751879699352e-02
4.605263157894736586e-02
4.182330827067669288e-02
4.793233082706766651e-02
4.088345864661654255e-02
4.041353383458646392e-02
3.994360902255639223e-02
3.665413533834586263e-02
3.947368421052631360e-02
3.900375939849624191e-02
3.101503759398496068e-02
3.618421052631579093e-02
3.759398496240601295e-02
3.900375939849624191e-02
3.712406015037594126e-02
3.853383458646616327e-02
3.947368421052631360e-02
4.229323308270676457e-02
4.229323308270676457e-02
3.947368421052631360e-02
3.806390977443609158e-02
3.806390977443609158e-02
3.853383458646616327e-02
3.712406015037594126e-02
3.806390977443609158e-02
3.900375939849624191e-02
3.618421052631579093e-02
3.477443609022556198e-02
3.148496240601503932e-02
3.618421052631579093e-02
3.242481203007518964e-02
3.524436090225564061e-02
3.571428571428571230e-02
3.712406015037594126e-02
3.242481203007518964e-02
2.960526315789473520e-02
3.336466165413533996e-02
3.900375939849624191e-02
3.524436090225564061e-02
4.088345864661654255e-02
3.947368421052631360e-02
4.323308270676691489e-02
4.041353383458646392e-02
3.759398496240601295e-02
3.853383458646616327e-02
4.041353383458646392e-02
3.759398496240601295e-02
3.618421052631579093e-02
3.994360902255639223e-02
4.041353383458646392e-02
4.041353383458646392e-02
3.571428571428571230e-02
3.994360902255639223e-02
3.759398496240601295e-02
3.430451127819549029e-02
3.242481203007518964e-02
3.477443609022556198e-02
3.665413533834586263e-02
3.571428571428571230e-02
3.430451127819549029e-02
3.430451127819549029e-02
3.336466165413533996e-02
3.947368421052631360e-02
3.665413533834586263e-02
3.524436090225564061e-02
3.618421052631579093e-02
3.759398496240601295e-02
3.618421052631579093e-02
3.242481203007518964e-02
3.430451127819549029e-02
3.618421052631579093e-02
3.477443609022556198e-02
3.477443609022556198e-02
3.618421052631579093e-02
3.477443609022556198e-02
3.195488721804511101e-02
3.148496240601503932e-02
3.477443609022556198e-02
3.383458646616541166e-02
3.477443609022556198e-02
3.195488721804511101e-02
3.477443609022556198e-02
3.477443609022556198e-02
3.289473684210526133e-02
3.477443609022556198e-02
3.242481203007518964e-02
3.007518796992481036e-02
3.007518796992481036e-02
2.725563909774435939e-02
3.054511278195488552e-02
3.148496240601503932e-02
2.819548872180450971e-02
3.289473684210526133e-02
2.678571428571428423e-02
2.725563909774435939e-02
2.913533834586466004e-02
3.148496240601503932e-02
2.819548872180450971e-02
3.148496240601503932e-02
3.054511278195488552e-02
3.336466165413533996e-02
3.007518796992481036e-02
2.725563909774435939e-02
2.866541353383458487e-02
2.678571428571428423e-02
2.819548872180450971e-02
2.161654135338345745e-02
2.490601503759398358e-02
2.725563909774435939e-02
2.443609022556390842e-02
2.396616541353383326e-02
2.255639097744360777e-02
2.537593984962405874e-02
2.020676691729323196e-02
2.349624060150375809e-02
2.349624060150375809e-02
2.349624060150375809e-02
2.302631578947368293e-02
2.349624060150375809e-02
1.926691729323308164e-02
2.396616541353383326e-02
2.631578947368420907e-02
2.584586466165413390e-02
2.020676691729323196e-02
2.208646616541353261e-02
1.879699248120300648e-02
2.020676691729323196e-02
2.208646616541353261e-02
2.302631578947368293e-02
2.490601503759398358e-02
1.879699248120300648e-02
2.114661654135338228e-02
2.490601503759398358e-02
2.490601503759398358e-02
2.020676691729323196e-02
2.349624060150375809e-02
2.396616541353383326e-02
2.443609022556390842e-02
2.443609022556390842e-02
2.255639097744360777e-02
2.443609022556390842e-02
2.396616541353383326e-02
2.349624060150375809e-02
2.255639097744360777e-02
2.302631578947368293e-02
2.161654135338345745e-02
2.067669172932330712e-02
1.973684210526315680e-02
2.208646616541353261e-02
1.879699248120300648e-02
2.067669172932330712e-02
1.644736842105263067e-02
1.644736842105263067e-02
2.020676691729323196e-02
