1.000000000000000000e+00
7.144373673036092942e-01
6.932059447983014433e-01
6.634819532908704520e-01
6.348195329087048533e-01
6.040339702760084695e-01
5.955414012738853291e-01
5.636942675159235527e-01
5.329087048832271689e-01
5.169851380042462807e-01
4.893842887473460745e-01
5.010615711252653925e-01
4.978768577494692149e-01
4.394904458598726249e-01
4.522292993630573354e-01
4.012738853503184933e-01
4.129511677282378113e-01
3.980891719745223156e-01
3.768577494692144647e-01
3.800424628450106423e-01
3.630573248407643061e-01
3.556263269639065583e-01
3.375796178343948850e-01
3.439490445859872403e-01
3.343949044585987074e-01
3.407643312101910626e-01
2.972399150743099683e-01
2.940552016985137906e-01
3.025477707006369310e-01
2.845010615711252577e-01
2.929936305732483981e-01
2.855626326963906503e-01
2.961783439490445757e-01
2.590233545647558366e-01
2.855626326963906503e-01
2.760084925690021174e-01
2.717622080679405472e-01
2.664543524416135845e-01
2.643312101910827994e-01
2.324840764331210230e-01
2.484076433121019112e-01
2.208067940552017050e-01
2.388535031847133783e-01
2.197452229299363125e-01
2.547770700636942665e-01
2.367303609341825932e-01
2.208067940552017050e-01
2.144373673036093497e-01
2.070063694267516019e-01
2.059447983014862094e-01
1.974522292993630690e-01
1.995753715498938541e-01
1.995753715498938541e-01
2.080679405520169944e-01
1.762208067940551903e-01
1.985138004246284615e-01
1.995753715498938541e-01
1.921443736730361063e-01
1.889596602972399286e-01
1.995753715498938541e-01
1.878980891719745361e-01
1.995753715498938541e-01
1.932059447983014988e-01
1.825902335456475456e-01
1.815286624203821531e-01
1.464968152866241990e-01
1.581740976645435171e-01
1.645435244161358723e-01
1.486199575371549841e-01
1.624203821656050872e-01
1.613588110403396947e-01
1.539278131634819469e-01
1.549893842887473394e-01
1.634819532908704798e-01
1.528662420382165543e-01
1.422505307855626289e-01
1.422505307855626289e-01
1.592356687898089096e-01
1.634819532908704798e-01
1.687898089171974425e-01
1.794055201698513680e-01
1.528662420382165543e-01
1.581740976645435171e-01
1.337579617834394885e-01
1.528662420382165543e-01
1.539278131634819469e-01
1.411889596602972363e-01
1.348195329087048810e-01
1.390658174097664512e-01
1.295116772823779183e-01
1.242038216560509556e-01
1.337579617834394885e-01
1.305732484076433109e-01
1.188959660297239929e-01
1.305732484076433109e-01
1.093418259023354600e-01
1.242038216560509556e-01
9.872611464968153450e-02
1.093418259023354600e-01
1.125265392781316376e-01
1.104033970276008525e-01
8.598726114649681007e-02
1.093418259023354600e-01
9.023354564755838025e-02
9.023354564755838025e-02
9.235668789808916535e-02
9.660297239915074941e-02
1.040339702760084972e-01
9.766454352441614195e-02
9.447983014861996431e-02
9.872611464968153450e-02
1.008492569002123196e-01
9.235668789808916535e-02
1.061571125265392823e-01
1.072186836518046749e-01
8.704883227176220262e-02
9.660297239915074941e-02
9.660297239915074941e-02
9.235668789808916535e-02
9.554140127388535686e-02
8.492569002123141753e-02
8.917197452229298771e-02
9.660297239915074941e-02
8.174097664543523989e-02
9.129511677282377280e-02
7.006369426751592189e-02
7.855626326963906225e-02
8.386411889596602498e-02
8.917197452229298771e-02
8.917197452229298771e-02
8.280254777070063243e-02
8.917197452229298771e-02
6.900212314225052934e-02
8.492569002123141753e-02
6.794055201698513680e-02
7.218683651804670698e-02
7.112526539278131443e-02
6.900212314225052934e-02
8.704883227176220262e-02
5.626326963906581879e-02
6.050955414012738898e-02
6.900212314225052934e-02
7.006369426751592189e-02
8.492569002123141753e-02
8.280254777070063243e-02
8.386411889596602498e-02
7.112526539278131443e-02
7.961783439490445480e-02
7.961783439490445480e-02
7.643312101910827716e-02
5.838641188959660389e-02
6.794055201698513680e-02
7.218683651804670698e-02
7.112526539278131443e-02
5.095541401273885607e-02
5.944798301486199643e-02
6.900212314225052934e-02
5.732484076433121134e-02
5.095541401273885607e-02
6.263269639065817407e-02
5.626326963906581879e-02
5.944798301486199643e-02
5.095541401273885607e-02
5.626326963906581879e-02
5.838641188959660389e-02
5.838641188959660389e-02
6.263269639065817407e-02
6.900212314225052934e-02
6.687898089171974425e-02
5.414012738853503370e-02
5.520169851380042625e-02
4.140127388535031622e-02
4.564755838641188640e-02
5.095541401273885607e-02
4.564755838641188640e-02
4.883227176220807098e-02
4.777070063694267843e-02
5.414012738853503370e-02
4.777070063694267843e-02
4.564755838641188640e-02
5.838641188959660389e-02
4.777070063694267843e-02
4.883227176220807098e-02
4.033970276008492367e-02
4.777070063694267843e-02
4.777070063694267843e-02
4.989384288747346352e-02
4.670912951167727895e-02
4.458598726114649385e-02
4.670912951167727895e-02
4.883227176220807098e-02
4.458598726114649385e-02
4.352441613588110131e-02
4.670912951167727895e-02
3.397027600849256840e-02
4.246284501061570876e-02
4.989384288747346352e-02
4.670912951167727895e-02
3.927813163481953113e-02
3.503184713375796094e-02
3.609341825902335349e-02
4.564755838641188640e-02
4.777070063694267843e-02
5.201698513800424861e-02
4.352441613588110131e-02
4.670912951167727895e-02
5.201698513800424861e-02
3.715498938428874603e-02
4.458598726114649385e-02
4.670912951167727895e-02
4.670912951167727895e-02
4.246284501061570876e-02
4.777070063694267843e-02
3.715498938428874603e-02
4.989384288747346352e-02
4.246284501061570876e-02
3.821656050955413858e-02
4.140127388535031622e-02
4.989384288747346352e-02
4.670912951167727895e-02
4.883227176220807098e-02
4.777070063694267843e-02
4.670912951167727895e-02
4.458598726114649385e-02
4.140127388535031622e-02
3.715498938428874603e-02
3.927813163481953113e-02
3.503184713375796094e-02
4.458598726114649385e-02
3.503184713375796094e-02
4.033970276008492367e-02
3.927813163481953113e-02
3.821656050955413858e-02
3.290870488322717585e-02
4.352441613588110131e-02
3.609341825902335349e-02
4.883227176220807098e-02
3.503184713375796094e-02
3.609341825902335349e-02
3.715498938428874603e-02
3.290870488322717585e-02
3.503184713375796094e-02
3.503184713375796094e-02
4.352441613588110131e-02
3.927813163481953113e-02
3.397027600849256840e-02
3.927813163481953113e-02
4.670912951167727895e-02
3.927813163481953113e-02
4.777070063694267843e-02
5.520169851380042625e-02
3.927813163481953113e-02
4.033970276008492367e-02
3.184713375796178331e-02
4.564755838641188640e-02
3.821656050955413858e-02
4.246284501061570876e-02
3.821656050955413858e-02
3.821656050955413858e-02
3.290870488322717585e-02
3.397027600849256840e-02
3.821656050955413858e-02
3.503184713375796094e-02
3.290870488322717585e-02
3.078556263269639076e-02
2.441613588110403549e-02
2.866242038216560567e-02
2.123142250530785438e-02
2.653927813163482058e-02
2.653927813163482058e-02
2.760084925690021312e-02
2.441613588110403549e-02
1.698513800424628420e-02
2.547770700636942803e-02
2.972399150743099822e-02
2.866242038216560567e-02
2.229299363057324693e-02
2.441613588110403549e-02
2.653927813163482058e-02
2.016985138004246184e-02
2.123142250530785438e-02
2.547770700636942803e-02
2.229299363057324693e-02
1.592356687898089165e-02
1.486199575371549911e-02
1.273885350318471402e-02
1.804670912951167674e-02
2.229299363057324693e-02
2.229299363057324693e-02
1.698513800424628420e-02
1.698513800424628420e-02
1.910828025477706929e-02
1.380042462845010656e-02
1.910828025477706929e-02
2.441613588110403549e-02
2.123142250530785438e-02
1.698513800424628420e-02
2.229299363057324693e-02
1.380042462845010656e-02
1.592356687898089165e-02
1.804670912951167674e-02
1.592356687898089165e-02
2.123142250530785438e-02
1.698513800424628420e-02
1.698513800424628420e-02
1.698513800424628420e-02
1.698513800424628420e-02
1.804670912951167674e-02
1.592356687898089165e-02
2.016985138004246184e-02
2.016985138004246184e-02
1.804670912951167674e-02
1.486199575371549911e-02
1.698513800424628420e-02
2.972399150743099822e-02
2.335456475583863947e-02
2.229299363057324693e-02
2.123142250530785438e-02
2.229299363057324693e-02
1.592356687898089165e-02
2.123142250530785438e-02
2.123142250530785438e-02
1.910828025477706929e-02
1.273885350318471402e-02
1.273885350318471402e-02
1.592356687898089165e-02
1.167728237791931974e-02
1.167728237791931974e-02
1.273885350318471402e-02
1.910828025477706929e-02
1.698513800424628420e-02
1.698513800424628420e-02
1.698513800424628420e-02
1.167728237791931974e-02
1.486199575371549911e-02
1.273885350318471402e-02
1.061571125265392719e-02
1.486199575371549911e-02
1.273885350318471402e-02
1.167728237791931974e-02
1.592356687898089165e-02
1.380042462845010656e-02
1.380042462845010656e-02
2.229299363057324693e-02
1.910828025477706929e-02
1.804670912951167674e-02
2.123142250530785438e-02
1.698513800424628420e-02
1.804670912951167674e-02
1.804670912951167674e-02
1.273885350318471402e-02
1.592356687898089165e-02
1.592356687898089165e-02
2.016985138004246184e-02
1.804670912951167674e-02
1.804670912951167674e-02
1.592356687898089165e-02
1.486199575371549911e-02
2.016985138004246184e-02
1.380042462845010656e-02
2.335456475583863947e-02
1.273885350318471402e-02
1.910828025477706929e-02
1.804670912951167674e-02
1.804670912951167674e-02
1.910828025477706929e-02
1.592356687898089165e-02
1.167728237791931974e-02
1.804670912951167674e-02
1.910828025477706929e-02
1.592356687898089165e-02
1.592356687898089165e-02
1.167728237791931974e-02
1.698513800424628420e-02
1.592356687898089165e-02
1.698513800424628420e-02
1.273885350318471402e-02
8.492569002123142100e-03
1.486199575371549911e-02
1.061571125265392719e-02
8.492569002123142100e-03
1.273885350318471402e-02
1.380042462845010656e-02
1.380042462845010656e-02
7.430997876857749554e-03
1.486199575371549911e-02
1.061571125265392719e-02
1.380042462845010656e-02
1.061571125265392719e-02
1.910828025477706929e-02
1.380042462845010656e-02
1.486199575371549911e-02
1.592356687898089165e-02
1.804670912951167674e-02
1.592356687898089165e-02
1.273885350318471402e-02
1.273885350318471402e-02
1.380042462845010656e-02
1.380042462845010656e-02
2.123142250530785438e-02
2.547770700636942803e-02
