1.000000000000000000e+00
8.155339805825242427e-01
7.766990291262135804e-01
7.742718446601941640e-01
7.184466019417475868e-01
7.402912621359223344e-01
6.917475728155340065e-01
6.868932038834951737e-01
6.820388349514563409e-01
6.868932038834951737e-01
6.626213592233010097e-01
6.553398058252427605e-01
6.626213592233010097e-01
6.092233009708737379e-01
6.504854368932039277e-01
5.703883495145630755e-01
5.558252427184465772e-01
5.631067961165048263e-01
5.898058252427184067e-01
5.631067961165048263e-01
5.509708737864077444e-01
5.631067961165048263e-01
5.776699029126213247e-01
5.800970873786407411e-01
5.169902912621359148e-01
5.776699029126213247e-01
4.830097087378640852e-01
5.169902912621359148e-01
5.000000000000000000e-01
4.975728155339805836e-01
4.927184466019417508e-01
4.708737864077670032e-01
4.684466019417475868e-01
4.757281553398058360e-01
4.101941747572815378e-01
4.247572815533980362e-01
4.344660194174757017e-01
4.393203883495145901e-01
4.563106796116505048e-01
4.830097087378640852e-01
4.563106796116505048e-01
4.296116504854368690e-01
4.417475728155340065e-01
4.368932038834951181e-01
4.320388349514562853e-01
4.150485436893203706e-01
4.174757281553397870e-01
4.563106796116505048e-01
4.199029126213592034e-01
4.296116504854368690e-01
4.126213592233009542e-01
3.713592233009708754e-01
4.296116504854368690e-01
4.004854368932038722e-01
4.247572815533980362e-01
4.417475728155340065e-01
4.077669902912621214e-01
4.126213592233009542e-01
3.834951456310679574e-01
3.495145631067961278e-01
4.150485436893203706e-01
3.834951456310679574e-01
3.810679611650485410e-01
4.077669902912621214e-01
3.810679611650485410e-01
3.810679611650485410e-01
4.053398058252427050e-01
3.883495145631067902e-01
3.883495145631067902e-01
3.543689320388349606e-01
3.762135922330097082e-01
3.665048543689320426e-01
3.495145631067961278e-01
3.543689320388349606e-01
3.446601941747572950e-01
3.883495145631067902e-01
3.713592233009708754e-01
3.228155339805825474e-01
3.325242718446602130e-01
3.155339805825242983e-01
3.155339805825242983e-01
3.422330097087378786e-01
3.033980582524271608e-01
3.373786407766990458e-01
3.179611650485437147e-01
3.228155339805825474e-01
3.155339805825242983e-01
3.398058252427184622e-01
3.179611650485437147e-01
3.203883495145631310e-01
3.228155339805825474e-01
3.179611650485437147e-01
3.106796116504854099e-01
2.912621359223300788e-01
3.276699029126213802e-01
3.155339805825242983e-01
3.009708737864077444e-01
3.009708737864077444e-01
2.864077669902912460e-01
3.155339805825242983e-01
3.106796116504854099e-01
2.718446601941747476e-01
3.106796116504854099e-01
3.179611650485437147e-01
2.718446601941747476e-01
3.033980582524271608e-01
2.912621359223300788e-01
2.864077669902912460e-01
2.936893203883494952e-01
2.572815533980582492e-01
2.427184466019417508e-01
2.742718446601941640e-01
2.791262135922329968e-01
3.009708737864077444e-01
2.961165048543689116e-01
2.402912621359223344e-01
2.597087378640776656e-01
2.669902912621359148e-01
2.791262135922329968e-01
2.524271844660194164e-01
2.645631067961164984e-01
2.281553398058252524e-01
2.766990291262135804e-01
2.864077669902912460e-01
2.451456310679611672e-01
2.524271844660194164e-01
2.548543689320388328e-01
2.621359223300970820e-01
2.694174757281553312e-01
2.888349514563106624e-01
2.669902912621359148e-01
2.791262135922329968e-01
2.500000000000000000e-01
2.864077669902912460e-01
2.742718446601941640e-01
2.451456310679611672e-01
2.524271844660194164e-01
2.500000000000000000e-01
2.233009708737864196e-01
2.427184466019417508e-01
2.597087378640776656e-01
2.645631067961164984e-01
2.475728155339805836e-01
2.257281553398058360e-01
2.281553398058252524e-01
2.208737864077670032e-01
2.378640776699029180e-01
2.378640776699029180e-01
2.257281553398058360e-01
2.524271844660194164e-01
2.475728155339805836e-01
2.233009708737864196e-01
2.305825242718446688e-01
2.451456310679611672e-01
2.402912621359223344e-01
2.257281553398058360e-01
2.378640776699029180e-01
1.941747572815533951e-01
2.402912621359223344e-01
2.305825242718446688e-01
2.402912621359223344e-01
1.966019417475728115e-01
2.135922330097087263e-01
2.402912621359223344e-01
2.184466019417475591e-01
2.135922330097087263e-01
2.305825242718446688e-01
2.014563106796116443e-01
2.111650485436893099e-01
1.941747572815533951e-01
1.990291262135922279e-01
2.184466019417475591e-01
2.208737864077670032e-01
2.087378640776698935e-01
2.038834951456310607e-01
2.014563106796116443e-01
1.990291262135922279e-01
2.014563106796116443e-01
1.868932038834951459e-01
1.990291262135922279e-01
2.014563106796116443e-01
1.941747572815533951e-01
2.354368932038835016e-01
2.160194174757281427e-01
2.135922330097087263e-01
2.014563106796116443e-01
1.941747572815533951e-01
1.917475728155339787e-01
1.941747572815533951e-01
2.135922330097087263e-01
2.257281553398058360e-01
2.063106796116504771e-01
2.111650485436893099e-01
2.281553398058252524e-01
2.063106796116504771e-01
2.014563106796116443e-01
2.087378640776698935e-01
2.208737864077670032e-01
1.893203883495145623e-01
1.868932038834951459e-01
1.990291262135922279e-01
1.917475728155339787e-01
2.135922330097087263e-01
2.038834951456310607e-01
2.111650485436893099e-01
2.160194174757281427e-01
2.038834951456310607e-01
1.820388349514563131e-01
2.038834951456310607e-01
2.038834951456310607e-01
1.966019417475728115e-01
1.723300970873786475e-01
1.868932038834951459e-01
1.893203883495145623e-01
1.966019417475728115e-01
1.674757281553398147e-01
1.820388349514563131e-01
1.893203883495145623e-01
1.674757281553398147e-01
1.601941747572815655e-01
1.650485436893203983e-01
1.723300970873786475e-01
1.990291262135922279e-01
1.504854368932038722e-01
1.771844660194174803e-01
1.723300970873786475e-01
1.796116504854368967e-01
1.626213592233009819e-01
1.650485436893203983e-01
1.844660194174757295e-01
1.820388349514563131e-01
1.650485436893203983e-01
1.868932038834951459e-01
1.796116504854368967e-01
1.917475728155339787e-01
1.796116504854368967e-01
1.893203883495145623e-01
1.577669902912621491e-01
1.990291262135922279e-01
1.674757281553398147e-01
1.844660194174757295e-01
1.796116504854368967e-01
1.893203883495145623e-01
1.699029126213592311e-01
1.893203883495145623e-01
1.699029126213592311e-01
1.820388349514563131e-01
1.941747572815533951e-01
1.917475728155339787e-01
1.723300970873786475e-01
1.796116504854368967e-01
1.796116504854368967e-01
1.893203883495145623e-01
1.553398058252427050e-01
1.747572815533980639e-01
1.504854368932038722e-01
1.553398058252427050e-01
1.480582524271844558e-01
1.529126213592232886e-01
1.480582524271844558e-01
1.407766990291262066e-01
1.553398058252427050e-01
1.529126213592232886e-01
1.577669902912621491e-01
1.577669902912621491e-01
1.601941747572815655e-01
1.601941747572815655e-01
1.771844660194174803e-01
1.626213592233009819e-01
1.626213592233009819e-01
1.699029126213592311e-01
1.626213592233009819e-01
1.529126213592232886e-01
1.699029126213592311e-01
1.650485436893203983e-01
1.432038834951456230e-01
1.771844660194174803e-01
1.601941747572815655e-01
1.699029126213592311e-01
1.699029126213592311e-01
1.868932038834951459e-01
1.674757281553398147e-01
1.504854368932038722e-01
1.407766990291262066e-01
1.480582524271844558e-01
1.577669902912621491e-01
1.650485436893203983e-01
1.650485436893203983e-01
1.480582524271844558e-01
1.626213592233009819e-01
1.674757281553398147e-01
1.480582524271844558e-01
1.407766990291262066e-01
1.504854368932038722e-01
1.626213592233009819e-01
1.650485436893203983e-01
1.626213592233009819e-01
1.359223300970873738e-01
1.723300970873786475e-01
1.456310679611650394e-01
1.480582524271844558e-01
1.504854368932038722e-01
1.577669902912621491e-01
1.577669902912621491e-01
1.504854368932038722e-01
1.529126213592232886e-01
1.432038834951456230e-01
1.553398058252427050e-01
1.626213592233009819e-01
1.626213592233009819e-01
1.310679611650485410e-01
1.383495145631067902e-01
1.359223300970873738e-01
1.359223300970873738e-01
1.213592233009708754e-01
1.310679611650485410e-01
1.237864077669902918e-01
1.359223300970873738e-01
1.189320388349514590e-01
1.213592233009708754e-01
1.213592233009708754e-01
1.359223300970873738e-01
1.237864077669902918e-01
1.286407766990291246e-01
1.359223300970873738e-01
1.286407766990291246e-01
1.237864077669902918e-01
1.262135922330097082e-01
1.213592233009708754e-01
1.189320388349514590e-01
1.383495145631067902e-01
1.310679611650485410e-01
1.383495145631067902e-01
1.213592233009708754e-01
1.334951456310679574e-01
1.189320388349514590e-01
1.359223300970873738e-01
1.213592233009708754e-01
1.189320388349514590e-01
1.237864077669902918e-01
1.213592233009708754e-01
1.262135922330097082e-01
1.213592233009708754e-01
1.237864077669902918e-01
1.286407766990291246e-01
1.165048543689320426e-01
1.165048543689320426e-01
1.310679611650485410e-01
1.237864077669902918e-01
1.383495145631067902e-01
1.213592233009708754e-01
1.237864077669902918e-01
1.286407766990291246e-01
1.092233009708737795e-01
1.189320388349514590e-01
1.140776699029126262e-01
1.213592233009708754e-01
1.237864077669902918e-01
1.092233009708737795e-01
1.189320388349514590e-01
1.092233009708737795e-01
1.116504854368932098e-01
1.189320388349514590e-01
1.286407766990291246e-01
1.116504854368932098e-01
1.140776699029126262e-01
1.092233009708737795e-01
1.043689320388349467e-01
1.237864077669902918e-01
1.067961165048543631e-01
1.165048543689320426e-01
1.116504854368932098e-01
1.116504854368932098e-01
1.140776699029126262e-01
1.043689320388349467e-01
1.213592233009708754e-01
1.213592233009708754e-01
1.189320388349514590e-01
1.092233009708737795e-01
1.189320388349514590e-01
1.067961165048543631e-01
1.116504854368932098e-01
1.140776699029126262e-01
1.237864077669902918e-01
1.262135922330097082e-01
1.286407766990291246e-01
1.189320388349514590e-01
1.189320388349514590e-01
1.189320388349514590e-01
1.213592233009708754e-01
1.165048543689320426e-01
1.116504854368932098e-01
1.237864077669902918e-01
1.092233009708737795e-01
1.043689320388349467e-01
1.189320388349514590e-01
1.019417475728155303e-01
9.466019417475728115e-02
1.334951456310679574e-01
1.067961165048543631e-01
1.213592233009708754e-01
