1.000000000000000000e+00
8.408564814814815103e-01
8.026620370370370905e-01
7.459490740740740700e-01
7.222222222222222099e-01
7.071759259259259300e-01
6.950231481481481399e-01
6.718750000000000000e-01
6.365740740740740700e-01
6.157407407407406996e-01
6.255787037037037202e-01
5.896990740740740700e-01
5.914351851851852304e-01
5.584490740740740700e-01
5.347222222222222099e-01
5.046296296296296502e-01
5.306712962962962798e-01
5.086805555555555802e-01
5.028935185185184897e-01
4.826388888888888951e-01
4.739583333333333148e-01
4.641203703703703498e-01
4.774305555555555802e-01
4.600694444444444198e-01
4.328703703703703498e-01
4.282407407407407551e-01
4.207175925925926152e-01
4.143518518518518601e-01
4.265046296296296502e-01
4.189814814814814548e-01
4.166666666666666852e-01
4.033564814814814548e-01
3.802083333333333148e-01
3.906250000000000000e-01
3.755787037037037202e-01
3.703703703703703498e-01
3.923611111111111049e-01
3.744212962962962798e-01
3.616898148148148251e-01
3.373842592592592449e-01
3.252314814814814548e-01
3.339120370370370350e-01
3.217592592592592449e-01
3.153935185185185452e-01
3.298611111111111049e-01
3.281250000000000000e-01
3.072916666666666852e-01
3.188657407407407551e-01
3.015046296296296502e-01
3.003472222222222099e-01
3.096064814814814548e-01
3.038194444444444198e-01
2.991898148148148251e-01
3.043981481481481399e-01
2.858796296296296502e-01
2.841435185185185452e-01
2.754629629629629650e-01
2.592592592592592449e-01
2.725694444444444198e-01
2.708333333333333148e-01
2.552083333333333148e-01
2.638888888888888951e-01
2.563657407407407551e-01
2.424768518518518601e-01
2.372685185185185175e-01
2.280092592592592726e-01
2.395833333333333426e-01
2.482638888888888951e-01
2.378472222222222099e-01
2.320601851851851749e-01
2.233796296296296224e-01
2.245370370370370350e-01
2.251157407407407274e-01
2.309027777777777901e-01
2.094907407407407274e-01
2.112268518518518601e-01
2.152777777777777901e-01
2.054398148148148251e-01
2.048611111111111049e-01
2.042824074074074125e-01
2.048611111111111049e-01
2.002314814814814825e-01
2.060185185185185175e-01
2.077546296296296224e-01
2.054398148148148251e-01
2.158564814814814825e-01
2.083333333333333426e-01
1.944444444444444475e-01
1.909722222222222099e-01
1.840277777777777901e-01
1.869212962962963076e-01
1.898148148148148251e-01
1.944444444444444475e-01
1.724537037037036924e-01
1.799768518518518601e-01
1.712962962962963076e-01
1.822916666666666574e-01
1.753472222222222099e-01
1.585648148148148251e-01
1.747685185185185175e-01
1.660879629629629650e-01
1.643518518518518601e-01
1.620370370370370350e-01
1.770833333333333426e-01
1.545138888888888951e-01
1.608796296296296224e-01
1.550925925925925875e-01
1.539351851851851749e-01
1.533564814814814825e-01
1.539351851851851749e-01
1.684027777777777901e-01
1.498842592592592726e-01
1.591435185185185175e-01
1.631944444444444475e-01
1.475694444444444475e-01
1.371527777777777901e-01
1.406250000000000000e-01
1.354166666666666574e-01
1.383101851851851749e-01
1.319444444444444475e-01
1.278935185185185175e-01
1.226851851851851888e-01
1.302083333333333426e-01
1.163194444444444475e-01
1.238425925925925875e-01
1.064814814814814825e-01
1.116898148148148112e-01
1.076388888888888951e-01
1.082175925925925875e-01
1.157407407407407413e-01
1.059027777777777762e-01
1.163194444444444475e-01
1.087962962962962937e-01
1.180555555555555525e-01
1.140046296296296363e-01
1.140046296296296363e-01
1.157407407407407413e-01
1.226851851851851888e-01
1.128472222222222238e-01
1.116898148148148112e-01
1.134259259259259300e-01
1.197916666666666713e-01
1.105324074074074125e-01
9.780092592592593004e-02
1.064814814814814825e-01
1.087962962962962937e-01
9.664351851851851749e-02
1.041666666666666713e-01
9.837962962962963631e-02
9.837962962962963631e-02
9.837962962962963631e-02
1.006944444444444475e-01
1.030092592592592587e-01
1.082175925925925875e-01
9.953703703703703498e-02
9.490740740740741255e-02
9.953703703703703498e-02
9.375000000000000000e-02
9.895833333333332871e-02
9.143518518518518878e-02
8.796296296296296502e-02
9.375000000000000000e-02
9.375000000000000000e-02
9.490740740740741255e-02
8.101851851851851749e-02
9.432870370370370627e-02
7.870370370370370627e-02
8.969907407407406996e-02
8.275462962962963631e-02
9.085648148148148251e-02
7.870370370370370627e-02
8.217592592592593004e-02
7.233796296296296502e-02
8.159722222222222376e-02
7.523148148148148251e-02
8.043981481481481122e-02
7.870370370370370627e-02
7.581018518518518878e-02
7.291666666666667129e-02
7.233796296296296502e-02
8.043981481481481122e-02
7.465277777777777624e-02
7.349537037037036369e-02
6.539351851851851749e-02
6.655092592592593004e-02
7.002314814814815380e-02
6.770833333333332871e-02
7.060185185185184620e-02
7.118055555555555247e-02
6.712962962962963631e-02
6.770833333333332871e-02
5.960648148148148251e-02
6.018518518518518184e-02
6.712962962962963631e-02
6.076388888888888812e-02
6.307870370370370627e-02
5.960648148148148251e-02
5.902777777777777624e-02
6.712962962962963631e-02
6.192129629629629373e-02
6.192129629629629373e-02
5.729166666666666435e-02
5.902777777777777624e-02
5.671296296296296502e-02
5.381944444444444753e-02
5.902777777777777624e-02
5.671296296296296502e-02
5.381944444444444753e-02
4.340277777777777624e-02
5.902777777777777624e-02
5.613425925925925875e-02
5.613425925925925875e-02
5.671296296296296502e-02
5.324074074074074125e-02
5.381944444444444753e-02
5.266203703703703498e-02
5.439814814814814686e-02
5.787037037037037063e-02
4.571759259259259439e-02
5.034722222222222376e-02
5.324074074074074125e-02
5.671296296296296502e-02
5.324074074074074125e-02
4.513888888888888812e-02
5.034722222222222376e-02
4.456018518518518184e-02
5.150462962962962937e-02
4.282407407407407690e-02
4.282407407407407690e-02
4.918981481481481816e-02
5.092592592592592310e-02
4.745370370370370627e-02
5.324074074074074125e-02
4.803240740740740561e-02
4.687500000000000000e-02
3.935185185185185314e-02
4.629629629629629373e-02
4.282407407407407690e-02
4.803240740740740561e-02
5.092592592592592310e-02
4.108796296296296502e-02
4.340277777777777624e-02
3.703703703703703498e-02
3.819444444444444753e-02
4.456018518518518184e-02
4.629629629629629373e-02
4.108796296296296502e-02
4.224537037037037063e-02
4.282407407407407690e-02
3.993055555555555247e-02
4.282407407407407690e-02
3.993055555555555247e-02
3.877314814814814686e-02
4.571759259259259439e-02
4.398148148148148251e-02
3.356481481481481816e-02
3.935185185185185314e-02
3.587962962962962937e-02
4.108796296296296502e-02
4.166666666666666435e-02
3.819444444444444753e-02
3.356481481481481816e-02
3.356481481481481816e-02
3.819444444444444753e-02
3.356481481481481816e-02
3.587962962962962937e-02
3.067129629629629720e-02
3.414351851851851749e-02
3.530092592592592310e-02
3.067129629629629720e-02
3.298611111111111188e-02
3.587962962962962937e-02
3.125000000000000000e-02
3.472222222222222376e-02
3.414351851851851749e-02
3.530092592592592310e-02
3.530092592592592310e-02
3.877314814814814686e-02
3.530092592592592310e-02
3.067129629629629720e-02
3.125000000000000000e-02
3.414351851851851749e-02
3.125000000000000000e-02
3.472222222222222376e-02
3.472222222222222376e-02
3.819444444444444753e-02
3.472222222222222376e-02
3.530092592592592310e-02
2.893518518518518531e-02
2.835648148148148251e-02
2.893518518518518531e-02
3.587962962962962937e-02
3.298611111111111188e-02
3.414351851851851749e-02
3.182870370370370627e-02
3.009259259259259092e-02
3.067129629629629720e-02
3.356481481481481816e-02
3.240740740740740561e-02
3.009259259259259092e-02
3.356481481481481816e-02
3.414351851851851749e-02
3.182870370370370627e-02
2.951388888888888812e-02
3.125000000000000000e-02
3.009259259259259092e-02
2.893518518518518531e-02
3.067129629629629720e-02
3.356481481481481816e-02
3.125000000000000000e-02
3.356481481481481816e-02
2.604166666666666782e-02
2.604166666666666782e-02
2.777777777777777624e-02
2.604166666666666782e-02
2.662037037037037063e-02
2.430555555555555594e-02
2.430555555555555594e-02
2.488425925925925875e-02
2.372685185185185314e-02
3.009259259259259092e-02
2.893518518518518531e-02
2.488425925925925875e-02
2.951388888888888812e-02
2.604166666666666782e-02
2.430555555555555594e-02
3.067129629629629720e-02
2.314814814814814686e-02
2.604166666666666782e-02
2.256944444444444406e-02
2.256944444444444406e-02
2.083333333333333218e-02
2.604166666666666782e-02
2.314814814814814686e-02
2.314814814814814686e-02
2.141203703703703845e-02
2.430555555555555594e-02
2.199074074074074125e-02
2.256944444444444406e-02
2.430555555555555594e-02
2.488425925925925875e-02
2.430555555555555594e-02
2.372685185185185314e-02
2.546296296296296155e-02
2.199074074074074125e-02
2.199074074074074125e-02
2.604166666666666782e-02
2.199074074074074125e-02
2.430555555555555594e-02
2.719907407407407343e-02
2.488425925925925875e-02
2.777777777777777624e-02
2.372685185185185314e-02
2.719907407407407343e-02
2.141203703703703845e-02
2.546296296296296155e-02
2.083333333333333218e-02
2.488425925925925875e-02
1.967592592592592657e-02
2.083333333333333218e-02
2.314814814814814686e-02
1.967592592592592657e-02
2.141203703703703845e-02
2.256944444444444406e-02
2.430555555555555594e-02
2.372685185185185314e-02
2.314814814814814686e-02
1.851851851851851749e-02
1.678240740740740908e-02
2.025462962962962937e-02
2.199074074074074125e-02
1.793981481481481469e-02
1.909722222222222376e-02
2.141203703703703845e-02
2.025462962962962937e-02
2.141203703703703845e-02
2.083333333333333218e-02
2.199074074074074125e-02
1.678240740740740908e-02
1.678240740740740908e-02
1.331018518518518531e-02
1.620370370370370280e-02
1.736111111111111188e-02
1.678240740740740908e-02
1.620370370370370280e-02
1.504629629629629546e-02
1.504629629629629546e-02
1.620370370370370280e-02
1.909722222222222376e-02
1.793981481481481469e-02
1.620370370370370280e-02
1.736111111111111188e-02
1.909722222222222376e-02
1.678240740740740908e-02
1.620370370370370280e-02
1.851851851851851749e-02
1.736111111111111188e-02
1.388888888888888812e-02
1.678240740740740908e-02
1.446759259259259266e-02
1.620370370370370280e-02
