1.000000000000000000e+00
8.630778232884728229e-01
8.238736102984201004e-01
7.753071971913400029e-01
7.507314218841427689e-01
7.249853715623171269e-01
7.021650087770625603e-01
6.688121708601520998e-01
6.518431831480397953e-01
6.442363955529549768e-01
6.629607957870099488e-01
6.190754827384434833e-01
6.114686951433586648e-01
5.681685196021064588e-01
5.693387946167349778e-01
5.652428320655353833e-01
5.412521942656524088e-01
5.506143943826798948e-01
5.746050321825628693e-01
5.494441193680514868e-01
5.330602691632533308e-01
5.231129315389116963e-01
5.207723815096547693e-01
5.184318314803978422e-01
5.166764189584552858e-01
4.961966062024575908e-01
4.891749561146869762e-01
4.716208308952604122e-01
4.645991808074897422e-01
4.809830310122878982e-01
4.634289057928613342e-01
4.569923932124049237e-01
4.447045055588063067e-01
4.476301930953774377e-01
4.517261556465769212e-01
4.470450555880631782e-01
4.417788180222352312e-01
4.259801053247513347e-01
4.259801053247513347e-01
4.236395552954944632e-01
3.996489174956114887e-01
3.978935049736688212e-01
3.978935049736688212e-01
3.844353423054417962e-01
3.844353423054417962e-01
3.908718548858982067e-01
3.692217671152721037e-01
3.551784669397308192e-01
3.604447045055588217e-01
3.452311293153891292e-01
3.358689291983615877e-01
3.364540667056758472e-01
3.323581041544763082e-01
3.423054417788179982e-01
3.335283791691047162e-01
3.294324166179052327e-01
3.048566413107079986e-01
3.101228788765360012e-01
3.077823288472791297e-01
3.071971913399648701e-01
3.060269163253364622e-01
3.060269163253364622e-01
2.925687536571094371e-01
2.949093036863663086e-01
2.826214160327676916e-01
2.873025160912814346e-01
2.785254534815681526e-01
2.896430661205383061e-01
2.802808660035108201e-01
2.796957284961966161e-01
2.820362785254534876e-01
2.785254534815681526e-01
2.767700409596254851e-01
2.744294909303686136e-01
2.715038033937975381e-01
2.709186658864833341e-01
2.521942656524283066e-01
2.445874780573434881e-01
2.533645406670567701e-01
2.387361029842012816e-01
2.322995904037448711e-01
2.440023405500292564e-01
2.486834406085429994e-01
2.516091281451141026e-01
2.334698654183733069e-01
2.486834406085429994e-01
2.293739028671737956e-01
2.440023405500292564e-01
2.305441778818022314e-01
2.270333528379169241e-01
2.264482153306026924e-01
2.352252779403159744e-01
2.264482153306026924e-01
2.258630778232884606e-01
2.188414277355178461e-01
2.071386775892334609e-01
2.106495026331187959e-01
2.235225277940315891e-01
2.153306026916325389e-01
2.083089526038618966e-01
2.047981275599765894e-01
1.983616149795201788e-01
2.065535400819192569e-01
2.071386775892334609e-01
1.942656524283206676e-01
1.960210649502633073e-01
1.895845523698068968e-01
1.889994148624926928e-01
1.860737273259215896e-01
2.036278525453481536e-01
1.878291398478642571e-01
1.966062024575775391e-01
1.913399648917495643e-01
1.849034523112931538e-01
1.767115272088941036e-01
1.696898771211234613e-01
1.825629022820362823e-01
1.726155646576945646e-01
1.831480397893504863e-01
1.860737273259215896e-01
1.837331772966647181e-01
1.720304271503803328e-01
1.802223522527794108e-01
1.732007021650087686e-01
1.819777647747220506e-01
1.720304271503803328e-01
1.755412521942656401e-01
1.767115272088941036e-01
1.714452896430661288e-01
1.749561146869514361e-01
1.732007021650087686e-01
1.632533645406670508e-01
1.644236395552954866e-01
1.603276770040959753e-01
1.661790520772381541e-01
1.620830895260386151e-01
1.626682270333528468e-01
1.533060269163253331e-01
1.439438267992978471e-01
1.404330017554125121e-01
1.515506143943826933e-01
1.644236395552954866e-01
1.568168519602106403e-01
1.421884142773551796e-01
1.357519016968987691e-01
1.392627267407840763e-01
1.357519016968987691e-01
1.339964891749561016e-01
1.398478642480983081e-01
1.456992393212404868e-01
1.445289643066120511e-01
1.398478642480983081e-01
1.345816266822703333e-01
1.357519016968987691e-01
1.316559391456992301e-01
1.299005266237565903e-01
1.316559391456992301e-01
1.439438267992978471e-01
1.363370392042130008e-01
1.322410766530134618e-01
1.357519016968987691e-01
1.316559391456992301e-01
1.205383265067290766e-01
1.293153891164423586e-01
1.293153891164423586e-01
1.275599765944997188e-01
1.299005266237565903e-01
1.445289643066120511e-01
1.380924517261556406e-01
1.363370392042130008e-01
1.287302516091281546e-01
1.304856641310707943e-01
1.339964891749561016e-01
1.299005266237565903e-01
1.392627267407840763e-01
1.369221767115272048e-01
1.351667641895845651e-01
1.357519016968987691e-01
1.246342890579286156e-01
1.205383265067290766e-01
1.275599765944997188e-01
1.310708016383850261e-01
1.310708016383850261e-01
1.287302516091281546e-01
1.240491515506143977e-01
1.240491515506143977e-01
1.146869514335868978e-01
1.205383265067290766e-01
1.240491515506143977e-01
1.222937390286717441e-01
1.193680514921006408e-01
1.152720889409011157e-01
1.129315389116442303e-01
1.146869514335868978e-01
1.059098888238736158e-01
1.170275014628437693e-01
1.123464014043300124e-01
1.135166764189584621e-01
1.088355763604447052e-01
1.094207138677589231e-01
1.181977764774722051e-01
1.117612638970157946e-01
1.105909888823873588e-01
1.129315389116442303e-01
1.135166764189584621e-01
1.135166764189584621e-01
1.094207138677589231e-01
1.135166764189584621e-01
1.035693387946167304e-01
1.123464014043300124e-01
1.064950263311878337e-01
1.094207138677589231e-01
1.012287887653598589e-01
1.053247513165593979e-01
1.076653013458162694e-01
9.537741369221766630e-02
1.076653013458162694e-01
1.105909888823873588e-01
1.047396138092451662e-01
9.596255119953188417e-02
9.771796372147455167e-02
9.069631363370392330e-02
9.011117612638970542e-02
9.654768870684610205e-02
9.303686366296079480e-02
1.047396138092451662e-01
1.000585137507314232e-01
9.888823873610298743e-02
9.596255119953188417e-02
9.537741369221766630e-02
1.023990637799882947e-01
9.303686366296079480e-02
9.362200117027501267e-02
9.128145114101814117e-02
8.952603861907548755e-02
9.596255119953188417e-02
9.069631363370392330e-02
8.191925102399064129e-02
9.069631363370392330e-02
8.250438853130485917e-02
9.303686366296079480e-02
9.420713867758923055e-02
8.425980105324751279e-02
8.952603861907548755e-02
9.186658864833235905e-02
9.771796372147455167e-02
9.479227618490344842e-02
8.777062609713282004e-02
8.425980105324751279e-02
9.479227618490344842e-02
8.308952603861907704e-02
8.308952603861907704e-02
8.484493856056173067e-02
8.425980105324751279e-02
8.425980105324751279e-02
8.835576360444705180e-02
8.425980105324751279e-02
8.777062609713282004e-02
8.308952603861907704e-02
9.011117612638970542e-02
8.074897600936220554e-02
8.250438853130485917e-02
7.840842598010532016e-02
7.782328847279110229e-02
8.191925102399064129e-02
7.899356348741953804e-02
7.080163838502047391e-02
7.197191339964892354e-02
7.372732592159157716e-02
8.074897600936220554e-02
8.601521357519016642e-02
7.723815096547688441e-02
7.197191339964892354e-02
6.904622586307782028e-02
7.606787595084844866e-02
7.314218841427735929e-02
7.314218841427735929e-02
7.489760093622001291e-02
7.255705090696314141e-02
6.553540081919251303e-02
7.899356348741953804e-02
7.431246342890579504e-02
6.787595084844938453e-02
6.787595084844938453e-02
6.260971328262140978e-02
6.904622586307782028e-02
6.436512580456407728e-02
6.787595084844938453e-02
6.729081334113516666e-02
7.431246342890579504e-02
7.021650087770625603e-02
6.670567583382094878e-02
6.436512580456407728e-02
6.260971328262140978e-02
6.553540081919251303e-02
7.138677589233469178e-02
6.436512580456407728e-02
7.197191339964892354e-02
7.021650087770625603e-02
6.670567583382094878e-02
7.138677589233469178e-02
7.255705090696314141e-02
7.080163838502047391e-02
7.138677589233469178e-02
6.963136337039203816e-02
6.963136337039203816e-02
7.372732592159157716e-02
6.319485078993564153e-02
6.553540081919251303e-02
6.495026331187829516e-02
6.729081334113516666e-02
6.729081334113516666e-02
6.787595084844938453e-02
6.085430076067875615e-02
6.495026331187829516e-02
6.495026331187829516e-02
6.963136337039203816e-02
6.319485078993564153e-02
6.670567583382094878e-02
6.729081334113516666e-02
6.670567583382094878e-02
5.734347571679344890e-02
6.319485078993564153e-02
6.202457577530719884e-02
6.553540081919251303e-02
7.548273844353423079e-02
6.436512580456407728e-02
6.963136337039203816e-02
6.729081334113516666e-02
6.612053832650673091e-02
6.436512580456407728e-02
6.085430076067875615e-02
5.851375073142188465e-02
6.436512580456407728e-02
6.729081334113516666e-02
6.436512580456407728e-02
6.202457577530719884e-02
6.436512580456407728e-02
5.909888823873610253e-02
6.260971328262140978e-02
5.968402574605032040e-02
6.846108835576360241e-02
6.904622586307782028e-02
6.143943826799298097e-02
5.266237565827969896e-02
6.377998829724985941e-02
5.792861322410766678e-02
6.846108835576360241e-02
5.968402574605032040e-02
5.968402574605032040e-02
6.319485078993564153e-02
6.436512580456407728e-02
6.143943826799298097e-02
5.617320070216500622e-02
5.968402574605032040e-02
6.026916325336453828e-02
5.909888823873610253e-02
5.792861322410766678e-02
5.441778818022235259e-02
5.500292568753657046e-02
5.968402574605032040e-02
6.495026331187829516e-02
5.968402574605032040e-02
5.792861322410766678e-02
5.558806319485078834e-02
5.968402574605032040e-02
5.617320070216500622e-02
5.441778818022235259e-02
5.675833820947923103e-02
6.202457577530719884e-02
5.909888823873610253e-02
5.383265067290813471e-02
5.207723815096547415e-02
5.968402574605032040e-02
5.909888823873610253e-02
5.207723815096547415e-02
5.149210064365125628e-02
5.734347571679344890e-02
5.734347571679344890e-02
5.266237565827969896e-02
5.383265067290813471e-02
5.734347571679344890e-02
5.266237565827969896e-02
4.973668812170860265e-02
5.324751316559391684e-02
5.324751316559391684e-02
5.383265067290813471e-02
5.266237565827969896e-02
5.090696313633703840e-02
5.324751316559391684e-02
4.915155061439438477e-02
5.090696313633703840e-02
5.383265067290813471e-02
5.792861322410766678e-02
5.149210064365125628e-02
4.973668812170860265e-02
4.681100058513750634e-02
4.564072557050907059e-02
4.915155061439438477e-02
4.622586307782328846e-02
4.564072557050907059e-02
