1.000000000000000000e+00
8.181049069373942384e-01
7.478849407783417780e-01
7.225042301184433358e-01
6.903553299492385387e-01
6.810490693739424950e-01
6.379018612521150100e-01
6.209813874788494559e-01
6.235194585448392557e-01
6.082910321489001237e-01
6.040609137055837907e-01
5.617597292724195723e-01
5.532994923857867953e-01
5.744500846023689045e-01
5.448392554991540182e-01
5.279187817258883531e-01
5.025380710659897998e-01
5.101522842639594213e-01
5.093062605752961547e-01
4.974619289340101447e-01
4.966159052453468781e-01
4.906937394247039008e-01
4.746192893401015023e-01
4.475465313028764713e-01
4.636209813874788699e-01
4.585448392554991592e-01
4.272419627749576843e-01
4.153976311336717298e-01
4.052453468697123640e-01
3.984771573604060646e-01
4.094754653130287525e-01
3.781725888324873330e-01
3.705583756345177671e-01
3.671742808798646451e-01
3.485617597292724468e-01
3.401015228426396142e-01
3.443316412859560027e-01
3.604060913705584013e-01
3.714043993231810337e-01
3.358714043993231702e-01
3.350253807106599035e-01
2.927241962774957962e-01
3.028764805414551620e-01
2.969543147208121847e-01
3.096446700507614058e-01
3.028764805414551620e-01
3.011844331641285732e-01
3.104906937394247279e-01
2.622673434856175878e-01
2.868020304568528189e-01
2.859560067681894968e-01
2.715736040609136870e-01
2.758037225042301310e-01
2.825719120135363749e-01
2.622673434856175878e-01
2.707275803722504204e-01
2.622673434856175878e-01
2.859560067681894968e-01
2.529610829103214886e-01
2.648054145516074431e-01
2.571912013536378772e-01
2.512690355329948999e-01
2.563451776649746106e-01
2.360406091370558512e-01
2.538071065989847552e-01
2.360406091370558512e-01
2.428087986463620951e-01
2.309644670050761406e-01
2.368866328257191178e-01
2.191201353637901861e-01
2.081218274111675259e-01
2.199661590524534804e-01
2.267343485617597243e-01
2.335025380710659959e-01
2.081218274111675259e-01
2.233502538071066024e-01
2.081218274111675259e-01
1.971235194585448380e-01
2.021996615905245209e-01
1.996615905245346934e-01
1.768189509306260510e-01
1.869712351945854445e-01
1.861252115059221779e-01
1.903553299492385664e-01
2.021996615905245209e-01
1.835871404399323226e-01
2.021996615905245209e-01
1.988155668358713990e-01
1.793570219966159063e-01
1.700507614213198071e-01
1.725888324873096347e-01
1.717428087986463681e-01
1.768189509306260510e-01
1.649746192893400965e-01
1.785109983079526119e-01
1.641285956006768298e-01
1.802030456852792006e-01
1.734348561759729290e-01
1.827411167512690282e-01
1.514382402707275810e-01
1.666666666666666574e-01
1.582064297800338526e-01
1.649746192893400965e-01
1.615905245346869745e-01
1.412859560067681874e-01
1.514382402707275810e-01
1.395939086294416265e-01
1.658206429780033908e-01
1.412859560067681874e-01
1.370558375634517712e-01
1.328257191201353549e-01
1.285956006768189386e-01
1.311336717428087939e-01
1.353637901861252102e-01
1.277495769881556720e-01
1.463620981387478981e-01
1.421319796954314818e-01
1.269035532994923776e-01
1.285956006768189386e-01
1.235194585448392557e-01
1.311336717428087939e-01
1.218274111675126947e-01
1.192893401015228394e-01
1.184433164128595589e-01
1.311336717428087939e-01
1.294416243654822329e-01
1.235194585448392557e-01
1.108291032148900207e-01
1.209813874788494142e-01
1.201353637901861199e-01
1.260575296108291110e-01
1.159052453468697175e-01
1.125211505922165817e-01
1.150592216582064231e-01
1.201353637901861199e-01
1.167512690355329980e-01
1.125211505922165817e-01
1.285956006768189386e-01
1.167512690355329980e-01
1.277495769881556720e-01
1.175972927241962784e-01
1.311336717428087939e-01
1.319796954314720883e-01
1.201353637901861199e-01
9.983079526226734668e-02
1.023688663282571881e-01
8.883248730964467266e-02
1.032148900169204686e-01
9.306260575296108895e-02
1.032148900169204686e-01
9.813874788494077184e-02
8.544839255499153685e-02
8.883248730964467266e-02
9.475465313028764991e-02
9.306260575296108895e-02
9.729272419627749136e-02
1.032148900169204686e-01
9.137055837563451410e-02
9.898477157360406620e-02
9.137055837563451410e-02
9.475465313028764991e-02
9.729272419627749136e-02
8.798646362098139218e-02
9.898477157360406620e-02
1.032148900169204686e-01
9.644670050761421087e-02
9.983079526226734668e-02
8.629441624365481733e-02
9.813874788494077184e-02
8.206429780033841492e-02
8.375634517766497589e-02
9.390862944162436943e-02
8.291032148900169541e-02
8.291032148900169541e-02
8.206429780033841492e-02
8.544839255499153685e-02
7.952622673434855960e-02
7.021996615905244654e-02
7.360406091370558235e-02
7.275803722504230187e-02
7.106598984771574090e-02
6.683587140439932461e-02
7.529610829103214331e-02
7.783417935702199864e-02
6.091370558375634736e-02
7.191201353637902138e-02
7.021996615905244654e-02
8.037225042301184008e-02
6.006768189509305994e-02
6.768189509306260510e-02
7.360406091370558235e-02
6.006768189509305994e-02
7.445008460236886283e-02
6.345177664974618881e-02
7.275803722504230187e-02
6.514382402707276365e-02
6.260575296108290833e-02
4.906937394247038592e-02
5.245346869712352172e-02
6.852791878172588558e-02
7.021996615905244654e-02
6.683587140439932461e-02
5.922165820642977946e-02
6.006768189509305994e-02
6.006768189509305994e-02
6.260575296108290833e-02
5.837563451776649898e-02
6.345177664974618881e-02
7.106598984771574090e-02
5.922165820642977946e-02
6.683587140439932461e-02
6.091370558375634736e-02
6.429780033840946929e-02
6.683587140439932461e-02
7.021996615905244654e-02
6.429780033840946929e-02
6.175972927241962784e-02
6.260575296108290833e-02
6.175972927241962784e-02
5.499153976311337011e-02
5.668358714043993107e-02
4.653130287648054447e-02
5.245346869712352172e-02
5.160744500846023430e-02
4.906937394247038592e-02
4.653130287648054447e-02
5.245346869712352172e-02
4.230118443316412818e-02
4.483925549915397657e-02
4.314720812182740867e-02
3.553299492385787045e-02
4.737732656514382495e-02
4.230118443316412818e-02
4.230118443316412818e-02
4.906937394247038592e-02
5.160744500846023430e-02
4.314720812182740867e-02
4.314720812182740867e-02
4.653130287648054447e-02
5.668358714043993107e-02
4.568527918781725705e-02
5.499153976311337011e-02
5.668358714043993107e-02
6.260575296108290833e-02
4.991539763113367334e-02
5.160744500846023430e-02
4.991539763113367334e-02
5.499153976311337011e-02
5.076142131979695382e-02
4.399323181049069609e-02
5.076142131979695382e-02
4.737732656514382495e-02
5.245346869712352172e-02
4.991539763113367334e-02
4.822335025380710544e-02
4.991539763113367334e-02
5.245346869712352172e-02
4.906937394247038592e-02
5.414551607445008269e-02
4.653130287648054447e-02
4.568527918781725705e-02
4.906937394247038592e-02
4.822335025380710544e-02
5.245346869712352172e-02
4.145516074450084770e-02
4.060913705583756028e-02
3.891708967851099932e-02
4.145516074450084770e-02
3.553299492385787045e-02
4.230118443316412818e-02
5.160744500846023430e-02
3.553299492385787045e-02
3.722504230118443141e-02
4.145516074450084770e-02
3.468697123519458303e-02
3.891708967851099932e-02
4.230118443316412818e-02
3.553299492385787045e-02
3.722504230118443141e-02
3.976311336717427980e-02
3.553299492385787045e-02
3.299492385786802207e-02
3.553299492385787045e-02
3.553299492385787045e-02
4.230118443316412818e-02
4.230118443316412818e-02
3.637901861252115093e-02
3.891708967851099932e-02
3.891708967851099932e-02
3.722504230118443141e-02
3.130287648054145416e-02
3.891708967851099932e-02
3.299492385786802207e-02
3.384094754653130255e-02
3.468697123519458303e-02
3.130287648054145416e-02
3.214890016920473464e-02
2.791878172588832530e-02
3.553299492385787045e-02
3.214890016920473464e-02
3.637901861252115093e-02
2.791878172588832530e-02
2.961082910321488973e-02
2.791878172588832530e-02
3.214890016920473464e-02
2.453468697123519296e-02
3.553299492385787045e-02
3.130287648054145416e-02
3.299492385786802207e-02
2.876480541455160578e-02
3.045685279187817368e-02
2.791878172588832530e-02
3.214890016920473464e-02
3.299492385786802207e-02
2.961082910321488973e-02
2.961082910321488973e-02
2.707275803722504134e-02
2.876480541455160578e-02
2.368866328257191248e-02
2.791878172588832530e-02
3.891708967851099932e-02
3.384094754653130255e-02
3.637901861252115093e-02
2.707275803722504134e-02
2.876480541455160578e-02
3.384094754653130255e-02
3.384094754653130255e-02
2.707275803722504134e-02
3.214890016920473464e-02
2.453468697123519296e-02
2.538071065989847691e-02
2.876480541455160578e-02
2.453468697123519296e-02
3.214890016920473464e-02
3.722504230118443141e-02
3.468697123519458303e-02
2.707275803722504134e-02
3.045685279187817368e-02
3.214890016920473464e-02
3.299492385786802207e-02
3.637901861252115093e-02
3.045685279187817368e-02
3.553299492385787045e-02
2.622673434856176086e-02
3.045685279187817368e-02
3.384094754653130255e-02
3.130287648054145416e-02
3.214890016920473464e-02
3.299492385786802207e-02
2.961082910321488973e-02
3.130287648054145416e-02
3.384094754653130255e-02
2.622673434856176086e-02
2.707275803722504134e-02
3.468697123519458303e-02
2.707275803722504134e-02
3.384094754653130255e-02
2.791878172588832530e-02
3.468697123519458303e-02
3.722504230118443141e-02
2.707275803722504134e-02
3.299492385786802207e-02
2.791878172588832530e-02
2.876480541455160578e-02
3.214890016920473464e-02
2.876480541455160578e-02
2.791878172588832530e-02
2.453468697123519296e-02
2.453468697123519296e-02
2.622673434856176086e-02
2.707275803722504134e-02
1.522842639593908684e-02
2.030456852791878014e-02
1.861252115059221571e-02
1.945854483925549966e-02
2.538071065989847691e-02
2.284263959390862853e-02
2.453468697123519296e-02
2.115059221658206409e-02
1.945854483925549966e-02
2.368866328257191248e-02
2.115059221658206409e-02
2.284263959390862853e-02
1.945854483925549966e-02
2.284263959390862853e-02
2.284263959390862853e-02
2.538071065989847691e-02
2.622673434856176086e-02
2.030456852791878014e-02
2.622673434856176086e-02
2.199661590524534804e-02
2.115059221658206409e-02
1.945854483925549966e-02
2.538071065989847691e-02
1.776649746192893523e-02
1.945854483925549966e-02
2.115059221658206409e-02
1.861252115059221571e-02
2.453468697123519296e-02
2.453468697123519296e-02
2.791878172588832530e-02
