1.000000000000000000e+00
7.890743550834597997e-01
6.980273141122913527e-01
6.449165402124430457e-01
6.691957511380880463e-01
5.963581183611532666e-01
6.084977238239757114e-01
5.963581183611532666e-01
5.811836115326252106e-01
5.462822458270105708e-01
5.599393019726859322e-01
5.553869499241275154e-01
5.311077389984825148e-01
5.098634294385432364e-01
4.946889226100151804e-01
4.810318664643399300e-01
4.840667678300455412e-01
4.704097116843702353e-01
4.749620637329286521e-01
4.582701062215477905e-01
4.886191198786039580e-01
4.567526555386949849e-01
4.537177541729893737e-01
4.203338391502275950e-01
4.385432473444613177e-01
4.415781487101669289e-01
4.279210925644916785e-01
4.218512898330804006e-01
3.732928679817905659e-01
3.672230652503793435e-01
3.626707132018209268e-01
3.657056145675265380e-01
3.444613050075872596e-01
3.657056145675265380e-01
3.474962063732928708e-01
3.156297420333838977e-01
3.110773899848254809e-01
3.444613050075872596e-01
3.262518968133535924e-01
3.292867981790592036e-01
3.171471927162367033e-01
2.989377845220030361e-01
2.928679817905918137e-01
2.913505311077390081e-01
2.959028831562974249e-01
2.974203338391502305e-01
3.095599393019726753e-01
3.080424886191198697e-01
3.019726858877086473e-01
3.019726858877086473e-01
2.776934749620637577e-01
2.731411229135052854e-01
2.503793626707132014e-01
2.640364188163884518e-01
2.655538694992412574e-01
2.655538694992412574e-01
2.716236722306524798e-01
2.867981790591805913e-01
2.458270106221547846e-01
2.518968133535660070e-01
2.867981790591805913e-01
2.685887708649468686e-01
2.640364188163884518e-01
2.701062215477996742e-01
2.701062215477996742e-01
2.716236722306524798e-01
2.473444613050075902e-01
2.427921092564491734e-01
2.685887708649468686e-01
2.625189681335356462e-01
2.443095599393019790e-01
2.625189681335356462e-01
2.427921092564491734e-01
2.397572078907435622e-01
2.564491654021244238e-01
2.427921092564491734e-01
2.655538694992412574e-01
2.473444613050075902e-01
2.336874051593323121e-01
2.412746585735963678e-01
2.200303490136570617e-01
2.306525037936267009e-01
2.139605462822458393e-01
1.987860394537177555e-01
2.124430955993930059e-01
1.927162367223065331e-01
2.078907435508345891e-01
2.018209408194233667e-01
2.018209408194233667e-01
2.245827010622154785e-01
2.109256449165402003e-01
2.048558421851289779e-01
1.987860394537177555e-01
1.790591805766312550e-01
2.033383915022761723e-01
1.775417298937784494e-01
1.851289833080424774e-01
1.729893778452200326e-01
1.790591805766312550e-01
1.866464339908952830e-01
1.760242792109256438e-01
1.820940819423368662e-01
1.851289833080424774e-01
1.820940819423368662e-01
1.729893778452200326e-01
1.866464339908952830e-01
1.866464339908952830e-01
1.820940819423368662e-01
1.623672230652503656e-01
1.714719271623672270e-01
1.684370257966616158e-01
1.775417298937784494e-01
1.623672230652503656e-01
1.729893778452200326e-01
1.729893778452200326e-01
1.654021244309560046e-01
1.487101669195751152e-01
1.851289833080424774e-01
1.638846737481031990e-01
1.745068285280728382e-01
1.638846737481031990e-01
1.502276176024279208e-01
1.532625189681335320e-01
1.593323216995447544e-01
1.502276176024279208e-01
1.654021244309560046e-01
1.608497723823975600e-01
1.532625189681335320e-01
1.578148710166919488e-01
1.532625189681335320e-01
1.441578148710166984e-01
1.471927162367223096e-01
1.426403641881638928e-01
1.487101669195751152e-01
1.517450682852807264e-01
1.502276176024279208e-01
1.456752655538695040e-01
1.335356600910470315e-01
1.320182094081942259e-01
1.365705614567526427e-01
1.183611532625189616e-01
1.274658573596358091e-01
1.350531107738998371e-01
1.320182094081942259e-01
1.517450682852807264e-01
1.335356600910470315e-01
1.274658573596358091e-01
1.213960546282245867e-01
1.183611532625189616e-01
1.244309559939301979e-01
1.320182094081942259e-01
1.396054628224582816e-01
1.274658573596358091e-01
1.244309559939301979e-01
1.289833080424886147e-01
1.305007587253414203e-01
1.350531107738998371e-01
1.274658573596358091e-01
1.274658573596358091e-01
1.320182094081942259e-01
1.198786039453717811e-01
1.244309559939301979e-01
1.213960546282245867e-01
1.153262518968133504e-01
1.122913505311077392e-01
1.107738998482549336e-01
1.289833080424886147e-01
1.122913505311077392e-01
1.274658573596358091e-01
1.259484066767830035e-01
1.213960546282245867e-01
1.229135053110773923e-01
1.259484066767830035e-01
1.244309559939301979e-01
1.244309559939301979e-01
1.138088012139605448e-01
1.213960546282245867e-01
1.077389984825493224e-01
1.153262518968133504e-01
1.198786039453717811e-01
1.259484066767830035e-01
1.168437025796661560e-01
1.153262518968133504e-01
1.168437025796661560e-01
1.183611532625189616e-01
1.213960546282245867e-01
1.183611532625189616e-01
1.183611532625189616e-01
9.559939301972686376e-02
1.198786039453717811e-01
9.711684370257966936e-02
8.952959028831562749e-02
1.092564491654021280e-01
1.062215477996965030e-01
9.104704097116843309e-02
1.077389984825493224e-01
1.077389984825493224e-01
9.559939301972686376e-02
9.863429438543247496e-02
1.092564491654021280e-01
1.001517450682852806e-01
1.138088012139605448e-01
1.092564491654021280e-01
1.350531107738998371e-01
1.092564491654021280e-01
1.077389984825493224e-01
1.062215477996965030e-01
9.711684370257966936e-02
9.408194233687405816e-02
1.047040971168436974e-01
1.077389984825493224e-01
1.001517450682852806e-01
1.001517450682852806e-01
9.256449165402123869e-02
1.016691957511380862e-01
9.863429438543247496e-02
9.408194233687405816e-02
1.031866464339908918e-01
9.408194233687405816e-02
9.256449165402123869e-02
1.001517450682852806e-01
9.256449165402123869e-02
9.256449165402123869e-02
8.345978755690440509e-02
1.001517450682852806e-01
1.001517450682852806e-01
1.016691957511380862e-01
9.863429438543247496e-02
8.497723823975721069e-02
8.952959028831562749e-02
7.587253414264036322e-02
9.559939301972686376e-02
9.408194233687405816e-02
9.256449165402123869e-02
9.711684370257966936e-02
8.497723823975721069e-02
8.952959028831562749e-02
9.863429438543247496e-02
8.801213960546282189e-02
9.408194233687405816e-02
8.345978755690440509e-02
9.408194233687405816e-02
8.801213960546282189e-02
8.194233687405159949e-02
8.345978755690440509e-02
7.132018209408194642e-02
7.435508345978755762e-02
8.345978755690440509e-02
7.587253414264036322e-02
8.649468892261001629e-02
7.283763277693475202e-02
8.497723823975721069e-02
7.283763277693475202e-02
6.525037936267071015e-02
7.283763277693475202e-02
7.283763277693475202e-02
7.283763277693475202e-02
6.980273141122914082e-02
7.283763277693475202e-02
6.980273141122914082e-02
7.132018209408194642e-02
6.828528072837632135e-02
6.373292867981790455e-02
6.373292867981790455e-02
6.828528072837632135e-02
6.828528072837632135e-02
6.221547799696509895e-02
6.069802731411229335e-02
5.614567526555386962e-02
7.435508345978755762e-02
6.676783004552351575e-02
6.980273141122914082e-02
5.766312594840667521e-02
6.069802731411229335e-02
6.828528072837632135e-02
6.828528072837632135e-02
6.373292867981790455e-02
5.311077389984825148e-02
7.435508345978755762e-02
6.221547799696509895e-02
5.614567526555386962e-02
5.462822458270106402e-02
6.828528072837632135e-02
6.221547799696509895e-02
6.069802731411229335e-02
6.676783004552351575e-02
6.373292867981790455e-02
6.373292867981790455e-02
5.614567526555386962e-02
6.221547799696509895e-02
5.918057663125948081e-02
5.311077389984825148e-02
5.614567526555386962e-02
5.918057663125948081e-02
5.766312594840667521e-02
6.828528072837632135e-02
5.766312594840667521e-02
5.614567526555386962e-02
6.221547799696509895e-02
5.766312594840667521e-02
5.766312594840667521e-02
5.766312594840667521e-02
6.069802731411229335e-02
5.462822458270106402e-02
5.311077389984825148e-02
5.311077389984825148e-02
5.614567526555386962e-02
5.311077389984825148e-02
5.007587253414264028e-02
4.097116843702579975e-02
5.007587253414264028e-02
4.552352048558421654e-02
5.311077389984825148e-02
5.159332321699544588e-02
5.462822458270106402e-02
4.552352048558421654e-02
4.704097116843702908e-02
4.400606980273141094e-02
4.248861911987860535e-02
5.311077389984825148e-02
6.069802731411229335e-02
5.462822458270106402e-02
5.007587253414264028e-02
5.462822458270106402e-02
4.552352048558421654e-02
4.855842185128983468e-02
5.311077389984825148e-02
5.159332321699544588e-02
5.614567526555386962e-02
3.793626707132018161e-02
4.552352048558421654e-02
4.855842185128983468e-02
5.007587253414264028e-02
4.704097116843702908e-02
4.097116843702579975e-02
4.248861911987860535e-02
4.400606980273141094e-02
4.400606980273141094e-02
3.945371775417298721e-02
4.704097116843702908e-02
4.552352048558421654e-02
4.097116843702579975e-02
4.552352048558421654e-02
4.097116843702579975e-02
4.400606980273141094e-02
3.034901365705614668e-02
3.338391502276175787e-02
4.248861911987860535e-02
3.793626707132018161e-02
4.400606980273141094e-02
3.641881638846737601e-02
3.034901365705614668e-02
2.731411229135053201e-02
3.338391502276175787e-02
3.490136570561457041e-02
3.034901365705614668e-02
3.490136570561457041e-02
3.338391502276175787e-02
2.579666160849772294e-02
3.641881638846737601e-02
3.945371775417298721e-02
3.338391502276175787e-02
3.793626707132018161e-02
3.641881638846737601e-02
4.248861911987860535e-02
3.945371775417298721e-02
3.490136570561457041e-02
3.641881638846737601e-02
3.338391502276175787e-02
4.097116843702579975e-02
4.248861911987860535e-02
2.883156297420333761e-02
4.097116843702579975e-02
3.338391502276175787e-02
3.186646433990895227e-02
2.731411229135053201e-02
3.945371775417298721e-02
3.490136570561457041e-02
3.338391502276175787e-02
3.186646433990895227e-02
3.490136570561457041e-02
3.186646433990895227e-02
3.186646433990895227e-02
3.793626707132018161e-02
3.490136570561457041e-02
3.338391502276175787e-02
3.338391502276175787e-02
3.641881638846737601e-02
3.034901365705614668e-02
3.945371775417298721e-02
3.793626707132018161e-02
3.034901365705614668e-02
2.883156297420333761e-02
3.641881638846737601e-02
3.338391502276175787e-02
3.793626707132018161e-02
3.793626707132018161e-02
2.276176024279210827e-02
2.883156297420333761e-02
3.186646433990895227e-02
3.793626707132018161e-02
