1.000000000000000000e+00
8.955223880597015240e-01
7.164179104477611526e-01
7.761194029850746468e-01
7.462686567164179552e-01
7.164179104477611526e-01
6.865671641791044610e-01
6.119402985074626766e-01
6.865671641791044610e-01
5.820895522388059851e-01
7.014925373134328623e-01
5.522388059701492935e-01
3.283582089552238847e-01
5.074626865671642006e-01
5.820895522388059851e-01
5.970149253731342753e-01
6.119402985074626766e-01
5.373134328358208922e-01
4.776119402985074536e-01
6.268656716417910779e-01
4.328358208955223607e-01
5.820895522388059851e-01
5.820895522388059851e-01
4.328358208955223607e-01
5.223880597014924909e-01
5.522388059701492935e-01
6.119402985074626766e-01
5.671641791044775838e-01
5.522388059701492935e-01
5.074626865671642006e-01
5.074626865671642006e-01
6.268656716417910779e-01
4.925373134328357994e-01
5.820895522388059851e-01
5.522388059701492935e-01
5.373134328358208922e-01
5.373134328358208922e-01
5.970149253731342753e-01
3.880597014925373234e-01
4.477611940298507620e-01
4.626865671641791078e-01
5.074626865671642006e-01
4.477611940298507620e-01
5.373134328358208922e-01
5.671641791044775838e-01
5.522388059701492935e-01
5.373134328358208922e-01
5.671641791044775838e-01
6.119402985074626766e-01
4.776119402985074536e-01
4.328358208955223607e-01
5.074626865671642006e-01
6.865671641791044610e-01
5.522388059701492935e-01
5.074626865671642006e-01
4.925373134328357994e-01
4.029850746268656692e-01
3.582089552238805763e-01
5.074626865671642006e-01
4.328358208955223607e-01
4.776119402985074536e-01
5.820895522388059851e-01
3.880597014925373234e-01
3.582089552238805763e-01
3.880597014925373234e-01
2.835820895522387919e-01
3.731343283582089776e-01
3.731343283582089776e-01
4.029850746268656692e-01
4.029850746268656692e-01
3.432835820895522305e-01
4.776119402985074536e-01
4.477611940298507620e-01
4.029850746268656692e-01
3.880597014925373234e-01
4.179104477611940149e-01
3.731343283582089776e-01
3.283582089552238847e-01
4.328358208955223607e-01
3.283582089552238847e-01
3.880597014925373234e-01
4.776119402985074536e-01
4.179104477611940149e-01
4.328358208955223607e-01
3.731343283582089776e-01
3.582089552238805763e-01
5.373134328358208922e-01
5.223880597014924909e-01
4.626865671641791078e-01
3.283582089552238847e-01
3.582089552238805763e-01
4.925373134328357994e-01
4.029850746268656692e-01
4.328358208955223607e-01
4.477611940298507620e-01
2.985074626865671377e-01
3.582089552238805763e-01
3.731343283582089776e-01
3.582089552238805763e-01
2.985074626865671377e-01
3.582089552238805763e-01
3.731343283582089776e-01
3.880597014925373234e-01
3.432835820895522305e-01
3.880597014925373234e-01
3.880597014925373234e-01
4.477611940298507620e-01
3.432835820895522305e-01
4.179104477611940149e-01
4.179104477611940149e-01
3.731343283582089776e-01
2.388059701492537268e-01
3.432835820895522305e-01
2.537313432835821003e-01
2.686567164179104461e-01
3.134328358208955390e-01
3.134328358208955390e-01
3.432835820895522305e-01
3.283582089552238847e-01
4.328358208955223607e-01
3.880597014925373234e-01
3.432835820895522305e-01
3.134328358208955390e-01
3.283582089552238847e-01
3.731343283582089776e-01
3.731343283582089776e-01
3.880597014925373234e-01
3.582089552238805763e-01
3.880597014925373234e-01
3.283582089552238847e-01
2.686567164179104461e-01
3.582089552238805763e-01
3.432835820895522305e-01
2.089552238805970075e-01
2.537313432835821003e-01
2.835820895522387919e-01
3.134328358208955390e-01
2.835820895522387919e-01
3.134328358208955390e-01
3.731343283582089776e-01
3.731343283582089776e-01
3.432835820895522305e-01
3.731343283582089776e-01
3.880597014925373234e-01
3.731343283582089776e-01
3.283582089552238847e-01
3.134328358208955390e-01
2.835820895522387919e-01
3.283582089552238847e-01
2.686567164179104461e-01
3.880597014925373234e-01
3.432835820895522305e-01
3.582089552238805763e-01
3.134328358208955390e-01
2.985074626865671377e-01
3.283582089552238847e-01
4.179104477611940149e-01
2.835820895522387919e-01
2.686567164179104461e-01
2.835820895522387919e-01
2.537313432835821003e-01
3.432835820895522305e-01
3.283582089552238847e-01
2.686567164179104461e-01
3.731343283582089776e-01
3.283582089552238847e-01
2.686567164179104461e-01
2.238805970149253810e-01
2.985074626865671377e-01
2.238805970149253810e-01
2.238805970149253810e-01
2.537313432835821003e-01
2.537313432835821003e-01
3.880597014925373234e-01
2.985074626865671377e-01
3.432835820895522305e-01
3.731343283582089776e-01
4.029850746268656692e-01
3.432835820895522305e-01
3.134328358208955390e-01
3.432835820895522305e-01
3.283582089552238847e-01
2.686567164179104461e-01
2.985074626865671377e-01
3.283582089552238847e-01
3.432835820895522305e-01
3.432835820895522305e-01
3.582089552238805763e-01
3.880597014925373234e-01
2.985074626865671377e-01
3.731343283582089776e-01
3.731343283582089776e-01
3.582089552238805763e-01
4.626865671641791078e-01
3.283582089552238847e-01
2.835820895522387919e-01
4.328358208955223607e-01
3.582089552238805763e-01
2.835820895522387919e-01
2.985074626865671377e-01
2.537313432835821003e-01
3.283582089552238847e-01
2.537313432835821003e-01
2.388059701492537268e-01
2.537313432835821003e-01
2.835820895522387919e-01
3.582089552238805763e-01
2.985074626865671377e-01
3.134328358208955390e-01
2.686567164179104461e-01
2.835820895522387919e-01
3.731343283582089776e-01
2.238805970149253810e-01
2.537313432835821003e-01
2.537313432835821003e-01
3.283582089552238847e-01
3.582089552238805763e-01
3.134328358208955390e-01
2.985074626865671377e-01
2.985074626865671377e-01
2.835820895522387919e-01
2.537313432835821003e-01
3.432835820895522305e-01
3.283582089552238847e-01
2.985074626865671377e-01
3.283582089552238847e-01
2.835820895522387919e-01
2.388059701492537268e-01
2.238805970149253810e-01
2.238805970149253810e-01
2.089552238805970075e-01
2.089552238805970075e-01
2.835820895522387919e-01
2.238805970149253810e-01
2.835820895522387919e-01
2.686567164179104461e-01
2.388059701492537268e-01
2.388059701492537268e-01
2.089552238805970075e-01
2.537313432835821003e-01
2.686567164179104461e-01
2.985074626865671377e-01
2.686567164179104461e-01
4.029850746268656692e-01
2.537313432835821003e-01
3.432835820895522305e-01
2.238805970149253810e-01
1.641791044776119424e-01
2.388059701492537268e-01
2.238805970149253810e-01
3.432835820895522305e-01
2.388059701492537268e-01
1.492537313432835688e-01
2.388059701492537268e-01
2.388059701492537268e-01
2.089552238805970075e-01
2.388059701492537268e-01
3.134328358208955390e-01
2.388059701492537268e-01
2.388059701492537268e-01
2.238805970149253810e-01
2.985074626865671377e-01
2.686567164179104461e-01
2.537313432835821003e-01
3.134328358208955390e-01
3.432835820895522305e-01
2.686567164179104461e-01
2.537313432835821003e-01
2.089552238805970075e-01
3.134328358208955390e-01
2.835820895522387919e-01
2.537313432835821003e-01
2.686567164179104461e-01
2.537313432835821003e-01
2.835820895522387919e-01
2.835820895522387919e-01
2.089552238805970075e-01
3.283582089552238847e-01
2.835820895522387919e-01
2.985074626865671377e-01
2.686567164179104461e-01
2.835820895522387919e-01
2.238805970149253810e-01
2.537313432835821003e-01
2.686567164179104461e-01
2.835820895522387919e-01
3.582089552238805763e-01
3.134328358208955390e-01
3.731343283582089776e-01
3.283582089552238847e-01
2.388059701492537268e-01
3.134328358208955390e-01
3.134328358208955390e-01
2.537313432835821003e-01
2.835820895522387919e-01
2.238805970149253810e-01
3.134328358208955390e-01
1.791044776119402882e-01
2.238805970149253810e-01
2.238805970149253810e-01
2.388059701492537268e-01
2.985074626865671377e-01
1.940298507462686617e-01
2.686567164179104461e-01
3.283582089552238847e-01
3.134328358208955390e-01
2.985074626865671377e-01
3.582089552238805763e-01
2.835820895522387919e-01
3.283582089552238847e-01
2.686567164179104461e-01
3.134328358208955390e-01
2.985074626865671377e-01
3.134328358208955390e-01
2.537313432835821003e-01
3.134328358208955390e-01
2.686567164179104461e-01
2.686567164179104461e-01
2.985074626865671377e-01
2.537313432835821003e-01
2.537313432835821003e-01
2.985074626865671377e-01
2.238805970149253810e-01
2.835820895522387919e-01
2.388059701492537268e-01
2.537313432835821003e-01
2.388059701492537268e-01
1.940298507462686617e-01
2.835820895522387919e-01
3.582089552238805763e-01
2.388059701492537268e-01
2.835820895522387919e-01
3.432835820895522305e-01
3.432835820895522305e-01
1.940298507462686617e-01
3.283582089552238847e-01
2.686567164179104461e-01
2.089552238805970075e-01
2.686567164179104461e-01
2.686567164179104461e-01
3.134328358208955390e-01
2.238805970149253810e-01
2.388059701492537268e-01
1.940298507462686617e-01
2.835820895522387919e-01
2.388059701492537268e-01
2.985074626865671377e-01
2.686567164179104461e-01
3.134328358208955390e-01
3.134328358208955390e-01
2.985074626865671377e-01
3.731343283582089776e-01
2.686567164179104461e-01
2.388059701492537268e-01
2.238805970149253810e-01
2.537313432835821003e-01
2.835820895522387919e-01
2.686567164179104461e-01
2.985074626865671377e-01
2.388059701492537268e-01
1.940298507462686617e-01
2.238805970149253810e-01
1.940298507462686617e-01
1.641791044776119424e-01
2.388059701492537268e-01
2.537313432835821003e-01
2.686567164179104461e-01
2.388059701492537268e-01
2.537313432835821003e-01
2.089552238805970075e-01
1.791044776119402882e-01
2.388059701492537268e-01
1.791044776119402882e-01
2.686567164179104461e-01
1.641791044776119424e-01
1.791044776119402882e-01
1.940298507462686617e-01
2.089552238805970075e-01
1.791044776119402882e-01
2.537313432835821003e-01
2.089552238805970075e-01
1.492537313432835688e-01
2.089552238805970075e-01
1.641791044776119424e-01
1.343283582089552231e-01
2.388059701492537268e-01
1.940298507462686617e-01
2.238805970149253810e-01
1.940298507462686617e-01
2.388059701492537268e-01
2.537313432835821003e-01
2.835820895522387919e-01
2.686567164179104461e-01
2.537313432835821003e-01
3.432835820895522305e-01
2.985074626865671377e-01
2.388059701492537268e-01
2.537313432835821003e-01
2.388059701492537268e-01
1.940298507462686617e-01
2.388059701492537268e-01
