1.000000000000000000e+00
9.043988269794721591e-01
8.568914956011730588e-01
8.328445747800586885e-01
8.234604105571847743e-01
8.375366568914955900e-01
8.140762463343108601e-01
8.199413489736070426e-01
7.870967741935483986e-01
7.859237536656891177e-01
7.495601173020527419e-01
7.571847507331378457e-01
7.607038123167155774e-01
7.360703812316715666e-01
7.501466275659823824e-01
7.043988269794720924e-01
7.290322580645161032e-01
7.243401759530792017e-01
7.131964809384164772e-01
6.991202346041055504e-01
7.184750733137830192e-01
6.809384164222873626e-01
7.131964809384164772e-01
6.897360703812316363e-01
6.862170087976539046e-01
6.815249266862170030e-01
6.609970674486803643e-01
6.398826979472140852e-01
6.258064516129032695e-01
6.387096774193548043e-01
6.551319648093841819e-01
6.252199413489736290e-01
6.164222873900293553e-01
6.211143695014662569e-01
6.076246334310850816e-01
6.146627565982404340e-01
6.087976539589442515e-01
5.994134897360703373e-01
6.111436950146627023e-01
5.835777126099707113e-01
5.917888563049853445e-01
6.029325513196480690e-01
5.947214076246334358e-01
5.812316715542521495e-01
5.542521994134896879e-01
5.724340175953078758e-01
5.507331378299120672e-01
5.519061583577712371e-01
5.478005865102639760e-01
5.436950146627566038e-01
5.495601173020527863e-01
5.612903225806451513e-01
5.565982404692082497e-01
5.278592375366568668e-01
5.489736070381231459e-01
5.319648093841642389e-01
5.284457478005865072e-01
5.366568914956011405e-01
5.219941348973606843e-01
5.131964809384164106e-01
5.155425219941348614e-01
5.161290322580645018e-01
5.014662756598240456e-01
5.143695014662756915e-01
5.237536656891496056e-01
5.155425219941348614e-01
4.891495601173020402e-01
4.914956011730205465e-01
4.973607038123167290e-01
4.897360703812316807e-01
4.844574780058650831e-01
4.973607038123167290e-01
4.914956011730205465e-01
4.480938416422287629e-01
4.791788856304985411e-01
4.639296187683284445e-01
4.733137829912023586e-01
4.674486803519061762e-01
4.639296187683284445e-01
4.598240469208211278e-01
4.545454545454545303e-01
4.568914956011730366e-01
4.604105571847507128e-01
4.498533724340175732e-01
4.410557184750732995e-01
4.404692082111437146e-01
4.492668621700879883e-01
4.615835777126099937e-01
4.170087976539589292e-01
4.334310850439882512e-01
4.111436950146627467e-01
4.222873900293255267e-01
4.351906158357771170e-01
4.451612903225806717e-01
4.316715542521994409e-01
4.181818181818181546e-01
4.281524926686217092e-01
4.240469208211143926e-01
4.158357771260997038e-01
4.181818181818181546e-01
4.117302052785923872e-01
4.199413489736070204e-01
4.258064516129032029e-01
4.175953079178885696e-01
4.117302052785923872e-01
4.134897360703812530e-01
4.035190615835776984e-01
3.958944281524926501e-01
3.982404692082111564e-01
3.964809384164222905e-01
4.029325513196481134e-01
4.011730205278592476e-01
3.865102639296187914e-01
3.935483870967741993e-01
3.677419354838709631e-01
3.806451612903225534e-01
3.800586510263929685e-01
3.870967741935483764e-01
3.870967741935483764e-01
3.695014662756598289e-01
3.689149560117301885e-01
3.730205278592375606e-01
3.812316715542521939e-01
3.665689149560117377e-01
3.736070381231671456e-01
3.706744868035190543e-01
3.612903225806451402e-01
3.653958944281525123e-01
3.630498533724340060e-01
3.560117302052785981e-01
3.583577712609970489e-01
3.601173020527859148e-01
3.313782991202345873e-01
3.607038123167155552e-01
3.601173020527859148e-01
3.542521994134897323e-01
3.530791788856305069e-01
3.777126099706744622e-01
3.530791788856305069e-01
3.507331378299120006e-01
3.454545454545454586e-01
3.348973607038123190e-01
3.337243401759530936e-01
3.542521994134897323e-01
3.395894428152492761e-01
3.431085043988269523e-01
3.296187683284457215e-01
3.319648093841642278e-01
3.255131964809384049e-01
3.307917888563050024e-01
3.307917888563050024e-01
3.313782991202345873e-01
3.302052785923753619e-01
3.348973607038123190e-01
3.284457478005864961e-01
3.131964809384163995e-01
3.331378299120234532e-01
3.225806451612903136e-01
3.313782991202345873e-01
3.208211143695014478e-01
3.167155425219941312e-01
3.085043988269794979e-01
3.067448680351906320e-01
3.085043988269794979e-01
3.114369501466275891e-01
3.249266862170088199e-01
3.214076246334310882e-01
3.173020527859237716e-01
3.055718475073313511e-01
3.178885630498533565e-01
3.161290322580644907e-01
3.085043988269794979e-01
3.014662756598240345e-01
3.126099706744868145e-01
3.026392961876832599e-01
2.850439882697947125e-01
2.879765395894428037e-01
3.032258064516129004e-01
3.026392961876832599e-01
3.038123167155425408e-01
3.108504398826979487e-01
2.956011730205278520e-01
2.926686217008797608e-01
2.891495601173020291e-01
2.850439882697947125e-01
2.950146627565982671e-01
2.991202346041055837e-01
2.920821114369501204e-01
2.826979472140762617e-01
2.932551319648094013e-01
3.049853372434017662e-01
2.944281524926686266e-01
2.920821114369501204e-01
2.838709677419354871e-01
2.938416422287389862e-01
2.803519061583577554e-01
2.885630498533724442e-01
2.697947214076246158e-01
2.791788856304985300e-01
2.850439882697947125e-01
2.780058651026393046e-01
2.756598240469207983e-01
2.744868035190615729e-01
2.803519061583577554e-01
2.639296187683284334e-01
2.909090909090908950e-01
2.768328445747800792e-01
2.897360703812316696e-01
2.692082111436950309e-01
2.733137829912023475e-01
2.680351906158357500e-01
2.803519061583577554e-01
2.592375366568914763e-01
2.750733137829912134e-01
2.803519061583577554e-01
2.609970674486803421e-01
2.574780058651026660e-01
2.686217008797653905e-01
2.680351906158357500e-01
2.668621700879765246e-01
2.604105571847507572e-01
2.463343108504398860e-01
2.592375366568914763e-01
2.533724340175952938e-01
2.674486803519061651e-01
2.715542521994134817e-01
2.604105571847507572e-01
2.586510263929618914e-01
2.580645161290322509e-01
2.480938416422287518e-01
2.492668621700879772e-01
2.539589442815249343e-01
2.668621700879765246e-01
2.645161290322580738e-01
2.580645161290322509e-01
2.639296187683284334e-01
2.475073313782991113e-01
2.480938416422287518e-01
2.604105571847507572e-01
2.451612903225806328e-01
2.434017595307917947e-01
2.416422287390029289e-01
2.480938416422287518e-01
2.475073313782991113e-01
2.334310850439882679e-01
2.351906158357771337e-01
2.287390029325513108e-01
2.346041055718475210e-01
2.375366568914956122e-01
2.287390029325513108e-01
2.334310850439882679e-01
2.234604105571847410e-01
2.211143695014662625e-01
2.205278592375366498e-01
2.258064516129032195e-01
2.087976539589442848e-01
2.193548387096774244e-01
2.304985337243401766e-01
2.211143695014662625e-01
2.240469208211143815e-01
2.275659824046920854e-01
2.322580645161290425e-01
2.234604105571847410e-01
2.334310850439882679e-01
2.175953079178885585e-01
2.234604105571847410e-01
2.140762463343108546e-01
2.134897360703812419e-01
2.105571847507331507e-01
2.140762463343108546e-01
2.123167155425219887e-01
2.117302052785923761e-01
2.111436950146627634e-01
2.146627565982404673e-01
2.123167155425219887e-01
2.170087976539589458e-01
2.099706744868035102e-01
2.111436950146627634e-01
2.105571847507331507e-01
2.129032258064516014e-01
2.134897360703812419e-01
2.076246334310850317e-01
1.917888563049853501e-01
2.076246334310850317e-01
2.087976539589442848e-01
2.046920821114369404e-01
2.058651026392961936e-01
1.982404692082111453e-01
1.964809384164222794e-01
2.029325513196481023e-01
1.958944281524926667e-01
2.076246334310850317e-01
1.941348973607038009e-01
1.859237536656891399e-01
2.005865102639296238e-01
2.052785923753665809e-01
1.929618768328445755e-01
2.064516129032258063e-01
1.988269794721407580e-01
1.964809384164222794e-01
1.941348973607038009e-01
1.906158357771260969e-01
1.958944281524926667e-01
1.935483870967741882e-01
1.870967741935483930e-01
1.865102639296187803e-01
1.859237536656891399e-01
1.824046920821114359e-01
1.923753665689149628e-01
1.929618768328445755e-01
1.788856304985337320e-01
1.847507331378299145e-01
1.906158357771260969e-01
1.853372434017595272e-01
1.917888563049853501e-01
1.736070381231671622e-01
1.765395894428152535e-01
1.753665689149560003e-01
1.859237536656891399e-01
1.677419354838709797e-01
1.695014662756598178e-01
1.618768328445747695e-01
1.771260997067448661e-01
1.800586510263929574e-01
1.824046920821114359e-01
1.671554252199413393e-01
1.730205278592375495e-01
1.677419354838709797e-01
1.747800586510263876e-01
1.782991202346041193e-01
1.700879765395894305e-01
1.741935483870967749e-01
1.712609970674486837e-01
1.583577712609970656e-01
1.513196480938416300e-01
1.671554252199413393e-01
1.736070381231671622e-01
1.782991202346041193e-01
1.700879765395894305e-01
1.730205278592375495e-01
1.700879765395894305e-01
1.659824046920821139e-01
1.554252199413489743e-01
1.577712609970674529e-01
1.607038123167155441e-01
1.601173020527859314e-01
1.677419354838709797e-01
1.677419354838709797e-01
1.530791788856304958e-01
1.648093841642228607e-01
1.700879765395894305e-01
1.554252199413489743e-01
1.560117302052785870e-01
1.589442815249266783e-01
1.630498533724340227e-01
1.589442815249266783e-01
1.542521994134897489e-01
1.560117302052785870e-01
1.636363636363636354e-01
1.618768328445747695e-01
1.677419354838709797e-01
1.630498533724340227e-01
1.571847507331378402e-01
1.665689149560117266e-01
1.560117302052785870e-01
1.560117302052785870e-01
1.413489736070381309e-01
1.524926686217008831e-01
1.513196480938416300e-01
1.425219941348973562e-01
1.548387096774193616e-01
1.542521994134897489e-01
1.524926686217008831e-01
1.536656891495601085e-01
1.519061583577712704e-01
1.589442815249266783e-01
1.513196480938416300e-01
1.413489736070381309e-01
1.413489736070381309e-01
1.466275659824047006e-01
1.413489736070381309e-01
1.571847507331378402e-01
1.466275659824047006e-01
1.501466275659824046e-01
1.513196480938416300e-01
1.395894428152492650e-01
1.425219941348973562e-01
1.460410557184750602e-01
1.384164222873900396e-01
1.390029325513196523e-01
1.436950146627566094e-01
1.384164222873900396e-01
1.472140762463343133e-01
1.460410557184750602e-01
1.407624633431085182e-01
1.372434017595307865e-01
1.454545454545454475e-01
1.431085043988269689e-01
1.478005865102639260e-01
1.343108504398826952e-01
1.431085043988269689e-01
