1.000000000000000000e+00
8.187134502923976154e-01
7.251461988304093165e-01
7.134502923976607791e-01
6.725146198830409539e-01
6.842105263157894912e-01
6.315789473684210176e-01
6.666666666666666297e-01
6.959064327485380286e-01
6.257309941520468044e-01
6.959064327485380286e-01
6.549707602339180923e-01
7.192982456140351033e-01
6.491228070175438791e-01
7.777777777777777901e-01
6.959064327485380286e-01
6.315789473684210176e-01
6.432748538011695549e-01
6.081871345029239428e-01
6.140350877192982670e-01
7.017543859649122417e-01
5.964912280701754055e-01
5.964912280701754055e-01
5.263157894736841813e-01
6.432748538011695549e-01
6.666666666666666297e-01
6.257309941520468044e-01
6.198830409356724802e-01
6.198830409356724802e-01
5.614035087719297934e-01
6.491228070175438791e-01
5.906432748538011923e-01
5.789473684210526550e-01
5.847953216374268681e-01
6.257309941520468044e-01
6.023391812865497297e-01
6.198830409356724802e-01
5.029239766081871066e-01
5.614035087719297934e-01
5.146198830409356439e-01
5.847953216374268681e-01
6.198830409356724802e-01
5.555555555555555802e-01
6.081871345029239428e-01
6.023391812865497297e-01
6.081871345029239428e-01
5.497076023391812560e-01
5.906432748538011923e-01
5.497076023391812560e-01
5.497076023391812560e-01
5.321637426900585055e-01
5.672514619883041176e-01
6.783625730994151670e-01
6.432748538011695549e-01
5.672514619883041176e-01
5.497076023391812560e-01
4.912280701754385692e-01
5.204678362573099681e-01
6.374269005847953418e-01
5.146198830409356439e-01
5.847953216374268681e-01
5.321637426900585055e-01
5.906432748538011923e-01
5.672514619883041176e-01
5.555555555555555802e-01
6.432748538011695549e-01
5.614035087719297934e-01
6.023391812865497297e-01
6.315789473684210176e-01
5.730994152046783308e-01
5.263157894736841813e-01
5.087719298245614308e-01
6.023391812865497297e-01
5.906432748538011923e-01
5.497076023391812560e-01
4.912280701754385692e-01
5.847953216374268681e-01
5.087719298245614308e-01
6.315789473684210176e-01
5.029239766081871066e-01
6.315789473684210176e-01
5.614035087719297934e-01
6.491228070175438791e-01
6.023391812865497297e-01
5.906432748538011923e-01
5.555555555555555802e-01
6.140350877192982670e-01
5.964912280701754055e-01
5.672514619883041176e-01
6.725146198830409539e-01
5.321637426900585055e-01
5.380116959064327187e-01
6.198830409356724802e-01
6.023391812865497297e-01
5.497076023391812560e-01
5.672514619883041176e-01
6.023391812865497297e-01
5.438596491228070429e-01
6.257309941520468044e-01
5.789473684210526550e-01
6.198830409356724802e-01
4.912280701754385692e-01
5.438596491228070429e-01
6.140350877192982670e-01
5.497076023391812560e-01
5.029239766081871066e-01
4.152046783625730764e-01
5.321637426900585055e-01
4.385964912280701511e-01
5.087719298245614308e-01
5.146198830409356439e-01
4.795321637426900319e-01
4.795321637426900319e-01
4.853801169590643005e-01
5.204678362573099681e-01
5.087719298245614308e-01
4.970760233918128379e-01
5.964912280701754055e-01
5.906432748538011923e-01
5.672514619883041176e-01
4.853801169590643005e-01
5.789473684210526550e-01
4.912280701754385692e-01
4.561403508771929571e-01
4.912280701754385692e-01
5.789473684210526550e-01
5.614035087719297934e-01
5.029239766081871066e-01
5.204678362573099681e-01
5.438596491228070429e-01
4.678362573099414945e-01
5.380116959064327187e-01
6.198830409356724802e-01
5.029239766081871066e-01
4.795321637426900319e-01
5.438596491228070429e-01
5.789473684210526550e-01
4.912280701754385692e-01
5.614035087719297934e-01
5.438596491228070429e-01
5.847953216374268681e-01
4.502923976608186885e-01
5.438596491228070429e-01
5.380116959064327187e-01
5.204678362573099681e-01
5.380116959064327187e-01
5.730994152046783308e-01
5.614035087719297934e-01
5.497076023391812560e-01
5.730994152046783308e-01
5.789473684210526550e-01
4.970760233918128379e-01
5.847953216374268681e-01
4.327485380116958824e-01
5.730994152046783308e-01
5.497076023391812560e-01
4.912280701754385692e-01
5.380116959064327187e-01
5.380116959064327187e-01
5.087719298245614308e-01
4.561403508771929571e-01
5.906432748538011923e-01
4.853801169590643005e-01
4.444444444444444198e-01
4.619883040935672258e-01
5.263157894736841813e-01
5.438596491228070429e-01
4.561403508771929571e-01
5.146198830409356439e-01
5.438596491228070429e-01
5.146198830409356439e-01
6.081871345029239428e-01
5.497076023391812560e-01
4.678362573099414945e-01
6.140350877192982670e-01
5.204678362573099681e-01
4.502923976608186885e-01
4.736842105263157632e-01
4.912280701754385692e-01
4.970760233918128379e-01
4.502923976608186885e-01
4.152046783625730764e-01
5.204678362573099681e-01
6.023391812865497297e-01
4.619883040935672258e-01
4.619883040935672258e-01
5.204678362573099681e-01
5.146198830409356439e-01
5.263157894736841813e-01
4.385964912280701511e-01
5.380116959064327187e-01
5.730994152046783308e-01
5.906432748538011923e-01
5.204678362573099681e-01
5.438596491228070429e-01
5.497076023391812560e-01
5.204678362573099681e-01
5.263157894736841813e-01
5.321637426900585055e-01
5.029239766081871066e-01
4.970760233918128379e-01
4.912280701754385692e-01
4.912280701754385692e-01
5.789473684210526550e-01
5.087719298245614308e-01
5.906432748538011923e-01
5.029239766081871066e-01
5.964912280701754055e-01
5.321637426900585055e-01
4.970760233918128379e-01
5.263157894736841813e-01
5.555555555555555802e-01
5.029239766081871066e-01
5.263157894736841813e-01
5.146198830409356439e-01
5.380116959064327187e-01
5.204678362573099681e-01
5.789473684210526550e-01
5.847953216374268681e-01
5.497076023391812560e-01
4.853801169590643005e-01
4.561403508771929571e-01
6.081871345029239428e-01
5.672514619883041176e-01
5.497076023391812560e-01
4.795321637426900319e-01
6.023391812865497297e-01
5.555555555555555802e-01
5.321637426900585055e-01
5.029239766081871066e-01
5.555555555555555802e-01
5.789473684210526550e-01
4.444444444444444198e-01
5.029239766081871066e-01
5.204678362573099681e-01
5.146198830409356439e-01
5.380116959064327187e-01
5.380116959064327187e-01
4.736842105263157632e-01
4.912280701754385692e-01
4.853801169590643005e-01
5.146198830409356439e-01
5.380116959064327187e-01
6.023391812865497297e-01
4.444444444444444198e-01
5.029239766081871066e-01
4.678362573099414945e-01
5.146198830409356439e-01
5.146198830409356439e-01
4.561403508771929571e-01
5.438596491228070429e-01
5.204678362573099681e-01
5.263157894736841813e-01
5.321637426900585055e-01
3.625730994152046582e-01
4.970760233918128379e-01
5.263157894736841813e-01
5.380116959064327187e-01
4.736842105263157632e-01
5.087719298245614308e-01
5.730994152046783308e-01
4.970760233918128379e-01
5.263157894736841813e-01
5.263157894736841813e-01
5.263157894736841813e-01
4.736842105263157632e-01
4.736842105263157632e-01
4.619883040935672258e-01
5.555555555555555802e-01
4.619883040935672258e-01
4.444444444444444198e-01
5.614035087719297934e-01
5.847953216374268681e-01
5.263157894736841813e-01
4.795321637426900319e-01
4.736842105263157632e-01
5.263157894736841813e-01
4.970760233918128379e-01
5.672514619883041176e-01
4.736842105263157632e-01
4.795321637426900319e-01
5.087719298245614308e-01
5.555555555555555802e-01
5.204678362573099681e-01
4.912280701754385692e-01
4.678362573099414945e-01
5.029239766081871066e-01
4.853801169590643005e-01
4.269005847953216137e-01
4.736842105263157632e-01
5.438596491228070429e-01
6.374269005847953418e-01
4.853801169590643005e-01
4.269005847953216137e-01
4.853801169590643005e-01
4.152046783625730764e-01
4.795321637426900319e-01
5.263157894736841813e-01
4.269005847953216137e-01
5.263157894736841813e-01
5.380116959064327187e-01
4.853801169590643005e-01
4.327485380116958824e-01
4.678362573099414945e-01
5.263157894736841813e-01
4.795321637426900319e-01
5.087719298245614308e-01
5.204678362573099681e-01
4.970760233918128379e-01
4.502923976608186885e-01
4.619883040935672258e-01
4.269005847953216137e-01
5.321637426900585055e-01
4.795321637426900319e-01
4.970760233918128379e-01
4.444444444444444198e-01
4.210526315789473450e-01
5.555555555555555802e-01
5.087719298245614308e-01
4.210526315789473450e-01
4.736842105263157632e-01
5.204678362573099681e-01
5.204678362573099681e-01
5.497076023391812560e-01
5.497076023391812560e-01
5.263157894736841813e-01
4.678362573099414945e-01
5.321637426900585055e-01
5.029239766081871066e-01
4.970760233918128379e-01
4.269005847953216137e-01
5.087719298245614308e-01
4.327485380116958824e-01
4.853801169590643005e-01
5.964912280701754055e-01
5.438596491228070429e-01
5.380116959064327187e-01
5.438596491228070429e-01
4.736842105263157632e-01
5.087719298245614308e-01
4.970760233918128379e-01
4.970760233918128379e-01
4.970760233918128379e-01
5.204678362573099681e-01
5.380116959064327187e-01
4.444444444444444198e-01
5.614035087719297934e-01
5.380116959064327187e-01
5.204678362573099681e-01
5.906432748538011923e-01
5.438596491228070429e-01
5.263157894736841813e-01
4.736842105263157632e-01
4.385964912280701511e-01
5.380116959064327187e-01
5.263157894736841813e-01
4.970760233918128379e-01
6.140350877192982670e-01
5.321637426900585055e-01
5.146198830409356439e-01
4.678362573099414945e-01
5.087719298245614308e-01
5.029239766081871066e-01
5.087719298245614308e-01
4.678362573099414945e-01
3.801169590643274643e-01
4.210526315789473450e-01
4.561403508771929571e-01
5.146198830409356439e-01
4.736842105263157632e-01
4.502923976608186885e-01
5.321637426900585055e-01
4.912280701754385692e-01
4.502923976608186885e-01
4.619883040935672258e-01
5.087719298245614308e-01
5.029239766081871066e-01
4.678362573099414945e-01
4.502923976608186885e-01
4.152046783625730764e-01
4.912280701754385692e-01
4.678362573099414945e-01
4.444444444444444198e-01
4.795321637426900319e-01
5.087719298245614308e-01
5.204678362573099681e-01
5.555555555555555802e-01
4.678362573099414945e-01
4.093567251461988077e-01
4.619883040935672258e-01
4.327485380116958824e-01
5.204678362573099681e-01
4.444444444444444198e-01
3.859649122807017330e-01
3.976608187134502703e-01
5.146198830409356439e-01
4.736842105263157632e-01
5.087719298245614308e-01
4.678362573099414945e-01
5.146198830409356439e-01
5.087719298245614308e-01
