1.000000000000000000e+00
8.464364437913298733e-01
7.839823659074209861e-01
8.016164584864070575e-01
7.766348273328435026e-01
7.560617193240264378e-01
7.127112417340191186e-01
6.899338721528287532e-01
7.046289493019838313e-01
6.818515797207935769e-01
6.708302718589272962e-01
6.965466568699485439e-01
6.708302718589272962e-01
6.664217487141806950e-01
6.326230712711241599e-01
6.414401175606171401e-01
6.465833945628214341e-01
6.135194709772225918e-01
5.944158706833211347e-01
6.069066862601029122e-01
6.142542248346803957e-01
5.892725936811168408e-01
5.855988243938280435e-01
6.076414401175606050e-01
5.811903012490815534e-01
6.002939015429831215e-01
5.885378398236590369e-01
5.672299779573842793e-01
5.767817781043350633e-01
5.554739162380601947e-01
5.407788390889052277e-01
5.540044085231446980e-01
5.260837619397501497e-01
5.224099926524614634e-01
5.187362233651726662e-01
5.047759000734753920e-01
5.106539309331373788e-01
4.959588537839823563e-01
4.908155767817781179e-01
4.988978692138133497e-01
5.246142542248346530e-01
5.040411462160175882e-01
4.761204996326230954e-01
4.819985304922850822e-01
4.842027920646583272e-01
4.812637766348273338e-01
4.966936076414401047e-01
4.680382072005878080e-01
4.614254224834680174e-01
4.606906686260102690e-01
4.584864070536370240e-01
4.665686994856723113e-01
4.643644379132990663e-01
4.562821454812637789e-01
4.364437913299044625e-01
4.621601763409257657e-01
4.562821454812637789e-01
4.540778839088905339e-01
4.584864070536370240e-01
4.430565760470242531e-01
4.283614988978692306e-01
4.364437913299044625e-01
4.408523144746510081e-01
4.261572373254959856e-01
4.371785451873622108e-01
4.305657604702424757e-01
4.224834680382071883e-01
4.467303453343129949e-01
4.408523144746510081e-01
4.041146216017634241e-01
4.011756061719323752e-01
4.004408523144746268e-01
3.864805290227773527e-01
4.055841293166789208e-01
3.945628214548126400e-01
3.960323291697281367e-01
3.842762674504041076e-01
4.011756061719323752e-01
3.813372520205731142e-01
3.835415135929463593e-01
3.850110213078618560e-01
3.710506980161645818e-01
3.695811903012490851e-01
3.769287288758266241e-01
3.732549595885378269e-01
3.747244673034533236e-01
3.872152828802351010e-01
3.475385745775165236e-01
3.629684055841292944e-01
3.820720058780308626e-01
3.769287288758266241e-01
3.813372520205731142e-01
3.776634827332843725e-01
3.717854518736223302e-01
3.644379132990448467e-01
3.629684055841292944e-01
3.585598824393828044e-01
3.445995591476855302e-01
3.570903747244673077e-01
3.534166054371785659e-01
3.423952975753122852e-01
3.504775900073475170e-01
3.438648052902277819e-01
3.357825128581924945e-01
3.328434974283615011e-01
3.269654665686994588e-01
3.431300514327700335e-01
3.497428361498897686e-01
3.350477590007347461e-01
3.453343130051432786e-01
3.416605437178545368e-01
3.585598824393828044e-01
3.453343130051432786e-01
3.468038207200587753e-01
3.497428361498897686e-01
3.401910360029390401e-01
3.343130051432769978e-01
3.482733284349742719e-01
3.196179279941219753e-01
3.225569434239529687e-01
3.291697281410727594e-01
3.321087435709037528e-01
3.225569434239529687e-01
3.100661278471711912e-01
3.174136664217487303e-01
3.210874357090374720e-01
3.108008817046289396e-01
3.225569434239529687e-01
3.254959588537839621e-01
3.122703894195444363e-01
3.049228508449669528e-01
3.100661278471711912e-01
2.946362968405584204e-01
3.093313739897134429e-01
3.034533431300514561e-01
2.850844966936076363e-01
2.872887582659808814e-01
2.983100661278471621e-01
2.872887582659808814e-01
2.961058045554739171e-01
3.056576047024247011e-01
3.049228508449669528e-01
2.939015429831006720e-01
2.887582659808963781e-01
2.850844966936076363e-01
2.770022042615723490e-01
2.725936811168258589e-01
2.894930198383541264e-01
2.946362968405584204e-01
2.828802351212343913e-01
2.696546656869948655e-01
2.725936811168258589e-01
2.792064658339456495e-01
2.902277736958119303e-01
2.777369581190300973e-01
2.689199118295371171e-01
2.784717119764879012e-01
2.681851579720793688e-01
2.755326965466568523e-01
2.725936811168258589e-01
2.843497428361498880e-01
2.828802351212343913e-01
2.630418809698750748e-01
2.865540044085231330e-01
2.843497428361498880e-01
2.770022042615723490e-01
2.593681116825863331e-01
2.733284349742836072e-01
2.902277736958119303e-01
2.674504041146216204e-01
2.806759735488611462e-01
2.828802351212343913e-01
2.770022042615723490e-01
2.755326965466568523e-01
2.601028655400440814e-01
2.652461425422483199e-01
2.733284349742836072e-01
2.608376193975018298e-01
2.645113886847905715e-01
2.593681116825863331e-01
2.630418809698750748e-01
2.586333578251285847e-01
2.696546656869948655e-01
2.711241734019103622e-01
2.512858192505510457e-01
2.755326965466568523e-01
2.770022042615723490e-01
2.770022042615723490e-01
2.520205731080087941e-01
2.703894195444526138e-01
2.542248346803820946e-01
2.542248346803820946e-01
2.608376193975018298e-01
2.571638501102130880e-01
2.703894195444526138e-01
2.637766348273328232e-01
2.498163115356355490e-01
2.505510653930932974e-01
2.417340191036002894e-01
2.240999265246142458e-01
2.358559882439382749e-01
2.329169728141072815e-01
2.351212343864805265e-01
2.329169728141072815e-01
2.240999265246142458e-01
2.263041880969875186e-01
2.314474650991917570e-01
2.409992652461425411e-01
2.446730345334313106e-01
2.387950036737692960e-01
2.417340191036002894e-01
2.490815576781778007e-01
2.373254959588537716e-01
2.263041880969875186e-01
2.292432035268185120e-01
2.351212343864805265e-01
2.270389419544452669e-01
2.108743570903747200e-01
2.277736958119030153e-01
2.167523879500367345e-01
2.130786186627479928e-01
2.211609110947832524e-01
2.255694342395297702e-01
2.218956649522410007e-01
2.218956649522410007e-01
2.292432035268185120e-01
2.336517266715650298e-01
2.409992652461425411e-01
2.189566495224099796e-01
2.329169728141072815e-01
2.292432035268185120e-01
2.292432035268185120e-01
2.218956649522410007e-01
2.160176340925789862e-01
2.160176340925789862e-01
2.218956649522410007e-01
2.277736958119030153e-01
2.299779573842762603e-01
2.240999265246142458e-01
2.211609110947832524e-01
2.240999265246142458e-01
2.174871418074944829e-01
2.277736958119030153e-01
2.123438648052902167e-01
2.263041880969875186e-01
2.108743570903747200e-01
2.160176340925789862e-01
2.072005878030859782e-01
2.108743570903747200e-01
2.167523879500367345e-01
1.961792799412196975e-01
2.152828802351212378e-01
2.116091109478324683e-01
1.932402645113886763e-01
2.108743570903747200e-01
2.138133725202057411e-01
2.123438648052902167e-01
2.086700955180014749e-01
2.049963262307127054e-01
2.042615723732549571e-01
2.049963262307127054e-01
2.013225569434239637e-01
1.969140337986774458e-01
1.939750183688464247e-01
1.998530492285084392e-01
1.858927259368111651e-01
2.094048493754592233e-01
2.013225569434239637e-01
2.064658339456282021e-01
1.991182953710506909e-01
2.160176340925789862e-01
2.145481263776634895e-01
2.072005878030859782e-01
2.086700955180014749e-01
1.932402645113886763e-01
2.138133725202057411e-01
2.130786186627479928e-01
2.057310800881704538e-01
2.005878030859661876e-01
2.101396032329169716e-01
2.086700955180014749e-01
2.079353416605437266e-01
2.020573108008817120e-01
2.138133725202057411e-01
2.013225569434239637e-01
2.123438648052902167e-01
2.101396032329169716e-01
2.064658339456282021e-01
2.086700955180014749e-01
2.005878030859661876e-01
1.998530492285084392e-01
1.991182953710506909e-01
2.108743570903747200e-01
2.042615723732549571e-01
1.976487876561351942e-01
1.969140337986774458e-01
1.961792799412196975e-01
2.005878030859661876e-01
1.991182953710506909e-01
1.976487876561351942e-01
2.130786186627479928e-01
2.027920646583394604e-01
2.020573108008817120e-01
2.020573108008817120e-01
1.932402645113886763e-01
1.998530492285084392e-01
2.035268185157972087e-01
1.903012490815576829e-01
1.903012490815576829e-01
1.939750183688464247e-01
1.925055106539309280e-01
2.072005878030859782e-01
1.880969875091844101e-01
1.822189566495224233e-01
1.983835415135929425e-01
1.888317413666421862e-01
1.822189566495224233e-01
1.851579720793534167e-01
1.829537105069801717e-01
1.903012490815576829e-01
1.880969875091844101e-01
1.954445260837619491e-01
2.013225569434239637e-01
1.917707567964731796e-01
1.917707567964731796e-01
1.983835415135929425e-01
1.836884643644379200e-01
1.932402645113886763e-01
1.895664952240999346e-01
1.829537105069801717e-01
1.917707567964731796e-01
1.741366642174871360e-01
1.888317413666421862e-01
1.903012490815576829e-01
1.903012490815576829e-01
1.858927259368111651e-01
1.873622336517266618e-01
1.888317413666421862e-01
1.836884643644379200e-01
1.983835415135929425e-01
1.880969875091844101e-01
1.807494489346068989e-01
1.947097722263042008e-01
1.741366642174871360e-01
1.961792799412196975e-01
1.704628949301983942e-01
1.756061719324026327e-01
1.814842027920646472e-01
1.609110947832476102e-01
1.667891256429096247e-01
1.689933872152828698e-01
1.697281410727406181e-01
1.829537105069801717e-01
1.792799412196914022e-01
1.748714180749448843e-01
1.756061719324026327e-01
1.807494489346068989e-01
1.792799412196914022e-01
1.704628949301983942e-01
1.822189566495224233e-01
1.851579720793534167e-01
1.814842027920646472e-01
1.836884643644379200e-01
1.756061719324026327e-01
1.792799412196914022e-01
1.836884643644379200e-01
1.800146950771491505e-01
1.704628949301983942e-01
1.719324026451138909e-01
1.836884643644379200e-01
1.689933872152828698e-01
1.557678177810433440e-01
1.704628949301983942e-01
1.711976487876561426e-01
1.748714180749448843e-01
1.623806024981631069e-01
1.594415870683321135e-01
1.697281410727406181e-01
1.704628949301983942e-01
1.726671565025716393e-01
1.645848640705363797e-01
1.645848640705363797e-01
1.734019103600293876e-01
1.719324026451138909e-01
1.770756796473181571e-01
1.704628949301983942e-01
1.660543717854518764e-01
1.587068332108743651e-01
1.623806024981631069e-01
1.689933872152828698e-01
1.542983100661278473e-01
1.638501102130786313e-01
1.741366642174871360e-01
1.660543717854518764e-01
1.572373254959588407e-01
1.653196179279941280e-01
1.520940484937546022e-01
1.623806024981631069e-01
1.711976487876561426e-01
1.601763409257898618e-01
1.667891256429096247e-01
