1.000000000000000000e+00
8.944374209860935787e-01
8.906447534766118723e-01
8.773704171934260110e-01
8.223767383059418234e-01
8.211125158027813287e-01
8.539823008849557473e-01
8.154235145385587691e-01
8.173198482932996223e-01
7.888748419721871574e-01
7.983565107458913124e-01
7.718078381795195897e-01
7.699115044247787365e-01
7.541087231352717746e-01
7.338811630847028589e-01
7.458912768647282254e-01
7.364096080910240705e-01
7.446270543615676196e-01
7.433628318584071248e-01
7.364096080910240705e-01
7.288242730720606577e-01
7.136536030341340542e-01
7.225031605562578507e-01
6.719342604298356170e-01
7.003792667509481928e-01
6.807838179519595245e-01
6.795195954487990297e-01
6.750948166877370760e-01
6.814159292035397719e-01
6.668773704171934158e-01
6.441213653603033995e-01
6.529709228824273071e-01
6.491782553729456007e-01
6.681415929203540216e-01
6.428571428571429047e-01
6.106194690265486225e-01
6.384323640960809509e-01
6.365360303413400977e-01
6.011378002528444675e-01
6.087231352718078803e-01
5.948166877370417716e-01
6.201011378002528884e-01
6.125158027812894757e-01
5.922882427307205599e-01
5.828065739570164050e-01
5.935524652338811658e-01
5.872313527180783588e-01
6.080910240202275219e-01
5.714285714285713969e-01
5.752212389380531032e-01
5.809102402022755518e-01
5.847029077117572582e-01
5.581542351453855355e-01
5.663716814159291957e-01
5.632111251580278477e-01
5.682680151706700489e-01
5.632111251580278477e-01
5.739570164348924974e-01
5.404551201011378314e-01
5.575221238938052881e-01
5.202275600505689157e-01
5.297092288242730707e-01
5.366624525916561250e-01
5.391908975979772256e-01
5.278128950695322175e-01
5.341340075853350244e-01
5.050568900126422012e-01
5.063211125158028070e-01
5.025284450063211006e-01
5.126422250316056139e-01
5.082174462705436602e-01
5.088495575221239076e-01
5.126422250316056139e-01
4.955752212389380462e-01
4.835651074589127907e-01
5.000000000000000000e-01
4.841972187104930381e-01
4.860935524652338913e-01
4.709228824273072322e-01
4.715549936788874796e-01
4.778761061946902866e-01
4.747155499367888831e-01
4.570164348925410680e-01
4.646017699115044253e-01
4.576485461441213709e-01
4.639696586599241224e-01
4.525916561314791142e-01
4.399494310998735558e-01
4.361567635903919049e-01
4.304677623261694008e-01
4.424778761061947119e-01
4.184576485461441453e-01
4.443742098609355096e-01
4.304677623261694008e-01
4.247787610619468968e-01
4.279393173198483002e-01
4.159292035398229892e-01
4.134007585335018886e-01
4.108723135271807880e-01
3.900126422250316249e-01
4.013906447534766331e-01
3.988621997471554770e-01
4.140328697850821915e-01
3.830594184576485706e-01
3.836915297092288180e-01
4.058154235145385313e-01
3.868520859671302214e-01
3.729456384323641127e-01
3.817951959544879648e-01
3.811630847029077174e-01
3.773704171934260665e-01
3.855878634639696712e-01
3.685208596713021589e-01
3.710493046776232595e-01
3.558786346396966005e-01
3.482932996207332432e-01
3.786346396965866168e-01
3.558786346396966005e-01
3.552465233881162976e-01
3.539823008849557473e-01
3.577749683944373982e-01
3.388116308470290883e-01
3.482932996207332432e-01
3.343868520859671345e-01
3.356510745891276848e-01
3.495575221238937935e-01
3.394437420986093357e-01
3.457648546144121426e-01
3.388116308470290883e-01
3.407079646017698860e-01
3.495575221238937935e-01
3.413400758533501889e-01
3.337547408343868316e-01
3.407079646017698860e-01
3.223767383059418234e-01
3.299620733249051807e-01
3.293299620733248778e-01
3.400758533501896386e-01
3.274336283185840801e-01
3.078381795195954673e-01
3.274336283185840801e-01
3.299620733249051807e-01
3.261694058154235298e-01
3.318584070796460339e-01
3.059418457648546141e-01
3.135271807838179714e-01
3.236409608091024293e-01
3.053097345132743112e-01
2.926675094816687528e-01
3.173198482932996223e-01
3.027812895069532106e-01
3.046776232616940638e-01
3.065739570164349170e-01
3.040455120101137609e-01
2.945638432364096060e-01
2.914032869785082025e-01
2.844500632111251481e-01
2.787610619469026441e-01
2.964601769911504592e-01
2.920353982300885054e-01
2.914032869785082025e-01
2.939317319848293031e-01
2.793931731984829470e-01
2.958280657395701563e-01
2.831858407079645978e-01
2.907711757269279551e-01
2.850821744627054510e-01
2.724399494310998926e-01
2.756005056890012406e-01
2.648546144121365353e-01
2.604298356510745815e-01
2.616940581542351318e-01
2.838179519595449007e-01
2.585335018963337284e-01
2.585335018963337284e-01
2.737041719342604429e-01
2.439949431099873445e-01
2.560050568900126278e-01
2.654867256637168382e-01
2.718078381795195897e-01
2.667509481668773885e-01
2.743362831858406903e-01
2.635903919089759850e-01
2.699115044247787365e-01
2.667509481668773885e-01
2.635903919089759850e-01
2.591656131479140313e-01
2.724399494310998926e-01
2.692793931731984891e-01
2.648546144121365353e-01
2.560050568900126278e-01
2.503160556257901237e-01
2.439949431099873445e-01
2.610619469026548845e-01
2.484197218710492983e-01
2.553729456384323804e-01
2.427307206068267942e-01
2.288242730720606855e-01
2.528445006321112243e-01
2.465233881163084728e-01
2.566371681415929307e-01
2.503160556257901237e-01
2.402022756005056936e-01
2.623261694058154347e-01
2.509481668773704266e-01
2.351453855878634647e-01
2.458912768647281977e-01
2.345132743362831895e-01
2.300884955752212357e-01
2.256637168141592820e-01
2.281921618204804103e-01
2.231352718078381814e-01
2.275600505689001352e-01
2.294563843236409606e-01
2.206068268015170808e-01
2.395701643489254185e-01
2.142857142857142738e-01
2.262958280657395571e-01
2.262958280657395571e-01
2.212389380530973559e-01
2.319848293299620612e-01
2.250316055625790068e-01
2.193426042983565027e-01
2.117572692793931732e-01
2.022756005056889905e-01
2.193426042983565027e-01
2.073324905183312195e-01
2.262958280657395571e-01
2.035398230088495686e-01
2.035398230088495686e-01
2.067003792667509443e-01
1.978508217446270645e-01
1.959544879898862113e-01
2.117572692793931732e-01
2.041719342604298437e-01
1.991150442477876148e-01
2.022756005056889905e-01
1.997471554993678899e-01
1.877370417193426066e-01
2.060682680151706692e-01
2.067003792667509443e-01
1.991150442477876148e-01
2.111251580278128981e-01
2.104930467762326229e-01
1.921618204804045604e-01
1.871049304677623315e-01
1.858407079646017812e-01
2.085967130214917697e-01
1.940581542351453859e-01
2.048040455120101189e-01
1.864728192161820564e-01
1.902654867256637072e-01
1.845764854614412032e-01
1.927939317319848356e-01
1.814159292035398274e-01
1.782553729456384239e-01
1.833122629582806529e-01
1.763590391908975985e-01
1.864728192161820564e-01
1.921618204804045604e-01
1.820480404551201026e-01
1.769911504424778736e-01
1.788874841972186991e-01
1.801517067003792771e-01
1.826801517067003777e-01
1.769911504424778736e-01
1.833122629582806529e-01
1.769911504424778736e-01
1.750948166877370482e-01
1.757269279393173234e-01
1.706700379266750944e-01
1.504424778761062065e-01
1.656131479140328655e-01
1.643489254108723152e-01
1.725663716814159199e-01
1.662452591656131407e-01
1.681415929203539938e-01
1.662452591656131407e-01
1.662452591656131407e-01
1.611883691529709117e-01
1.630847029077117649e-01
1.656131479140328655e-01
1.567635903919089857e-01
1.630847029077117649e-01
1.611883691529709117e-01
1.630847029077117649e-01
1.592920353982300863e-01
1.561314791403287106e-01
1.725663716814159199e-01
1.618204804045512146e-01
1.529709228824273071e-01
1.479140328697850781e-01
1.548672566371681325e-01
1.567635903919089857e-01
1.536030341340075822e-01
1.466498103666245278e-01
1.504424778761062065e-01
1.586599241466498111e-01
1.536030341340075822e-01
1.529709228824273071e-01
1.485461441213653533e-01
1.618204804045512146e-01
1.384323640960809232e-01
1.415929203539822989e-01
1.548672566371681325e-01
1.453855878634639776e-01
1.567635903919089857e-01
1.390644753476611983e-01
1.415929203539822989e-01
1.447534766118837024e-01
1.409608091024020238e-01
1.517067003792667568e-01
1.504424778761062065e-01
1.390644753476611983e-01
1.390644753476611983e-01
1.434892541087231244e-01
1.548672566371681325e-01
1.340075853350189694e-01
1.466498103666245278e-01
1.422250316055625741e-01
1.409608091024020238e-01
1.498103666245259036e-01
1.447534766118837024e-01
1.340075853350189694e-01
1.359039190897597948e-01
1.340075853350189694e-01
1.327433628318584191e-01
1.409608091024020238e-01
1.314791403286978411e-01
1.264222503160556121e-01
1.472819216182048030e-01
1.270543615676359150e-01
1.384323640960809232e-01
1.314791403286978411e-01
1.346396965865992446e-01
1.378002528445006203e-01
1.460176991150442527e-01
1.422250316055625741e-01
1.371681415929203451e-01
1.302149178255372908e-01
1.276864728192161902e-01
1.378002528445006203e-01
1.371681415929203451e-01
1.403286978508217486e-01
1.257901390644753370e-01
1.302149178255372908e-01
1.226295828065739613e-01
1.415929203539822989e-01
1.238938053097345116e-01
1.194690265486725717e-01
1.188369152970922826e-01
1.182048040455120075e-01
1.251580278128950618e-01
1.163084702907711820e-01
1.169405815423514572e-01
1.270543615676359150e-01
1.194690265486725717e-01
1.257901390644753370e-01
1.182048040455120075e-01
1.150442477876106179e-01
1.156763590391908930e-01
1.226295828065739613e-01
1.207332490518331219e-01
1.232616940581542364e-01
1.213653603034133971e-01
1.169405815423514572e-01
1.226295828065739613e-01
1.219974715549936722e-01
1.169405815423514572e-01
1.251580278128950618e-01
1.264222503160556121e-01
1.182048040455120075e-01
1.194690265486725717e-01
1.182048040455120075e-01
1.137800252844500676e-01
1.030341340075853346e-01
1.049304677623261739e-01
1.093552465233881138e-01
1.055625790139064490e-01
1.112515802781289531e-01
1.093552465233881138e-01
1.093552465233881138e-01
1.087231352718078387e-01
9.608091024020228021e-02
1.036662452591656097e-01
1.112515802781289531e-01
1.087231352718078387e-01
1.144121365360303427e-01
1.049304677623261739e-01
1.118836915297092283e-01
1.049304677623261739e-01
1.005056890012642201e-01
9.797724399494310565e-02
1.068268015170669993e-01
9.924146649810366982e-02
1.011378002528444953e-01
1.074589127686472884e-01
1.011378002528444953e-01
1.049304677623261739e-01
1.042983565107458849e-01
1.017699115044247843e-01
