1.000000000000000000e+00
7.742759795570698378e-01
7.248722316865416904e-01
6.771720613287904866e-01
6.626916524701873534e-01
6.073253833049403472e-01
6.030664395229983210e-01
5.894378194207836597e-01
5.792163543441226636e-01
5.621805792163543369e-01
5.349233390119250142e-01
5.408858603066439841e-01
5.545144804088586454e-01
5.127768313458261895e-01
5.153321976149914940e-01
4.718909710391822609e-01
4.693356047700170119e-01
4.701873935264054283e-01
4.838160136286200896e-01
4.770017035775127590e-01
4.318568994889267487e-01
4.463373083475298264e-01
4.361158432708688304e-01
4.352640545144804141e-01
4.412265758091993284e-01
4.173764906303236710e-01
4.028960817717205933e-01
4.037478705281090097e-01
3.918228279386712365e-01
3.798977853492334078e-01
3.926746166950596528e-01
3.568994889267461668e-01
3.790459965928449915e-01
3.773424190800681588e-01
3.586030664395229994e-01
3.654173764906303301e-01
3.458262350936967544e-01
3.679727427597955791e-01
3.594548551959114158e-01
3.620102214650766648e-01
3.654173764906303301e-01
3.577512776831345831e-01
3.577512776831345831e-01
3.500851788756388361e-01
3.381601362862010074e-01
3.296422487223168440e-01
3.534923339011925014e-01
3.185689948892674872e-01
3.381601362862010074e-01
3.313458262350936767e-01
3.321976149914820930e-01
3.177172061328790709e-01
3.040885860306644095e-01
3.202725724020443199e-01
2.938671209540034135e-01
3.032367972742759932e-01
3.057921635434412422e-01
2.870528109028960828e-01
2.955706984667802462e-01
3.074957410562180748e-01
2.870528109028960828e-01
2.793867120954003358e-01
2.623509369676320091e-01
2.836456558773424175e-01
2.776831345826235031e-01
2.819420783645655848e-01
2.640545144804088418e-01
2.691652470187393398e-01
2.640545144804088418e-01
2.700170357751277561e-01
2.708688245315161724e-01
2.666098807495740908e-01
2.683134582623509234e-01
2.691652470187393398e-01
2.657580919931856744e-01
2.614991482112435928e-01
2.819420783645655848e-01
2.512776831345825967e-01
2.563884156729130948e-01
2.470187393526405428e-01
2.683134582623509234e-01
2.632027257240204254e-01
2.504258943781941804e-01
2.504258943781941804e-01
2.776831345826235031e-01
2.546848381601362621e-01
2.495741056218057918e-01
2.512776831345825967e-01
2.436115843270868775e-01
2.453151618398637102e-01
2.589437819420783438e-01
2.717206132879045888e-01
2.742759795570698378e-01
2.521294718909710131e-01
2.487223168654173755e-01
2.410562180579216285e-01
2.402044293015332121e-01
2.453151618398637102e-01
2.299829642248722439e-01
2.359454855195911305e-01
2.478705281090289592e-01
2.333901192504258815e-01
2.555366269165246784e-01
2.342419080068142978e-01
2.299829642248722439e-01
2.299829642248722439e-01
2.265758091993185785e-01
2.393526405451447958e-01
2.214650766609880805e-01
2.308347529812606602e-01
2.350936967632027141e-01
2.402044293015332121e-01
2.248722316865417459e-01
2.163543441226575825e-01
2.120954003407155009e-01
2.385008517887563795e-01
2.385008517887563795e-01
2.265758091993185785e-01
2.402044293015332121e-01
2.402044293015332121e-01
2.419080068143100448e-01
2.078364565587734192e-01
2.333901192504258815e-01
2.342419080068142978e-01
2.265758091993185785e-01
2.180579216354344152e-01
2.197614991482112479e-01
2.248722316865417459e-01
2.223168654173764969e-01
2.299829642248722439e-01
2.146507666098807499e-01
2.248722316865417459e-01
2.197614991482112479e-01
2.078364565587734192e-01
2.086882453151618355e-01
2.325383304940374651e-01
2.299829642248722439e-01
2.103918228279386682e-01
2.172061328790459989e-01
2.189097103918228315e-01
2.172061328790459989e-01
2.137989778534923335e-01
2.146507666098807499e-01
2.367972742759795468e-01
2.069846678023850028e-01
2.180579216354344152e-01
2.197614991482112479e-01
2.129471890971039172e-01
2.197614991482112479e-01
2.044293015332197538e-01
2.265758091993185785e-01
2.129471890971039172e-01
2.240204429301533295e-01
2.052810902896081702e-01
2.103918228279386682e-01
2.163543441226575825e-01
2.086882453151618355e-01
2.325383304940374651e-01
2.223168654173764969e-01
2.214650766609880805e-01
2.027257240204429212e-01
2.129471890971039172e-01
2.163543441226575825e-01
2.069846678023850028e-01
2.214650766609880805e-01
2.010221465076660885e-01
2.155025553662691662e-01
2.061328790459965865e-01
2.231686541737649132e-01
2.061328790459965865e-01
2.061328790459965865e-01
2.112436115843270845e-01
2.001703577512776722e-01
2.129471890971039172e-01
2.010221465076660885e-01
2.027257240204429212e-01
2.027257240204429212e-01
2.155025553662691662e-01
2.010221465076660885e-01
2.052810902896081702e-01
2.137989778534923335e-01
2.044293015332197538e-01
2.146507666098807499e-01
2.035775127768313375e-01
2.044293015332197538e-01
2.086882453151618355e-01
2.018739352640545048e-01
1.865417376490630386e-01
2.086882453151618355e-01
2.155025553662691662e-01
1.976149914821124232e-01
2.120954003407155009e-01
1.933560477001703692e-01
2.027257240204429212e-01
1.865417376490630386e-01
2.044293015332197538e-01
1.993185689948892558e-01
2.061328790459965865e-01
2.052810902896081702e-01
2.010221465076660885e-01
2.095400340715502518e-01
2.027257240204429212e-01
2.035775127768313375e-01
2.146507666098807499e-01
1.950596252129472019e-01
1.993185689948892558e-01
2.137989778534923335e-01
2.044293015332197538e-01
1.984667802385008395e-01
1.950596252129472019e-01
1.976149914821124232e-01
2.146507666098807499e-01
1.865417376490630386e-01
2.001703577512776722e-01
1.925042589437819529e-01
1.908006814310051202e-01
1.925042589437819529e-01
1.976149914821124232e-01
1.942078364565587856e-01
1.916524701873935366e-01
1.959114139693356182e-01
1.882453151618398712e-01
1.865417376490630386e-01
1.754684838160136262e-01
1.890971039182282876e-01
1.984667802385008395e-01
1.967632027257240068e-01
2.001703577512776722e-01
1.890971039182282876e-01
1.993185689948892558e-01
1.925042589437819529e-01
1.899488926746167039e-01
1.831345826235093732e-01
1.908006814310051202e-01
1.873935264054514549e-01
1.831345826235093732e-01
1.916524701873935366e-01
1.899488926746167039e-01
1.873935264054514549e-01
1.831345826235093732e-01
1.916524701873935366e-01
1.865417376490630386e-01
1.865417376490630386e-01
1.848381601362862059e-01
1.831345826235093732e-01
1.771720613287904589e-01
1.856899488926746222e-01
1.865417376490630386e-01
1.942078364565587856e-01
1.916524701873935366e-01
1.976149914821124232e-01
1.967632027257240068e-01
1.805792163543441242e-01
1.908006814310051202e-01
1.848381601362862059e-01
1.984667802385008395e-01
1.890971039182282876e-01
1.848381601362862059e-01
1.780238500851788752e-01
1.822827938671209569e-01
1.746166950596252099e-01
1.831345826235093732e-01
1.873935264054514549e-01
1.890971039182282876e-01
1.882453151618398712e-01
1.814310051107325406e-01
1.882453151618398712e-01
1.933560477001703692e-01
1.959114139693356182e-01
1.950596252129472019e-01
1.737649063032367935e-01
1.763202725724020425e-01
1.814310051107325406e-01
1.908006814310051202e-01
1.822827938671209569e-01
1.916524701873935366e-01
1.805792163543441242e-01
1.788756388415672915e-01
1.873935264054514549e-01
1.882453151618398712e-01
1.712095400340715445e-01
1.890971039182282876e-01
1.788756388415672915e-01
1.856899488926746222e-01
1.899488926746167039e-01
1.848381601362862059e-01
1.754684838160136262e-01
1.703577512776831282e-01
1.822827938671209569e-01
1.797274275979557079e-01
1.771720613287904589e-01
1.873935264054514549e-01
1.925042589437819529e-01
1.925042589437819529e-01
1.856899488926746222e-01
1.805792163543441242e-01
1.754684838160136262e-01
1.839863713798977896e-01
1.797274275979557079e-01
1.695059625212947119e-01
1.797274275979557079e-01
1.788756388415672915e-01
1.848381601362862059e-01
1.831345826235093732e-01
1.754684838160136262e-01
1.643952299829642139e-01
1.805792163543441242e-01
1.788756388415672915e-01
1.797274275979557079e-01
1.814310051107325406e-01
1.780238500851788752e-01
1.814310051107325406e-01
1.720613287904599609e-01
1.831345826235093732e-01
1.831345826235093732e-01
1.822827938671209569e-01
1.950596252129472019e-01
2.018739352640545048e-01
1.908006814310051202e-01
1.873935264054514549e-01
1.763202725724020425e-01
1.788756388415672915e-01
1.712095400340715445e-01
1.805792163543441242e-01
1.618398637137989649e-01
1.754684838160136262e-01
1.720613287904599609e-01
1.856899488926746222e-01
1.814310051107325406e-01
1.839863713798977896e-01
1.788756388415672915e-01
1.626916524701873812e-01
1.712095400340715445e-01
1.592844974446337436e-01
1.626916524701873812e-01
1.746166950596252099e-01
1.601362862010221599e-01
1.678023850085178792e-01
1.831345826235093732e-01
1.746166950596252099e-01
1.797274275979557079e-01
1.678023850085178792e-01
1.780238500851788752e-01
1.712095400340715445e-01
1.763202725724020425e-01
1.541737649063032456e-01
1.643952299829642139e-01
1.652470187393526302e-01
1.712095400340715445e-01
1.669505962521294629e-01
1.720613287904599609e-01
1.703577512776831282e-01
1.737649063032367935e-01
1.678023850085178792e-01
1.720613287904599609e-01
1.720613287904599609e-01
1.720613287904599609e-01
1.635434412265757975e-01
1.754684838160136262e-01
1.805792163543441242e-01
1.805792163543441242e-01
1.814310051107325406e-01
1.635434412265757975e-01
1.737649063032367935e-01
1.695059625212947119e-01
1.601362862010221599e-01
1.575809199318569109e-01
1.720613287904599609e-01
1.652470187393526302e-01
1.626916524701873812e-01
1.788756388415672915e-01
1.797274275979557079e-01
1.754684838160136262e-01
1.729131175468483772e-01
1.729131175468483772e-01
1.720613287904599609e-01
1.678023850085178792e-01
1.643952299829642139e-01
1.635434412265757975e-01
1.771720613287904589e-01
1.695059625212947119e-01
1.643952299829642139e-01
1.712095400340715445e-01
1.550255536626916619e-01
1.575809199318569109e-01
1.660988074957410465e-01
1.643952299829642139e-01
1.652470187393526302e-01
1.678023850085178792e-01
1.669505962521294629e-01
1.669505962521294629e-01
1.712095400340715445e-01
1.652470187393526302e-01
1.720613287904599609e-01
1.695059625212947119e-01
1.729131175468483772e-01
1.601362862010221599e-01
1.712095400340715445e-01
1.788756388415672915e-01
1.660988074957410465e-01
1.686541737649062955e-01
