1.000000000000000000e+00
8.871595330739299179e-01
8.385214007782101353e-01
8.268482490272373031e-01
8.482490272373540696e-01
7.918287937743190286e-01
8.151750972762645819e-01
7.996108949416342870e-01
7.354085603112840985e-01
7.256809338521400532e-01
7.256809338521400532e-01
7.003891050583657130e-01
7.354085603112840985e-01
7.334630350194552006e-01
7.062256809338521846e-01
6.926070038910505655e-01
7.198443579766536926e-01
7.315175097276264138e-01
7.101167315175097583e-01
7.140077821011673320e-01
7.042801556420233977e-01
6.381322957198443113e-01
6.478599221789883567e-01
6.634241245136186516e-01
6.439688715953307829e-01
6.575875486381322910e-01
6.692607003891050121e-01
6.167315175097276558e-01
6.420233463035019961e-01
6.361867704280155245e-01
6.400778210116730982e-01
6.322957198443579507e-01
6.575875486381322910e-01
6.303501945525291639e-01
5.525291828793774673e-01
5.992217898832684631e-01
5.544747081712062542e-01
5.972762645914396762e-01
6.400778210116730982e-01
5.875486381322957419e-01
5.875486381322957419e-01
5.953307392996108893e-01
5.661478599221789754e-01
6.050583657587548236e-01
5.856031128404669550e-01
5.583657587548638279e-01
5.700389105058365491e-01
5.486381322957198936e-01
5.972762645914396762e-01
5.856031128404669550e-01
5.739299610894941228e-01
5.505836575875486805e-01
5.836575875486381682e-01
5.661478599221789754e-01
5.836575875486381682e-01
5.739299610894941228e-01
5.350194552529182745e-01
5.291828793774319140e-01
5.758754863813229097e-01
5.350194552529182745e-01
5.389105058365758483e-01
5.350194552529182745e-01
5.680933852140077622e-01
5.077821011673151474e-01
5.291828793774319140e-01
5.466926070038909957e-01
5.447470817120622089e-01
5.252918287937743402e-01
5.311284046692607008e-01
5.252918287937743402e-01
5.447470817120622089e-01
5.175097276264591928e-01
5.000000000000000000e-01
5.330739299610894877e-01
5.369649805447470614e-01
5.038910505836575737e-01
4.902723735408560102e-01
4.961089494163424263e-01
4.961089494163424263e-01
5.214007782101167665e-01
5.155642023346302949e-01
5.389105058365758483e-01
4.883268482490272233e-01
4.688715953307392992e-01
4.922178988326848526e-01
4.649805447470817255e-01
4.708171206225680860e-01
5.077821011673151474e-01
4.474708171206225882e-01
4.824902723735408627e-01
4.961089494163424263e-01
5.350194552529182745e-01
5.136186770428015080e-01
4.805447470817120759e-01
5.058365758754863606e-01
4.785992217898832890e-01
4.766536964980545021e-01
5.058365758754863606e-01
5.038910505836575737e-01
4.961089494163424263e-01
5.136186770428015080e-01
5.311284046692607008e-01
4.883268482490272233e-01
4.824902723735408627e-01
4.533073929961089488e-01
4.708171206225680860e-01
4.377431906614785984e-01
4.824902723735408627e-01
4.533073929961089488e-01
4.805447470817120759e-01
4.941634241245136394e-01
4.630350194552529386e-01
4.533073929961089488e-01
4.396887159533073852e-01
4.747081712062256598e-01
4.591439688715953094e-01
4.610894941634241517e-01
4.396887159533073852e-01
5.000000000000000000e-01
4.552529182879377356e-01
4.591439688715953094e-01
4.105058365758754713e-01
4.591439688715953094e-01
4.513618677042801619e-01
4.377431906614785984e-01
4.669260700389105123e-01
4.494163424124513750e-01
4.494163424124513750e-01
4.941634241245136394e-01
4.669260700389105123e-01
4.824902723735408627e-01
4.416342412451361721e-01
4.552529182879377356e-01
4.338521400778210246e-01
4.163424124513618874e-01
3.754863813229571967e-01
4.163424124513618874e-01
4.280155642023346085e-01
3.949416342412451209e-01
4.085603112840466844e-01
3.852140077821011865e-01
4.163424124513618874e-01
4.124513618677042581e-01
3.832684824902723997e-01
3.968871595330739077e-01
4.202334630350194611e-01
4.124513618677042581e-01
3.871595330739299734e-01
3.910505836575875471e-01
3.929961089494163340e-01
3.638132295719844200e-01
4.046692607003891107e-01
3.715953307392996230e-01
3.871595330739299734e-01
3.988326848249027501e-01
4.280155642023346085e-01
3.735408560311284099e-01
3.968871595330739077e-01
4.066147859922178975e-01
4.046692607003891107e-01
4.280155642023346085e-01
3.871595330739299734e-01
3.949416342412451209e-01
3.891050583657587603e-01
4.105058365758754713e-01
3.910505836575875471e-01
4.182879377431906742e-01
3.696498054474708361e-01
4.046692607003891107e-01
4.085603112840466844e-01
4.163424124513618874e-01
3.949416342412451209e-01
4.182879377431906742e-01
4.221789883268482479e-01
4.241245136186770348e-01
3.871595330739299734e-01
4.182879377431906742e-01
4.124513618677042581e-01
3.677042801556420493e-01
4.007782101167315369e-01
4.299610894941634509e-01
3.715953307392996230e-01
3.599221789883268463e-01
3.852140077821011865e-01
3.910505836575875471e-01
3.968871595330739077e-01
3.813229571984435573e-01
3.793774319066147704e-01
4.105058365758754713e-01
3.579766536964980594e-01
3.715953307392996230e-01
3.949416342412451209e-01
3.657587548638132069e-01
3.618677042801556332e-01
3.326848249027237192e-01
3.929961089494163340e-01
3.871595330739299734e-01
4.007782101167315369e-01
3.638132295719844200e-01
3.891050583657587603e-01
3.618677042801556332e-01
3.521400778210116989e-01
3.754863813229571967e-01
3.482490272373540696e-01
3.638132295719844200e-01
3.112840466926070082e-01
3.540856031128404857e-01
3.229571984435797849e-01
4.046692607003891107e-01
3.287937743190661455e-01
3.521400778210116989e-01
3.560311284046692726e-01
3.501945525291828565e-01
3.385214007782101353e-01
3.482490272373540696e-01
3.579766536964980594e-01
3.443579766536964959e-01
3.365758754863813484e-01
3.677042801556420493e-01
3.638132295719844200e-01
3.385214007782101353e-01
3.540856031128404857e-01
3.754863813229571967e-01
3.385214007782101353e-01
3.346303501945525061e-01
3.132295719844357951e-01
3.463035019455252828e-01
3.501945525291828565e-01
3.463035019455252828e-01
3.463035019455252828e-01
3.560311284046692726e-01
3.443579766536964959e-01
3.229571984435797849e-01
3.521400778210116989e-01
3.424124513618677090e-01
3.151750972762645819e-01
3.190661478599221557e-01
3.287937743190661455e-01
3.618677042801556332e-01
3.443579766536964959e-01
3.385214007782101353e-01
3.618677042801556332e-01
3.346303501945525061e-01
3.501945525291828565e-01
3.385214007782101353e-01
3.385214007782101353e-01
3.424124513618677090e-01
3.385214007782101353e-01
3.385214007782101353e-01
3.249027237354085718e-01
3.210116731517509980e-01
3.326848249027237192e-01
3.210116731517509980e-01
3.190661478599221557e-01
3.112840466926070082e-01
3.210116731517509980e-01
3.268482490272373586e-01
3.151750972762645819e-01
3.073929961089494345e-01
3.385214007782101353e-01
3.287937743190661455e-01
3.307392996108949323e-01
3.443579766536964959e-01
3.093385214007782213e-01
3.210116731517509980e-01
3.385214007782101353e-01
2.976653696498054447e-01
3.132295719844357951e-01
3.093385214007782213e-01
2.996108949416342315e-01
3.287937743190661455e-01
3.404669260700389222e-01
3.268482490272373586e-01
3.171206225680933688e-01
3.132295719844357951e-01
3.463035019455252828e-01
3.015564202334630184e-01
3.151750972762645819e-01
3.190661478599221557e-01
3.093385214007782213e-01
2.996108949416342315e-01
3.365758754863813484e-01
2.918287937743190841e-01
3.171206225680933688e-01
2.821011673151750943e-01
2.918287937743190841e-01
3.132295719844357951e-01
3.326848249027237192e-01
3.190661478599221557e-01
3.190661478599221557e-01
3.326848249027237192e-01
3.326848249027237192e-01
2.937743190661478709e-01
2.879377431906614548e-01
3.073929961089494345e-01
3.054474708171206476e-01
3.307392996108949323e-01
3.501945525291828565e-01
3.112840466926070082e-01
3.229571984435797849e-01
3.249027237354085718e-01
3.404669260700389222e-01
3.249027237354085718e-01
2.879377431906614548e-01
3.229571984435797849e-01
3.443579766536964959e-01
3.190661478599221557e-01
2.996108949416342315e-01
3.287937743190661455e-01
2.918287937743190841e-01
3.073929961089494345e-01
3.326848249027237192e-01
2.898832684824902972e-01
3.268482490272373586e-01
3.112840466926070082e-01
2.898832684824902972e-01
3.171206225680933688e-01
3.210116731517509980e-01
3.618677042801556332e-01
3.112840466926070082e-01
2.645914396887159570e-01
3.015564202334630184e-01
3.112840466926070082e-01
2.451361867704280051e-01
3.015564202334630184e-01
2.723735408560311044e-01
2.840466926070038811e-01
2.704280155642023176e-01
2.879377431906614548e-01
2.840466926070038811e-01
3.132295719844357951e-01
3.093385214007782213e-01
2.957198443579766578e-01
3.073929961089494345e-01
2.762645914396887337e-01
3.054474708171206476e-01
3.035019455252918053e-01
2.782101167315175205e-01
3.229571984435797849e-01
2.996108949416342315e-01
3.035019455252918053e-01
3.015564202334630184e-01
2.879377431906614548e-01
2.879377431906614548e-01
3.093385214007782213e-01
3.073929961089494345e-01
3.015564202334630184e-01
3.249027237354085718e-01
3.054474708171206476e-01
3.035019455252918053e-01
3.268482490272373586e-01
3.151750972762645819e-01
2.996108949416342315e-01
3.054474708171206476e-01
2.879377431906614548e-01
2.821011673151750943e-01
3.171206225680933688e-01
2.937743190661478709e-01
3.093385214007782213e-01
3.210116731517509980e-01
3.015564202334630184e-01
3.268482490272373586e-01
2.665369649805447438e-01
3.035019455252918053e-01
3.054474708171206476e-01
3.229571984435797849e-01
2.782101167315175205e-01
2.898832684824902972e-01
2.801556420233463074e-01
2.801556420233463074e-01
2.782101167315175205e-01
2.782101167315175205e-01
2.626459143968871701e-01
2.976653696498054447e-01
3.054474708171206476e-01
2.762645914396887337e-01
3.073929961089494345e-01
2.743190661478599468e-01
2.782101167315175205e-01
2.587548638132295964e-01
3.035019455252918053e-01
3.015564202334630184e-01
2.626459143968871701e-01
2.840466926070038811e-01
3.073929961089494345e-01
2.801556420233463074e-01
2.918287937743190841e-01
2.743190661478599468e-01
2.996108949416342315e-01
2.626459143968871701e-01
2.879377431906614548e-01
2.859922178988326680e-01
2.937743190661478709e-01
2.996108949416342315e-01
2.840466926070038811e-01
2.645914396887159570e-01
2.743190661478599468e-01
2.568093385214007540e-01
2.782101167315175205e-01
2.645914396887159570e-01
2.490272373540856066e-01
