1.000000000000000000e+00
7.749590834697217545e-01
7.725040916530278023e-01
7.086743044189852681e-01
6.890343698854337617e-01
6.104746317512275144e-01
6.162029459901799955e-01
5.818330605564647762e-01
5.499181669394435090e-01
5.654664484451717987e-01
5.065466448445171688e-01
5.335515548281505316e-01
4.615384615384615641e-01
4.689034369885433651e-01
4.877250409165302947e-01
4.509001636661211232e-01
4.189852700490998560e-01
4.116202945990179995e-01
4.255319148936170248e-01
3.993453355155482942e-01
3.674304418985270271e-01
3.641571194762683872e-01
3.617021276595744905e-01
3.518821603927986819e-01
3.698854337152209237e-01
3.543371522094926340e-01
3.649754500818330749e-01
3.289689034369885356e-01
3.232405891980359991e-01
3.117839607201309260e-01
3.216039279869067347e-01
3.036006546644844373e-01
3.158756137479541981e-01
2.806873977086742911e-01
2.970540098199672685e-01
2.847790507364975632e-01
2.659574468085106336e-01
2.725040916530278023e-01
2.700490998363339057e-01
2.520458265139116083e-01
2.381342062193126108e-01
2.479541734860883917e-01
2.258592471358428777e-01
2.536824877250409283e-01
2.487725040916530239e-01
2.283142389525368299e-01
2.266775777414075377e-01
2.315875613747954143e-01
2.209492635024550011e-01
2.119476268412438524e-01
2.045826513911620237e-01
2.062193126022913159e-01
2.086743044189852681e-01
1.947626841243862428e-01
2.004909983633387793e-01
1.873977086743044140e-01
2.013093289689034393e-01
1.865793780687397818e-01
1.816693944353518775e-01
1.972176759410801949e-01
1.824877250409165375e-01
1.628477905073649756e-01
1.743044189852700487e-01
1.661211129296235600e-01
1.677577741407528522e-01
1.644844517184942678e-01
1.497545008183306103e-01
1.661211129296235600e-01
1.571194762684124391e-01
1.546644844517184869e-01
1.440261865793780738e-01
1.407528641571194894e-01
1.440261865793780738e-01
1.333878887070376329e-01
1.382978723404255372e-01
1.382978723404255372e-01
1.276595744680850963e-01
1.342062193126022929e-01
1.382978723404255372e-01
1.309328968903437085e-01
1.374795417348608773e-01
1.227495908346972198e-01
1.202945990180032676e-01
1.145662847790507310e-01
1.178396072013093293e-01
1.072013093289689023e-01
1.162029459901800371e-01
1.129296235679214389e-01
1.039279869067103040e-01
1.104746317512275006e-01
1.022913256955810118e-01
1.047463175122749640e-01
9.083469721767593874e-02
9.738134206219312139e-02
9.901800327332242746e-02
1.072013093289689023e-01
9.328968903436989091e-02
1.153846153846153910e-01
1.063829787234042562e-01
1.137479541734860850e-01
1.088379705400981945e-01
9.738134206219312139e-02
1.039279869067103040e-01
1.055646481178396101e-01
1.137479541734860850e-01
9.574468085106382920e-02
1.194762684124386215e-01
1.039279869067103040e-01
1.063829787234042562e-01
9.492635024549918310e-02
9.001636661211129264e-02
7.937806873977086564e-02
8.265139116202946390e-02
7.610474631751228125e-02
7.855973813420621954e-02
8.674304418985269438e-02
8.265139116202946390e-02
7.528641571194762128e-02
7.528641571194762128e-02
7.937806873977086564e-02
9.165302782324058484e-02
7.937806873977086564e-02
7.855973813420621954e-02
8.101472995090015783e-02
7.937806873977086564e-02
7.692307692307692735e-02
7.774140752864157344e-02
7.528641571194762128e-02
6.301145662847790208e-02
7.692307692307692735e-02
7.119476268412439079e-02
6.792144026186579253e-02
6.301145662847790208e-02
6.464811783960720815e-02
5.891980360065466465e-02
6.137479541734860988e-02
5.400981996726677420e-02
5.319148936170212810e-02
6.219312602291325598e-02
6.137479541734860988e-02
6.546644844517185424e-02
6.301145662847790208e-02
6.628477905073650034e-02
6.301145662847790208e-02
6.628477905073650034e-02
5.810147299509001856e-02
6.055646481178396379e-02
6.137479541734860988e-02
7.201309328968903689e-02
6.873977086743043863e-02
5.319148936170212810e-02
5.891980360065466465e-02
5.891980360065466465e-02
5.155482815057282897e-02
5.564648117839607333e-02
5.973813420621931075e-02
5.482815057283142723e-02
4.991816693944353678e-02
4.828150572831423765e-02
4.991816693944353678e-02
5.155482815057282897e-02
4.991816693944353678e-02
5.482815057283142723e-02
5.482815057283142723e-02
5.400981996726677420e-02
5.482815057283142723e-02
5.319148936170212810e-02
4.828150572831423765e-02
5.073649754500818287e-02
5.155482815057282897e-02
5.155482815057282897e-02
5.237315875613748201e-02
5.482815057283142723e-02
5.319148936170212810e-02
4.418985270049100023e-02
5.728314238952536552e-02
4.828150572831423765e-02
4.337152209492634719e-02
4.991816693944353678e-02
5.728314238952536552e-02
5.482815057283142723e-02
4.664484451718494545e-02
4.746317512274959155e-02
4.418985270049100023e-02
4.418985270049100023e-02
5.400981996726677420e-02
5.319148936170212810e-02
5.237315875613748201e-02
4.173486088379705500e-02
4.337152209492634719e-02
3.764320785597381064e-02
4.828150572831423765e-02
4.746317512274959155e-02
4.255319148936170109e-02
4.418985270049100023e-02
3.764320785597381064e-02
3.355155482815057322e-02
3.273322422258592712e-02
3.682487725040916454e-02
3.927986906710310977e-02
4.337152209492634719e-02
4.418985270049100023e-02
3.927986906710310977e-02
4.582651391162029242e-02
4.337152209492634719e-02
3.764320785597381064e-02
4.173486088379705500e-02
3.355155482815057322e-02
3.927986906710310977e-02
4.173486088379705500e-02
3.764320785597381064e-02
3.518821603927987235e-02
4.173486088379705500e-02
3.191489361702127409e-02
3.846153846153846367e-02
3.927986906710310977e-02
4.173486088379705500e-02
4.664484451718494545e-02
2.945990180032733233e-02
3.764320785597381064e-02
3.764320785597381064e-02
3.846153846153846367e-02
3.518821603927987235e-02
3.682487725040916454e-02
3.518821603927987235e-02
3.927986906710310977e-02
3.764320785597381064e-02
3.600654664484451845e-02
3.109656301145662799e-02
3.191489361702127409e-02
3.682487725040916454e-02
3.436988543371521931e-02
2.945990180032733233e-02
3.191489361702127409e-02
3.191489361702127409e-02
3.764320785597381064e-02
3.191489361702127409e-02
2.864157119476268276e-02
3.355155482815057322e-02
3.518821603927987235e-02
3.600654664484451845e-02
3.273322422258592712e-02
3.518821603927987235e-02
2.945990180032733233e-02
3.109656301145662799e-02
2.864157119476268276e-02
3.027823240589198189e-02
3.518821603927987235e-02
2.864157119476268276e-02
3.600654664484451845e-02
3.027823240589198189e-02
3.109656301145662799e-02
2.864157119476268276e-02
2.700490998363338710e-02
2.945990180032733233e-02
2.945990180032733233e-02
3.109656301145662799e-02
2.127659574468085055e-02
2.127659574468085055e-02
1.472995090016366616e-02
2.700490998363338710e-02
2.454991816693944187e-02
3.109656301145662799e-02
3.191489361702127409e-02
2.454991816693944187e-02
2.945990180032733233e-02
2.864157119476268276e-02
2.945990180032733233e-02
2.782324058919803667e-02
3.027823240589198189e-02
2.618657937806874100e-02
2.045826513911620445e-02
2.536824877250409144e-02
2.373158756137479578e-02
1.718494271685760966e-02
1.963993453355155488e-02
2.045826513911620445e-02
2.864157119476268276e-02
2.127659574468085055e-02
1.718494271685760966e-02
1.882160392798690532e-02
1.800327332242225922e-02
1.963993453355155488e-02
2.536824877250409144e-02
2.373158756137479578e-02
2.618657937806874100e-02
2.454991816693944187e-02
2.291325695581014621e-02
2.782324058919803667e-02
1.718494271685760966e-02
2.373158756137479578e-02
2.782324058919803667e-02
2.209492635024550011e-02
2.618657937806874100e-02
2.536824877250409144e-02
2.209492635024550011e-02
2.209492635024550011e-02
2.536824877250409144e-02
2.536824877250409144e-02
2.045826513911620445e-02
2.454991816693944187e-02
1.963993453355155488e-02
1.472995090016366616e-02
2.127659574468085055e-02
2.045826513911620445e-02
2.209492635024550011e-02
2.291325695581014621e-02
1.800327332242225922e-02
1.718494271685760966e-02
1.882160392798690532e-02
2.209492635024550011e-02
2.291325695581014621e-02
2.209492635024550011e-02
2.782324058919803667e-02
1.800327332242225922e-02
2.209492635024550011e-02
2.291325695581014621e-02
1.963993453355155488e-02
2.373158756137479578e-02
1.963993453355155488e-02
1.963993453355155488e-02
1.718494271685760966e-02
2.127659574468085055e-02
2.045826513911620445e-02
1.882160392798690532e-02
2.209492635024550011e-02
2.454991816693944187e-02
1.718494271685760966e-02
2.209492635024550011e-02
2.045826513911620445e-02
1.554828150572831399e-02
1.800327332242225922e-02
1.800327332242225922e-02
1.882160392798690532e-02
1.882160392798690532e-02
1.963993453355155488e-02
1.309328968903437050e-02
2.291325695581014621e-02
1.963993453355155488e-02
2.045826513911620445e-02
2.045826513911620445e-02
1.636661211129296356e-02
1.882160392798690532e-02
2.209492635024550011e-02
2.045826513911620445e-02
1.963993453355155488e-02
2.045826513911620445e-02
2.618657937806874100e-02
2.454991816693944187e-02
2.127659574468085055e-02
2.209492635024550011e-02
2.045826513911620445e-02
2.127659574468085055e-02
1.636661211129296356e-02
1.309328968903437050e-02
1.963993453355155488e-02
2.373158756137479578e-02
2.127659574468085055e-02
2.291325695581014621e-02
2.373158756137479578e-02
2.373158756137479578e-02
2.373158756137479578e-02
1.309328968903437050e-02
1.472995090016366616e-02
1.554828150572831399e-02
2.127659574468085055e-02
1.963993453355155488e-02
1.636661211129296356e-02
1.554828150572831399e-02
1.472995090016366616e-02
2.045826513911620445e-02
1.063829787234042527e-02
1.963993453355155488e-02
1.963993453355155488e-02
1.636661211129296356e-02
2.454991816693944187e-02
1.882160392798690532e-02
1.963993453355155488e-02
2.045826513911620445e-02
2.127659574468085055e-02
2.454991816693944187e-02
2.291325695581014621e-02
1.554828150572831399e-02
1.472995090016366616e-02
1.554828150572831399e-02
1.554828150572831399e-02
1.800327332242225922e-02
1.636661211129296356e-02
2.045826513911620445e-02
1.882160392798690532e-02
1.882160392798690532e-02
1.882160392798690532e-02
1.718494271685760966e-02
1.554828150572831399e-02
1.800327332242225922e-02
1.800327332242225922e-02
1.472995090016366616e-02
1.882160392798690532e-02
1.882160392798690532e-02
1.472995090016366616e-02
1.800327332242225922e-02
