1.000000000000000000e+00
9.073482428115016152e-01
8.035143769968050576e-01
8.562300319488818090e-01
7.939297124600639410e-01
7.492012779552715829e-01
7.923322683706069958e-01
7.683706070287540379e-01
7.891373801916933273e-01
7.539936102236421966e-01
7.092651757188498385e-01
7.476038338658147486e-01
7.252396166134185140e-01
7.172523961661342318e-01
7.140575079872204523e-01
7.188498402555910660e-01
7.236421725239616798e-01
6.725239616613418736e-01
6.980830670926517767e-01
7.268370607028753483e-01
7.220447284345048455e-01
7.316293929712459621e-01
6.900958466453673834e-01
6.821086261980831011e-01
6.996805111821086109e-01
6.853035143769967696e-01
6.517571884984025843e-01
6.996805111821086109e-01
6.709265175718850394e-01
6.054313099041533919e-01
6.501597444089456390e-01
7.108626198083066727e-01
6.916932907348243287e-01
6.869009584664537149e-01
6.725239616613418736e-01
6.405750798722045225e-01
6.421725239616613568e-01
6.629392971246006461e-01
6.517571884984025843e-01
6.501597444089456390e-01
6.421725239616613568e-01
6.277955271565495154e-01
6.357827476038339087e-01
6.230031948881789017e-01
6.102236421725240056e-01
6.198083067092651222e-01
6.246006389776357359e-01
5.942492012779552191e-01
6.246006389776357359e-01
6.150159744408946194e-01
6.134185303514376741e-01
5.958466453674121643e-01
5.974440894568689986e-01
5.543130990415335857e-01
5.830670926517571573e-01
5.782747603833865435e-01
5.559105431309904199e-01
5.399361022364217444e-01
6.006389776357827781e-01
5.527156549520766404e-01
5.766773162939297093e-01
5.830670926517571573e-01
5.670926517571884817e-01
5.607028753993610337e-01
5.750798722044728750e-01
5.638977635782748132e-01
5.527156549520766404e-01
5.638977635782748132e-01
5.495207667731629719e-01
5.670926517571884817e-01
5.734824281150159297e-01
5.575079872204472542e-01
5.559105431309904199e-01
5.383386581469649101e-01
5.287539936102236826e-01
5.335463258785942964e-01
5.575079872204472542e-01
5.527156549520766404e-01
5.463258785942491924e-01
5.734824281150159297e-01
5.415335463258785786e-01
5.031948881789137795e-01
5.367412140575079649e-01
5.527156549520766404e-01
5.782747603833865435e-01
5.239616613418530688e-01
5.591054313099041995e-01
5.686900958466453160e-01
5.143769968051118413e-01
5.000000000000000000e-01
4.888178913738019382e-01
5.191693290734824551e-01
5.495207667731629719e-01
5.287539936102236826e-01
4.984025559105431102e-01
5.079872204472843933e-01
4.952076677316293862e-01
4.904153354632587725e-01
4.824281150159744347e-01
4.984025559105431102e-01
4.616613418530351454e-01
4.760383386581469867e-01
4.952076677316293862e-01
4.664536741214057591e-01
4.472843450479233041e-01
4.808306709265175449e-01
4.872204472843450485e-01
4.728434504792332072e-01
4.696485623003194831e-01
4.392971246006389663e-01
4.984025559105431102e-01
4.424920127795526903e-01
4.744408945686900969e-01
4.520766773162939178e-01
4.680511182108625934e-01
4.712460063897763729e-01
4.440894568690095801e-01
4.712460063897763729e-01
4.265175718849840147e-01
4.297124600638977387e-01
4.680511182108625934e-01
4.872204472843450485e-01
4.536741214057508076e-01
4.488817891373801938e-01
4.456869009584664698e-01
4.760383386581469867e-01
4.568690095846645316e-01
4.345047923322683525e-01
4.361022364217252423e-01
4.712460063897763729e-01
4.456869009584664698e-01
4.616613418530351454e-01
4.616613418530351454e-01
4.121405750798722289e-01
4.440894568690095801e-01
4.616613418530351454e-01
4.632587859424920351e-01
4.281150159744409045e-01
4.600638977635782556e-01
4.185303514376996770e-01
4.249201277955271805e-01
4.329073482428115183e-01
4.089456869009584494e-01
4.345047923322683525e-01
4.297124600638977387e-01
4.568690095846645316e-01
4.233226837060702907e-01
4.313099041533546285e-01
4.664536741214057591e-01
4.584664536741214214e-01
4.552715654952076418e-01
4.329073482428115183e-01
3.977635782747603876e-01
4.329073482428115183e-01
4.073482428115016152e-01
4.201277955271565667e-01
4.169329073482427872e-01
4.233226837060702907e-01
4.153354632587859530e-01
4.249201277955271805e-01
3.849840255591054361e-01
4.201277955271565667e-01
3.961661341853034979e-01
4.233226837060702907e-01
4.089456869009584494e-01
4.041533546325878357e-01
4.153354632587859530e-01
3.610223642172524228e-01
3.977635782747603876e-01
3.642172523961661468e-01
3.769968051118210983e-01
3.690095846645367605e-01
3.610223642172524228e-01
3.945686900958466636e-01
4.025559105431310014e-01
3.690095846645367605e-01
3.913738019169328841e-01
3.722044728434504846e-01
4.153354632587859530e-01
4.265175718849840147e-01
3.594249201277955330e-01
3.785942492012779326e-01
3.881789137380191601e-01
3.769968051118210983e-01
3.769968051118210983e-01
3.530351437699680295e-01
3.418530351437699677e-01
3.546325878594249192e-01
3.658146964856229810e-01
3.801916932907348223e-01
3.690095846645367605e-01
3.769968051118210983e-01
3.722044728434504846e-01
3.769968051118210983e-01
3.849840255591054361e-01
3.722044728434504846e-01
3.610223642172524228e-01
3.498402555910543055e-01
3.514376996805111952e-01
3.626198083067092570e-01
3.706070287539935948e-01
3.498402555910543055e-01
3.722044728434504846e-01
3.546325878594249192e-01
3.514376996805111952e-01
3.514376996805111952e-01
3.546325878594249192e-01
3.418530351437699677e-01
3.562300319488818090e-01
3.849840255591054361e-01
3.626198083067092570e-01
3.753993610223642086e-01
3.642172523961661468e-01
3.482428115015974712e-01
3.402555910543130779e-01
3.482428115015974712e-01
3.450479233226836917e-01
3.482428115015974712e-01
3.370607028753993539e-01
3.210862619808306784e-01
3.418530351437699677e-01
3.322683706070287402e-01
3.322683706070287402e-01
3.162939297124600646e-01
3.242811501597444024e-01
3.210862619808306784e-01
3.578274760383386432e-01
3.162939297124600646e-01
3.482428115015974712e-01
3.306709265175719059e-01
3.466453674121405815e-01
3.498402555910543055e-01
3.226837060702875126e-01
3.594249201277955330e-01
3.115015974440894508e-01
3.258785942492012921e-01
3.226837060702875126e-01
3.306709265175719059e-01
3.418530351437699677e-01
3.226837060702875126e-01
3.067092651757188371e-01
2.955271565495207753e-01
3.099041533546325611e-01
3.290734824281150162e-01
3.178913738019169544e-01
3.162939297124600646e-01
3.051118210862620028e-01
3.322683706070287402e-01
3.354632587859425197e-01
3.242811501597444024e-01
3.162939297124600646e-01
3.019169329073482233e-01
3.035143769968051131e-01
3.450479233226836917e-01
3.210862619808306784e-01
3.210862619808306784e-01
3.067092651757188371e-01
3.083067092651757268e-01
2.827476038338658237e-01
3.051118210862620028e-01
3.242811501597444024e-01
3.083067092651757268e-01
2.907348242811501615e-01
3.162939297124600646e-01
3.354632587859425197e-01
2.987220447284344993e-01
2.827476038338658237e-01
3.099041533546325611e-01
2.907348242811501615e-01
3.051118210862620028e-01
2.747603833865814860e-01
2.795527156549520997e-01
3.162939297124600646e-01
2.795527156549520997e-01
3.051118210862620028e-01
2.939297124600638855e-01
2.699680511182108722e-01
3.019169329073482233e-01
2.619808306709265344e-01
2.619808306709265344e-01
3.130990415335463406e-01
2.827476038338658237e-01
2.827476038338658237e-01
2.795527156549520997e-01
2.763578274760383202e-01
2.619808306709265344e-01
2.571884984025559207e-01
2.587859424920127549e-01
2.667731629392971482e-01
2.779552715654952100e-01
2.492012779552715551e-01
2.635782747603833687e-01
2.795527156549520997e-01
2.971246006389776095e-01
2.731629392971245962e-01
2.795527156549520997e-01
3.019169329073482233e-01
2.651757188498402584e-01
2.779552715654952100e-01
3.035143769968051131e-01
2.779552715654952100e-01
2.587859424920127549e-01
2.635782747603833687e-01
2.907348242811501615e-01
2.779552715654952100e-01
2.555910543130990309e-01
2.747603833865814860e-01
2.779552715654952100e-01
2.747603833865814860e-01
2.795527156549520997e-01
2.843450479233226580e-01
2.843450479233226580e-01
2.571884984025559207e-01
2.827476038338658237e-01
2.875399361022364375e-01
2.587859424920127549e-01
2.699680511182108722e-01
2.747603833865814860e-01
2.923322683706070513e-01
2.747603833865814860e-01
2.811501597444089340e-01
2.795527156549520997e-01
2.907348242811501615e-01
2.667731629392971482e-01
2.843450479233226580e-01
2.747603833865814860e-01
2.747603833865814860e-01
2.699680511182108722e-01
2.539936102236421966e-01
2.843450479233226580e-01
2.795527156549520997e-01
2.971246006389776095e-01
2.907348242811501615e-01
2.907348242811501615e-01
2.827476038338658237e-01
3.035143769968051131e-01
2.763578274760383202e-01
2.731629392971245962e-01
2.683706070287539824e-01
2.699680511182108722e-01
2.747603833865814860e-01
2.731629392971245962e-01
2.539936102236421966e-01
2.587859424920127549e-01
2.731629392971245962e-01
2.859424920127795477e-01
2.971246006389776095e-01
2.667731629392971482e-01
2.843450479233226580e-01
2.635782747603833687e-01
2.587859424920127549e-01
2.699680511182108722e-01
2.827476038338658237e-01
3.035143769968051131e-01
2.603833865814696447e-01
2.875399361022364375e-01
2.699680511182108722e-01
2.651757188498402584e-01
2.428115015974440793e-01
2.364217252396166036e-01
2.284345047923322658e-01
2.476038338658146931e-01
2.571884984025559207e-01
2.731629392971245962e-01
2.747603833865814860e-01
2.444089456869009691e-01
2.460063897763578311e-01
2.635782747603833687e-01
2.747603833865814860e-01
2.699680511182108722e-01
2.619808306709265344e-01
2.412140575079872173e-01
2.891373801916932718e-01
2.587859424920127549e-01
2.619808306709265344e-01
2.667731629392971482e-01
2.667731629392971482e-01
2.651757188498402584e-01
2.667731629392971482e-01
2.555910543130990309e-01
2.396166134185303553e-01
2.699680511182108722e-01
2.539936102236421966e-01
2.492012779552715551e-01
2.571884984025559207e-01
2.284345047923322658e-01
2.492012779552715551e-01
2.571884984025559207e-01
2.507987220447284171e-01
2.587859424920127549e-01
2.380191693290734933e-01
2.460063897763578311e-01
2.332268370607028796e-01
2.364217252396166036e-01
2.332268370607028796e-01
2.476038338658146931e-01
2.300319488817891278e-01
2.236421725239616520e-01
2.571884984025559207e-01
2.316293929712460176e-01
2.364217252396166036e-01
