1.000000000000000000e+00
7.802197802197802234e-01
6.624803767660910614e-01
6.193092621664050279e-01
5.871271585557299444e-01
5.565149136577708378e-01
5.361067503924646926e-01
5.133437990580848043e-01
4.937205651491365921e-01
4.788069073783359775e-01
4.505494505494505586e-01
4.238618524332810056e-01
4.576138147566718994e-01
4.018838304552590501e-01
3.924646781789639105e-01
3.854003139717425697e-01
3.704866562009418995e-01
3.571428571428571508e-01
3.563579277864992179e-01
3.147566718995290502e-01
3.288854003139717319e-01
2.888540031397174301e-01
2.841444270015698326e-01
2.967032967032967039e-01
3.069073783359497765e-01
2.849293563579277655e-01
2.849293563579277655e-01
2.747252747252747485e-01
2.637362637362637430e-01
2.394034536891679887e-01
2.417582417582417598e-01
2.291993720565149162e-01
2.339089481946624860e-01
2.205651491365777095e-01
2.307692307692307820e-01
2.205651491365777095e-01
2.307692307692307820e-01
2.276295133437990503e-01
2.064364207221350000e-01
2.048665620094191619e-01
1.891679748822605867e-01
1.891679748822605867e-01
1.915227629513343854e-01
1.750392464678179050e-01
1.868131868131868156e-01
1.836734693877551117e-01
1.789638932496075419e-01
1.750392464678179050e-01
1.828885400313971787e-01
1.640502354788068995e-01
1.750392464678179050e-01
1.554160125588696928e-01
1.593406593406593297e-01
1.711145996860282681e-01
1.695447409733124022e-01
1.381475667189952794e-01
1.412872841444270111e-01
1.499215070643642178e-01
1.632653061224489666e-01
1.491365777080062849e-01
1.459968602825745809e-01
1.412872841444270111e-01
1.459968602825745809e-01
1.507064364207221230e-01
1.263736263736263687e-01
1.326530612244898044e-01
1.200941915227629470e-01
1.279434850863422346e-01
1.216640502354788128e-01
1.106750392464678212e-01
1.193092621664050279e-01
1.138147566718995252e-01
1.216640502354788128e-01
1.138147566718995252e-01
1.067503924646781843e-01
9.183673469387755584e-02
1.091051805337519692e-01
1.059654631083202514e-01
1.020408163265306145e-01
1.020408163265306145e-01
8.712715855572998602e-02
9.497645211930925979e-02
9.183673469387755584e-02
1.130298273155416061e-01
9.576138147566719272e-02
8.477237048665620112e-02
9.340659340659340781e-02
8.634222919937205309e-02
8.791208791208791895e-02
9.340659340659340781e-02
8.634222919937205309e-02
9.183673469387755584e-02
9.105180533751962291e-02
9.105180533751962291e-02
8.241758241758241621e-02
8.555729984301413404e-02
7.770800627943484640e-02
8.320251177394034914e-02
8.241758241758241621e-02
8.241758241758241621e-02
7.221350078492935753e-02
8.320251177394034914e-02
7.692307692307692735e-02
7.142857142857142461e-02
7.613814756671899442e-02
7.378335949764520951e-02
7.142857142857142461e-02
7.064364207221350556e-02
7.692307692307692735e-02
6.907378335949763970e-02
6.200941915227629192e-02
6.122448979591836593e-02
6.985871271585557263e-02
7.299843014128729046e-02
6.200941915227629192e-02
6.043956043956043994e-02
6.593406593406593574e-02
6.436420722135008377e-02
5.494505494505494414e-02
6.750392464678178772e-02
6.828885400313972065e-02
5.886970172684458102e-02
5.965463108320251395e-02
6.122448979591836593e-02
6.750392464678178772e-02
6.357927786499215084e-02
6.514913657770800282e-02
6.122448979591836593e-02
6.043956043956043994e-02
6.357927786499215084e-02
6.122448979591836593e-02
6.122448979591836593e-02
5.180533751962323324e-02
5.180533751962323324e-02
4.945054945054944834e-02
4.945054945054944834e-02
5.023547880690738127e-02
4.866562009419152235e-02
4.160125588697017457e-02
5.337519623233909216e-02
4.945054945054944834e-02
5.494505494505494414e-02
5.180533751962323324e-02
6.279434850863421791e-02
4.788069073783359636e-02
4.552590266875981145e-02
5.102040816326530726e-02
5.337519623233909216e-02
4.238618524332810056e-02
5.180533751962323324e-02
4.317111459968602655e-02
3.924646781789638966e-02
5.023547880690738127e-02
3.689167974882260476e-02
3.846153846153846367e-02
4.160125588697017457e-02
3.218210361067504188e-02
4.003139717425431565e-02
2.982731554160125698e-02
4.238618524332810056e-02
3.296703296703296787e-02
3.924646781789638966e-02
3.846153846153846367e-02
4.003139717425431565e-02
3.924646781789638966e-02
4.081632653061224164e-02
4.003139717425431565e-02
3.689167974882260476e-02
3.689167974882260476e-02
3.846153846153846367e-02
3.846153846153846367e-02
3.767660910518053075e-02
4.709576138147567037e-02
3.375196232339089386e-02
4.474097331240188546e-02
3.924646781789638966e-02
3.767660910518053075e-02
4.003139717425431565e-02
3.375196232339089386e-02
3.375196232339089386e-02
3.846153846153846367e-02
4.003139717425431565e-02
3.218210361067504188e-02
2.825745682888540153e-02
3.061224489795918297e-02
3.218210361067504188e-02
3.375196232339089386e-02
3.218210361067504188e-02
3.296703296703296787e-02
3.139717425431710895e-02
2.511773940345369063e-02
2.511773940345369063e-02
3.218210361067504188e-02
2.590266875981161662e-02
3.296703296703296787e-02
2.747252747252747207e-02
3.218210361067504188e-02
2.904238618524332752e-02
2.119309262166405028e-02
2.433281004709576117e-02
3.296703296703296787e-02
2.590266875981161662e-02
2.668759811616954608e-02
3.061224489795918297e-02
2.668759811616954608e-02
3.061224489795918297e-02
2.197802197802197974e-02
2.197802197802197974e-02
2.747252747252747207e-02
2.197802197802197974e-02
2.354788069073783519e-02
2.433281004709576117e-02
2.904238618524332752e-02
2.590266875981161662e-02
2.511773940345369063e-02
2.354788069073783519e-02
2.668759811616954608e-02
2.119309262166405028e-02
2.747252747252747207e-02
2.511773940345369063e-02
2.197802197802197974e-02
2.119309262166405028e-02
2.276295133437990573e-02
2.276295133437990573e-02
2.433281004709576117e-02
1.491365777080062849e-02
2.590266875981161662e-02
2.276295133437990573e-02
1.726844583987440993e-02
2.119309262166405028e-02
1.962323390894819483e-02
1.648351648351648394e-02
1.648351648351648394e-02
1.334379905808477304e-02
1.569858712715855448e-02
1.805337519623233938e-02
1.569858712715855448e-02
2.119309262166405028e-02
1.883830455259026537e-02
1.334379905808477304e-02
1.491365777080062849e-02
1.491365777080062849e-02
1.883830455259026537e-02
1.962323390894819483e-02
1.805337519623233938e-02
1.569858712715855448e-02
1.648351648351648394e-02
1.569858712715855448e-02
2.040816326530612082e-02
1.177394034536891759e-02
1.098901098901098987e-02
1.412872841444270076e-02
1.334379905808477304e-02
1.569858712715855448e-02
1.334379905808477304e-02
1.334379905808477304e-02
1.412872841444270076e-02
1.177394034536891759e-02
1.569858712715855448e-02
1.412872841444270076e-02
1.255886970172684532e-02
1.177394034536891759e-02
1.020408163265306041e-02
9.419152276295132686e-03
1.648351648351648394e-02
1.020408163265306041e-02
1.412872841444270076e-02
1.412872841444270076e-02
1.098901098901098987e-02
1.412872841444270076e-02
1.020408163265306041e-02
1.020408163265306041e-02
1.334379905808477304e-02
1.255886970172684532e-02
1.412872841444270076e-02
1.412872841444270076e-02
9.419152276295132686e-03
1.020408163265306041e-02
1.648351648351648394e-02
1.255886970172684532e-02
1.412872841444270076e-02
1.098901098901098987e-02
1.726844583987440993e-02
1.412872841444270076e-02
1.098901098901098987e-02
1.334379905808477304e-02
1.098901098901098987e-02
1.020408163265306041e-02
1.255886970172684532e-02
9.419152276295132686e-03
1.334379905808477304e-02
9.419152276295132686e-03
1.491365777080062849e-02
1.177394034536891759e-02
1.334379905808477304e-02
1.098901098901098987e-02
1.255886970172684532e-02
1.412872841444270076e-02
1.491365777080062849e-02
1.412872841444270076e-02
1.412872841444270076e-02
1.020408163265306041e-02
8.634222919937204963e-03
1.098901098901098987e-02
8.634222919937204963e-03
7.064364207221350382e-03
1.020408163265306041e-02
9.419152276295132686e-03
8.634222919937204963e-03
1.177394034536891759e-02
8.634222919937204963e-03
1.177394034536891759e-02
8.634222919937204963e-03
1.177394034536891759e-02
9.419152276295132686e-03
1.098901098901098987e-02
9.419152276295132686e-03
6.279434850863422658e-03
1.020408163265306041e-02
1.177394034536891759e-02
1.255886970172684532e-02
1.177394034536891759e-02
7.849293563579277239e-03
1.098901098901098987e-02
1.412872841444270076e-02
1.334379905808477304e-02
1.255886970172684532e-02
1.177394034536891759e-02
1.648351648351648394e-02
1.648351648351648394e-02
1.255886970172684532e-02
1.491365777080062849e-02
1.334379905808477304e-02
1.726844583987440993e-02
1.726844583987440993e-02
1.255886970172684532e-02
1.020408163265306041e-02
1.020408163265306041e-02
1.098901098901098987e-02
1.491365777080062849e-02
1.098901098901098987e-02
1.098901098901098987e-02
1.334379905808477304e-02
1.098901098901098987e-02
9.419152276295132686e-03
1.255886970172684532e-02
1.412872841444270076e-02
1.334379905808477304e-02
1.177394034536891759e-02
8.634222919937204963e-03
9.419152276295132686e-03
1.098901098901098987e-02
1.020408163265306041e-02
7.064364207221350382e-03
7.849293563579277239e-03
1.020408163265306041e-02
1.177394034536891759e-02
1.255886970172684532e-02
7.849293563579277239e-03
8.634222919937204963e-03
1.098901098901098987e-02
1.020408163265306041e-02
6.279434850863422658e-03
1.098901098901098987e-02
7.064364207221350382e-03
9.419152276295132686e-03
7.849293563579277239e-03
7.849293563579277239e-03
7.064364207221350382e-03
1.020408163265306041e-02
1.020408163265306041e-02
7.064364207221350382e-03
1.020408163265306041e-02
8.634222919937204963e-03
1.255886970172684532e-02
8.634222919937204963e-03
8.634222919937204963e-03
9.419152276295132686e-03
9.419152276295132686e-03
8.634222919937204963e-03
3.924646781789638619e-03
7.064364207221350382e-03
5.494505494505494934e-03
8.634222919937204963e-03
5.494505494505494934e-03
5.494505494505494934e-03
7.849293563579277239e-03
4.709576138147566343e-03
8.634222919937204963e-03
6.279434850863422658e-03
6.279434850863422658e-03
1.098901098901098987e-02
8.634222919937204963e-03
6.279434850863422658e-03
5.494505494505494934e-03
7.064364207221350382e-03
6.279434850863422658e-03
3.139717425431711329e-03
3.139717425431711329e-03
7.849293563579277239e-03
6.279434850863422658e-03
