1.000000000000000000e+00
8.095061269959152872e-01
7.458225027849981759e-01
7.150018566654289254e-01
6.752692164871889613e-01
6.407352395098403486e-01
6.147419235053843689e-01
5.954326030449312857e-01
5.753806164129223744e-01
5.536576308949127112e-01
5.434459710360193263e-01
5.161529892313405643e-01
4.905310063126624431e-01
4.814333457111028558e-01
4.691793538804307495e-01
4.593390271073152786e-01
4.485703676197549394e-01
4.272187151875231903e-01
4.209060527292982079e-01
4.212773858150761219e-01
4.032677311548458765e-01
3.841440772372818335e-01
3.795024136650575475e-01
3.865577422948384689e-01
3.600074266617155350e-01
3.494244337170441805e-01
3.445971036019309097e-01
3.265874489417007198e-01
3.269587820274786338e-01
3.225027849981433326e-01
3.232454511696992161e-01
3.225027849981433326e-01
3.024507983661344213e-01
2.942814704790197022e-01
2.792424805050129910e-01
2.823988117341255100e-01
2.796138135907909605e-01
2.580764946156702822e-01
2.601188265874489480e-01
2.558484961010025760e-01
2.445228369847753380e-01
2.402525064983289937e-01
2.499071667285555076e-01
2.413665057556628191e-01
2.393241737838841532e-01
2.240995172669884850e-01
2.289268473821017558e-01
2.298551800965465963e-01
2.216858522094318495e-01
2.155588562940957964e-01
2.021908652060898648e-01
2.038618640920906167e-01
2.070181953212031079e-01
2.031191979205347331e-01
2.034905310063126749e-01
1.943928704047530598e-01
1.843668770887486041e-01
1.919792053471964244e-01
1.800965466023022599e-01
1.815818789454140270e-01
1.793538804307463763e-01
1.713702190865206143e-01
1.735982176011882649e-01
1.730412179725213384e-01
1.713702190865206143e-01
1.661715558856294017e-01
1.613442257705161587e-01
1.622725584849609992e-01
1.542888971407352372e-01
1.524322317118455283e-01
1.578165614556256979e-01
1.468622354251763740e-01
1.498329001113999359e-01
1.451912365391756499e-01
1.429632380245079715e-01
1.448199034533977081e-01
1.396212402525064955e-01
1.377645748236167866e-01
1.399925733382844373e-01
1.262532491645005639e-01
1.286669142220571715e-01
1.210545859636093513e-01
1.206832528778314095e-01
1.240252506498328994e-01
1.190122539918306716e-01
1.165985889342740500e-01
1.113999257333828513e-01
1.141849238767174146e-01
1.147419235053843273e-01
1.180839212773858171e-01
1.117712588191607931e-01
1.097289268473820995e-01
1.067582621611585653e-01
1.069439287040475361e-01
9.970293353137764381e-02
9.561826958782027042e-02
1.023022651318232501e-01
9.691793538804308050e-02
9.598960267359821219e-02
9.654660230226513873e-02
9.951726698848867292e-02
9.673226884515410962e-02
9.728926847382102228e-02
9.153360564426289703e-02
9.951726698848867292e-02
9.394727070181953243e-02
8.819160787226142106e-02
8.670627552914965397e-02
8.911994058670627550e-02
8.614927590048272743e-02
8.410694392870404767e-02
9.004827330115112993e-02
8.373561084292610590e-02
8.150761232825844138e-02
8.652060898626066920e-02
8.447827701448198945e-02
8.187894541403639703e-02
7.760861492759005276e-02
7.890828072781284896e-02
7.965094689936873251e-02
7.909394727070181985e-02
7.500928332714444646e-02
8.317861121425919324e-02
7.296695135536576671e-02
7.370961752692165025e-02
7.333828444114370848e-02
7.389528406981062114e-02
7.500928332714444646e-02
6.888228741180839332e-02
6.832528778314148066e-02
7.278128481247679582e-02
7.315261789825473759e-02
7.240995172669885405e-02
7.148161901225398573e-02
6.665428889714072880e-02
6.572595618269587436e-02
6.981062012625324775e-02
7.166728555514295662e-02
6.721128852580765534e-02
6.554028963980690348e-02
6.795395469736353888e-02
6.628295581136278702e-02
6.758262161158559711e-02
6.386929075380616549e-02
5.792796138135907630e-02
6.294095803936131106e-02
6.294095803936131106e-02
6.516895655402896170e-02
5.829929446713702501e-02
6.164129223913850791e-02
5.885629409580393767e-02
5.662829558113628009e-02
5.867062755291496678e-02
5.662829558113628009e-02
6.461195692536204904e-02
6.071295952469365348e-02
6.052729298180467565e-02
6.108429261047159525e-02
5.625696249535833832e-02
5.885629409580393767e-02
5.755662829558113452e-02
5.514296323802450606e-02
5.161529892313405227e-02
5.588562940958039654e-02
5.551429632380244783e-02
5.050129966580022001e-02
5.569996286669142566e-02
5.142963238024508138e-02
5.105829929446713961e-02
4.901596732268845291e-02
5.124396583735611049e-02
5.235796509468993581e-02
4.660230226513182444e-02
4.808763460824359154e-02
4.530263646490902130e-02
5.142963238024508138e-02
4.790196806535462065e-02
4.734496843668770799e-02
4.734496843668770799e-02
5.068696620868919089e-02
4.548830300779799218e-02
4.660230226513182444e-02
4.437430375046416686e-02
4.808763460824359154e-02
4.418863720757519598e-02
4.474563683624210864e-02
4.326030449313033460e-02
4.196063869290753839e-02
4.381730412179725420e-02
4.121797252135165485e-02
4.121797252135165485e-02
4.140363906424062573e-02
4.158930560712959662e-02
4.047530634979576436e-02
4.103230597846268396e-02
3.917564054957296815e-02
3.936130709246193904e-02
3.806164129223913589e-02
3.843297437801708460e-02
3.657630894912736880e-02
3.750464166357222323e-02
3.769030820646119412e-02
3.880430746379502638e-02
3.917564054957296815e-02
3.397697734868176944e-02
3.267731154845896629e-02
3.119197920534719573e-02
3.323431117712587896e-02
3.082064611956925396e-02
3.174897883401411186e-02
3.379131080579279856e-02
3.267731154845896629e-02
3.341997772001485678e-02
3.397697734868176944e-02
3.082064611956925396e-02
3.249164500556999541e-02
3.304864463423690807e-02
3.063497957668028307e-02
3.583364277757147831e-02
3.453397697734868210e-02
3.341997772001485678e-02
3.063497957668028307e-02
3.212031191979205363e-02
3.230597846268102452e-02
3.156331229112514097e-02
2.989231340512439605e-02
3.082064611956925396e-02
2.970664686223542517e-02
2.822131451912365460e-02
2.877831414779056726e-02
2.896398069067953815e-02
2.655031563312290968e-02
3.286297809134793718e-02
3.379131080579279856e-02
2.784998143334571283e-02
2.357965094689936855e-02
2.729298180467879670e-02
2.896398069067953815e-02
2.692164871890085492e-02
2.747864834756776758e-02
2.933531377645748339e-02
2.729298180467879670e-02
3.193464537690308275e-02
2.599331600445599702e-02
2.803564797623468371e-02
3.026364649090233783e-02
2.784998143334571283e-02
3.174897883401411186e-02
2.896398069067953815e-02
2.747864834756776758e-02
3.100631266245822484e-02
2.710731526178982581e-02
2.562198291867805525e-02
2.710731526178982581e-02
2.469365020423319734e-02
2.784998143334571283e-02
2.729298180467879670e-02
2.896398069067953815e-02
3.082064611956925396e-02
2.506498329001113912e-02
2.747864834756776758e-02
2.729298180467879670e-02
2.710731526178982581e-02
2.599331600445599702e-02
2.302265131823245589e-02
2.562198291867805525e-02
2.506498329001113912e-02
2.636464909023393879e-02
2.469365020423319734e-02
2.265131823245451065e-02
2.469365020423319734e-02
2.227998514667656887e-02
2.432231711845525557e-02
2.265131823245451065e-02
2.376531748978833944e-02
2.376531748978833944e-02
2.339398440401039767e-02
2.116598588934274008e-02
2.246565168956553976e-02
2.283698477534348154e-02
2.506498329001113912e-02
2.543631637578908436e-02
2.209431860378759799e-02
1.968065354623096952e-02
2.098031934645376920e-02
1.968065354623096952e-02
1.782398811734125371e-02
1.875232083178611162e-02
2.209431860378759799e-02
2.283698477534348154e-02
2.116598588934274008e-02
1.838098774600816984e-02
2.209431860378759799e-02
2.023765317489788218e-02
2.023765317489788218e-02
1.800965466023022807e-02
2.005198663200891129e-02
1.838098774600816984e-02
1.930932046045302775e-02
2.005198663200891129e-02
1.930932046045302775e-02
2.116598588934274008e-02
1.838098774600816984e-02
1.912365391756405339e-02
2.042331971778685654e-02
1.875232083178611162e-02
2.153731897512068186e-02
1.968065354623096952e-02
2.060898626067582742e-02
1.819532120311919896e-02
1.986632008911994041e-02
1.930932046045302775e-02
1.949498700334199863e-02
2.227998514667656887e-02
2.172298551800965621e-02
2.023765317489788218e-02
2.079465280356479831e-02
2.060898626067582742e-02
2.135165243223171097e-02
2.246565168956553976e-02
2.172298551800965621e-02
2.079465280356479831e-02
2.172298551800965621e-02
1.986632008911994041e-02
2.042331971778685654e-02
2.023765317489788218e-02
2.042331971778685654e-02
1.856665428889714073e-02
2.005198663200891129e-02
2.005198663200891129e-02
2.005198663200891129e-02
1.893798737467508250e-02
1.949498700334199863e-02
1.912365391756405339e-02
1.763832157445228282e-02
1.782398811734125371e-02
1.819532120311919896e-02
1.541032305978462698e-02
1.503898997400668347e-02
1.318232454511696940e-02
1.503898997400668347e-02
1.429632380245079819e-02
1.782398811734125371e-02
1.708132194578537016e-02
1.782398811734125371e-02
1.466765688822874170e-02
1.689565540289639928e-02
1.726698848867434105e-02
1.763832157445228282e-02
1.559598960267359787e-02
1.726698848867434105e-02
1.578165614556257049e-02
1.503898997400668347e-02
1.522465651689565609e-02
1.670998886000742839e-02
1.763832157445228282e-02
1.596732268845154137e-02
1.856665428889714073e-02
1.930932046045302775e-02
1.856665428889714073e-02
1.930932046045302775e-02
1.856665428889714073e-02
1.838098774600816984e-02
1.652432231711845403e-02
1.541032305978462698e-02
1.800965466023022807e-02
1.596732268845154137e-02
1.838098774600816984e-02
1.596732268845154137e-02
1.708132194578537016e-02
1.485332343111771258e-02
1.633865577422948315e-02
1.336799108800594202e-02
1.541032305978462698e-02
1.466765688822874170e-02
1.652432231711845403e-02
1.411065725956182730e-02
1.485332343111771258e-02
1.763832157445228282e-02
1.411065725956182730e-02
1.448199034533976907e-02
1.299665800222799851e-02
1.448199034533976907e-02
1.448199034533976907e-02
1.708132194578537016e-02
1.559598960267359787e-02
1.466765688822874170e-02
1.541032305978462698e-02
1.466765688822874170e-02
1.522465651689565609e-02
1.392499071667285641e-02
1.670998886000742839e-02
1.373932417378388379e-02
1.411065725956182730e-02
1.336799108800594202e-02
1.262532491645005500e-02
1.336799108800594202e-02
1.466765688822874170e-02
1.392499071667285641e-02
1.188265874489416972e-02
1.262532491645005500e-02
