1.000000000000000000e+00
8.884053465962076235e-01
8.694435809760646672e-01
8.405346596207646792e-01
8.265464718682001832e-01
8.088281007149518143e-01
8.144233758159775682e-01
7.852036058439539890e-01
7.634442026732981557e-01
7.737022070251787786e-01
7.528753497046938303e-01
7.376437674852346360e-01
7.342244327012744654e-01
7.348461299347217590e-01
7.301834006838670010e-01
7.295617034504195964e-01
7.158843643145788027e-01
7.031395710289088941e-01
7.068697544295927671e-01
6.823127137084239457e-01
6.792042275411874774e-01
6.764065899906744894e-01
6.546471868200186561e-01
6.453217283183090291e-01
6.562014299036369458e-01
6.673919801056885648e-01
6.614858563879391085e-01
6.443891824681380331e-01
6.319552377991918268e-01
6.335094808828101165e-01
6.546471868200186561e-01
6.241840223811003785e-01
6.276033571650606602e-01
6.133043207957724618e-01
6.046005595275101285e-01
6.039788622940628349e-01
5.996269816599316682e-01
5.974510413428659739e-01
5.983835871930369699e-01
5.952751010258003905e-01
6.061548026111284182e-01
5.893689773080509342e-01
5.766241840223811366e-01
5.778675784892757239e-01
5.704072116879079779e-01
5.763133354056574342e-01
5.732048492384208549e-01
5.750699409387628469e-01
5.663661796705005136e-01
5.548647808517251923e-01
5.489586571339757359e-01
5.585949642524090653e-01
5.492695057506994383e-01
5.477152626670811486e-01
5.362138638483058273e-01
5.284426484302144900e-01
5.393223500155424066e-01
5.290643456636617836e-01
5.225365247124650336e-01
5.244016164128069146e-01
5.212931302455704463e-01
5.138327634442027003e-01
5.110351258936898233e-01
5.203605843953994503e-01
5.138327634442027003e-01
5.013988187752564940e-01
5.013988187752564940e-01
4.970469381411252718e-01
4.976686353745725655e-01
4.836804476220080695e-01
4.783960211377059624e-01
4.858563879390736528e-01
4.905191171899285218e-01
4.774634752875349664e-01
4.870997824059682957e-01
4.743549891202983870e-01
4.799502642213241965e-01
4.811936586882188394e-01
4.802611128380478434e-01
4.597451041342865974e-01
4.609884986011812402e-01
4.553932235001554307e-01
4.647186820018651132e-01
4.501087970158532681e-01
4.600559527510102442e-01
4.585017096673919546e-01
4.479328566987876847e-01
4.510413428660242641e-01
4.575691638172210141e-01
4.423375815977618752e-01
4.591234069008393037e-01
4.463786136151693951e-01
4.320795772458812523e-01
4.327012744793285459e-01
4.289710910786446729e-01
4.339446689462231888e-01
4.367423064967360657e-01
4.184022381100404031e-01
4.333229717127758951e-01
4.311470313957103118e-01
4.221324215107242761e-01
4.218215728940006293e-01
4.190239353434876968e-01
4.180913894933167563e-01
4.199564811936586928e-01
4.230649673608952166e-01
4.218215728940006293e-01
4.227541187441715698e-01
4.084550823748834270e-01
4.128069630090145936e-01
4.037923531240286135e-01
4.134286602424619428e-01
4.013055641902393278e-01
4.003730183400683873e-01
4.131178116257382404e-01
4.096984768417780698e-01
4.096984768417780698e-01
4.078333851414361333e-01
3.953994404724898715e-01
3.985079266397264508e-01
4.006838669567920341e-01
3.972645321728318080e-01
3.845197388871619548e-01
3.854522847373328953e-01
3.947777432390425778e-01
3.792353124028597922e-01
3.901150139881877643e-01
3.776810693192415025e-01
3.860739819707802445e-01
3.733291886851103358e-01
3.789244637861361453e-01
3.786136151694124985e-01
3.742617345352813318e-01
3.615169412496114232e-01
3.699098539011501652e-01
3.720857942182157485e-01
3.605843953994404827e-01
3.565433633820329629e-01
3.593410009325458399e-01
3.549891202984146732e-01
3.562325147653093160e-01
3.627603357165060660e-01
3.549891202984146732e-01
3.509480882810071534e-01
3.506372396642835065e-01
3.419334783960211177e-01
3.512589368977308002e-01
3.357165060615480146e-01
3.484612993472179232e-01
3.316754740441404947e-01
3.413117811625738240e-01
3.363382032949953637e-01
3.382032949953372447e-01
3.400683866956791812e-01
3.444202673298104034e-01
3.425551756294684669e-01
3.307429281939695542e-01
3.422443270127448200e-01
3.403792353124028836e-01
3.419334783960211177e-01
3.344731115946534272e-01
3.294995337270749114e-01
3.350948088281007209e-01
3.410009325458501772e-01
3.316754740441404947e-01
3.294995337270749114e-01
3.239042586260491019e-01
3.198632266086415821e-01
3.242151072427727487e-01
3.176872862915759987e-01
3.229717127758781614e-01
3.183089835250232924e-01
3.092943736400373123e-01
3.229717127758781614e-01
3.155113459745104154e-01
3.226608641591545146e-01
3.198632266086415821e-01
3.207957724588125781e-01
3.105377681069318996e-01
3.136462542741684789e-01
3.136462542741684789e-01
3.124028598072738361e-01
3.176872862915759987e-01
3.102269194902082527e-01
3.130245570407211853e-01
3.036990985390115028e-01
3.012123096052222726e-01
3.096052222567609591e-01
3.214174696922598717e-01
3.083618277898663163e-01
3.092943736400373123e-01
3.043207957724587964e-01
3.117811625738265424e-01
3.080509791731426694e-01
2.946844886540254671e-01
2.990363692881566893e-01
2.962387317376437568e-01
2.984146720547093401e-01
2.968604289710911059e-01
2.990363692881566893e-01
2.965495803543674036e-01
2.921976997202362369e-01
2.853590301523158401e-01
2.872241218526577766e-01
2.928193969536835306e-01
2.931302455704072329e-01
2.841156356854211973e-01
2.850481815355921933e-01
2.862915760024867806e-01
2.719925396331986378e-01
2.856698787690394870e-01
2.760335716506061576e-01
2.856698787690394870e-01
2.847373329188684909e-01
2.732359341000932806e-01
2.853590301523158401e-01
2.775878147342244473e-01
2.856698787690394870e-01
2.838047870686975505e-01
2.825613926018029076e-01
2.775878147342244473e-01
2.785203605843953878e-01
2.757227230338825108e-01
2.713708423997513441e-01
2.682623562325147648e-01
2.751010258004351616e-01
2.710599937830276418e-01
2.738576313335405743e-01
2.819396953683556140e-01
2.620453838980416617e-01
2.682623562325147648e-01
2.698165993161330545e-01
2.710599937830276418e-01
2.806963009014609711e-01
2.741684799502642211e-01
2.639104755983835982e-01
2.663972645321728283e-01
2.645321728318308918e-01
2.704382965495803481e-01
2.670189617656201220e-01
2.710599937830276418e-01
2.657755672987255346e-01
2.757227230338825108e-01
2.657755672987255346e-01
2.704382965495803481e-01
2.595585949642524315e-01
2.654647186820018878e-01
2.620453838980416617e-01
2.617345352813180148e-01
2.651538700652781855e-01
2.611128380478706656e-01
2.530307740130556260e-01
2.536524712465029752e-01
2.589368977308050823e-01
2.586260491140814355e-01
2.592477463475287291e-01
2.542741684799502688e-01
2.539633198632266220e-01
2.514765309294373363e-01
2.499222878458190744e-01
2.567609574137394990e-01
2.552067143301212093e-01
2.617345352813180148e-01
2.530307740130556260e-01
2.545850170966739157e-01
2.542741684799502688e-01
2.530307740130556260e-01
2.520982281628846855e-01
2.508548336959900427e-01
2.514765309294373363e-01
2.461921044451352292e-01
2.508548336959900427e-01
2.524090767796083323e-01
2.502331364625427490e-01
2.499222878458190744e-01
2.548958657133975625e-01
2.530307740130556260e-01
2.539633198632266220e-01
2.486788933789244593e-01
2.440161641280696181e-01
2.477463475287534911e-01
2.452595585949642609e-01
2.440161641280696181e-01
2.440161641280696181e-01
2.461921044451352292e-01
2.474354989120298443e-01
2.465029530618588760e-01
2.486788933789244593e-01
2.471246502953061974e-01
2.424619210444513562e-01
2.468138016785825228e-01
2.483680447622008125e-01
2.489897419956481062e-01
2.387317376437674832e-01
2.415293751942803879e-01
2.384208890270438364e-01
2.393534348772148046e-01
2.468138016785825228e-01
2.399751321106620983e-01
2.396642834939384514e-01
2.415293751942803879e-01
2.402859807273857728e-01
2.409076779608330665e-01
2.393534348772148046e-01
2.337581597761889951e-01
2.356232514765309316e-01
2.312713708423997649e-01
2.374883431768728681e-01
2.480571961454771657e-01
2.328256139260180269e-01
2.312713708423997649e-01
2.343798570096363165e-01
2.328256139260180269e-01
2.297171277587814753e-01
2.262977929748212491e-01
2.412185265775567411e-01
2.306496736089524435e-01
2.346907056263599634e-01
2.266086415915449237e-01
2.300279763755051221e-01
2.359341000932545784e-01
2.331364625427416737e-01
2.290954305253341539e-01
2.318930680758470586e-01
2.303388249922287967e-01
2.259869443580976023e-01
2.303388249922287967e-01
2.284737332918868602e-01
2.315822194591234118e-01
2.290954305253341539e-01
2.259869443580976023e-01
2.278520360584395388e-01
2.222567609574137293e-01
2.228784581908610507e-01
2.262977929748212491e-01
2.213242151072427610e-01
2.269194902082685705e-01
2.160397886229406261e-01
2.287845819086105070e-01
2.253652471246503086e-01
2.231893068075846975e-01
2.185265775567298840e-01
2.166614858563879475e-01
2.175940317065589158e-01
2.157289400062169793e-01
2.203916692570717928e-01
2.200808206403481460e-01
2.225676095741374039e-01
2.210133664905191142e-01
2.188374261734535309e-01
2.185265775567298840e-01
2.163506372396642730e-01
2.166614858563879475e-01
2.179048803232825626e-01
2.132421510724277214e-01
2.188374261734535309e-01
2.179048803232825626e-01
2.216350637239664356e-01
2.182157289400062095e-01
2.163506372396642730e-01
2.172831830898352412e-01
2.207025178737954674e-01
2.135529996891513960e-01
2.113770593720857849e-01
2.129313024557040745e-01
2.172831830898352412e-01
2.116879079888094595e-01
2.200808206403481460e-01
2.110662107553621381e-01
2.126204538389804277e-01
2.147963941560460110e-01
2.163506372396642730e-01
2.179048803232825626e-01
2.123096052222567531e-01
2.151072427727696579e-01
2.138638483058750428e-01
2.135529996891513960e-01
2.126204538389804277e-01
2.141746969225986896e-01
2.160397886229406261e-01
2.194591234069008523e-01
2.104445135219148166e-01
2.154180913894933047e-01
2.110662107553621381e-01
2.026732981038234516e-01
2.163506372396642730e-01
2.138638483058750428e-01
2.113770593720857849e-01
2.116879079888094595e-01
2.076468759714019396e-01
2.039166925707180666e-01
2.042275411874417135e-01
2.054709356543363286e-01
2.088902704382965547e-01
2.042275411874417135e-01
2.029841467205470984e-01
1.992539633198632254e-01
2.104445135219148166e-01
2.051600870376126817e-01
2.144855455393223365e-01
2.020516008703761301e-01
