1.000000000000000000e+00
8.277608915906787823e-01
8.145896656534954428e-01
7.507598784194529085e-01
7.345491388044579351e-01
6.899696048632218970e-01
7.477203647416413856e-01
7.112462006079027788e-01
7.031408308004052365e-01
6.859169199594731259e-01
6.484295845997973817e-01
6.545086119554204274e-01
6.534954407294832901e-01
6.190476190476190688e-01
5.714285714285713969e-01
6.099290780141843893e-01
6.210739614994934543e-01
5.967578520770010497e-01
5.927051671732522786e-01
5.866261398176292330e-01
5.805471124620060763e-01
5.542046605876392862e-01
5.460992907801418550e-01
5.339412360688956527e-01
5.430597771023303322e-01
5.460992907801418550e-01
5.339412360688956527e-01
5.096251266464032481e-01
5.106382978723403854e-01
5.075987841945288626e-01
5.045592705167173397e-01
5.116514690982776337e-01
4.994934143870314314e-01
5.075987841945288626e-01
4.883485309017223663e-01
4.751773049645390268e-01
4.954407294832826603e-01
4.863221884498480363e-01
4.863221884498480363e-01
4.731509625126646412e-01
4.184397163120567309e-01
4.549138804457953378e-01
4.457953394123607138e-01
4.305977710233029332e-01
4.133738601823708225e-01
4.488348530901722366e-01
4.154002026342452081e-01
4.164133738601823453e-01
4.133738601823708225e-01
4.123606889564336297e-01
3.758865248226950229e-01
4.103343465045592442e-01
4.123606889564336297e-01
3.931104356636271335e-01
4.042553191489361430e-01
3.951367781155015191e-01
3.870314083080040324e-01
3.728470111448835000e-01
3.809523809523809312e-01
3.586626139817629122e-01
3.566362715298885266e-01
3.647416413373860133e-01
3.546099290780141966e-01
3.779128672745694084e-01
3.617021276595744905e-01
3.880445795339412252e-01
3.505572441742654255e-01
3.465045592705167099e-01
3.434650455927051871e-01
3.140830800405268741e-01
3.444782168186423243e-01
3.373860182370820859e-01
3.566362715298885266e-01
3.282674772036474065e-01
3.313069908814589848e-01
3.252279635258358836e-01
3.211752786220871125e-01
3.090172239108409102e-01
3.161094224924012042e-01
3.272543059777102137e-01
3.140830800405268741e-01
2.998986828774062863e-01
3.221884498480243053e-01
2.958459979736575707e-01
3.090172239108409102e-01
2.867274569402228912e-01
3.130699088145896813e-01
3.242147922998986909e-01
2.958459979736575707e-01
2.938196555217831851e-01
2.978723404255319007e-01
3.201621073961499753e-01
3.069908814589665802e-01
2.907801418439716068e-01
2.897669706180344695e-01
2.847011144883485056e-01
2.938196555217831851e-01
3.110435663627152958e-01
3.049645390070921946e-01
2.928064842958459923e-01
2.796352583586625973e-01
2.765957446808510745e-01
2.776089159067882672e-01
2.826747720364741756e-01
2.674772036474163950e-01
2.613981762917932938e-01
2.887537993920972768e-01
2.725430597771023034e-01
2.684903748733535878e-01
2.816616008105369828e-01
2.755825734549138817e-01
2.563323201621073855e-01
2.603850050658561566e-01
2.836879432624113684e-01
2.755825734549138817e-01
2.644376899696048722e-01
2.725430597771023034e-01
2.522796352583586699e-01
2.431610942249240181e-01
2.380952380952380820e-01
2.472137791286727337e-01
2.472137791286727337e-01
2.543059777102330554e-01
2.512664640324214771e-01
2.279635258358662653e-01
2.573454913880445782e-01
2.472137791286727337e-01
2.543059777102330554e-01
2.421479229989868254e-01
2.421479229989868254e-01
2.279635258358662653e-01
2.360688956433637242e-01
2.360688956433637242e-01
2.310030395136778159e-01
2.259371833839919075e-01
2.299898682877406231e-01
2.360688956433637242e-01
2.107396149949341546e-01
2.320162107396150086e-01
2.208713272543059714e-01
2.330293819655521737e-01
2.289766970618034581e-01
2.239108409321175219e-01
2.137791286727457052e-01
2.249240121580547147e-01
2.188449848024316136e-01
2.158054711246200630e-01
2.239108409321175219e-01
2.188449848024316136e-01
1.914893617021276584e-01
2.006079027355623101e-01
2.006079027355623101e-01
1.955420466058764017e-01
1.955420466058764017e-01
2.097264437689969618e-01
2.127659574468085124e-01
2.097264437689969618e-01
2.289766970618034581e-01
2.147922998986828702e-01
1.995947315096251173e-01
1.874366767983789150e-01
2.016210739614995029e-01
1.904761904761904656e-01
1.813576494427558139e-01
1.884498480243161078e-01
1.783181357649442633e-01
1.854103343465045572e-01
1.904761904761904656e-01
1.995947315096251173e-01
1.925025329280648512e-01
1.742654508611955477e-01
1.833839918946301994e-01
1.681864235055724466e-01
1.681864235055724466e-01
1.691995947315096116e-01
1.621073961499493454e-01
1.742654508611955477e-01
1.742654508611955477e-01
1.671732522796352538e-01
1.570415400202634371e-01
1.651469098277608960e-01
1.550151975683890515e-01
1.742654508611955477e-01
1.529888551165146937e-01
1.641337386018237032e-01
1.621073961499493454e-01
1.661600810536980888e-01
1.529888551165146937e-01
1.661600810536980888e-01
1.560283687943262443e-01
1.560283687943262443e-01
1.509625126646403359e-01
1.550151975683890515e-01
1.540020263424518865e-01
1.469098277608915926e-01
1.347517730496453903e-01
1.428571428571428492e-01
1.286727456940222891e-01
1.408308004052684914e-01
1.377912867274569408e-01
1.347517730496453903e-01
1.398176291793312986e-01
1.469098277608915926e-01
1.529888551165146937e-01
1.408308004052684914e-01
1.469098277608915926e-01
1.357649442755825830e-01
1.337386018237081975e-01
1.185410334346504585e-01
1.256332320162107385e-01
1.286727456940222891e-01
1.337386018237081975e-01
1.347517730496453903e-01
1.357649442755825830e-01
1.296859169199594819e-01
1.286727456940222891e-01
1.286727456940222891e-01
1.215805471124620091e-01
1.256332320162107385e-01
1.317122593718338397e-01
1.043566362715298845e-01
1.276595744680850963e-01
1.367781155015197481e-01
1.215805471124620091e-01
1.155015197568389079e-01
1.155015197568389079e-01
1.266464032421479313e-01
1.215805471124620091e-01
1.225937183383991880e-01
1.114488348530901785e-01
1.104356636271529857e-01
1.175278622087132657e-01
1.195542046605876374e-01
1.165146909827760868e-01
1.306990881458966469e-01
1.114488348530901785e-01
1.094224924012158068e-01
1.033434650455927056e-01
1.043566362715298845e-01
1.124620060790273574e-01
1.084093211752786279e-01
1.053698074974670773e-01
1.124620060790273574e-01
1.205673758865248163e-01
1.215805471124620091e-01
1.063829787234042562e-01
1.124620060790273574e-01
1.063829787234042562e-01
9.219858156028368223e-02
1.043566362715298845e-01
1.063829787234042562e-01
9.726443768996960448e-02
1.043566362715298845e-01
8.814589665653495276e-02
9.118541033434650334e-02
1.063829787234042562e-01
9.929078014184397616e-02
9.929078014184397616e-02
9.726443768996960448e-02
9.827760891590678338e-02
9.827760891590678338e-02
9.422492401215805391e-02
1.013171225937183340e-01
9.219858156028368223e-02
1.003039513677811551e-01
9.929078014184397616e-02
9.726443768996960448e-02
1.073961499493414351e-01
1.043566362715298845e-01
9.726443768996960448e-02
1.155015197568389079e-01
1.073961499493414351e-01
1.043566362715298845e-01
9.118541033434650334e-02
9.929078014184397616e-02
8.713272543059777386e-02
8.308004052684904439e-02
9.726443768996960448e-02
8.814589665653495276e-02
9.219858156028368223e-02
9.422492401215805391e-02
1.003039513677811551e-01
8.611955420466058109e-02
9.321175278622087501e-02
9.118541033434650334e-02
8.004052684903749382e-02
8.611955420466058109e-02
8.915906788247213166e-02
7.801418439716312214e-02
7.092198581560284210e-02
8.409321175278622329e-02
7.396149949341439267e-02
9.321175278622087501e-02
7.902735562310030104e-02
8.105369807497467272e-02
8.004052684903749382e-02
8.308004052684904439e-02
8.814589665653495276e-02
8.713272543059777386e-02
8.814589665653495276e-02
7.598784194528875047e-02
6.990881458966564932e-02
7.598784194528875047e-02
8.308004052684904439e-02
8.611955420466058109e-02
7.700101317122594324e-02
6.382978723404254817e-02
7.801418439716312214e-02
6.990881458966564932e-02
7.294832826747719989e-02
8.409321175278622329e-02
8.004052684903749382e-02
7.396149949341439267e-02
6.686930091185409875e-02
7.801418439716312214e-02
7.700101317122594324e-02
6.686930091185409875e-02
8.409321175278622329e-02
7.598784194528875047e-02
7.396149949341439267e-02
8.510638297872340219e-02
8.308004052684904439e-02
8.510638297872340219e-02
8.206686930091185161e-02
8.004052684903749382e-02
7.598784194528875047e-02
6.889564336372847042e-02
6.788247213779129152e-02
7.700101317122594324e-02
6.889564336372847042e-02
7.092198581560284210e-02
8.206686930091185161e-02
7.193515704154002099e-02
7.801418439716312214e-02
7.092198581560284210e-02
6.889564336372847042e-02
7.193515704154002099e-02
7.902735562310030104e-02
7.700101317122594324e-02
8.206686930091185161e-02
6.686930091185409875e-02
6.788247213779129152e-02
6.382978723404254817e-02
7.092198581560284210e-02
6.079027355623100454e-02
7.598784194528875047e-02
7.294832826747719989e-02
6.686930091185409875e-02
6.079027355623100454e-02
7.193515704154002099e-02
8.004052684903749382e-02
7.598784194528875047e-02
6.382978723404254817e-02
6.382978723404254817e-02
6.079027355623100454e-02
7.092198581560284210e-02
6.484295845997974095e-02
6.382978723404254817e-02
6.990881458966564932e-02
6.484295845997974095e-02
6.585612968591691985e-02
6.281661600810536927e-02
6.180344478216818344e-02
5.673758865248226813e-02
6.585612968591691985e-02
7.092198581560284210e-02
6.585612968591691985e-02
5.876393110435663286e-02
5.977710233029381870e-02
4.761904761904761640e-02
5.775075987841945396e-02
5.572441742654508923e-02
5.572441742654508923e-02
6.180344478216818344e-02
6.180344478216818344e-02
5.775075987841945396e-02
6.585612968591691985e-02
6.382978723404254817e-02
6.788247213779129152e-02
5.977710233029381870e-02
6.079027355623100454e-02
6.079027355623100454e-02
6.484295845997974095e-02
5.369807497467071755e-02
6.484295845997974095e-02
6.281661600810536927e-02
4.964539007092198808e-02
5.167173252279635282e-02
5.977710233029381870e-02
5.268490374873353865e-02
5.471124620060790339e-02
5.673758865248226813e-02
5.065856129685916698e-02
5.369807497467071755e-02
5.673758865248226813e-02
5.572441742654508923e-02
5.572441742654508923e-02
5.775075987841945396e-02
5.065856129685916698e-02
5.572441742654508923e-02
4.154002026342452220e-02
