1.000000000000000000e+00
8.340895640165713054e-01
8.076543696981652865e-01
7.776681791280330991e-01
7.559676464785953787e-01
7.431446044584730792e-01
7.263760110475439014e-01
7.046754783981061809e-01
6.861313868613139189e-01
6.766620635233774328e-01
6.691655158808443860e-01
6.527914776089958071e-01
6.389820477411718436e-01
6.230025646084039748e-01
6.226080094693233757e-01
6.103768001578220304e-01
6.078121917537976371e-01
6.007101992503451893e-01
5.874926020911422908e-01
5.827579404221739923e-01
5.726967843756164411e-01
5.555336358256066642e-01
5.644111264549220852e-01
5.490234760307752815e-01
5.389623199842178414e-01
5.314657723416847945e-01
5.310712172026040845e-01
5.318603274807653936e-01
5.336358256066284778e-01
5.129216808048925325e-01
5.044387453146577105e-01
4.906293154468336914e-01
4.943775892681002149e-01
4.922075360031564206e-01
4.855000986387847939e-01
4.856973762083250934e-01
4.760307753008483078e-01
4.716906687709607193e-01
4.714933912014204198e-01
4.657723416847504572e-01
4.612349575853225692e-01
4.499901361215229989e-01
4.381534819491023636e-01
4.432826987571513166e-01
4.422963109094495970e-01
4.369698165318603444e-01
4.342079305582955406e-01
4.229631090944959704e-01
4.211876109686328862e-01
4.146774511738015589e-01
4.257249950680607742e-01
4.267113829157624938e-01
4.196093904123101015e-01
4.138883408956401389e-01
4.059972381140264375e-01
4.046162951272440078e-01
3.969224699151706615e-01
3.992898007496547552e-01
4.010652988755178394e-01
3.949496942197672222e-01
3.884395344249358950e-01
3.839021503255080070e-01
3.787729335174590539e-01
3.687117774709015583e-01
3.698954428881436329e-01
3.655553363582560444e-01
3.616097849674492215e-01
3.594397317025054273e-01
3.560860130203196139e-01
3.629907279542315957e-01
3.525350167685933900e-01
3.519431840599723804e-01
3.556914578812389038e-01
3.470112448214637824e-01
3.405010850266324551e-01
3.353718682185835576e-01
3.371473663444466418e-01
3.326099822450187538e-01
3.464194121128427728e-01
3.403038074570921556e-01
3.278753205760505107e-01
3.296508187019135949e-01
3.158413888340895759e-01
3.213651607812191835e-01
3.207733280725981184e-01
3.077530084829354640e-01
3.166304991122509405e-01
3.063720654961530898e-01
3.043992898007496506e-01
3.083448411915565290e-01
3.063720654961530898e-01
2.994673505622410525e-01
3.047938449398303606e-01
2.996646281317814076e-01
2.953245216018938746e-01
2.972972972972973138e-01
2.990727954231603980e-01
2.955217991714342296e-01
2.901953047938449215e-01
2.961136318800552392e-01
2.905898599329256315e-01
2.884198066679818373e-01
2.870388636811994632e-01
2.894061945156835569e-01
2.880252515289011828e-01
2.799368711777470708e-01
2.809232590254487905e-01
2.698757151311895752e-01
2.653383310317616872e-01
2.677056618662457810e-01
2.623791674886565284e-01
2.712566581179720049e-01
2.604063917932530892e-01
2.643519431840599676e-01
2.602091142237127896e-01
2.572499506806076308e-01
2.613927796409548088e-01
2.552771749852041916e-01
2.487670151903728644e-01
2.531071217202603973e-01
2.596172815150917246e-01
2.538962319984217619e-01
2.513316235943973131e-01
2.497534030380745840e-01
2.525152890116393878e-01
2.544880647070428270e-01
2.533043992898007524e-01
2.509370684553166031e-01
2.377194712961136214e-01
2.465969619254290701e-01
2.420595778260011821e-01
2.440323535214046213e-01
2.463996843558887428e-01
2.430459656737029017e-01
2.456105740777273505e-01
2.335766423357664157e-01
2.329848096271454061e-01
2.347603077530084903e-01
2.373249161570329391e-01
2.302229236535805745e-01
2.288419806667981726e-01
2.314065890708226492e-01
2.288419806667981726e-01
2.276583152495561257e-01
2.239100414282896023e-01
2.272637601104754435e-01
2.219372657328861631e-01
2.162162162162162282e-01
2.254882619846123593e-01
2.233182087196685650e-01
2.104951666995462656e-01
2.179917143420793124e-01
2.197672124679423966e-01
2.108897218386269479e-01
2.187808246202406770e-01
2.181889919116196397e-01
2.104951666995462656e-01
2.112842769777076302e-01
2.120733872558689947e-01
2.035904517656342561e-01
2.130597751035707144e-01
2.022095087788518541e-01
2.029986190570132187e-01
2.012231209311501345e-01
2.008285657920694522e-01
1.982639573880449757e-01
1.953047938449398169e-01
2.010258433616097795e-01
1.966857368317222465e-01
1.980666798185046484e-01
1.872164134937857605e-01
1.876109686328664428e-01
1.876109686328664428e-01
1.909646873150522839e-01
1.907674097455119289e-01
1.876109686328664428e-01
1.846518050897612839e-01
1.919510751627540035e-01
1.933320181495364054e-01
1.901755770368909193e-01
1.880055237719471251e-01
1.854409153679226763e-01
1.874136910633260877e-01
1.901755770368909193e-01
1.891891891891891997e-01
1.771552574472282371e-01
1.749852041822844706e-01
1.805089761294140782e-01
1.785362004340106667e-01
1.775498125863089471e-01
1.824817518248175174e-01
1.755770368909055079e-01
1.736042611955020687e-01
1.747879266127441433e-01
1.690668770960741807e-01
1.674886565397514238e-01
1.692641546656145080e-01
1.647267705661866199e-01
1.611757743144604516e-01
1.661077135529690219e-01
1.714342079305583022e-01
1.655158808443479845e-01
1.702505425133162276e-01
1.655158808443479845e-01
1.607812191753797693e-01
1.621621621621621712e-01
1.672913789702110965e-01
1.643322154271059377e-01
1.696587098046952180e-01
1.607812191753797693e-01
1.623594397317024984e-01
1.651213257052673022e-01
1.635431051489445731e-01
1.625567173012428535e-01
1.643322154271059377e-01
1.588084434799763300e-01
1.617676070230814889e-01
1.599921088972183769e-01
1.548628920891694516e-01
1.617676070230814889e-01
1.629512724403235358e-01
1.627539948707831807e-01
1.619648845926218161e-01
1.556520023673308439e-01
1.588084434799763300e-01
1.507200631288222459e-01
1.501282304202012363e-01
1.532846715328467224e-01
1.477608995857171148e-01
1.528901163937660401e-01
1.497336752811205263e-01
1.501282304202012363e-01
1.546656145196291243e-01
1.471690668770960775e-01
1.469717893075557225e-01
1.491418425724995167e-01
1.406589070822647503e-01
1.436180706253699091e-01
1.424344052081278345e-01
1.430262379167488718e-01
1.392779640954823484e-01
1.376997435391595914e-01
1.426316827776681895e-01
1.463799565989347129e-01
1.404616295127243952e-01
1.414480173604261148e-01
1.426316827776681895e-01
1.357269678437561522e-01
1.365160781219175445e-01
1.380942986782402737e-01
1.402643519431840680e-01
1.363188005523771895e-01
1.363188005523771895e-01
1.325705267311106661e-01
1.361215229828368622e-01
1.292168080489248250e-01
1.319786940224896565e-01
1.357269678437561522e-01
1.351351351351351426e-01
1.333596370092720584e-01
1.270467547839810585e-01
1.307950286052475819e-01
1.325705267311106661e-01
1.286249753403038154e-01
1.284276977707634604e-01
1.250739790885776193e-01
1.272440323535214135e-01
1.311895837443282642e-01
1.260603669362793389e-01
1.302031958966265446e-01
1.268494772144407312e-01
1.254685342276583015e-01
1.256658117971986566e-01
1.248767015190372920e-01
1.236930361017952312e-01
1.246794239494969370e-01
1.242848688104162547e-01
1.232984809627145351e-01
1.211284276977707686e-01
1.193529295719076705e-01
1.240875912408759135e-01
1.217202604063917920e-01
1.167883211678832078e-01
1.195502071414480116e-01
1.185638192937463059e-01
1.163937660288025255e-01
1.215229828368514509e-01
1.154073781811008059e-01
1.148155454724797825e-01
1.150128230420201236e-01
1.146182679029394413e-01
1.201420398500690490e-01
1.158019333201815021e-01
1.173801538765042451e-01
1.163937660288025255e-01
1.094890510948905160e-01
1.163937660288025255e-01
1.130400473466166844e-01
1.112645492207536002e-01
1.079108305385677591e-01
1.159992108897218432e-01
1.140264351943184040e-01
1.112645492207536002e-01
1.142237127638587452e-01
1.114618267902939414e-01
1.108699940816729179e-01
1.126454922075360021e-01
1.112645492207536002e-01
1.098836062339711983e-01
1.090944959558098198e-01
1.110672716512132591e-01
1.071217202604063945e-01
1.029788913000591888e-01
1.077135529690274179e-01
1.079108305385677591e-01
1.071217202604063945e-01
1.037680015782205534e-01
1.023870585914381515e-01
1.053462221345432964e-01
1.071217202604063945e-01
1.071217202604063945e-01
1.049516669954626141e-01
1.021897810218978103e-01
1.049516669954626141e-01
1.045571118563819318e-01
1.014006707437364319e-01
1.021897810218978103e-01
1.029788913000591888e-01
1.051489445650029553e-01
9.923061747879266536e-02
1.019925034523574692e-01
9.903333990925232422e-02
1.004142828960347261e-01
9.923061747879266536e-02
9.449595580982442233e-02
9.666600907476820270e-02
1.019925034523574692e-01
1.004142828960347261e-01
9.863878477017162805e-02
9.883606233971196919e-02
1.012033931741960907e-01
1.014006707437364319e-01
9.883606233971196919e-02
1.006115604655750673e-01
9.686328664430854385e-02
9.844150720063128690e-02
1.006115604655750673e-01
9.706056421384888500e-02
1.000197277569540300e-01
9.844150720063128690e-02
9.923061747879266536e-02
9.844150720063128690e-02
9.311501282304202043e-02
9.567962122706648309e-02
9.212862497534030082e-02
9.291773525350167928e-02
9.449595580982442233e-02
1.014006707437364319e-01
9.745511935292956729e-02
9.429867824028408119e-02
9.094495955809824006e-02
9.646873150522786156e-02
9.350956796212270272e-02
9.429867824028408119e-02
8.838035115407377740e-02
8.798579601499309510e-02
9.291773525350167928e-02
9.291773525350167928e-02
9.528506608798580080e-02
9.627145393568750653e-02
9.055040441901755777e-02
8.897218386269481472e-02
9.232590254488064196e-02
8.660485302821069320e-02
9.094495955809824006e-02
9.173406983625961852e-02
8.719668573683171664e-02
8.838035115407377740e-02
9.035312684947721662e-02
8.739396330637207166e-02
8.680213059775103435e-02
8.640757545867035205e-02
9.074768198855789891e-02
8.818307358453343625e-02
8.621029788913001091e-02
8.482935490234760900e-02
8.522391004142829130e-02
8.463207733280725398e-02
8.187019135924245017e-02
8.384296705464588939e-02
8.443479976326691283e-02
8.739396330637207166e-02
8.680213059775103435e-02
8.640757545867035205e-02
8.226474649832314634e-02
8.285657920694416978e-02
8.285657920694416978e-02
8.127835865062142673e-02
7.891102781613730521e-02
7.970013809429868368e-02
8.285657920694416978e-02
