1.000000000000000000e+00
7.929128738621586958e-01
7.109882964889466805e-01
6.866059817945383559e-01
6.557217165149544780e-01
6.342652795838751301e-01
6.020806241872561637e-01
5.611183355006501561e-01
5.520156046814044259e-01
5.393368010403121193e-01
5.136540962288687062e-01
4.915474642392717586e-01
4.905721716514954700e-01
4.561118335500650156e-01
4.340052015604681235e-01
4.496098829648894624e-01
4.102730819245773985e-01
4.187256176853055845e-01
3.891417425227568505e-01
3.868660598179453625e-01
3.849154746423927298e-01
3.628088426527958377e-01
3.598829648894668609e-01
3.449284785435630662e-01
3.397269180754226015e-01
3.293237971391417274e-01
3.241222366710013181e-01
3.166449934980494207e-01
3.107932379713914117e-01
3.078673602080624350e-01
3.003901170351105376e-01
3.036410923276983143e-01
2.854356306892067430e-01
2.821846553966189663e-01
2.646293888166449948e-01
2.652795838751625390e-01
2.578023407022106417e-01
2.477243172951885675e-01
2.555266579973992092e-01
2.451235370611183351e-01
2.379713914174252376e-01
2.304941482444733403e-01
2.304941482444733403e-01
2.356957087126137773e-01
2.252925877763329032e-01
2.210663198959687825e-01
2.174902470741222338e-01
2.096879063719115643e-01
2.087126137841352480e-01
2.077373211963589039e-01
1.996098829648894624e-01
1.895318595578673604e-01
1.934330299089726812e-01
1.882314694408322442e-01
1.918075422626787929e-01
1.830299089726918071e-01
1.872561768530559279e-01
1.833550065019505793e-01
1.710013003901170447e-01
1.716514954486345890e-01
1.661248374512353798e-01
1.697009102730819285e-01
1.589726918075422546e-01
1.680754226267880402e-01
1.609232769830949150e-01
1.557217165149544780e-01
1.540962288686605897e-01
1.511703511053316129e-01
1.449934980494148318e-01
1.433680104031209435e-01
1.368660598179453902e-01
1.479193758127438363e-01
1.352405721716515019e-01
1.358907672301690461e-01
1.381664499349805064e-01
1.423927178153445994e-01
1.319895968790637253e-01
1.323146944083224974e-01
1.267880364109232882e-01
1.316644993498049532e-01
1.303641092327698370e-01
1.303641092327698370e-01
1.209362808842652792e-01
1.115084525357607215e-01
1.163849154746423864e-01
1.173602080624187305e-01
1.079323797139141727e-01
1.115084525357607215e-01
1.098829648894668332e-01
1.154096228868660562e-01
1.076072821846554006e-01
1.102080624187256191e-01
1.154096228868660562e-01
1.043563068920676240e-01
1.056566970091027263e-01
1.063068920676202844e-01
1.027308192457737357e-01
1.017555266579974055e-01
1.063068920676202844e-01
1.024057217165149497e-01
9.915474642392717308e-02
1.050065019505851821e-01
1.007802340702210614e-01
9.817945383615084287e-02
9.915474642392717308e-02
9.232769830949284773e-02
9.850455136540962886e-02
9.557867360208062435e-02
9.265279583875161984e-02
9.882964889466840097e-02
9.005201560468140132e-02
8.940182054616384322e-02
9.687906371911574055e-02
9.590377113133939646e-02
9.135240572171651752e-02
8.907672301690507111e-02
8.842652795838751301e-02
8.062418725617685744e-02
8.745123537061118280e-02
8.387516254876463406e-02
8.420026007802340617e-02
8.062418725617685744e-02
8.420026007802340617e-02
8.029908972691807145e-02
8.224967490247074575e-02
8.127438231469440166e-02
8.094928478543562955e-02
7.899869960988296913e-02
7.997399219765929934e-02
7.282184655396618800e-02
7.022106631989596948e-02
7.054616384915474159e-02
7.184655396618985779e-02
6.762028608582575095e-02
7.574772431729519251e-02
6.664499349804942074e-02
7.737321196358908082e-02
7.542262678803640652e-02
7.672301690507152272e-02
6.989596879063719737e-02
7.217165149544862990e-02
6.339401820546164412e-02
6.534460338101430454e-02
6.664499349804942074e-02
6.371911573472041623e-02
6.371911573472041623e-02
6.306892067620285813e-02
6.469440832249674644e-02
6.274382314694408602e-02
6.241872561768530697e-02
6.794538361508452307e-02
6.371911573472041623e-02
6.436931079323797433e-02
5.851755526657997225e-02
6.014304291287386056e-02
5.981794538361508151e-02
6.111833550065019771e-02
5.624187256176853278e-02
5.364109232769830732e-02
5.689206762028608394e-02
5.461638491547464447e-02
5.591677503250975373e-02
5.461638491547464447e-02
5.299089726918075616e-02
5.169050715214564690e-02
5.981794538361508151e-02
5.624187256176853278e-02
5.819245773732119320e-02
5.916775032509753035e-02
5.786736020806242109e-02
5.201560468140441901e-02
5.299089726918075616e-02
5.266579973992197711e-02
5.299089726918075616e-02
5.104031209362808880e-02
5.039011703511053070e-02
5.234070221066319806e-02
5.396618985695708637e-02
5.364109232769830732e-02
4.908972691807542144e-02
4.941482444733420049e-02
5.169050715214564690e-02
4.843953185955787027e-02
5.071521456436930975e-02
5.201560468140441901e-02
4.973992197659297954e-02
4.941482444733420049e-02
4.811443433029909122e-02
4.746423927178153312e-02
4.941482444733420049e-02
4.616384915474642386e-02
5.071521456436930975e-02
5.201560468140441901e-02
5.039011703511053070e-02
4.811443433029909122e-02
4.876462938881664239e-02
4.713914174252275407e-02
4.453836150845253555e-02
4.648894668400520291e-02
4.908972691807542144e-02
4.518855656697009365e-02
4.388816644993497745e-02
4.356306892067620534e-02
4.518855656697009365e-02
4.421326397919375650e-02
4.096228868660597988e-02
4.226267880364108914e-02
4.063719115734720083e-02
4.388816644993497745e-02
3.966189856957087062e-02
4.031209362808842872e-02
4.096228868660597988e-02
4.161248374512353798e-02
3.836150845253576136e-02
3.901170351105331946e-02
4.226267880364108914e-02
4.356306892067620534e-02
4.128738621586475893e-02
4.193758127438231703e-02
3.738621586475943115e-02
4.161248374512353798e-02
3.706111833550065210e-02
3.738621586475943115e-02
3.608582574772431495e-02
3.771131339401820326e-02
3.511053315994798474e-02
3.381014304291287548e-02
3.185955786736020812e-02
3.218465539661898717e-02
3.381014304291287548e-02
3.088426527958387444e-02
3.315994798439531738e-02
3.315994798439531738e-02
3.250975292587776622e-02
2.958387516254876518e-02
2.828348504551365244e-02
2.600780234070220950e-02
2.763328998699609781e-02
2.438231469440832119e-02
2.893368010403121054e-02
2.600780234070220950e-02
2.568270481144343392e-02
2.860858257477243149e-02
2.893368010403121054e-02
2.633289986996098855e-02
2.958387516254876518e-02
2.828348504551365244e-02
2.860858257477243149e-02
2.893368010403121054e-02
2.860858257477243149e-02
2.763328998699609781e-02
2.568270481144343392e-02
2.730819245773732223e-02
2.763328998699609781e-02
2.568270481144343392e-02
2.665799739921976760e-02
2.795838751625487686e-02
2.503250975292587929e-02
2.893368010403121054e-02
2.860858257477243149e-02
2.470741222366710024e-02
2.340702210663199098e-02
2.503250975292587929e-02
2.633289986996098855e-02
2.438231469440832119e-02
2.535760728218465487e-02
2.015604681404421436e-02
2.730819245773732223e-02
2.633289986996098855e-02
2.730819245773732223e-02
2.990897269180754076e-02
2.470741222366710024e-02
2.925877763328998613e-02
2.568270481144343392e-02
2.340702210663199098e-02
2.535760728218465487e-02
2.275682704811443288e-02
2.373211963589076656e-02
2.503250975292587929e-02
2.665799739921976760e-02
2.210663198959687825e-02
2.438231469440832119e-02
2.503250975292587929e-02
2.210663198959687825e-02
2.243172951885565730e-02
2.243172951885565730e-02
2.145643693107932362e-02
2.373211963589076656e-02
2.503250975292587929e-02
2.438231469440832119e-02
2.373211963589076656e-02
2.438231469440832119e-02
2.373211963589076656e-02
2.275682704811443288e-02
2.015604681404421436e-02
2.113133940182054457e-02
2.210663198959687825e-02
2.210663198959687825e-02
2.243172951885565730e-02
1.755526657997399237e-02
2.308192457737321193e-02
2.275682704811443288e-02
2.145643693107932362e-02
1.755526657997399237e-02
1.755526657997399237e-02
1.820546163849154700e-02
1.723016905071521332e-02
2.080624187256176899e-02
1.853055916775032605e-02
1.788036410923277142e-02
1.820546163849154700e-02
1.592977893368010406e-02
2.080624187256176899e-02
1.755526657997399237e-02
1.755526657997399237e-02
1.788036410923277142e-02
1.885565669700910163e-02
1.657997399219765869e-02
1.723016905071521332e-02
1.560468140442132674e-02
1.527958387516254943e-02
2.113133940182054457e-02
1.723016905071521332e-02
1.788036410923277142e-02
1.560468140442132674e-02
1.723016905071521332e-02
1.820546163849154700e-02
1.592977893368010406e-02
1.560468140442132674e-02
1.332899869960988380e-02
1.365409622886866112e-02
1.592977893368010406e-02
1.365409622886866112e-02
1.755526657997399237e-02
1.560468140442132674e-02
1.267880364109232744e-02
1.430429128738621575e-02
1.267880364109232744e-02
1.592977893368010406e-02
1.592977893368010406e-02
1.527958387516254943e-02
1.495448634590377038e-02
1.235370611183355012e-02
1.137841352405721644e-02
1.462938881664499306e-02
1.462938881664499306e-02
1.300390117035110475e-02
1.430429128738621575e-02
1.657997399219765869e-02
1.592977893368010406e-02
1.462938881664499306e-02
1.332899869960988380e-02
1.495448634590377038e-02
1.300390117035110475e-02
1.267880364109232744e-02
1.365409622886866112e-02
1.495448634590377038e-02
1.527958387516254943e-02
1.332899869960988380e-02
1.332899869960988380e-02
1.170351105331599549e-02
1.137841352405721644e-02
1.105331599479843913e-02
9.752925877763329865e-03
1.235370611183355012e-02
1.040312093628088450e-02
1.170351105331599549e-02
1.235370611183355012e-02
1.040312093628088450e-02
9.102730819245773500e-03
1.235370611183355012e-02
1.137841352405721644e-02
1.170351105331599549e-02
1.072821846553966181e-02
1.040312093628088450e-02
1.170351105331599549e-02
1.170351105331599549e-02
1.040312093628088450e-02
8.452535760728218869e-03
9.102730819245773500e-03
9.427828348504550815e-03
7.802340702210663372e-03
8.127438231469441554e-03
9.752925877763329865e-03
8.777633289986996185e-03
7.802340702210663372e-03
9.427828348504550815e-03
1.105331599479843913e-02
9.752925877763329865e-03
8.777633289986996185e-03
8.452535760728218869e-03
9.102730819245773500e-03
1.072821846553966181e-02
9.427828348504550815e-03
9.102730819245773500e-03
1.007802340702210718e-02
1.105331599479843913e-02
1.105331599479843913e-02
1.137841352405721644e-02
1.137841352405721644e-02
1.105331599479843913e-02
