1.000000000000000000e+00
8.801115241635687481e-01
8.410780669144981569e-01
8.136617100371746902e-01
8.141263940520445663e-01
7.741635687732342230e-01
7.634758364312267398e-01
7.439591078066914998e-01
7.300185873605947728e-01
7.142193308550185415e-01
6.993494423791821735e-01
6.965613382899628059e-01
6.775092936802974419e-01
6.807620817843865746e-01
6.593866171003717191e-01
6.589219330855018431e-01
6.468401486988847315e-01
6.593866171003717191e-01
6.226765799256505085e-01
6.064126394052045121e-01
6.208178438661710041e-01
6.138475836431226407e-01
6.133828996282527646e-01
6.017657992565055292e-01
5.864312267657992850e-01
5.831784386617100413e-01
5.622676579925650620e-01
5.859665427509294089e-01
5.511152416356877026e-01
5.492565055762081982e-01
5.627323420074349380e-01
5.622676579925650620e-01
5.580855018587360661e-01
5.469330855018587068e-01
5.306691449814125994e-01
5.306691449814125994e-01
5.185873605947954879e-01
5.199814126394052272e-01
5.213754646840148554e-01
5.260223048327137274e-01
5.116171003717472354e-01
5.051115241635687481e-01
4.883828996282527646e-01
4.842007434944237687e-01
4.581784386617100413e-01
4.684014869888475929e-01
4.535315985130111693e-01
4.591078066914497935e-01
4.521375464684014855e-01
4.460966542750929298e-01
4.433085501858736177e-01
4.451672862453531776e-01
4.386617100371747457e-01
4.210037174721189546e-01
4.358736059479553782e-01
4.024163568773234112e-01
4.149628252788103988e-01
4.093866171003717747e-01
4.284386617100371941e-01
4.084572490706319670e-01
4.196096654275092708e-01
4.186802973977695186e-01
3.935873605947955434e-01
4.014869888475836590e-01
3.894052044609665475e-01
3.875464684014869876e-01
3.875464684014869876e-01
3.926579925650557357e-01
3.982342007434944153e-01
3.921933085501858596e-01
3.619888475836431363e-01
3.717472118959107563e-01
3.861524163568773038e-01
3.754646840148698761e-01
3.805762081784386797e-01
3.754646840148698761e-01
3.652416356877323245e-01
3.782527881040892437e-01
3.587360594795538926e-01
3.652416356877323245e-01
3.698884758364312519e-01
3.513011152416357086e-01
3.248141263940520496e-01
3.373605947955390372e-01
3.406133828996282253e-01
3.443308550185873451e-01
3.355018587360594773e-01
3.322490706319702336e-01
3.234200743494423658e-01
3.238847583643122419e-01
3.280669144981412377e-01
3.206319702602230537e-01
3.057620817843866301e-01
3.090148698884758183e-01
3.113382899628252543e-01
3.266728624535316095e-01
3.187732342007434938e-01
3.238847583643122419e-01
3.066914498141263823e-01
3.164498141263940578e-01
2.932156133828996425e-01
3.094795539033457499e-01
3.108736059479553782e-01
2.973977695167286384e-01
3.015799256505576342e-01
3.071561338289962584e-01
3.025092936802973864e-01
3.090148698884758183e-01
2.922862453531598348e-01
2.839219330855018431e-01
2.718401486988847315e-01
2.829925650557620909e-01
2.815985130111524071e-01
2.788104089219330950e-01
2.797397769516728472e-01
2.741635687732342230e-01
2.741635687732342230e-01
2.634758364312267398e-01
2.685873605947955434e-01
2.764869888475836590e-01
2.611524163568773038e-01
2.732342007434944153e-01
2.551115241635687481e-01
2.462825278810408802e-01
2.685873605947955434e-01
2.625464684014869876e-01
2.662639405204461074e-01
2.458178438661710041e-01
2.597583643122676755e-01
2.639405204460966714e-01
2.458178438661710041e-01
2.397769516728624484e-01
2.458178438661710041e-01
2.416356877323420083e-01
2.346654275092936726e-01
2.500000000000000000e-01
2.314126394052044566e-01
2.472118959107806602e-01
2.402416356877323522e-01
2.346654275092936726e-01
2.328066914498141127e-01
2.328066914498141127e-01
2.249070631970260248e-01
2.332713754646840165e-01
2.379182156133828885e-01
2.304832713754646767e-01
2.374535315985130124e-01
2.314126394052044566e-01
2.467472118959107841e-01
2.286245353159851168e-01
2.309479553903345805e-01
2.286245353159851168e-01
2.328066914498141127e-01
2.295539033457248967e-01
2.258364312267658047e-01
2.160780669144981292e-01
2.151486988847583770e-01
2.300185873605948006e-01
2.109665427509293811e-01
2.207249070631970289e-01
2.230483271375464649e-01
2.230483271375464649e-01
2.230483271375464649e-01
2.207249070631970289e-01
2.151486988847583770e-01
2.044609665427509215e-01
2.174721189591078130e-01
1.998141263940520496e-01
1.979553903345724897e-01
2.132899628252788171e-01
2.086431226765799174e-01
2.132899628252788171e-01
2.072490706319702614e-01
2.132899628252788171e-01
1.960966542750929298e-01
1.881970260223048419e-01
1.988847583643122696e-01
1.956319702602230537e-01
1.923791821561338378e-01
1.956319702602230537e-01
1.914498141263940578e-01
2.030669144981412655e-01
1.905204460966542779e-01
1.923791821561338378e-01
1.947026022304832737e-01
1.914498141263940578e-01
1.863382899628252820e-01
1.830855018587360661e-01
1.956319702602230537e-01
1.895910780669144979e-01
1.974907063197026136e-01
1.747211895910780743e-01
1.812267657992565062e-01
1.798327137546468502e-01
1.807620817843866301e-01
1.765799256505576342e-01
1.863382899628252820e-01
1.802973977695167263e-01
1.779739776951672903e-01
1.854089219330855021e-01
1.807620817843866301e-01
1.719330855018587345e-01
1.742565055762081705e-01
1.770446096654275103e-01
1.835501858736059422e-01
1.733271375464683905e-01
1.770446096654275103e-01
1.565985130111524071e-01
1.635687732342007428e-01
1.700743494423791746e-01
1.663568773234200826e-01
1.584572490706319670e-01
1.603159851301115268e-01
1.575278810408921870e-01
1.765799256505576342e-01
1.677509293680297386e-01
1.714684014869888584e-01
1.700743494423791746e-01
1.631040892193308667e-01
1.561338289962825310e-01
1.612453531598513068e-01
1.626394052044609628e-01
1.491635687732341953e-01
1.561338289962825310e-01
1.496282527881040991e-01
1.621747211895910867e-01
1.570631970260223109e-01
1.621747211895910867e-01
1.654275092936803027e-01
1.538104089219330950e-01
1.556691449814126271e-01
1.598513011152416230e-01
1.542750929368029711e-01
1.528810408921933151e-01
1.459107806691449793e-01
1.579925650557620909e-01
1.579925650557620909e-01
1.510223048327137552e-01
1.598513011152416230e-01
1.593866171003717469e-01
1.514869888475836313e-01
1.477695167286245392e-01
1.561338289962825310e-01
1.575278810408921870e-01
1.394052044609665475e-01
1.519516728624535351e-01
1.486988847583643192e-01
1.435873605947955434e-01
1.435873605947955434e-01
1.370817843866171115e-01
1.412639405204461074e-01
1.375464684014869876e-01
1.315055762081784319e-01
1.352230483271375516e-01
1.407992565055762035e-01
1.389405204460966436e-01
1.403345724907063274e-01
1.361524163568773316e-01
1.305762081784386519e-01
1.366171003717472077e-01
1.347583643122676478e-01
1.287174721189591198e-01
1.291821561338289959e-01
1.268587360594795599e-01
1.310408921933085558e-01
1.342936802973977717e-01
1.217472118959107841e-01
1.380111524163568637e-01
1.361524163568773316e-01
1.403345724907063274e-01
1.296468401486988720e-01
1.361524163568773316e-01
1.250000000000000000e-01
1.347583643122676478e-01
1.319702602230483357e-01
1.324349442379182118e-01
1.356877323420074277e-01
1.277881040892193398e-01
1.240706319702602201e-01
1.194237918215613342e-01
1.161710037174721183e-01
1.263940520446096560e-01
1.236059479553903301e-01
1.217472118959107841e-01
1.203531598513011142e-01
1.282527881040892159e-01
1.152416356877323383e-01
1.324349442379182118e-01
1.254646840148698761e-01
1.263940520446096560e-01
1.203531598513011142e-01
1.203531598513011142e-01
1.212825278810408941e-01
1.319702602230483357e-01
1.277881040892193398e-01
1.133828996282527923e-01
1.152416356877323383e-01
1.305762081784386519e-01
1.370817843866171115e-01
1.245353159851301100e-01
1.291821561338289959e-01
1.282527881040892159e-01
1.240706319702602201e-01
1.208178438661710041e-01
1.222118959107806740e-01
1.166356877323420083e-01
1.208178438661710041e-01
1.115241635687732324e-01
1.161710037174721183e-01
1.138475836431226823e-01
1.194237918215613342e-01
1.152416356877323383e-01
1.143122676579925584e-01
1.101301115241635625e-01
1.180297397769516782e-01
1.115241635687732324e-01
1.124535315985130124e-01
1.189591078066914442e-01
1.092007434944237965e-01
1.152416356877323383e-01
1.129182156133829024e-01
1.184944237918215681e-01
1.110594795539033425e-01
1.096654275092936864e-01
1.082713754646840165e-01
1.008364312267658047e-01
1.068773234200743466e-01
1.110594795539033425e-01
1.092007434944237965e-01
1.073420074349442366e-01
1.050185873605948006e-01
9.944237918215613481e-02
1.078066914498141265e-01
1.026951672862453507e-01
1.026951672862453507e-01
9.990706319702602478e-02
1.026951672862453507e-01
1.059479553903345667e-01
1.003717472118959148e-01
1.068773234200743466e-01
9.293680297397768908e-02
9.944237918215613481e-02
9.386617100371746902e-02
9.897769516728624484e-02
1.050185873605948006e-01
1.013011152416356808e-01
1.059479553903345667e-01
1.105947955390334525e-01
1.068773234200743466e-01
9.386617100371746902e-02
1.017657992565055708e-01
1.068773234200743466e-01
1.115241635687732324e-01
1.031598513011152407e-01
9.618959107806691888e-02
1.017657992565055708e-01
9.758364312267657492e-02
1.040892193308550207e-01
9.386617100371746902e-02
8.968401486988847315e-02
1.026951672862453507e-01
1.022304832713754608e-01
9.618959107806691888e-02
9.851301115241635487e-02
9.711895910780668495e-02
8.968401486988847315e-02
9.618959107806691888e-02
9.572490706319702891e-02
9.386617100371746902e-02
9.247211895910781299e-02
9.665427509293680886e-02
9.386617100371746902e-02
9.433085501858735900e-02
9.386617100371746902e-02
8.875464684014869321e-02
9.014869888475836313e-02
8.782527881040892714e-02
8.736059479553903717e-02
8.271375464684015133e-02
8.782527881040892714e-02
8.178438661710037139e-02
9.154275092936803304e-02
8.457249070631969734e-02
8.131970260223048141e-02
8.178438661710037139e-02
8.271375464684015133e-02
8.271375464684015133e-02
7.760223048327137552e-02
8.271375464684015133e-02
8.828996282527881712e-02
8.410780669144980737e-02
9.154275092936803304e-02
8.736059479553903717e-02
8.224907063197026136e-02
8.131970260223048141e-02
8.410780669144980737e-02
9.200743494423792301e-02
7.946096654275093540e-02
8.643122676579925723e-02
8.410780669144980737e-02
8.782527881040892714e-02
