1.000000000000000000e+00
9.020725388601036343e-01
9.067357512953367893e-01
9.010362694300517727e-01
8.766839378238342473e-01
8.652849740932642142e-01
8.575129533678756966e-01
8.269430051813471128e-01
8.585492227979274471e-01
8.202072538860103457e-01
8.155440414507771907e-01
8.253886010362694314e-01
8.088082901554404236e-01
7.911917098445595542e-01
8.000000000000000444e-01
7.606217616580310814e-01
7.642487046632124859e-01
7.497409326424870901e-01
7.564766839378238572e-01
7.616580310880829430e-01
7.471502590673575472e-01
7.455958549222797549e-01
7.290155440414507471e-01
7.341968911917098328e-01
7.202072538860103679e-01
7.145077720207253513e-01
6.979274611398963435e-01
7.176165803108808250e-01
7.062176165803109029e-01
7.020725388601036787e-01
6.854922279792745599e-01
6.994818652849741358e-01
6.968911917098445929e-01
6.989637305699482051e-01
6.880829015544041027e-01
6.854922279792745599e-01
6.761658031088082499e-01
6.523316062176165442e-01
6.642487046632123970e-01
6.668393782383419399e-01
6.528497409326424750e-01
6.414507772020725529e-01
6.689119170984455520e-01
6.445595854922280266e-01
6.725388601036269565e-01
6.393782383419689408e-01
6.316062176165803121e-01
6.430051813471502342e-01
6.409326424870466221e-01
6.077720207253886064e-01
6.176165803108808472e-01
6.227979274611399330e-01
6.129533678756476922e-01
6.145077720207253735e-01
5.958549222797927536e-01
6.056994818652849943e-01
6.227979274611399330e-01
6.020725388601035899e-01
6.051813471502590636e-01
6.046632124352331328e-01
5.958549222797927536e-01
5.880829015544041249e-01
6.072538860103626757e-01
5.813471502590673579e-01
6.005181347150259086e-01
5.715025906735751171e-01
5.917098445595855294e-01
5.989637305699482273e-01
5.751295336787565216e-01
5.720207253886010479e-01
5.797927461139896765e-01
5.844559585492228315e-01
5.746113989637305908e-01
5.704663212435233666e-01
5.585492227979275137e-01
5.502590673575129543e-01
5.502590673575129543e-01
5.626943005181347379e-01
5.549222797927461093e-01
5.575129533678756522e-01
5.440414507772021180e-01
5.564766839378237906e-01
5.528497409326424972e-01
5.362694300518134893e-01
5.290155440414507915e-01
5.284974093264248607e-01
5.134715025906735342e-01
5.264248704663212486e-01
5.274611398963731101e-01
5.248704663212435673e-01
5.259067357512953178e-01
5.031088082901554737e-01
5.290155440414507915e-01
5.170984455958549386e-01
5.082901554404145594e-01
5.160621761658030771e-01
5.036269430051812934e-01
5.088082901554403792e-01
5.036269430051812934e-01
5.108808290155439913e-01
5.093264248704663100e-01
5.036269430051812934e-01
5.077720207253886286e-01
5.041450777202072242e-01
4.917098445595854961e-01
4.787564766839378372e-01
4.740932642487046822e-01
4.880829015544041471e-01
4.735751295336787514e-01
4.797927461139896432e-01
4.616580310880828986e-01
4.844559585492227982e-01
4.948186528497409142e-01
4.787564766839378372e-01
4.839378238341968674e-01
4.652849740932642475e-01
4.777202072538860311e-01
4.642487046632124414e-01
4.637305699481865107e-01
4.476683937823834336e-01
4.435233160621761539e-01
4.393782383419689297e-01
4.507772020725388518e-01
4.575129533678756744e-01
4.533678756476683946e-01
4.352331606217616500e-01
4.502590673575129765e-01
4.466321243523316276e-01
4.419689119170984726e-01
4.378238341968911929e-01
4.409326424870466110e-01
4.336787564766839131e-01
4.471502590673575028e-01
4.575129533678756744e-01
4.367875647668393868e-01
4.310880829015544258e-01
4.357512953367875808e-01
4.062176165803108585e-01
4.155440414507772240e-01
4.160621761658030993e-01
4.419689119170984726e-01
4.155440414507772240e-01
4.290155440414507582e-01
4.176165803108808361e-01
4.269430051813471461e-01
4.383419689119171236e-01
4.119170984455958751e-01
4.139896373056994872e-01
4.072538860103627201e-01
4.088082901554404014e-01
4.015544041450777035e-01
3.896373056994818507e-01
4.248704663212435340e-01
3.963730569948186733e-01
4.062176165803108585e-01
4.046632124352331772e-01
4.015544041450777035e-01
4.020725388601036343e-01
4.176165803108808361e-01
3.906735751295336567e-01
3.958549222797927425e-01
3.901554404145077815e-01
3.906735751295336567e-01
3.886010362694300446e-01
3.932642487046631996e-01
4.150259067357512932e-01
3.989637305699481606e-01
3.974093264248704793e-01
3.870466321243523078e-01
3.854922279792746265e-01
3.839378238341968896e-01
3.746113989637305797e-01
3.777202072538859978e-01
3.663212435233160758e-01
3.886010362694300446e-01
3.823834196891191528e-01
3.772020725388601226e-01
3.611398963730569900e-01
3.647668393782383389e-01
3.616580310880829208e-01
3.735751295336787736e-01
3.626943005181347268e-01
3.772020725388601226e-01
3.683937823834196879e-01
3.766839378238341918e-01
3.642487046632124081e-01
3.756476683937823857e-01
3.782383419689119286e-01
3.580310880829015718e-01
3.595854922279792532e-01
3.715025906735751060e-01
3.595854922279792532e-01
3.642487046632124081e-01
3.564766839378238350e-01
3.512953367875647492e-01
3.492227979274611371e-01
3.430051813471502453e-01
3.455958549222797882e-01
3.507772020725388740e-01
3.533678756476684168e-01
3.694300518134714939e-01
3.347150259067357414e-01
3.393782383419688964e-01
3.466321243523315943e-01
3.528497409326424861e-01
3.533678756476684168e-01
3.569948186528497658e-01
3.450777202072539129e-01
3.347150259067357414e-01
3.445595854922279822e-01
3.476683937823834003e-01
3.373056994818652843e-01
3.341968911917098661e-01
3.331606217616580046e-01
3.290155440414507804e-01
3.455958549222797882e-01
3.300518134715025864e-01
3.295336787564767111e-01
3.295336787564767111e-01
3.310880829015543925e-01
3.440414507772020514e-01
3.321243523316061985e-01
3.305699481865285172e-01
3.305699481865285172e-01
3.253886010362694314e-01
3.217616580310880825e-01
3.062176165803108807e-01
3.279792746113989743e-01
3.129533678756476478e-01
3.341968911917098661e-01
3.207253886010362764e-01
3.191709844559585396e-01
3.279792746113989743e-01
3.341968911917098661e-01
3.202072538860103457e-01
3.150259067357513154e-01
3.088082901554404236e-01
3.212435233160621517e-01
3.093264248704662989e-01
3.259067357512953622e-01
3.134715025906735786e-01
2.974093264248704460e-01
3.067357512953368115e-01
2.943005181347150279e-01
2.994818652849741136e-01
3.113989637305699665e-01
3.165803108808289967e-01
3.077720207253886175e-01
2.875647668393782608e-01
3.082901554404144928e-01
3.046632124352331439e-01
3.010362694300517949e-01
2.958549222797927647e-01
3.025906735751295318e-01
3.031088082901554626e-01
2.974093264248704460e-01
2.994818652849741136e-01
2.994818652849741136e-01
3.020725388601036010e-01
3.077720207253886175e-01
3.015544041450777257e-01
2.896373056994818729e-01
2.999999999999999889e-01
2.989637305699481828e-01
3.088082901554404236e-01
3.005181347150259197e-01
2.948186528497409586e-01
2.818652849740932442e-01
2.865284974093263992e-01
2.886010362694300668e-01
2.875647668393782608e-01
2.720207253886010590e-01
2.870466321243523300e-01
2.834196891191709811e-01
2.860103626943005239e-01
2.989637305699481828e-01
2.886010362694300668e-01
2.865284974093263992e-01
2.834196891191709811e-01
2.865284974093263992e-01
2.891191709844559421e-01
2.974093264248704460e-01
2.746113989637305464e-01
2.823834196891191750e-01
2.896373056994818729e-01
2.854922279792745932e-01
2.792746113989637569e-01
2.730569948186528650e-01
2.772020725388600892e-01
2.963730569948186400e-01
2.746113989637305464e-01
2.751295336787564771e-01
2.730569948186528650e-01
2.756476683937824079e-01
2.761658031088082832e-01
2.803108808290155629e-01
2.870466321243523300e-01
2.585492227979274693e-01
2.730569948186528650e-01
2.709844559585491974e-01
2.730569948186528650e-01
2.746113989637305464e-01
2.844559585492227871e-01
2.626943005181346935e-01
2.647668393782383611e-01
2.678756476683937793e-01
2.658031088082901672e-01
2.626943005181346935e-01
2.595854922279792754e-01
2.518134715025906467e-01
2.487046632124352286e-01
2.575129533678756633e-01
2.476683937823834225e-01
2.549222797927461204e-01
2.502590673575129654e-01
2.518134715025906467e-01
2.471502590673575195e-01
2.580310880829015385e-01
2.502590673575129654e-01
2.658031088082901672e-01
2.523316062176165775e-01
2.502590673575129654e-01
2.528497409326425083e-01
2.575129533678756633e-01
2.424870466321243645e-01
2.435233160621761705e-01
2.409326424870466277e-01
2.611398963730570122e-01
2.476683937823834225e-01
2.507772020725388407e-01
2.616580310880828875e-01
2.559585492227979264e-01
2.559585492227979264e-01
2.487046632124352286e-01
2.409326424870466277e-01
2.502590673575129654e-01
2.440414507772020736e-01
2.409326424870466277e-01
2.554404145077719956e-01
2.450777202072538796e-01
2.518134715025906467e-01
2.414507772020725307e-01
2.476683937823834225e-01
2.424870466321243645e-01
2.279792746113989688e-01
2.461139896373056857e-01
2.398963730569948216e-01
2.435233160621761705e-01
2.305699481865284839e-01
2.316062176165803177e-01
2.284974093264248718e-01
2.476683937823834225e-01
2.507772020725388407e-01
2.227979274611398830e-01
2.316062176165803177e-01
2.243523316062176198e-01
2.269430051813471627e-01
2.227979274611398830e-01
2.082901554404145150e-01
2.186528497409326310e-01
2.248704663212435229e-01
2.269430051813471627e-01
2.274611398963730657e-01
2.419689119170984337e-01
2.186528497409326310e-01
2.202072538860103679e-01
2.186528497409326310e-01
2.284974093264248718e-01
2.284974093264248718e-01
2.202072538860103679e-01
2.310880829015544147e-01
2.310880829015544147e-01
2.321243523316062207e-01
2.274611398963730657e-01
2.290155440414507748e-01
2.259067357512953289e-01
2.259067357512953289e-01
2.398963730569948216e-01
2.310880829015544147e-01
2.352331606217616666e-01
2.331606217616580268e-01
2.259067357512953289e-01
2.191709844559585618e-01
2.150259067357512821e-01
2.134715025906735730e-01
2.269430051813471627e-01
2.108808290155440301e-01
2.186528497409326310e-01
2.212435233160621739e-01
2.191709844559585618e-01
2.367875647668393757e-01
2.150259067357512821e-01
2.316062176165803177e-01
2.233160621761658138e-01
2.279792746113989688e-01
2.170984455958549220e-01
2.269430051813471627e-01
2.279792746113989688e-01
2.176165803108808250e-01
2.310880829015544147e-01
2.077720207253886120e-01
