1.000000000000000000e+00
9.183499893684882176e-01
8.830533701892409049e-01
8.671061024877737555e-01
8.318094833085264428e-01
8.303210716563895755e-01
8.218158622156070958e-01
8.026791409738465166e-01
8.073570061662768138e-01
7.852434616202423889e-01
7.699340846268338812e-01
7.627046566021687957e-01
7.667446310865404513e-01
7.614288751860514015e-01
7.486710610248777931e-01
7.352753561556453210e-01
7.459068679566234206e-01
7.420795237082713491e-01
7.184775675100999459e-01
7.114607697214544446e-01
6.948756113119285427e-01
6.899851158834786613e-01
6.882840739953220988e-01
6.846693599829896115e-01
6.687220922815224622e-01
6.597916223687008141e-01
6.444822453752924174e-01
6.483095896236444888e-01
6.472464384435466789e-01
6.461832872634488689e-01
6.289602381458643254e-01
6.132256006804167603e-01
6.162024239846906060e-01
6.370401871146077477e-01
6.136508611524559287e-01
5.964278120348713852e-01
6.176908356368275843e-01
6.017435679353604350e-01
5.849457792898150599e-01
5.970657027429300268e-01
5.874973421220497372e-01
5.794173931533064259e-01
5.719753348926217562e-01
5.653837975760153123e-01
5.592175207314480367e-01
5.541143950669785712e-01
5.460344460982351489e-01
5.566659578992132484e-01
5.481607484584307688e-01
5.300871783967679995e-01
5.260472039123963439e-01
5.343397831171592394e-01
5.332766319370614294e-01
5.213693387199659357e-01
5.198809270678290684e-01
5.083988943227727431e-01
5.075483733786944063e-01
5.079736338507335747e-01
4.824580055283861357e-01
4.854348288326599814e-01
4.881990219009142984e-01
4.794811822241122901e-01
4.841590474165426428e-01
4.926642568573251224e-01
4.794811822241122901e-01
4.801190729321709316e-01
4.660854773548798735e-01
4.662981075908994022e-01
4.679991494790559092e-01
4.635339145226451407e-01
4.667233680629385706e-01
4.675738890070167963e-01
4.543908143738039640e-01
4.488624282372953300e-01
4.435466723368062802e-01
4.458856049330214844e-01
4.548160748458430769e-01
4.401445885604933217e-01
4.392940676164150404e-01
4.392940676164150404e-01
4.167552625983415027e-01
4.263236232192217923e-01
4.127152881139697915e-01
4.171805230703806155e-01
4.305762279396130321e-01
4.205826068466935741e-01
4.146289602381458828e-01
4.125026578779502628e-01
4.025090367850308049e-01
4.118647671698915658e-01
4.018711460769721633e-01
4.071869019774612131e-01
3.993195832447373750e-01
3.918775249840527053e-01
3.912396342759940637e-01
3.935785668722092123e-01
3.874122900276419368e-01
3.874122900276419368e-01
3.748671061024878015e-01
3.740165851584095202e-01
3.808207527110354929e-01
3.710397618541356746e-01
3.691260897299595833e-01
3.612587709972358008e-01
3.699766106740378646e-01
3.595577291090792937e-01
3.610461407612162721e-01
3.548798639166489410e-01
3.553051243886880539e-01
3.557303848607272223e-01
3.529661917924729053e-01
3.604082500531575750e-01
3.557303848607272223e-01
3.510525196682968141e-01
3.514777801403359825e-01
3.406336381033382987e-01
3.474378056559642713e-01
3.444609823516904257e-01
3.433978311715926157e-01
3.376568147990644531e-01
3.378694450350839817e-01
3.329789496066340448e-01
3.325536891345949320e-01
3.310652774824580091e-01
3.361684031469274747e-01
3.240484796938124523e-01
3.246863704018711494e-01
3.204337656814799096e-01
3.225600680416755295e-01
3.153306400170104440e-01
3.123538167127365428e-01
3.195832447374016838e-01
3.200085052094407967e-01
3.180948330852647055e-01
3.204337656814799096e-01
3.217095470975973037e-01
3.123538167127365428e-01
3.068254305762279643e-01
3.117159260046778457e-01
3.159685307250690856e-01
3.074633212842866059e-01
3.055496491601105702e-01
2.974697001913672034e-01
2.947055071231128864e-01
2.896023814586434209e-01
2.934297257069955478e-01
2.906655326387412308e-01
2.913034233467999279e-01
2.902402721667021179e-01
2.972570699553476747e-01
2.957686583032106964e-01
2.853497767382521810e-01
2.874760790984478009e-01
2.819476929619391670e-01
2.821603231979587512e-01
2.764193068254305885e-01
2.781203487135870955e-01
2.734424835211566873e-01
2.698277695088241446e-01
2.681267276206676375e-01
2.723793323410588774e-01
2.700403997448437288e-01
2.677014671486285247e-01
2.638741229002763977e-01
2.738677439931958557e-01
2.672762066765894118e-01
2.810971720178609412e-01
2.708909206889219545e-01
2.674888369126089960e-01
2.721667021050393487e-01
2.608972995960025520e-01
2.681267276206676375e-01
2.651499043163937919e-01
2.564320646395917280e-01
2.587709972358069321e-01
2.583457367637678193e-01
2.615351903040612491e-01
2.549436529874548052e-01
2.621730810121199462e-01
2.619604507761003620e-01
2.526047203912396566e-01
2.502657877950244525e-01
2.483521156708483890e-01
2.536678715713374666e-01
2.481394854348288326e-01
2.462258133106527691e-01
2.477142249627897197e-01
2.475015947267701355e-01
2.423984690623006699e-01
2.387837550499680994e-01
2.466510737826919097e-01
2.398469062300659094e-01
2.317669572613225704e-01
2.304911758452051762e-01
2.268764618328726335e-01
2.411226876461832758e-01
2.366574526897724795e-01
2.360195619817138102e-01
2.394216457580267965e-01
2.343185200935573032e-01
2.309164363172443168e-01
2.324048479693812397e-01
2.353816712736551131e-01
2.292153944290878098e-01
2.202849245162662173e-01
2.283648734850095563e-01
2.245375292366574571e-01
2.300659153731660633e-01
2.232617478205400907e-01
2.215607059323835837e-01
2.160323197958749775e-01
2.245375292366574571e-01
2.145439081437380269e-01
2.192217733361684073e-01
2.122049755475228505e-01
2.090155220072294207e-01
2.200722942802466608e-01
2.132681267276206605e-01
2.158196895598554210e-01
2.100786731873272306e-01
2.128428662555815476e-01
2.013608335105251945e-01
2.079523708271316107e-01
2.088028917712098642e-01
2.079523708271316107e-01
2.024239846906230045e-01
2.062513289389751314e-01
2.077397405911120543e-01
2.009355730384860816e-01
2.045502870508186244e-01
2.007229428024664974e-01
1.996597916223686875e-01
2.019987242185838916e-01
2.026366149266425609e-01
1.964703380820752576e-01
2.054008079948968779e-01
1.964703380820752576e-01
1.968955985541143983e-01
2.005103125664469410e-01
1.949819264299383348e-01
2.009355730384860816e-01
1.873272379332341087e-01
1.932808845417818278e-01
1.894535402934297286e-01
1.877524984052732215e-01
1.898788007654688414e-01
1.915798426536253485e-01
1.975334892621730676e-01
1.920051031256644614e-01
2.011482032745056381e-01
1.900914310014883979e-01
1.966829683180948418e-01
1.875398681692536651e-01
1.905166914735275385e-01
1.817988517967255024e-01
1.826493727408037560e-01
1.813735913246863618e-01
1.807357006166276925e-01
1.783967680204125161e-01
1.824367425047841718e-01
1.871146076972145522e-01
1.837125239209015659e-01
1.826493727408037560e-01
1.841377843929406788e-01
1.805230703806081360e-01
1.809483308526472489e-01
1.888156495853710315e-01
1.847756751009993759e-01
1.900914310014883979e-01
1.834998936848819817e-01
1.815862215607059460e-01
1.792472889644907419e-01
1.775462470763342626e-01
1.809483308526472489e-01
1.800978099085689954e-01
1.760578354241973120e-01
1.694662981075908958e-01
1.762704656602168962e-01
1.703168190516691494e-01
1.709547097597278464e-01
1.741441633000212763e-01
1.675526259834148324e-01
1.703168190516691494e-01
1.647884329151605431e-01
1.679778864554539730e-01
1.671273655113757195e-01
1.722304911758452128e-01
1.681905166914735295e-01
1.713799702317669593e-01
1.718052307038060722e-01
1.711673399957474029e-01
1.677652562194344166e-01
1.715926004677865158e-01
1.698915585796300365e-01
1.722304911758452128e-01
1.650010631511800996e-01
1.637252817350627332e-01
1.618116096108866697e-01
1.628747607909844797e-01
1.558579630023389229e-01
1.601105677227301627e-01
1.596853072506910498e-01
1.516053582819476830e-01
1.590474165426323527e-01
1.628747607909844797e-01
1.571337444184563170e-01
1.535190304061237465e-01
1.562832234743780635e-01
1.571337444184563170e-01
1.550074420582606971e-01
1.533064001701041901e-01
1.564958537103976199e-01
1.615989793748671133e-01
1.562832234743780635e-01
1.518179885179672672e-01
1.509674675738890137e-01
1.505422071018498731e-01
1.499043163937912038e-01
1.520306187539868237e-01
1.507548373378694573e-01
1.460769721454390768e-01
1.492664256857325067e-01
1.475653837975760274e-01
1.437380395492239005e-01
1.435254093132043440e-01
1.409738464809695835e-01
1.439506697852434569e-01
1.471401233255368868e-01
1.484159047416542532e-01
1.509674675738890137e-01
1.420369976610673934e-01
1.418243674250478370e-01
1.401233255368913577e-01
1.403359557729109142e-01
1.431001488411652034e-01
1.448011907293217104e-01
1.448011907293217104e-01
1.367212417605783437e-01
1.390601743567935478e-01
1.339570486923240544e-01
1.375717627046565972e-01
1.369338719965979279e-01
1.352328301084414208e-01
1.362959812885392308e-01
1.356580905804805337e-01
1.384222836487348507e-01
1.426748883691260905e-01
1.375717627046565972e-01
1.392728045928131042e-01
1.403359557729109142e-01
1.341696789283436109e-01
1.286412927918350046e-01
1.320433765681479910e-01
1.326812672762066880e-01
1.341696789283436109e-01
1.367212417605783437e-01
1.335317882202849138e-01
1.280034020837763076e-01
1.288539230278545611e-01
1.282160323197958640e-01
1.314054858600892939e-01
1.243886880714437648e-01
1.271528811396980541e-01
1.307675951520306246e-01
1.220497554752285746e-01
1.220497554752285746e-01
1.282160323197958640e-01
1.277907718477567511e-01
1.280034020837763076e-01
1.235381671273655113e-01
1.248139485434828777e-01
1.131192855624069682e-01
1.194981926429938279e-01
1.226876461832872578e-01
1.177971507548373348e-01
1.156708483946417149e-01
1.154582181586221584e-01
1.171592600467786516e-01
1.165213693387199684e-01
1.146076972145439049e-01
1.214118647671698914e-01
1.190729321709547150e-01
1.167339995747395248e-01
1.190729321709547150e-01
1.177971507548373348e-01
1.116308739102700454e-01
1.160961088666808416e-01
1.122687646183287286e-01
1.177971507548373348e-01
1.099298320221135383e-01
1.165213693387199684e-01
1.203487135870720814e-01
1.167339995747395248e-01
1.148203274505634752e-01
1.143950669785243485e-01
1.143950669785243485e-01
1.107803529661917918e-01
1.135445460344460950e-01
1.150329576865830317e-01
1.071656389538592352e-01
1.097172017860939819e-01
