1.000000000000000000e+00
8.791540785498489496e-01
8.549848942598187174e-01
8.418932527693856471e-01
8.479355488418932607e-01
8.348439073514601905e-01
8.509566968781470120e-01
8.288016112789526879e-01
8.076535750251762069e-01
8.267875125881167797e-01
8.157099697885196177e-01
8.167170191339375718e-01
7.824773413897281316e-01
7.713997985901309695e-01
7.673716012084592641e-01
7.885196374622356341e-01
7.462235649546827831e-01
7.744209466263847208e-01
7.693856998992950613e-01
7.653575025176233559e-01
7.532729103726082398e-01
7.663645518630413100e-01
7.583081570996978993e-01
7.462235649546827831e-01
7.562940584088619911e-01
7.522658610271902857e-01
7.442094662638468749e-01
7.160120845921450483e-01
7.250755287009063021e-01
7.059415911379657294e-01
7.170191339375628914e-01
7.109768378650553888e-01
7.230614300100705050e-01
7.079556898288016376e-01
7.019133937562940240e-01
7.170191339375628914e-01
7.029204431017119781e-01
7.109768378650553888e-01
6.988922457200402727e-01
6.928499496475327701e-01
6.978851963746223186e-01
6.948640483383685673e-01
7.049345417925478863e-01
6.968781470292044755e-01
6.928499496475327701e-01
6.928499496475327701e-01
7.019133937562940240e-01
7.039274924471299322e-01
6.858006042296072025e-01
6.666666666666666297e-01
6.696878147029204920e-01
6.847935548841893594e-01
6.717019133937562891e-01
6.787512588116817458e-01
6.706948640483383350e-01
6.717019133937562891e-01
6.676737160120845838e-01
6.525679758308157163e-01
6.666666666666666297e-01
6.394763343403826461e-01
6.737160120845921973e-01
6.646525679758308325e-01
6.656596173212487866e-01
6.616314199395770812e-01
6.616314199395770812e-01
6.555891238670694676e-01
6.706948640483383350e-01
6.626384692849949243e-01
6.555891238670694676e-01
6.505538771399798081e-01
6.606243705941591271e-01
6.505538771399798081e-01
6.706948640483383350e-01
6.475327291037260569e-01
6.596173212487411730e-01
6.394763343403826461e-01
6.545820745216515135e-01
6.394763343403826461e-01
6.616314199395770812e-01
6.686807653575025379e-01
6.263846928499496869e-01
6.394763343403826461e-01
6.525679758308157163e-01
6.495468277945619651e-01
6.606243705941591271e-01
6.495468277945619651e-01
6.404833836858006002e-01
6.525679758308157163e-01
6.364551863041288948e-01
6.304128902316213923e-01
6.404833836858006002e-01
6.394763343403826461e-01
6.354481369587109407e-01
6.445115810674723056e-01
6.424974823766365084e-01
6.223564954682779815e-01
6.424974823766365084e-01
6.455186304128902597e-01
6.424974823766365084e-01
6.374622356495468489e-01
6.414904330312185543e-01
6.273917421953675300e-01
6.304128902316213923e-01
6.455186304128902597e-01
6.143001007049345708e-01
6.364551863041288948e-01
6.122860020140986625e-01
6.153071500503524138e-01
6.334340382678751435e-01
6.223564954682779815e-01
6.283987915407854841e-01
6.183282980866062761e-01
6.263846928499496869e-01
6.203423967774420733e-01
6.143001007049345708e-01
6.102719033232628654e-01
5.921450151057401357e-01
6.143001007049345708e-01
6.022155085599194546e-01
5.951661631419939980e-01
5.941591137965760439e-01
6.062437059415911600e-01
6.022155085599194546e-01
5.861027190332326331e-01
6.132930513595166166e-01
6.062437059415911600e-01
5.981873111782477492e-01
6.153071500503524138e-01
5.991943605236657033e-01
5.941591137965760439e-01
6.112789526686808195e-01
5.931520644511580898e-01
5.981873111782477492e-01
5.911379657603222926e-01
5.961732124874118410e-01
5.981873111782477492e-01
6.032225579053374087e-01
5.800604229607251305e-01
5.971802618328297951e-01
5.911379657603222926e-01
5.951661631419939980e-01
5.911379657603222926e-01
5.921450151057401357e-01
5.850956696878146790e-01
5.931520644511580898e-01
5.830815709969788818e-01
5.760322255790534252e-01
5.709969788519637657e-01
5.780463242698892223e-01
5.689828801611278575e-01
5.820745216515609277e-01
5.780463242698892223e-01
5.850956696878146790e-01
5.709969788519637657e-01
5.730110775427995629e-01
5.790533736153071764e-01
5.810674723061429736e-01
5.810674723061429736e-01
5.750251762336354711e-01
5.770392749244712682e-01
5.760322255790534252e-01
5.760322255790534252e-01
5.810674723061429736e-01
5.750251762336354711e-01
5.730110775427995629e-01
5.659617321248741062e-01
5.669687814702920603e-01
5.699899295065458116e-01
5.790533736153071764e-01
5.720040281973817198e-01
5.770392749244712682e-01
5.720040281973817198e-01
5.699899295065458116e-01
5.568982880161127413e-01
5.720040281973817198e-01
5.850956696878146790e-01
5.780463242698892223e-01
5.800604229607251305e-01
5.730110775427995629e-01
5.780463242698892223e-01
5.730110775427995629e-01
5.770392749244712682e-01
5.830815709969788818e-01
5.740181268882175170e-01
5.820745216515609277e-01
5.609264853977844467e-01
5.689828801611278575e-01
5.790533736153071764e-01
5.720040281973817198e-01
5.649546827794561521e-01
5.629405840886203549e-01
5.659617321248741062e-01
5.730110775427995629e-01
5.568982880161127413e-01
5.760322255790534252e-01
5.609264853977844467e-01
5.518630412890231929e-01
5.709969788519637657e-01
5.810674723061429736e-01
5.599194360523666036e-01
5.669687814702920603e-01
5.720040281973817198e-01
5.659617321248741062e-01
5.619335347432024008e-01
5.659617321248741062e-01
5.699899295065458116e-01
5.669687814702920603e-01
5.609264853977844467e-01
5.538771399798589901e-01
5.488418932527693306e-01
5.508559919436052388e-01
5.589123867069486495e-01
5.558912386706948983e-01
5.709969788519637657e-01
5.659617321248741062e-01
5.629405840886203549e-01
5.750251762336354711e-01
5.568982880161127413e-01
5.639476334340383090e-01
5.689828801611278575e-01
5.609264853977844467e-01
5.599194360523666036e-01
5.599194360523666036e-01
5.599194360523666036e-01
5.619335347432024008e-01
5.659617321248741062e-01
5.568982880161127413e-01
5.619335347432024008e-01
5.609264853977844467e-01
5.488418932527693306e-01
5.518630412890231929e-01
5.659617321248741062e-01
5.730110775427995629e-01
5.508559919436052388e-01
5.548841893252769442e-01
5.639476334340383090e-01
5.780463242698892223e-01
5.568982880161127413e-01
5.679758308157100144e-01
5.619335347432024008e-01
5.579053373615306954e-01
5.508559919436052388e-01
5.508559919436052388e-01
5.609264853977844467e-01
5.498489425981872847e-01
5.568982880161127413e-01
5.589123867069486495e-01
5.558912386706948983e-01
5.599194360523666036e-01
5.478348439073514875e-01
5.579053373615306954e-01
5.327291037260826201e-01
5.478348439073514875e-01
5.417925478348438739e-01
5.347432024169184173e-01
5.558912386706948983e-01
5.448136958710977362e-01
5.488418932527693306e-01
5.478348439073514875e-01
5.468277945619335334e-01
5.458207452165155793e-01
5.387713997985901226e-01
5.287009063444109147e-01
5.438066465256797821e-01
5.397784491440080767e-01
5.498489425981872847e-01
5.407854984894260308e-01
5.488418932527693306e-01
5.498489425981872847e-01
5.458207452165155793e-01
5.508559919436052388e-01
5.458207452165155793e-01
5.488418932527693306e-01
5.498489425981872847e-01
5.407854984894260308e-01
5.488418932527693306e-01
5.538771399798589901e-01
5.367573011077543255e-01
5.458207452165155793e-01
5.246727089627392093e-01
5.478348439073514875e-01
5.287009063444109147e-01
5.337361530715004632e-01
5.387713997985901226e-01
5.417925478348438739e-01
5.427995971802618280e-01
5.417925478348438739e-01
5.508559919436052388e-01
5.206445115810675039e-01
5.186304128902315957e-01
5.287009063444109147e-01
5.387713997985901226e-01
5.387713997985901226e-01
5.427995971802618280e-01
5.266868076535750065e-01
5.236656596173212552e-01
5.276938569989929606e-01
5.216515609264853470e-01
5.216515609264853470e-01
5.256797583081570524e-01
5.337361530715004632e-01
5.196374622356495498e-01
5.156092648539778445e-01
5.438066465256797821e-01
5.357502517623363714e-01
5.327291037260826201e-01
5.407854984894260308e-01
5.347432024169184173e-01
5.397784491440080767e-01
5.307150050352467119e-01
5.327291037260826201e-01
5.246727089627392093e-01
5.297079556898287578e-01
5.266868076535750065e-01
5.246727089627392093e-01
5.226586102719033011e-01
5.236656596173212552e-01
5.266868076535750065e-01
5.297079556898287578e-01
5.287009063444109147e-01
5.307150050352467119e-01
5.226586102719033011e-01
5.307150050352467119e-01
5.387713997985901226e-01
5.166163141993957986e-01
5.135951661631420473e-01
5.337361530715004632e-01
5.186304128902315957e-01
5.186304128902315957e-01
5.186304128902315957e-01
5.226586102719033011e-01
5.347432024169184173e-01
5.307150050352467119e-01
5.146022155085598904e-01
5.297079556898287578e-01
5.297079556898287578e-01
5.327291037260826201e-01
5.226586102719033011e-01
5.317220543806646660e-01
5.176233635448136416e-01
5.387713997985901226e-01
5.236656596173212552e-01
5.186304128902315957e-01
5.327291037260826201e-01
5.287009063444109147e-01
5.297079556898287578e-01
5.266868076535750065e-01
5.115810674723061391e-01
5.236656596173212552e-01
5.196374622356495498e-01
5.156092648539778445e-01
5.216515609264853470e-01
5.156092648539778445e-01
5.246727089627392093e-01
5.176233635448136416e-01
5.216515609264853470e-01
5.206445115810675039e-01
5.095669687814703419e-01
5.256797583081570524e-01
5.105740181268881850e-01
5.236656596173212552e-01
5.246727089627392093e-01
5.125881168177240932e-01
5.226586102719033011e-01
5.226586102719033011e-01
5.297079556898287578e-01
5.156092648539778445e-01
5.115810674723061391e-01
5.236656596173212552e-01
5.125881168177240932e-01
5.105740181268881850e-01
5.287009063444109147e-01
5.236656596173212552e-01
5.297079556898287578e-01
5.246727089627392093e-01
5.206445115810675039e-01
5.085599194360523878e-01
5.156092648539778445e-01
5.236656596173212552e-01
5.125881168177240932e-01
5.105740181268881850e-01
5.287009063444109147e-01
5.246727089627392093e-01
5.216515609264853470e-01
5.226586102719033011e-01
5.115810674723061391e-01
5.125881168177240932e-01
5.105740181268881850e-01
5.156092648539778445e-01
5.166163141993957986e-01
5.226586102719033011e-01
5.246727089627392093e-01
5.135951661631420473e-01
5.075528700906344337e-01
5.146022155085598904e-01
5.135951661631420473e-01
5.256797583081570524e-01
5.146022155085598904e-01
5.105740181268881850e-01
5.085599194360523878e-01
5.065458207452164796e-01
