1.000000000000000000e+00
8.616522811344019539e-01
8.029593094944512677e-01
7.721331689272502574e-01
7.410604192355116915e-01
7.055487053020961241e-01
6.799013563501850044e-01
6.670776818742293335e-01
6.350184956843403228e-01
6.197287299630086510e-01
6.051787916152897573e-01
5.884093711467324184e-01
5.696670776818741899e-01
5.558569667077681853e-01
5.381011097410604016e-01
5.425400739827374030e-01
5.198520345252773955e-01
5.139334155363748380e-01
5.149198520345252827e-01
5.016029593094945005e-01
4.951911220715166650e-01
4.981504315659679438e-01
4.850801479654747173e-01
4.680641183723797671e-01
4.604192355117139313e-01
4.547472256473489294e-01
4.471023427866830935e-01
4.345252774352650893e-01
4.293464858199753653e-01
4.234278668310727523e-01
4.147965474722564716e-01
4.125770653514180264e-01
3.893958076448828520e-01
3.987669543773119663e-01
3.908754623921085192e-01
3.805178791615289602e-01
3.755856966707767919e-01
3.686806411837237896e-01
3.694204685573366231e-01
3.595561035758322865e-01
3.440197287299630036e-01
3.499383477188656166e-01
3.479654747225647271e-01
3.432799013563501700e-01
3.279901356350184982e-01
3.304562268803945546e-01
3.339087546239211113e-01
3.311960542540073882e-01
3.307028360049321658e-01
3.200986436498150511e-01
2.981504315659679327e-01
3.109741060419235481e-01
3.124537607891492152e-01
3.122071516646116041e-01
2.981504315659679327e-01
3.020961775585696563e-01
2.872996300863132069e-01
2.850801479654747062e-01
2.744759556103575915e-01
2.764488286066584255e-01
2.655980271270036996e-01
2.604192355117139202e-01
2.631319358816276432e-01
2.744759556103575915e-01
2.675709001233045892e-01
2.705302096177558679e-01
2.581997533908754749e-01
2.517879161528976395e-01
2.537607891491985290e-01
2.503082614056720279e-01
2.463625154130702766e-01
2.350184956843403283e-01
2.320591861898890218e-01
2.409371146732429136e-01
2.271270036991368813e-01
2.286066584463625206e-01
2.160295930949445165e-01
2.217016029593094906e-01
2.145499383477188771e-01
2.150431565967940717e-01
2.175092478421701558e-01
2.165228113440197388e-01
2.091245376078914864e-01
2.202219482120838512e-01
2.059186189889025964e-01
2.115906288532675705e-01
2.115906288532675705e-01
2.014796547472256505e-01
2.009864364981504281e-01
2.098643649815043200e-01
2.004932182490752057e-01
2.066584463625154022e-01
2.032059186189889011e-01
1.972872996300863158e-01
1.990135635018495663e-01
1.933415536374845922e-01
1.881627620221948127e-01
1.933415536374845922e-01
1.940813810110973980e-01
1.859432799013563398e-01
1.797780517879161433e-01
1.787916152897657263e-01
1.812577065351418104e-01
1.795314426633785321e-01
1.689272503082614174e-01
1.674475955610357503e-01
1.743526510480887803e-01
1.694204685573366120e-01
1.669543773119605556e-01
1.694204685573366120e-01
1.662145499383477221e-01
1.637484586929716379e-01
1.649815043156596661e-01
1.649815043156596661e-01
1.588162762022194696e-01
1.635018495684340267e-01
1.632552404438964155e-01
1.533908754623921067e-01
1.487053020961775496e-01
1.580764488286066638e-01
1.531442663378544955e-01
1.565967940813810244e-01
1.516646115906288561e-01
1.546239210850801349e-01
1.541307028360049403e-01
1.496917385943279943e-01
1.548705302096177461e-01
1.543773119605425515e-01
1.536374845869297179e-01
1.479654747225647438e-01
1.459926017262638820e-01
1.469790382244142990e-01
1.472256473489519102e-01
1.437731196054254090e-01
1.425400739827373531e-01
1.388409371146732407e-01
1.420468557336621584e-01
1.363748458692971566e-01
1.358816276202219619e-01
1.334155363748458778e-01
1.371146732429099901e-01
1.324290998766954330e-01
1.336621454993834890e-01
1.341553637484586836e-01
1.326757090012330442e-01
1.307028360049321825e-01
1.265104808877928477e-01
1.233045622688039439e-01
1.274969173859432925e-01
1.299630086313193489e-01
1.252774352651048195e-01
1.262638717632552365e-01
1.265104808877928477e-01
1.304562268803945713e-01
1.294697903822441543e-01
1.176325524044389698e-01
1.218249075215783045e-01
1.210850801479654709e-01
1.188655980271269980e-01
1.233045622688039439e-01
1.208384710234278736e-01
1.124537607891492041e-01
1.203452527743526512e-01
1.196054254007398315e-01
1.168927250308261362e-01
1.154130702836004968e-01
1.188655980271269980e-01
1.163995067817509277e-01
1.134401972872996350e-01
1.087546239210850779e-01
1.102342786683107312e-01
1.109741060419235509e-01
1.072749691738594385e-01
1.099876695437731200e-01
1.043156596794081320e-01
1.035758323057953123e-01
1.020961775585696729e-01
1.048088779284833544e-01
1.008631319358816308e-01
9.938347718865597757e-02
1.050554870530209656e-01
1.050554870530209656e-01
9.913686806411836638e-02
1.030826140567201038e-01
1.020961775585696729e-01
1.003699136868064085e-01
9.889025893958076907e-02
1.035758323057953123e-01
9.864364981504315788e-02
9.519112207151664284e-02
1.011097410604192420e-01
1.028360049321824926e-01
1.016029593094944505e-01
9.050554870530209961e-02
9.864364981504315788e-02
9.469790382244143434e-02
8.803945745992601546e-02
9.099876695437730811e-02
9.099876695437730811e-02
9.593094944512947642e-02
8.754623921085080696e-02
8.705302096177558457e-02
8.927250308261405753e-02
8.927250308261405753e-02
8.655980271270037607e-02
9.272503082614057257e-02
9.025893958076448842e-02
9.395807644882860077e-02
9.420468557336621196e-02
9.420468557336621196e-02
8.655980271270037607e-02
9.223181257706535019e-02
8.680641183723797338e-02
8.680641183723797338e-02
9.075215782983971080e-02
8.532675709001233399e-02
8.360049321824906954e-02
8.360049321824906954e-02
8.655980271270037607e-02
7.940813810110973481e-02
8.853267570900123784e-02
8.212083847102343015e-02
8.088779284833538807e-02
7.546239210850801127e-02
7.694204685573366453e-02
7.398273736128237188e-02
7.422934648581996919e-02
8.384710234278668073e-02
7.792848335388409542e-02
7.521578298397040008e-02
7.546239210850801127e-02
7.866831072749691511e-02
7.546239210850801127e-02
7.940813810110973481e-02
7.620221948212084484e-02
7.792848335388409542e-02
7.225647348951910742e-02
7.570900123304562246e-02
7.472256473489519157e-02
7.348951911220714950e-02
7.250308261405671861e-02
7.398273736128237188e-02
7.620221948212084484e-02
8.014796547472256838e-02
7.003699136868063446e-02
7.916152897657213749e-02
7.644882860665844215e-02
7.644882860665844215e-02
7.447595561035758038e-02
7.768187422934648423e-02
7.274969173859432980e-02
7.768187422934648423e-02
7.570900123304562246e-02
7.620221948212084484e-02
7.102342786683107922e-02
7.422934648581996919e-02
7.644882860665844215e-02
7.718865598027127573e-02
7.200986436498151011e-02
7.373612823674476069e-02
7.028360049321824565e-02
7.127003699136867654e-02
7.151664611590628773e-02
7.102342786683107922e-02
7.225647348951910742e-02
6.436498150431566034e-02
7.324290998766953831e-02
6.757090012330456419e-02
6.929716399506781477e-02
6.880394574599260626e-02
6.929716399506781477e-02
7.151664611590628773e-02
6.929716399506781477e-02
6.584463625154131361e-02
6.781750924784217538e-02
7.200986436498151011e-02
7.176325524044389892e-02
6.806411837237977269e-02
6.584463625154131361e-02
6.831072749691738388e-02
6.757090012330456419e-02
6.337854500616522946e-02
6.239210850801479857e-02
6.091245376078915225e-02
6.584463625154131361e-02
6.313193588162761827e-02
6.140567200986436769e-02
6.337854500616522946e-02
5.992601726263871442e-02
6.436498150431566034e-02
6.362515413070284065e-02
6.559802712700370242e-02
6.609124537607891092e-02
6.313193588162761827e-02
6.091245376078915225e-02
6.436498150431566034e-02
6.658446362515413330e-02
6.387176325524043796e-02
6.313193588162761827e-02
6.436498150431566034e-02
6.485819975339086885e-02
6.337854500616522946e-02
6.436498150431566034e-02
6.337854500616522946e-02
6.091245376078915225e-02
5.819975339087546384e-02
5.844636251541306809e-02
6.362515413070284065e-02
6.436498150431566034e-02
6.387176325524043796e-02
6.263871763255240976e-02
6.189889025893958313e-02
5.918618988902589473e-02
6.066584463625154106e-02
6.239210850801479857e-02
6.288532675709000708e-02
6.165228113440197194e-02
5.893958076448828354e-02
5.893958076448828354e-02
5.672009864364981752e-02
5.869297163995067929e-02
5.474722564734894881e-02
5.647348951911220633e-02
5.376078914919851792e-02
5.893958076448828354e-02
5.326757090012330248e-02
6.041923551171393680e-02
5.745992601726263721e-02
5.696670776818742177e-02
5.770653514180024840e-02
5.795314426633785265e-02
5.524044389642416425e-02
5.745992601726263721e-02
5.178791615289765615e-02
5.696670776818742177e-02
5.819975339087546384e-02
5.425400739827373336e-02
5.474722564734894881e-02
5.499383477188656000e-02
5.647348951911220633e-02
5.622688039457460207e-02
4.981504315659679438e-02
5.203452527743526734e-02
4.488286066584463302e-02
5.006165228113439863e-02
4.858199753390875231e-02
4.488286066584463302e-02
4.636251541307028629e-02
4.784217016029593261e-02
4.907521578298396775e-02
4.932182490752157894e-02
5.030826140567200983e-02
4.858199753390875231e-02
4.907521578298396775e-02
5.104808877928483646e-02
5.129469790382244071e-02
4.907521578298396775e-02
4.932182490752157894e-02
5.425400739827373336e-02
5.030826140567200983e-02
4.784217016029593261e-02
4.537607891491985540e-02
4.956843403205918319e-02
5.055487053020962102e-02
4.660912453760789054e-02
4.932182490752157894e-02
5.030826140567200983e-02
4.932182490752157894e-02
4.858199753390875231e-02
4.463625154130702877e-02
4.438964241676941758e-02
4.808877928483353686e-02
4.611590628853267509e-02
4.660912453760789054e-02
4.414303329223181332e-02
4.586929716399507084e-02
4.586929716399507084e-02
4.685573366214550173e-02
4.414303329223181332e-02
4.414303329223181332e-02
4.956843403205918319e-02
4.340320591861898669e-02
4.586929716399507084e-02
4.241676942046855581e-02
4.463625154130702877e-02
4.562268803945745965e-02
4.044389642416769404e-02
4.364981504315659788e-02
4.586929716399507084e-02
4.586929716399507084e-02
4.660912453760789054e-02
4.143033292231812492e-02
4.315659679408138244e-02
4.438964241676941758e-02
4.266337854500616700e-02
4.340320591861898669e-02
4.488286066584463302e-02
4.266337854500616700e-02
4.241676942046855581e-02
4.364981504315659788e-02
3.970406905055486740e-02
