1.000000000000000000e+00
7.392455327597617920e-01
6.452680344142951441e-01
6.565188616810059274e-01
6.234281932495036038e-01
5.857048312375909838e-01
5.592322964923891471e-01
5.585704831237591206e-01
5.142289874255460136e-01
5.023163467902052037e-01
4.745201853077432030e-01
4.917273328921244469e-01
4.738583719391131766e-01
4.454003970880212049e-01
4.434149569821310144e-01
4.341495698213103660e-01
4.268696227663799081e-01
4.149569821310390427e-01
4.447385837193911229e-01
3.970880211780277724e-01
3.812045003309066926e-01
3.467902051621442605e-01
3.752481800132362877e-01
3.745863666446062057e-01
3.620119126406353138e-01
3.461283917935142340e-01
3.289212442091330457e-01
3.375248180013236121e-01
3.176704169424222624e-01
3.256121773659828023e-01
3.256121773659828023e-01
3.176704169424222624e-01
3.130377233620119104e-01
2.998014559894109921e-01
2.991396426207809656e-01
2.971542025148907751e-01
2.885506287227002087e-01
2.772998014559894253e-01
2.600926538716081815e-01
2.706816677696889384e-01
2.521508934480476416e-01
2.547981469225678586e-01
2.514890800794176151e-01
2.495036399735274524e-01
2.270019854401058856e-01
2.329583057577763183e-01
2.342819324950363991e-01
2.362673726009265340e-01
2.342819324950363991e-01
2.422236929185969667e-01
2.362673726009265340e-01
2.415618795499669125e-01
2.322964923891462641e-01
2.270019854401058856e-01
2.362673726009265340e-01
2.203838517538054265e-01
2.144275314361350215e-01
2.071475843812045081e-01
1.992058239576439405e-01
1.972203838517538055e-01
1.992058239576439405e-01
1.859695565850430221e-01
1.826604897418927786e-01
1.687624090006618061e-01
2.031767041694242104e-01
1.826604897418927786e-01
1.800132362673725894e-01
1.588352084712111312e-01
1.608206485771012662e-01
1.700860357379219145e-01
1.555261416280608877e-01
1.548643282594308335e-01
1.581733951025810769e-01
1.621442753143613469e-01
1.614824619457312926e-01
1.588352084712111312e-01
1.389808074123097259e-01
1.310390469887491860e-01
1.317008603573792125e-01
1.442753143613501043e-01
1.429516876240899959e-01
1.416280608868299151e-01
1.264063534083388618e-01
1.409662475181998609e-01
1.383189940436796717e-01
1.250827266710787533e-01
1.244209133024487129e-01
1.224354731965585641e-01
1.257445400397088076e-01
1.310390469887491860e-01
1.204500330906684291e-01
1.204500330906684291e-01
1.164791528788881592e-01
1.217736598279285237e-01
1.091992058239576457e-01
1.191264063534083345e-01
1.091992058239576457e-01
1.078755790866975511e-01
1.204500330906684291e-01
9.530112508272667315e-02
1.138318994043679699e-01
1.005956320317670377e-01
9.861019192587690274e-02
1.125082726671078753e-01
9.993381866313699735e-02
1.118464592984778350e-01
1.118464592984778350e-01
1.131700860357379157e-01
9.993381866313699735e-02
1.065519523494374565e-01
1.105228325612177404e-01
9.728656518861680813e-02
9.794837855724686237e-02
1.085373924553275915e-01
1.045665122435473215e-01
9.927200529450694311e-02
9.662475181998676776e-02
9.662475181998676776e-02
9.397749834546657854e-02
9.265387160820648393e-02
9.331568497683653818e-02
8.272667107875579517e-02
8.735936465916611937e-02
7.147584381204499793e-02
7.677035076108537637e-02
8.471211118464593015e-02
7.412309728656518715e-02
7.213765718067505217e-02
7.213765718067505217e-02
7.677035076108537637e-02
7.346128391793514678e-02
6.750496360026472797e-02
7.279947054930509254e-02
7.346128391793514678e-02
6.882859033752482258e-02
7.809397749834547098e-02
7.346128391793514678e-02
7.478491065519524139e-02
7.743216412971541673e-02
6.618133686300463336e-02
6.221045665122435647e-02
6.154864328259430917e-02
6.088682991396426186e-02
6.419589675711449839e-02
6.353408338848444414e-02
6.419589675711449839e-02
7.015221707478491719e-02
6.419589675711449839e-02
6.221045665122435647e-02
6.551952349437459300e-02
7.147584381204499793e-02
5.823957643944407958e-02
5.890138980807411995e-02
6.088682991396426186e-02
5.228325612177366077e-02
6.022501654533421456e-02
6.618133686300463336e-02
5.956320317670416725e-02
6.154864328259430917e-02
6.287227001985440378e-02
5.823957643944407958e-02
5.559232296492389036e-02
5.360688285903375538e-02
5.757776307081403228e-02
6.419589675711449839e-02
6.154864328259430917e-02
6.022501654533421456e-02
5.559232296492389036e-02
5.625413633355393767e-02
5.625413633355393767e-02
5.162144275314361347e-02
5.360688285903375538e-02
5.162144275314361347e-02
5.095962938451356616e-02
5.095962938451356616e-02
5.360688285903375538e-02
5.757776307081403228e-02
5.294506949040370808e-02
5.162144275314361347e-02
5.228325612177366077e-02
4.765056254136333658e-02
5.294506949040370808e-02
4.698874917273328927e-02
5.823957643944407958e-02
5.228325612177366077e-02
5.493050959629384306e-02
5.095962938451356616e-02
5.228325612177366077e-02
5.360688285903375538e-02
4.500330906684314736e-02
5.162144275314361347e-02
4.235605559232296508e-02
4.765056254136333658e-02
4.831237590999338388e-02
4.698874917273328927e-02
5.029781601588351886e-02
4.963600264725347155e-02
4.765056254136333658e-02
4.698874917273328927e-02
4.169424222369291777e-02
4.831237590999338388e-02
4.632693580410324197e-02
4.103242885506287047e-02
4.897418927862343119e-02
3.838517538054268818e-02
4.169424222369291777e-02
3.706154864328259357e-02
3.772336201191264088e-02
3.706154864328259357e-02
4.367968232958305969e-02
4.301786896095301238e-02
4.367968232958305969e-02
4.169424222369291777e-02
3.838517538054268818e-02
4.301786896095301238e-02
3.838517538054268818e-02
3.838517538054268818e-02
3.507610853739245860e-02
3.970880211780278279e-02
3.309066843150231668e-02
3.441429516876241129e-02
3.309066843150231668e-02
3.507610853739245860e-02
3.176704169424222207e-02
3.507610853739245860e-02
3.507610853739245860e-02
4.037061548643282316e-02
3.904698874917273549e-02
3.375248180013236399e-02
2.978160158835208363e-02
2.647253474520185404e-02
2.581072137657180673e-02
3.904698874917273549e-02
3.176704169424222207e-02
3.176704169424222207e-02
3.110522832561217824e-02
3.176704169424222207e-02
3.110522832561217824e-02
2.845797485109199249e-02
3.242885506287226938e-02
2.845797485109199249e-02
2.779616148246194518e-02
2.647253474520185404e-02
3.507610853739245860e-02
2.713434811383189788e-02
2.911978821972203979e-02
3.110522832561217824e-02
3.044341495698213093e-02
3.375248180013236399e-02
3.706154864328259357e-02
2.911978821972203979e-02
3.441429516876241129e-02
3.375248180013236399e-02
3.110522832561217824e-02
3.242885506287226938e-02
3.242885506287226938e-02
3.110522832561217824e-02
3.176704169424222207e-02
3.573792190602249896e-02
3.110522832561217824e-02
2.713434811383189788e-02
3.242885506287226938e-02
3.176704169424222207e-02
3.309066843150231668e-02
2.845797485109199249e-02
3.044341495698213093e-02
2.713434811383189788e-02
3.044341495698213093e-02
3.309066843150231668e-02
2.514890800794175943e-02
2.382528127068166829e-02
2.779616148246194518e-02
2.779616148246194518e-02
3.110522832561217824e-02
2.978160158835208363e-02
2.845797485109199249e-02
2.647253474520185404e-02
2.581072137657180673e-02
2.051621442753143523e-02
2.448709463931171559e-02
2.382528127068166829e-02
2.183984116479152984e-02
2.713434811383189788e-02
2.183984116479152984e-02
2.316346790205162098e-02
2.051621442753143523e-02
2.316346790205162098e-02
2.051621442753143523e-02
2.051621442753143523e-02
2.382528127068166829e-02
2.183984116479152984e-02
2.779616148246194518e-02
2.316346790205162098e-02
2.647253474520185404e-02
2.382528127068166829e-02
1.985440105890139140e-02
2.183984116479152984e-02
2.382528127068166829e-02
1.985440105890139140e-02
2.051621442753143523e-02
2.117802779616148254e-02
2.051621442753143523e-02
2.448709463931171559e-02
2.117802779616148254e-02
2.713434811383189788e-02
2.514890800794175943e-02
2.183984116479152984e-02
2.051621442753143523e-02
2.183984116479152984e-02
2.250165453342157368e-02
2.117802779616148254e-02
1.853077432164129679e-02
2.250165453342157368e-02
1.588352084712111104e-02
1.786896095301124948e-02
2.382528127068166829e-02
1.853077432164129679e-02
1.919258769027134409e-02
1.522170747849106547e-02
1.654533421575115834e-02
1.389808074123097259e-02
1.786896095301124948e-02
1.853077432164129679e-02
1.985440105890139140e-02
1.786896095301124948e-02
1.919258769027134409e-02
1.323626737260092702e-02
1.919258769027134409e-02
1.853077432164129679e-02
1.654533421575115834e-02
1.522170747849106547e-02
1.654533421575115834e-02
1.720714758438120565e-02
1.257445400397087971e-02
1.654533421575115834e-02
1.389808074123097259e-02
1.588352084712111104e-02
1.786896095301124948e-02
1.853077432164129679e-02
1.919258769027134409e-02
1.919258769027134409e-02
1.786896095301124948e-02
1.720714758438120565e-02
1.588352084712111104e-02
1.720714758438120565e-02
1.720714758438120565e-02
1.654533421575115834e-02
1.588352084712111104e-02
1.323626737260092702e-02
1.323626737260092702e-02
1.853077432164129679e-02
1.588352084712111104e-02
1.853077432164129679e-02
1.853077432164129679e-02
1.720714758438120565e-02
1.522170747849106547e-02
1.853077432164129679e-02
1.786896095301124948e-02
1.455989410986101990e-02
1.853077432164129679e-02
1.588352084712111104e-02
1.919258769027134409e-02
1.720714758438120565e-02
1.654533421575115834e-02
1.323626737260092702e-02
2.117802779616148254e-02
1.058901389808074127e-02
1.919258769027134409e-02
1.389808074123097259e-02
1.389808074123097259e-02
1.058901389808074127e-02
1.654533421575115834e-02
1.588352084712111104e-02
1.455989410986101990e-02
1.257445400397087971e-02
1.323626737260092702e-02
1.455989410986101990e-02
1.654533421575115834e-02
1.654533421575115834e-02
1.654533421575115834e-02
1.257445400397087971e-02
1.654533421575115834e-02
1.257445400397087971e-02
1.191264063534083414e-02
1.125082726671078684e-02
9.927200529450695698e-03
1.654533421575115834e-02
9.927200529450695698e-03
1.191264063534083414e-02
1.125082726671078684e-02
1.588352084712111104e-02
1.389808074123097259e-02
1.257445400397087971e-02
1.058901389808074127e-02
1.125082726671078684e-02
1.191264063534083414e-02
9.265387160820648393e-03
1.058901389808074127e-02
1.058901389808074127e-02
9.265387160820648393e-03
1.389808074123097259e-02
