1.000000000000000000e+00
8.179967426710097467e-01
7.597719869706840434e-01
7.064332247557003619e-01
6.991042345276873293e-01
7.035830618892507937e-01
6.758957654723126707e-01
6.608306188925081592e-01
6.343648208469054861e-01
5.936482084690554162e-01
5.912052117263844053e-01
5.891693811074918408e-01
5.765472312703583402e-01
5.651465798045602895e-01
5.557817589576546924e-01
5.407166123778501809e-01
5.264657980456025621e-01
4.955211726384364801e-01
5.122149837133550543e-01
4.918566775244299638e-01
4.971498371335504873e-01
4.934853420195439710e-01
4.723127035830618770e-01
4.780130293159609023e-01
4.617263843648208299e-01
4.413680781758957394e-01
4.421824104234527431e-01
4.279315960912052352e-01
4.364820846905537732e-01
4.218241042345277081e-01
4.124592833876221665e-01
4.014657980456026176e-01
4.010586319218241158e-01
3.859934853420195489e-01
3.896579804560260651e-01
3.774429967426710109e-01
3.656351791530944584e-01
3.900651465798045670e-01
3.766286644951140072e-01
3.741856677524429964e-01
3.619706840390879421e-01
3.709283387622149819e-01
3.623778501628664439e-01
3.436482084690553607e-01
3.505700325732898914e-01
3.558631921824104150e-01
3.469055374592833751e-01
3.403908794788273462e-01
3.241042345276872738e-01
3.350977198697068227e-01
3.196254071661237539e-01
3.228827361563517684e-01
3.086319218241042606e-01
3.110749185667752714e-01
3.175895765472312449e-01
3.118892508143322750e-01
3.135179153094462268e-01
2.968241042345277081e-01
2.850162866449511556e-01
3.013029315960912280e-01
3.045602605863192425e-01
2.968241042345277081e-01
2.764657980456026176e-01
2.776872964169381230e-01
2.752442996742671122e-01
2.732084690553746031e-01
2.650651465798045670e-01
2.666938110749185742e-01
2.638436482084690615e-01
2.597719869706840434e-01
2.532573289902280145e-01
2.528501628664495127e-01
2.516286644951140072e-01
2.426710097719869674e-01
2.463355048859934837e-01
2.377850162866449457e-01
2.369706840390879421e-01
2.430781758957654692e-01
2.206840390879478697e-01
2.251628664495113896e-01
2.316775244299674186e-01
2.214983713355048733e-01
2.333061889250814258e-01
2.247557003257328878e-01
2.243485342019543860e-01
2.251628664495113896e-01
2.276058631921824005e-01
2.235342019543973824e-01
2.194625407166123643e-01
2.223127035830618770e-01
2.039902280130293233e-01
2.170195439739413812e-01
2.080618892508143414e-01
2.072475570032573378e-01
2.035830618892508215e-01
2.121335504885993595e-01
2.064332247557003341e-01
1.925895765472312726e-01
1.950325732899022835e-01
1.946254071661237817e-01
1.929967426710097744e-01
1.799674267100977165e-01
1.807817589576547201e-01
1.820032573289902256e-01
1.852605863192182400e-01
1.872964169381107491e-01
1.811889250814332220e-01
1.746742671009771930e-01
1.807817589576547201e-01
1.677524429967426622e-01
1.722312703583061821e-01
1.726384364820846840e-01
1.746742671009771930e-01
1.665309446254071568e-01
1.689739413680781677e-01
1.653094462540716514e-01
1.693811074918566695e-01
1.604234527687296297e-01
1.657166123778501532e-01
1.665309446254071568e-01
1.624592833876221387e-01
1.563517915309446116e-01
1.596091205211726261e-01
1.543159609120521303e-01
1.469869706840390977e-01
1.567589576547231134e-01
1.526872964169381230e-01
1.494299674267101086e-01
1.514657980456026176e-01
1.559446254071661375e-01
1.482084690553746031e-01
1.575732899022801170e-01
1.571661237785016152e-01
1.539087947882736285e-01
1.437296416938110832e-01
1.461726384364820941e-01
1.465798045602605959e-01
1.388436482084690615e-01
1.445439739413680869e-01
1.530944625407166249e-01
1.429153094462540796e-01
1.522801302931596212e-01
1.478013029315961013e-01
1.396579804560260651e-01
1.412866449511400724e-01
1.359934853420195489e-01
1.376221498371335561e-01
1.372149837133550543e-01
1.355863192182410470e-01
1.416938110749185742e-01
1.331433224755700362e-01
1.376221498371335561e-01
1.343648208469055416e-01
1.315146579804560290e-01
1.319218241042345308e-01
1.270358306188925090e-01
1.209283387622149819e-01
1.241856677524429964e-01
1.335504885993485380e-01
1.229641693811074910e-01
1.416938110749185742e-01
1.241856677524429964e-01
1.184853420195439710e-01
1.213355048859934837e-01
1.197068403908794765e-01
1.278501628664495127e-01
1.176710097719869674e-01
1.176710097719869674e-01
1.127850162866449457e-01
1.103420195439739349e-01
1.111563517915309385e-01
1.156351791530944584e-01
1.140065146579804511e-01
1.062703583061889306e-01
1.123778501628664439e-01
1.131921824104234475e-01
1.066775244299674325e-01
1.058631921824104288e-01
1.058631921824104288e-01
1.066775244299674325e-01
1.070846905537459343e-01
1.026058631921824144e-01
9.975570032573290169e-02
9.894136807817589807e-02
9.853420195439739626e-02
1.050488599348534252e-01
1.013843648208469089e-01
1.001628664495114035e-01
1.017915309446254107e-01
9.364820846905537455e-02
1.062703583061889306e-01
9.894136807817589807e-02
9.649837133550488721e-02
9.609120521172638540e-02
9.649837133550488721e-02
9.120521172638436369e-02
9.161237785016286550e-02
8.631921824104234198e-02
9.568403908794788360e-02
8.835504885993485102e-02
9.283387622149837093e-02
8.509771986970683655e-02
8.224755700325732388e-02
9.324104234527687274e-02
8.509771986970683655e-02
8.794788273615634921e-02
8.021172638436481483e-02
8.184039087947882207e-02
8.957654723127035645e-02
8.794788273615634921e-02
8.306188925081432750e-02
8.672638436482084379e-02
8.387622149837133112e-02
7.410423452768730157e-02
7.817589576547230579e-02
7.776872964169381786e-02
7.532573289902280700e-02
7.858306188925080760e-02
7.817589576547230579e-02
7.125407166123778890e-02
7.980456026058631303e-02
8.021172638436481483e-02
7.695439739413681424e-02
7.166123778501629071e-02
7.776872964169381786e-02
7.858306188925080760e-02
8.143322475570032026e-02
7.369706840390879976e-02
7.695439739413681424e-02
7.899022801302930941e-02
7.776872964169381786e-02
7.573289902280130881e-02
7.614006514657981062e-02
6.840390879478827624e-02
7.247557003257329433e-02
7.695439739413681424e-02
7.369706840390879976e-02
6.758957654723127262e-02
6.718241042345277081e-02
7.654723127035831243e-02
7.166123778501629071e-02
7.125407166123778890e-02
7.288273615635179614e-02
7.166123778501629071e-02
6.636807817589576719e-02
6.962540716612378167e-02
7.003257328990228348e-02
6.636807817589576719e-02
7.328990228013029795e-02
7.043973941368078528e-02
6.229641693811074910e-02
6.514657980456026176e-02
6.677524429967426900e-02
6.392508143322475633e-02
6.677524429967426900e-02
6.881107491856677805e-02
6.311074918566775271e-02
6.636807817589576719e-02
6.718241042345277081e-02
6.270358306188925090e-02
6.392508143322475633e-02
5.944625407166123643e-02
6.636807817589576719e-02
5.822475570032573100e-02
6.962540716612378167e-02
6.677524429967426900e-02
6.473941368078175995e-02
6.107491856677524367e-02
6.148208469055374548e-02
6.148208469055374548e-02
5.944625407166123643e-02
5.578175895765472014e-02
5.781758957654722919e-02
6.229641693811074910e-02
6.270358306188925090e-02
6.270358306188925090e-02
5.863192182410423281e-02
6.392508143322475633e-02
6.270358306188925090e-02
5.537459283387621833e-02
5.903908794788273462e-02
5.456026058631922165e-02
6.514657980456026176e-02
6.351791530944625452e-02
5.659609120521172376e-02
5.211726384364821080e-02
5.863192182410423281e-02
5.252442996742671261e-02
5.781758957654722919e-02
5.741042345276872738e-02
4.845276872964169451e-02
5.496742671009771652e-02
5.293159609120521442e-02
6.026058631921824005e-02
5.374592833876221804e-02
5.618892508143322195e-02
5.130293159609120718e-02
5.659609120521172376e-02
5.374592833876221804e-02
5.985342019543973824e-02
5.618892508143322195e-02
5.985342019543973824e-02
5.496742671009771652e-02
5.618892508143322195e-02
5.252442996742671261e-02
5.211726384364821080e-02
5.293159609120521442e-02
5.496742671009771652e-02
5.415309446254071984e-02
4.519543973941368004e-02
4.967426710097719994e-02
5.171009771986970899e-02
4.845276872964169451e-02
4.682410423452768727e-02
4.885993485342019632e-02
4.967426710097719994e-02
4.763843648208469089e-02
5.211726384364821080e-02
5.211726384364821080e-02
4.763843648208469089e-02
4.153094462540716375e-02
4.641693811074918546e-02
4.356677524429967280e-02
3.949511400651465470e-02
3.827361563517915621e-02
4.071661237785016013e-02
4.478827361563517823e-02
4.519543973941368004e-02
4.600977198697068365e-02
4.356677524429967280e-02
4.153094462540716375e-02
4.030944625407165832e-02
4.030944625407165832e-02
4.234527687296416737e-02
4.071661237785016013e-02
4.885993485342019632e-02
4.071661237785016013e-02
4.356677524429967280e-02
4.193811074918566556e-02
4.112377850162866194e-02
4.315960912052117099e-02
4.478827361563517823e-02
4.030944625407165832e-02
4.356677524429967280e-02
3.990228013029315651e-02
4.275244299674266918e-02
4.519543973941368004e-02
4.315960912052117099e-02
3.990228013029315651e-02
4.641693811074918546e-02
4.234527687296416737e-02
3.949511400651465470e-02
4.193811074918566556e-02
4.560260586319218185e-02
3.949511400651465470e-02
4.153094462540716375e-02
3.786644951140065440e-02
4.275244299674266918e-02
4.315960912052117099e-02
4.641693811074918546e-02
4.315960912052117099e-02
4.356677524429967280e-02
4.071661237785016013e-02
3.868078175895765802e-02
4.519543973941368004e-02
4.030944625407165832e-02
3.460912052117263993e-02
3.664495114006514898e-02
3.868078175895765802e-02
3.786644951140065440e-02
3.338762214983713450e-02
3.949511400651465470e-02
3.542345276872964355e-02
3.745928338762215259e-02
4.193811074918566556e-02
3.705211726384365079e-02
3.379478827361563631e-02
3.908794788273615289e-02
4.071661237785016013e-02
3.623778501628664717e-02
3.379478827361563631e-02
3.420195439739413812e-02
3.786644951140065440e-02
3.542345276872964355e-02
3.338762214983713450e-02
3.135179153094462545e-02
3.745928338762215259e-02
3.216612377850162907e-02
3.298045602605863269e-02
3.257328990228013088e-02
3.216612377850162907e-02
3.216612377850162907e-02
2.972312703583061821e-02
3.786644951140065440e-02
3.257328990228013088e-02
3.257328990228013088e-02
2.850162866449511279e-02
2.890879478827361460e-02
3.501628664495114174e-02
3.135179153094462545e-02
3.379478827361563631e-02
