1.000000000000000000e+00
7.704636519748139234e-01
7.086433886662850679e-01
6.508299942759014911e-01
6.260255676397633584e-01
6.029383705399732341e-01
5.695477962220950596e-01
5.338675825224193927e-01
5.203205495134516356e-01
4.960885327227628205e-01
4.812058767410799520e-01
4.602175157412707329e-01
4.499141385231825718e-01
4.232016790688800101e-01
4.212936462507155255e-01
4.102270559053615706e-01
3.983972524327418219e-01
3.775996947147490790e-01
3.636710551421484250e-01
3.667239076512116003e-01
3.476435794695668657e-01
3.447815302423201667e-01
3.318069070788017827e-01
3.112001526426254605e-01
2.976531196336577034e-01
3.035680213699675778e-01
2.883037588246517569e-01
2.778095783247471751e-01
2.837244800610570494e-01
2.652165617248616880e-01
2.627361190612478303e-01
2.654073650066781087e-01
2.530051516886090424e-01
2.385041022705590430e-01
2.358328563251287924e-01
2.369776760160274831e-01
2.289639381797367035e-01
2.213318069070787930e-01
2.257202823888570797e-01
2.110284296889906597e-01
2.148444953253196010e-01
2.026330852890669831e-01
2.085479870253768298e-01
1.965273802709406603e-01
1.978630032436557995e-01
1.917572982255294767e-01
1.825987406983400063e-01
1.799274947529097557e-01
1.784010684983781680e-01
1.761114291165808143e-01
1.675252814348406893e-01
1.597023468803663304e-01
1.562678878076702860e-01
1.576035107803854252e-01
1.501621827895439909e-01
1.505437893531768878e-01
1.530242320167906900e-01
1.436748712077847712e-01
1.406220186987216236e-01
1.410036252623545205e-01
1.398588055714558298e-01
1.360427399351268885e-01
1.350887235260446462e-01
1.314634611715321533e-01
1.289830185079183233e-01
1.226865102079755798e-01
1.297462316351841172e-01
1.207784773898111091e-01
1.198244609807288669e-01
1.188704445716466385e-01
1.169624117534821539e-01
1.192520511352795215e-01
1.133371493989696610e-01
1.165808051898492709e-01
1.129555428353367641e-01
1.058958214081282129e-01
1.085670673535584774e-01
1.062774279717611098e-01
9.902690326273612398e-02
9.864529669910322707e-02
9.654646059912230793e-02
1.032245754626979622e-01
1.024613623354321684e-01
9.692806716275520484e-02
9.273039496279336658e-02
8.967754245373020516e-02
8.872352604464796288e-02
8.414424728105322770e-02
8.624308338103416072e-02
8.624308338103416072e-02
8.929593589009730825e-02
8.528906697195191844e-02
8.013737836290783789e-02
8.223621446288875703e-02
7.231444380843350672e-02
8.166380461743942554e-02
7.994657508109138944e-02
7.689372257202824190e-02
8.261782102652165394e-02
7.593970616294599962e-02
8.109139477199008017e-02
7.784773898111047030e-02
7.555809959931310271e-02
7.822934554474336721e-02
7.746613241747758727e-02
7.326846021751573512e-02
6.811677160847166845e-02
7.345926349933218358e-02
7.517649303568021968e-02
7.307765693569930054e-02
6.945239458118679376e-02
6.773516504483877154e-02
6.868918145392101382e-02
6.735355848120587463e-02
6.659034535394009469e-02
6.487311581759205859e-02
6.430070597214272710e-02
6.334668956306048482e-02
6.887998473573744840e-02
6.010303377218088189e-02
6.430070597214272710e-02
6.220186987216180102e-02
6.182026330852890411e-02
6.086624689944666877e-02
6.010303377218088189e-02
5.666857469948483050e-02
5.914901736309864655e-02
5.247090249952299224e-02
5.609616485403549208e-02
5.914901736309864655e-02
6.182026330852890411e-02
5.590536157221904362e-02
5.132608280862430844e-02
5.228009921770654378e-02
5.361572219042167603e-02
5.151688609044075690e-02
5.018126311772562465e-02
5.113527952680785998e-02
5.247090249952299224e-02
4.693760732684602172e-02
5.094447624499141153e-02
5.113527952680785998e-02
5.285250906315588915e-02
4.808242701774470551e-02
4.827323029956115397e-02
4.712841060866247017e-02
4.541118107231444101e-02
4.369395153596641879e-02
4.140431215416905120e-02
4.216752528143483808e-02
4.083190230871971277e-02
4.464796794504865413e-02
4.006868918145391895e-02
3.739744323602366138e-02
4.369395153596641879e-02
4.064109902690326431e-02
4.216752528143483808e-02
4.006868918145391895e-02
4.006868918145391895e-02
4.197672199961839656e-02
3.930547605418813206e-02
3.949627933600458052e-02
4.178591871780194811e-02
4.216752528143483808e-02
4.006868918145391895e-02
4.388475481778286724e-02
3.911467277237168361e-02
4.121350887235260274e-02
3.758824651784010984e-02
3.892386949055523515e-02
3.816065636328944827e-02
3.720663995420721293e-02
3.434459072696050691e-02
3.625262354512497759e-02
3.339057431787826463e-02
3.091013165426445206e-02
3.167334478153024241e-02
3.014691852699866517e-02
2.957450868154932327e-02
2.976531196336576826e-02
2.804808242701774604e-02
2.995611524518221672e-02
2.842968899065063948e-02
3.033772180881511016e-02
2.976531196336576826e-02
2.957450868154932327e-02
2.957450868154932327e-02
2.709406601793550723e-02
2.709406601793550723e-02
2.881129555428353292e-02
2.690326273611906224e-02
2.823888570883419102e-02
2.671245945430261379e-02
2.766647586338484913e-02
2.709406601793550723e-02
2.862049227246708794e-02
2.995611524518221672e-02
2.594924632703682343e-02
2.671245945430261379e-02
2.671245945430261379e-02
2.690326273611906224e-02
2.614004960885327189e-02
2.556763976340392999e-02
2.709406601793550723e-02
2.633085289066972035e-02
2.213318069070787861e-02
2.594924632703682343e-02
2.518603319977103655e-02
2.289639381797366896e-02
2.289639381797366896e-02
2.289639381797366896e-02
2.690326273611906224e-02
2.346880366342301086e-02
2.346880366342301086e-02
2.346880366342301086e-02
2.194237740889143362e-02
2.270559053615722050e-02
2.346880366342301086e-02
2.289639381797366896e-02
2.385041022705590430e-02
2.232398397252432706e-02
2.175157412707498517e-02
2.175157412707498517e-02
2.175157412707498517e-02
2.423201679068880121e-02
2.136996756344209172e-02
1.927113146346117259e-02
2.232398397252432706e-02
2.365960694523945931e-02
2.270559053615722050e-02
2.365960694523945931e-02
2.098836099980919828e-02
2.327800038160656240e-02
2.079755771799274983e-02
2.251478725434077552e-02
2.327800038160656240e-02
1.927113146346117259e-02
1.908032818164472413e-02
1.984354130891051449e-02
2.022514787254340793e-02
1.698149208166380500e-02
1.812631177256248879e-02
1.946193474527761758e-02
1.946193474527761758e-02
1.888952489982827568e-02
2.003434459072695947e-02
1.793550849074604034e-02
2.022514787254340793e-02
1.793550849074604034e-02
1.888952489982827568e-02
1.602747567258156966e-02
1.888952489982827568e-02
1.812631177256248879e-02
2.022514787254340793e-02
1.793550849074604034e-02
1.679068879984735654e-02
1.793550849074604034e-02
1.717229536348025346e-02
1.450104941804999069e-02
1.488265598168288413e-02
1.621827895439801465e-02
1.564586910894867275e-02
1.621827895439801465e-02
1.755390192711314690e-02
1.240221331806907155e-02
1.640908223621446310e-02
1.450104941804999069e-02
1.411944285441709551e-02
1.583667239076512120e-02
1.335622972715130689e-02
1.431024613623354397e-02
1.392863957260064879e-02
1.526426254531577931e-02
1.545506582713222603e-02
1.431024613623354397e-02
1.450104941804999069e-02
1.431024613623354397e-02
1.564586910894867275e-02
1.755390192711314690e-02
1.488265598168288413e-02
1.450104941804999069e-02
1.583667239076512120e-02
1.488265598168288413e-02
1.488265598168288413e-02
1.717229536348025346e-02
1.602747567258156966e-02
1.659988551803091156e-02
1.659988551803091156e-02
1.450104941804999069e-02
1.640908223621446310e-02
1.583667239076512120e-02
1.602747567258156966e-02
1.278381988170196500e-02
1.316542644533486017e-02
1.602747567258156966e-02
1.545506582713222603e-02
1.431024613623354397e-02
1.488265598168288413e-02
1.221141003625262310e-02
1.354703300896775361e-02
1.450104941804999069e-02
1.602747567258156966e-02
1.354703300896775361e-02
1.335622972715130689e-02
1.469185269986643741e-02
1.411944285441709551e-02
1.392863957260064879e-02
1.469185269986643741e-02
1.564586910894867275e-02
1.602747567258156966e-02
1.488265598168288413e-02
1.259301659988551828e-02
1.316542644533486017e-02
1.316542644533486017e-02
1.297462316351841172e-02
1.450104941804999069e-02
1.182980347261972966e-02
1.316542644533486017e-02
1.450104941804999069e-02
1.144819690898683448e-02
1.297462316351841172e-02
1.163900019080328120e-02
1.316542644533486017e-02
1.163900019080328120e-02
1.144819690898683448e-02
1.182980347261972966e-02
9.921770654455257243e-03
1.259301659988551828e-02
1.316542644533486017e-02
1.068498378172104586e-02
1.373783629078420207e-02
1.278381988170196500e-02
1.316542644533486017e-02
1.259301659988551828e-02
1.278381988170196500e-02
1.202060675443617638e-02
1.030337721808815069e-02
1.221141003625262310e-02
1.202060675443617638e-02
1.049418049990459914e-02
1.125739362717038776e-02
1.144819690898683448e-02
1.030337721808815069e-02
1.106659034535393930e-02
1.144819690898683448e-02
1.087578706353749258e-02
1.335622972715130689e-02
1.259301659988551828e-02
1.049418049990459914e-02
1.144819690898683448e-02
1.163900019080328120e-02
1.144819690898683448e-02
1.049418049990459914e-02
1.087578706353749258e-02
1.049418049990459914e-02
9.730967372638808788e-03
1.106659034535393930e-02
1.202060675443617638e-02
9.540164090822362067e-03
1.125739362717038776e-02
9.730967372638808788e-03
1.030337721808815069e-02
1.087578706353749258e-02
9.921770654455257243e-03
1.106659034535393930e-02
9.921770654455257243e-03
9.730967372638808788e-03
9.921770654455257243e-03
1.068498378172104586e-02
9.921770654455257243e-03
1.011257393627170396e-02
8.013737836290784830e-03
9.921770654455257243e-03
8.776950963556573448e-03
8.967754245373020169e-03
1.087578706353749258e-02
1.011257393627170396e-02
9.921770654455257243e-03
1.011257393627170396e-02
9.349360809005915346e-03
9.349360809005915346e-03
9.730967372638808788e-03
9.158557527189466890e-03
9.730967372638808788e-03
8.013737836290784830e-03
8.776950963556573448e-03
9.158557527189466890e-03
9.349360809005915346e-03
9.349360809005915346e-03
8.013737836290784830e-03
8.586147681740126728e-03
9.349360809005915346e-03
9.540164090822362067e-03
9.158557527189466890e-03
9.349360809005915346e-03
8.395344399923678272e-03
6.678114863575653447e-03
7.059721427208547756e-03
9.349360809005915346e-03
9.349360809005915346e-03
8.204541118107231551e-03
