1.000000000000000000e+00
8.179848320693391406e-01
8.234019501625134962e-01
8.104008667388948872e-01
8.223185265438786029e-01
7.973997833152762782e-01
7.594799566630552334e-01
7.508125677139761978e-01
7.074756229685806863e-01
7.421451787648970511e-01
7.302275189599133354e-01
7.193932827735645130e-01
7.475622968580715177e-01
7.432286023835319444e-01
7.204767063921992953e-01
7.107258938244853663e-01
7.107258938244853663e-01
6.933911159263271839e-01
6.814734561213434683e-01
6.923076923076922906e-01
6.760563380281690016e-01
6.858071505958830416e-01
6.608884073672806059e-01
6.695557963163596416e-01
6.576381365113759259e-01
6.771397616468038949e-01
6.749729144095341082e-01
6.403033586132177435e-01
6.814734561213434683e-01
6.630552546045503925e-01
6.641386782231852859e-01
6.673889490790899659e-01
6.554712892741061392e-01
6.208017334777897744e-01
6.576381365113759259e-01
6.457204767063922102e-01
6.327193932827736012e-01
6.110509209100758454e-01
6.208017334777897744e-01
6.283856988082340278e-01
6.316359696641387078e-01
6.121343445287107388e-01
6.446370530877573168e-01
6.121343445287107388e-01
6.164680390032503121e-01
5.991332611050921297e-01
6.175514626218852055e-01
5.807150595882990540e-01
5.937161430119176631e-01
5.893824485373780897e-01
5.904658721560129830e-01
5.731310942578548007e-01
5.763813651137594807e-01
5.861321776814734097e-01
5.633802816901408717e-01
5.752979414951245873e-01
5.698808234019501207e-01
5.622968580715059783e-01
5.449620801733477959e-01
5.709642470205850140e-01
5.330444203683640803e-01
5.449620801733477959e-01
5.525460455037919383e-01
5.297941495124594002e-01
5.622968580715059783e-01
5.579631635969664050e-01
5.157096424702058979e-01
5.319609967497291869e-01
5.027085590465871778e-01
5.308775731310942936e-01
5.330444203683640803e-01
4.962080173347778733e-01
4.842903575297941576e-01
4.907908992416034621e-01
5.189599133261104669e-01
5.005417118093173912e-01
5.330444203683640803e-01
4.810400866738894776e-01
5.005417118093173912e-01
5.070422535211267512e-01
5.222101841820151469e-01
5.254604550379198269e-01
5.027085590465871778e-01
5.113759479956663245e-01
4.951245937161430355e-01
4.810400866738894776e-01
5.102925243770314312e-01
4.918743228602383555e-01
4.788732394366196909e-01
4.951245937161430355e-01
4.994582881906825533e-01
4.691224268689057619e-01
4.669555796316359753e-01
4.962080173347778733e-01
4.669555796316359753e-01
4.669555796316359753e-01
4.561213434452870974e-01
4.702058504875406553e-01
4.669555796316359753e-01
4.539544962080173107e-01
4.658721560130010819e-01
4.767063921993499598e-01
4.539544962080173107e-01
4.637053087757312952e-01
4.669555796316359753e-01
4.420368364030335950e-01
4.452871072589382195e-01
4.712892741061754931e-01
4.821235102925243710e-01
4.756229685807150664e-01
4.106175514626219103e-01
4.431202600216684884e-01
4.333694474539545038e-01
4.496208017334777929e-01
4.398699891657638084e-01
4.507042253521126862e-01
4.398699891657638084e-01
4.247020585048754127e-01
4.279523293607800927e-01
4.225352112676056260e-01
4.301191765980498238e-01
4.333694474539545038e-01
4.301191765980498238e-01
4.550379198266522041e-01
4.182015167930661081e-01
4.301191765980498238e-01
4.236186348862405193e-01
4.160346695557963215e-01
4.019501625135428191e-01
4.084507042253521236e-01
4.247020585048754127e-01
4.366197183098591283e-01
4.225352112676056260e-01
3.954496208017334591e-01
3.954496208017334591e-01
3.943661971830985657e-01
3.770314192849404389e-01
3.531960996749728965e-01
3.911159263271939412e-01
3.824485373781148501e-01
3.932827735644637279e-01
3.824485373781148501e-01
3.976164680390032458e-01
3.770314192849404389e-01
3.694474539544961855e-01
3.889490790899241546e-01
3.856988082340194746e-01
3.770314192849404389e-01
3.781148429035752767e-01
3.921993499458288346e-01
3.932827735644637279e-01
3.661971830985915610e-01
3.759479956663055455e-01
3.997833152762730324e-01
3.802816901408450634e-01
3.716143011917659722e-01
3.369447453954496075e-01
3.607800650054170943e-01
3.575297941495124698e-01
3.672806067172264544e-01
3.553629469122426832e-01
3.672806067172264544e-01
3.781148429035752767e-01
3.716143011917659722e-01
3.596966413867822565e-01
3.542795232936077898e-01
3.716143011917659722e-01
3.759479956663055455e-01
3.531960996749728965e-01
3.564463705308775765e-01
3.564463705308775765e-01
3.856988082340194746e-01
3.586132177681473632e-01
3.694474539544961855e-01
3.726977248104008655e-01
3.596966413867822565e-01
3.791982665222101700e-01
3.369447453954496075e-01
3.705308775731310789e-01
3.358613217768147141e-01
3.423618634886240741e-01
3.271939328277356229e-01
3.174431202600216939e-01
3.185265438786565317e-01
3.282773564463705163e-01
3.271939328277356229e-01
3.076923076923077094e-01
3.098591549295774406e-01
3.131094257854821206e-01
3.185265438786565317e-01
3.185265438786565317e-01
3.066088840736728161e-01
3.044420368364030294e-01
3.163596966413868006e-01
3.185265438786565317e-01
2.979414951245937249e-01
3.185265438786565317e-01
2.936078006500541515e-01
2.990249187432286182e-01
3.250270855904658918e-01
3.369447453954496075e-01
3.087757313109426027e-01
2.957746478873239382e-01
3.076923076923077094e-01
3.174431202600216939e-01
2.892741061755146337e-01
2.968580715059588315e-01
3.141928494041170139e-01
2.925243770314192582e-01
2.892741061755146337e-01
2.925243770314192582e-01
3.098591549295774406e-01
2.968580715059588315e-01
2.860238353196099537e-01
2.914409534127844204e-01
2.903575297941495270e-01
2.936078006500541515e-01
2.892741061755146337e-01
2.871072589382448470e-01
2.838569880823402225e-01
2.957746478873239382e-01
2.751895991332611313e-01
2.795232936078006492e-01
2.860238353196099537e-01
3.033586132177681360e-01
2.968580715059588315e-01
2.730227518959913446e-01
2.871072589382448470e-01
2.903575297941495270e-01
2.686890574214517713e-01
2.827735644637053292e-01
2.892741061755146337e-01
2.719393282773564513e-01
2.881906825568797403e-01
2.806067172264355425e-01
2.936078006500541515e-01
2.925243770314192582e-01
2.979414951245937249e-01
2.784398699891657558e-01
2.719393282773564513e-01
2.708559046587215580e-01
2.589382448537377868e-01
2.481040086673889367e-01
2.578548212351029489e-01
2.708559046587215580e-01
2.524377031419284823e-01
2.871072589382448470e-01
2.600216684723726801e-01
2.621885157096424668e-01
2.881906825568797403e-01
2.881906825568797403e-01
2.589382448537377868e-01
2.849404117009750603e-01
2.535211267605633756e-01
2.686890574214517713e-01
2.806067172264355425e-01
2.556879739978331623e-01
2.632719393282773601e-01
2.686890574214517713e-01
2.730227518959913446e-01
2.936078006500541515e-01
2.600216684723726801e-01
2.643553629469122535e-01
2.686890574214517713e-01
2.751895991332611313e-01
2.524377031419284823e-01
2.491874322860238300e-01
2.578548212351029489e-01
2.632719393282773601e-01
2.632719393282773601e-01
2.860238353196099537e-01
2.643553629469122535e-01
2.491874322860238300e-01
2.513542795232935889e-01
2.632719393282773601e-01
2.502708559046586956e-01
2.459371614301191777e-01
2.654387865655471468e-01
2.535211267605633756e-01
2.524377031419284823e-01
2.600216684723726801e-01
2.578548212351029489e-01
2.459371614301191777e-01
2.578548212351029489e-01
2.578548212351029489e-01
2.621885157096424668e-01
2.535211267605633756e-01
2.567713976164680556e-01
2.589382448537377868e-01
2.416034669555796321e-01
2.589382448537377868e-01
2.524377031419284823e-01
2.307692307692307820e-01
2.459371614301191777e-01
2.405200433369447388e-01
2.567713976164680556e-01
2.221018418201516909e-01
2.318526543878656476e-01
2.600216684723726801e-01
2.524377031419284823e-01
2.372697724810400866e-01
2.546045503791982689e-01
2.426868905742145255e-01
2.600216684723726801e-01
2.448537378114842844e-01
2.448537378114842844e-01
2.470205850487540711e-01
2.524377031419284823e-01
2.383531960996749799e-01
2.448537378114842844e-01
2.481040086673889367e-01
2.665222101841820401e-01
2.491874322860238300e-01
2.481040086673889367e-01
2.383531960996749799e-01
2.535211267605633756e-01
2.318526543878656476e-01
2.448537378114842844e-01
2.481040086673889367e-01
2.296858071505958887e-01
2.286023835319609954e-01
2.426868905742145255e-01
2.286023835319609954e-01
2.296858071505958887e-01
2.426868905742145255e-01
2.296858071505958887e-01
2.199349945828819042e-01
2.351029252437703276e-01
2.231852654387865564e-01
2.394366197183098455e-01
2.134344528710725997e-01
2.145178764897074652e-01
2.166847237269772519e-01
2.221018418201516909e-01
2.166847237269772519e-01
2.242686890574214498e-01
2.307692307692307820e-01
2.166847237269772519e-01
2.036836403033586151e-01
2.166847237269772519e-01
1.993499458288190695e-01
2.253521126760563431e-01
2.188515709642470108e-01
2.253521126760563431e-01
2.166847237269772519e-01
1.982665222101841762e-01
2.145178764897074652e-01
2.166847237269772519e-01
2.036836403033586151e-01
2.210184182015167975e-01
2.101841820151679197e-01
2.351029252437703276e-01
2.101841820151679197e-01
2.123510292524377063e-01
2.210184182015167975e-01
2.264355362946912364e-01
2.199349945828819042e-01
2.286023835319609954e-01
2.156013001083423586e-01
2.275189599133261020e-01
2.264355362946912364e-01
2.242686890574214498e-01
2.101841820151679197e-01
2.253521126760563431e-01
2.101841820151679197e-01
2.112676056338028130e-01
2.199349945828819042e-01
2.221018418201516909e-01
2.296858071505958887e-01
2.210184182015167975e-01
2.286023835319609954e-01
2.329360780065005410e-01
1.971830985915492829e-01
2.166847237269772519e-01
2.080173347778981607e-01
2.286023835319609954e-01
1.960996749729144173e-01
2.166847237269772519e-01
2.112676056338028130e-01
2.080173347778981607e-01
2.058504875406283741e-01
2.210184182015167975e-01
2.199349945828819042e-01
2.134344528710725997e-01
2.123510292524377063e-01
2.036836403033586151e-01
2.047670639219935085e-01
2.264355362946912364e-01
2.166847237269772519e-01
2.221018418201516909e-01
2.307692307692307820e-01
2.231852654387865564e-01
2.199349945828819042e-01
2.177681473456121453e-01
2.134344528710725997e-01
2.069339111592632674e-01
2.091007583965330541e-01
2.123510292524377063e-01
2.221018418201516909e-01
2.101841820151679197e-01
2.026002166847237218e-01
