1.000000000000000000e+00
8.188679245283019270e-01
7.301886792452829678e-01
7.320754716981131560e-01
7.188679245283018382e-01
6.924528301886792025e-01
7.037735849056603321e-01
6.943396226415093908e-01
6.811320754716980730e-01
7.037735849056603321e-01
6.886792452830188260e-01
6.811320754716980730e-01
6.924528301886792025e-01
6.679245283018867552e-01
7.207547169811320265e-01
7.339622641509433443e-01
6.377358490566037430e-01
6.698113207547169434e-01
6.566037735849056256e-01
6.264150943396226134e-01
6.358490566037735547e-01
6.584905660377358139e-01
6.226415094339622369e-01
5.811320754716980952e-01
6.150943396226414839e-01
6.056603773584905426e-01
6.283018867924528017e-01
6.471698113207546843e-01
6.113207547169811074e-01
5.622641509433962126e-01
6.113207547169811074e-01
5.811320754716980952e-01
6.226415094339622369e-01
6.056603773584905426e-01
6.245283018867924252e-01
6.018867924528301661e-01
6.132075471698112956e-01
5.735849056603773422e-01
5.622641509433962126e-01
5.830188679245282835e-01
5.867924528301886600e-01
5.509433962264150830e-01
6.018867924528301661e-01
5.981132075471697895e-01
6.037735849056603543e-01
5.924528301886792248e-01
5.660377358490565891e-01
5.811320754716980952e-01
5.471698113207547065e-01
5.886792452830188482e-01
5.320754716981132004e-01
5.886792452830188482e-01
6.075471698113207308e-01
6.113207547169811074e-01
5.698113207547169656e-01
5.698113207547169656e-01
5.471698113207547065e-01
5.603773584905660243e-01
5.924528301886792248e-01
5.377358490566037652e-01
5.528301886792452713e-01
5.867924528301886600e-01
5.981132075471697895e-01
5.886792452830188482e-01
5.358490566037735769e-01
5.735849056603773422e-01
5.660377358490565891e-01
5.509433962264150830e-01
5.867924528301886600e-01
5.641509433962264008e-01
5.396226415094339535e-01
5.245283018867924474e-01
5.584905660377358361e-01
5.566037735849056478e-01
5.716981132075471539e-01
5.056603773584905648e-01
5.547169811320754595e-01
5.226415094339622591e-01
5.679245283018867774e-01
4.754716981132075526e-01
5.301886792452830122e-01
5.226415094339622591e-01
5.377358490566037652e-01
5.528301886792452713e-01
5.641509433962264008e-01
5.528301886792452713e-01
5.528301886792452713e-01
5.509433962264150830e-01
5.471698113207547065e-01
5.660377358490565891e-01
5.283018867924528239e-01
5.226415094339622591e-01
5.207547169811320709e-01
5.415094339622641417e-01
5.207547169811320709e-01
5.773584905660377187e-01
5.924528301886792248e-01
5.150943396226415061e-01
5.358490566037735769e-01
5.245283018867924474e-01
5.528301886792452713e-01
4.943396226415094352e-01
5.415094339622641417e-01
5.528301886792452713e-01
5.377358490566037652e-01
5.528301886792452713e-01
5.056603773584905648e-01
5.018867924528301883e-01
4.566037735849056700e-01
5.018867924528301883e-01
5.018867924528301883e-01
4.905660377358490587e-01
4.830188679245283057e-01
5.207547169811320709e-01
5.188679245283018826e-01
5.415094339622641417e-01
5.075471698113207530e-01
5.490566037735848948e-01
5.132075471698113178e-01
5.245283018867924474e-01
5.056603773584905648e-01
5.320754716981132004e-01
5.037735849056603765e-01
4.490566037735849170e-01
4.792452830188679291e-01
5.226415094339622591e-01
5.132075471698113178e-01
4.735849056603773644e-01
4.603773584905660465e-01
5.150943396226415061e-01
4.490566037735849170e-01
4.830188679245283057e-01
5.320754716981132004e-01
5.018867924528301883e-01
5.000000000000000000e-01
4.849056603773584939e-01
4.905660377358490587e-01
4.641509433962264231e-01
4.943396226415094352e-01
5.037735849056603765e-01
4.962264150943396235e-01
4.584905660377358583e-01
4.811320754716981174e-01
4.943396226415094352e-01
5.000000000000000000e-01
4.886792452830188704e-01
4.924528301886792470e-01
4.849056603773584939e-01
5.037735849056603765e-01
5.000000000000000000e-01
5.018867924528301883e-01
4.679245283018867996e-01
5.207547169811320709e-01
4.735849056603773644e-01
4.830188679245283057e-01
4.830188679245283057e-01
4.735849056603773644e-01
4.735849056603773644e-01
4.735849056603773644e-01
4.584905660377358583e-01
4.094339622641509635e-01
5.226415094339622591e-01
4.698113207547169878e-01
4.377358490566037874e-01
4.716981132075471761e-01
4.886792452830188704e-01
5.150943396226415061e-01
4.264150943396226578e-01
4.886792452830188704e-01
4.849056603773584939e-01
4.792452830188679291e-01
5.245283018867924474e-01
5.264150943396226356e-01
4.716981132075471761e-01
5.113207547169811296e-01
4.867924528301886822e-01
4.547169811320754818e-01
4.641509433962264231e-01
4.603773584905660465e-01
4.754716981132075526e-01
4.396226415094339757e-01
4.358490566037735992e-01
4.811320754716981174e-01
4.867924528301886822e-01
4.622641509433962348e-01
4.433962264150943522e-01
4.849056603773584939e-01
4.886792452830188704e-01
4.905660377358490587e-01
4.301886792452830344e-01
4.867924528301886822e-01
4.830188679245283057e-01
5.150943396226415061e-01
4.603773584905660465e-01
4.792452830188679291e-01
4.981132075471698117e-01
4.830188679245283057e-01
4.924528301886792470e-01
4.905660377358490587e-01
4.830188679245283057e-01
4.867924528301886822e-01
4.396226415094339757e-01
4.792452830188679291e-01
4.773584905660377409e-01
4.528301886792452935e-01
4.716981132075471761e-01
4.943396226415094352e-01
4.943396226415094352e-01
4.641509433962264231e-01
4.528301886792452935e-01
4.584905660377358583e-01
4.452830188679245405e-01
4.830188679245283057e-01
4.754716981132075526e-01
4.490566037735849170e-01
4.924528301886792470e-01
5.018867924528301883e-01
4.905660377358490587e-01
4.622641509433962348e-01
4.981132075471698117e-01
4.547169811320754818e-01
4.264150943396226578e-01
4.981132075471698117e-01
4.528301886792452935e-01
4.792452830188679291e-01
4.490566037735849170e-01
5.320754716981132004e-01
4.547169811320754818e-01
4.698113207547169878e-01
4.754716981132075526e-01
4.735849056603773644e-01
4.735849056603773644e-01
4.113207547169811518e-01
4.528301886792452935e-01
4.641509433962264231e-01
4.622641509433962348e-01
4.547169811320754818e-01
4.886792452830188704e-01
4.603773584905660465e-01
4.320754716981132226e-01
4.339622641509434109e-01
4.622641509433962348e-01
4.924528301886792470e-01
4.716981132075471761e-01
4.433962264150943522e-01
4.415094339622641639e-01
4.471698113207547287e-01
4.735849056603773644e-01
4.716981132075471761e-01
4.320754716981132226e-01
4.943396226415094352e-01
4.622641509433962348e-01
4.358490566037735992e-01
4.566037735849056700e-01
4.056603773584905870e-01
4.433962264150943522e-01
4.716981132075471761e-01
4.660377358490566113e-01
4.320754716981132226e-01
4.584905660377358583e-01
4.716981132075471761e-01
4.547169811320754818e-01
4.943396226415094352e-01
4.698113207547169878e-01
4.792452830188679291e-01
4.509433962264151052e-01
4.132075471698113400e-01
4.433962264150943522e-01
5.000000000000000000e-01
4.622641509433962348e-01
4.226415094339622813e-01
4.641509433962264231e-01
4.509433962264151052e-01
4.283018867924528461e-01
4.358490566037735992e-01
3.943396226415094574e-01
4.415094339622641639e-01
4.264150943396226578e-01
4.528301886792452935e-01
4.188679245283019048e-01
4.547169811320754818e-01
4.547169811320754818e-01
4.547169811320754818e-01
4.377358490566037874e-01
4.415094339622641639e-01
4.226415094339622813e-01
4.471698113207547287e-01
4.396226415094339757e-01
4.169811320754717165e-01
4.056603773584905870e-01
4.716981132075471761e-01
4.679245283018867996e-01
4.075471698113207752e-01
3.962264150943396457e-01
4.264150943396226578e-01
4.207547169811320931e-01
4.207547169811320931e-01
4.415094339622641639e-01
4.000000000000000222e-01
4.415094339622641639e-01
4.754716981132075526e-01
4.566037735849056700e-01
4.226415094339622813e-01
4.169811320754717165e-01
4.433962264150943522e-01
4.113207547169811518e-01
4.396226415094339757e-01
4.226415094339622813e-01
4.660377358490566113e-01
4.094339622641509635e-01
4.490566037735849170e-01
4.132075471698113400e-01
4.377358490566037874e-01
4.245283018867924696e-01
4.245283018867924696e-01
4.132075471698113400e-01
4.339622641509434109e-01
4.509433962264151052e-01
4.509433962264151052e-01
4.113207547169811518e-01
4.320754716981132226e-01
4.622641509433962348e-01
4.471698113207547287e-01
4.773584905660377409e-01
4.301886792452830344e-01
4.207547169811320931e-01
4.452830188679245405e-01
4.584905660377358583e-01
4.264150943396226578e-01
3.924528301886792692e-01
4.056603773584905870e-01
4.283018867924528461e-01
4.169811320754717165e-01
4.037735849056603987e-01
4.528301886792452935e-01
4.528301886792452935e-01
4.452830188679245405e-01
4.509433962264151052e-01
4.264150943396226578e-01
4.207547169811320931e-01
4.377358490566037874e-01
4.320754716981132226e-01
4.283018867924528461e-01
4.433962264150943522e-01
4.698113207547169878e-01
3.962264150943396457e-01
4.396226415094339757e-01
4.528301886792452935e-01
4.584905660377358583e-01
4.547169811320754818e-01
4.339622641509434109e-01
4.226415094339622813e-01
4.037735849056603987e-01
4.207547169811320931e-01
4.471698113207547287e-01
4.396226415094339757e-01
4.283018867924528461e-01
4.415094339622641639e-01
4.245283018867924696e-01
4.169811320754717165e-01
4.226415094339622813e-01
4.169811320754717165e-01
4.132075471698113400e-01
4.132075471698113400e-01
4.188679245283019048e-01
4.037735849056603987e-01
3.830188679245283279e-01
4.094339622641509635e-01
4.132075471698113400e-01
4.113207547169811518e-01
3.943396226415094574e-01
4.188679245283019048e-01
4.037735849056603987e-01
4.207547169811320931e-01
4.169811320754717165e-01
4.283018867924528461e-01
4.188679245283019048e-01
4.132075471698113400e-01
4.056603773584905870e-01
3.886792452830188926e-01
4.169811320754717165e-01
4.264150943396226578e-01
3.811320754716981396e-01
4.169811320754717165e-01
4.207547169811320931e-01
4.207547169811320931e-01
4.452830188679245405e-01
3.849056603773585161e-01
3.735849056603773310e-01
4.037735849056603987e-01
4.000000000000000222e-01
4.377358490566037874e-01
3.886792452830188926e-01
3.698113207547169545e-01
3.754716981132075748e-01
4.396226415094339757e-01
4.018867924528302105e-01
4.264150943396226578e-01
4.528301886792452935e-01
3.905660377358490809e-01
4.056603773584905870e-01
