1.000000000000000000e+00
7.756973633931982803e-01
7.332823844096293397e-01
6.874283530760412209e-01
6.702330913259457734e-01
6.709973251815055661e-01
6.557126480703094895e-01
6.274359954145968254e-01
6.400458540313336275e-01
6.106228505922812744e-01
5.915170042032862341e-01
5.918991211310661305e-01
5.586549484142147026e-01
5.406954528085594625e-01
5.483377913641573898e-01
5.196790217806648293e-01
5.284677111196025567e-01
5.059228123805884492e-01
4.982804738249904664e-01
4.971341230416507218e-01
4.917844860527321171e-01
4.795567443637753224e-01
4.692395873137180096e-01
4.466946885747038465e-01
4.489873901413832802e-01
4.547191440580817812e-01
4.440198700802445719e-01
4.180359189912112861e-01
4.264424914023691171e-01
4.027512418800152649e-01
4.111578142911730960e-01
4.077187619411539732e-01
3.786778754298815164e-01
3.649216660298051362e-01
3.828811616354604319e-01
3.645395491020252399e-01
3.553687428353076161e-01
3.645395491020252399e-01
3.553687428353076161e-01
3.591899121131066352e-01
3.507833397019488042e-01
3.404661826518914913e-01
3.332059610240733494e-01
3.270920901795949520e-01
3.232709209017959329e-01
3.370271303018723685e-01
3.202139854795567619e-01
3.095147115017195527e-01
3.198318685517768656e-01
2.980512036683224952e-01
3.053114252961406372e-01
3.034008406572410999e-01
3.049293083683607408e-01
3.026366068016813071e-01
2.904088651127245124e-01
2.873519296904852860e-01
2.858234619793657005e-01
2.877340466182651824e-01
2.789453572793274549e-01
2.747420710737485394e-01
2.720672525792892649e-01
2.705387848681696794e-01
2.617500955292319520e-01
2.537256400458540173e-01
2.777990064959877659e-01
2.529614061902942246e-01
2.521971723347344319e-01
2.690103171570500384e-01
2.586931601069927256e-01
2.537256400458540173e-01
2.514329384791746391e-01
2.353840275124187975e-01
2.399694306457776094e-01
2.338555598012991843e-01
2.243026366068016919e-01
2.262132212457011737e-01
2.372946121513183071e-01
2.304165074512800893e-01
2.338555598012991843e-01
2.200993504012227764e-01
2.181887657623232668e-01
2.174245319067634741e-01
2.204814673290026728e-01
2.185708826901031632e-01
2.208635842567825691e-01
2.136033626289644549e-01
2.174245319067634741e-01
2.105464272067252562e-01
1.990829193733282265e-01
2.063431410011463407e-01
1.990829193733282265e-01
1.987008024455483302e-01
2.071073748567061612e-01
2.002292701566679434e-01
1.998471532288880470e-01
1.952617500955292351e-01
1.887657623232709136e-01
1.918226977455101123e-01
1.868551776843714041e-01
1.971723347344287447e-01
1.902942300343905269e-01
1.807413068398930067e-01
1.799770729843332140e-01
1.834161253343523090e-01
1.883836453954910173e-01
1.776843714176538080e-01
1.723347344287352034e-01
1.773022544898739117e-01
1.757737867787542985e-01
1.784486052732136008e-01
1.769201375620939876e-01
1.685135651509361843e-01
1.711883836453954866e-01
1.761559037065341948e-01
1.719526175009552793e-01
1.677493312953763915e-01
1.738632021398547889e-01
1.574321742453190787e-01
1.631639281620175796e-01
1.581964081008788714e-01
1.517004203286205499e-01
1.643102789453572687e-01
1.570500573175391545e-01
1.662208635842567783e-01
1.517004203286205499e-01
1.589606419564386641e-01
1.574321742453190787e-01
1.505540695452808608e-01
1.509361864730607572e-01
1.520825372564004463e-01
1.505540695452808608e-01
1.551394726786396727e-01
1.501719526175009645e-01
1.444401987008024357e-01
1.505540695452808608e-01
1.406190294230034443e-01
1.482613679786014549e-01
1.387084447841039347e-01
1.360336262896446324e-01
1.413832632785632371e-01
1.394726786396637275e-01
1.432938479174627466e-01
1.375620940007642456e-01
1.371799770729843215e-01
1.283912877340466219e-01
1.295376385173863110e-01
1.348872755063049156e-01
1.299197554451662073e-01
1.257164692395873196e-01
1.234237676729079136e-01
1.264807030951471123e-01
1.310661062285059242e-01
1.196025983951089083e-01
1.245701184562476166e-01
1.131066106228505869e-01
1.211310661062285077e-01
1.176920137562093988e-01
1.100496752006113882e-01
1.146350783339702001e-01
1.176920137562093988e-01
1.138708444784103935e-01
1.089033244172716852e-01
1.184562476117692054e-01
1.085212074894917889e-01
1.127244936950706905e-01
1.108139090561711948e-01
1.104317921283912846e-01
1.115781429117309875e-01
1.050821551394726799e-01
1.073748567061520859e-01
1.085212074894917889e-01
1.115781429117309875e-01
1.138708444784103935e-01
1.089033244172716852e-01
1.027894535727932740e-01
9.361864730607566409e-02
1.001146350783339717e-01
1.054642720672525763e-01
1.047000382116927836e-01
1.039358043561329770e-01
1.096675582728314918e-01
1.058463889950324865e-01
1.066106228505922793e-01
1.001146350783339717e-01
1.085212074894917889e-01
9.820405043943446211e-02
1.004967520061138680e-01
9.629346580053496640e-02
9.591134887275505616e-02
9.705769965609475913e-02
1.054642720672525763e-01
1.050821551394726799e-01
1.054642720672525763e-01
9.743981658387466938e-02
9.705769965609475913e-02
1.020252197172334674e-01
9.514711501719526343e-02
9.323653037829575385e-02
9.017959495605655518e-02
9.782193351165456574e-02
1.001146350783339717e-01
9.743981658387466938e-02
8.865112724493695584e-02
9.056171188383645154e-02
9.170806266717615451e-02
9.591134887275505616e-02
9.323653037829575385e-02
8.750477646159725287e-02
9.629346580053496640e-02
9.094382881161634791e-02
9.361864730607566409e-02
8.444784103935804032e-02
8.712265953381734263e-02
8.712265953381734263e-02
8.979747802827665881e-02
9.132594573939625815e-02
7.833397019487962909e-02
8.444784103935804032e-02
7.756973633931983636e-02
7.948032097821933206e-02
8.406572411157814395e-02
8.330149025601833734e-02
8.750477646159725287e-02
8.253725640045854461e-02
8.674054260603744626e-02
8.024455483377913867e-02
8.139090561711884164e-02
7.795185326709973272e-02
7.413068398930072744e-02
8.100878868933893140e-02
7.756973633931983636e-02
7.909820405043943570e-02
8.330149025601833734e-02
7.604126862820022315e-02
8.521207489491784692e-02
8.024455483377913867e-02
8.139090561711884164e-02
7.718761941153992612e-02
7.336645013374092084e-02
6.992739778372182580e-02
7.604126862820022315e-02
7.222009935040121786e-02
7.107374856706151489e-02
7.833397019487962909e-02
7.680550248376002975e-02
7.527703477264043042e-02
7.260221627818112811e-02
7.298433320596102447e-02
7.795185326709973272e-02
7.489491784486053405e-02
7.183798242262132150e-02
7.795185326709973272e-02
7.604126862820022315e-02
6.572411157814291027e-02
8.291937332823844098e-02
7.413068398930072744e-02
7.030951471150172216e-02
7.565915170042032678e-02
7.145586549484142513e-02
7.604126862820022315e-02
7.107374856706151489e-02
7.756973633931983636e-02
7.413068398930072744e-02
7.222009935040121786e-02
7.107374856706151489e-02
7.260221627818112811e-02
7.413068398930072744e-02
7.374856706152083108e-02
7.642338555598013339e-02
7.718761941153992612e-02
7.145586549484142513e-02
6.916316392816201919e-02
7.069163163928161853e-02
6.992739778372182580e-02
7.069163163928161853e-02
7.030951471150172216e-02
6.992739778372182580e-02
6.916316392816201919e-02
6.190294230034390499e-02
6.687046236148261324e-02
6.610622850592280664e-02
6.725257928926250961e-02
5.999235766144440235e-02
6.190294230034390499e-02
6.190294230034390499e-02
6.228505922812380829e-02
6.419564386702331094e-02
6.572411157814291027e-02
5.349636988918608782e-02
6.266717615590371160e-02
5.961024073366449905e-02
5.884600687810469938e-02
5.846388995032479607e-02
6.037447458922430565e-02
5.387848681696599112e-02
6.687046236148261324e-02
5.846388995032479607e-02
5.769965609476499641e-02
5.655330531142529343e-02
5.961024073366449905e-02
6.954528085594191555e-02
6.343141001146350433e-02
5.808177302254489971e-02
5.769965609476499641e-02
5.731753916698510004e-02
6.343141001146350433e-02
6.725257928926250961e-02
5.808177302254489971e-02
6.228505922812380829e-02
5.655330531142529343e-02
6.457776079480320730e-02
5.464272067252579079e-02
5.999235766144440235e-02
6.037447458922430565e-02
5.961024073366449905e-02
5.617118838364539707e-02
5.808177302254489971e-02
6.457776079480320730e-02
5.464272067252579079e-02
5.961024073366449905e-02
5.426060374474589443e-02
5.502483760030569410e-02
5.846388995032479607e-02
5.311425296140619146e-02
5.502483760030569410e-02
5.426060374474589443e-02
5.884600687810469938e-02
5.273213603362628815e-02
5.349636988918608782e-02
5.426060374474589443e-02
5.235001910584639179e-02
5.502483760030569410e-02
5.120366832250668881e-02
5.961024073366449905e-02
5.617118838364539707e-02
5.502483760030569410e-02
5.235001910584639179e-02
5.808177302254489971e-02
5.464272067252579079e-02
5.120366832250668881e-02
5.349636988918608782e-02
5.349636988918608782e-02
5.120366832250668881e-02
4.700038211692778023e-02
5.043943446694688915e-02
4.852884982804737957e-02
4.891096675582728287e-02
5.235001910584639179e-02
5.082155139472678551e-02
4.891096675582728287e-02
5.273213603362628815e-02
4.891096675582728287e-02
5.005731753916698584e-02
4.508979747802827759e-02
4.623614826136798056e-02
4.623614826136798056e-02
4.470768055024837428e-02
4.891096675582728287e-02
4.126862820022927231e-02
4.394344669468857462e-02
4.547191440580817395e-02
4.317921283912877495e-02
4.661826518914787693e-02
4.432556362246847792e-02
4.623614826136798056e-02
4.470768055024837428e-02
4.661826518914787693e-02
4.891096675582728287e-02
4.585403133358807726e-02
4.661826518914787693e-02
3.935804356132976967e-02
4.470768055024837428e-02
4.317921283912877495e-02
4.012227741688956933e-02
4.126862820022927231e-02
4.356132976690867131e-02
4.623614826136798056e-02
4.585403133358807726e-02
4.661826518914787693e-02
4.317921283912877495e-02
4.356132976690867131e-02
4.700038211692778023e-02
4.279709591134887164e-02
4.165074512800916867e-02
4.012227741688956933e-02
4.547191440580817395e-02
4.165074512800916867e-02
3.591899121131066075e-02
3.744745892243026703e-02
3.859380970576996306e-02
3.935804356132976967e-02
4.317921283912877495e-02
4.317921283912877495e-02
4.088651127244936900e-02
3.935804356132976967e-02
4.012227741688956933e-02
3.553687428353075745e-02
4.356132976690867131e-02
4.317921283912877495e-02
4.203286205578907198e-02
4.165074512800916867e-02
