1.000000000000000000e+00
7.902946273830155910e-01
7.694974003466203971e-01
7.348353552859618887e-01
6.967071057192374406e-01
6.897746967071056723e-01
6.863084922010398436e-01
6.915077989601386976e-01
6.793760831889081864e-01
6.793760831889081864e-01
6.395147313691508240e-01
6.308492201039861413e-01
6.568457538994800782e-01
6.395147313691508240e-01
6.447140381282495669e-01
6.499133448873483099e-01
6.065857885615251188e-01
6.325823223570190557e-01
6.031195840554592902e-01
6.048526863084922045e-01
5.684575389948006707e-01
6.360485268630848843e-01
5.805892547660311820e-01
5.805892547660311820e-01
5.788561525129982677e-01
5.597920277296360991e-01
5.875216637781629503e-01
5.805892547660311820e-01
5.632582322357019278e-01
5.164644714038127971e-01
5.164644714038127971e-01
5.181975736568457114e-01
5.320623916811091370e-01
5.389948006932409053e-01
5.389948006932409053e-01
5.164644714038127971e-01
5.251299826689774797e-01
5.199306759098787367e-01
5.112651646447140541e-01
4.974003466204506285e-01
4.922010398613518301e-01
5.025996533795493715e-01
5.164644714038127971e-01
5.008665511265164572e-01
5.251299826689774797e-01
4.852686308492201173e-01
5.095320623916811398e-01
5.112651646447140541e-01
4.714038128249566917e-01
4.974003466204506285e-01
4.835355285961871474e-01
4.974003466204506285e-01
4.852686308492201173e-01
4.852686308492201173e-01
4.800693240901213188e-01
4.800693240901213188e-01
4.419410745233968707e-01
4.263431542461005308e-01
4.558058925476602963e-01
4.558058925476602963e-01
4.402079722703639564e-01
4.454072790294627548e-01
4.298093587521663594e-01
4.350086655112651579e-01
4.454072790294627548e-01
4.298093587521663594e-01
3.951473136915077955e-01
4.038128249566724226e-01
4.298093587521663594e-01
4.454072790294627548e-01
4.003466204506065940e-01
4.003466204506065940e-01
3.778162911611784858e-01
3.882149046793760827e-01
3.934142114384748812e-01
3.760831889081455714e-01
3.674176776429809443e-01
3.830155979202772842e-01
4.055459272097053924e-01
4.055459272097053924e-01
3.760831889081455714e-01
3.830155979202772842e-01
4.159445407279029339e-01
3.812824956672443699e-01
3.916811091854419669e-01
3.795493934142114556e-01
3.916811091854419669e-01
3.795493934142114556e-01
3.934142114384748812e-01
3.604852686308492316e-01
3.882149046793760827e-01
3.864818024263431684e-01
3.674176776429809443e-01
4.055459272097053924e-01
3.968804159445407098e-01
3.830155979202772842e-01
3.743500866551126571e-01
3.951473136915077955e-01
3.726169844020797428e-01
3.500866551126516346e-01
3.535528596187175188e-01
3.518197573656845489e-01
3.414211438474870075e-01
3.760831889081455714e-01
3.448873483535528361e-01
3.604852686308492316e-01
3.743500866551126571e-01
3.604852686308492316e-01
3.500866551126516346e-01
3.500866551126516346e-01
3.674176776429809443e-01
3.379549393414211234e-01
3.448873483535528361e-01
3.708838821490467730e-01
3.240901213171576978e-01
3.448873483535528361e-01
3.414211438474870075e-01
3.518197573656845489e-01
3.275563258232235819e-01
3.344887348353552947e-01
3.518197573656845489e-01
3.188908145580588993e-01
3.067590987868284436e-01
3.102253032928942722e-01
3.310225303292894106e-01
2.963604852686308466e-01
2.911611785095320482e-01
3.084922010398613579e-01
2.963604852686308466e-01
3.015597920277296451e-01
2.807625649913345067e-01
2.651646447140381113e-01
2.946273830155979323e-01
3.102253032928942722e-01
2.963604852686308466e-01
2.928942807625650180e-01
3.084922010398613579e-01
3.032928942807625594e-01
2.859618717504332497e-01
3.119584055459271865e-01
2.772963604852686226e-01
2.998266897746967308e-01
2.946273830155979323e-01
2.963604852686308466e-01
3.032928942807625594e-01
2.911611785095320482e-01
2.894280762564991338e-01
2.911611785095320482e-01
2.790294627383015369e-01
2.842287694974003354e-01
2.634315424610051970e-01
3.067590987868284436e-01
2.720970537261698241e-01
2.616984402079722827e-01
2.720970537261698241e-01
2.824956672443674210e-01
2.842287694974003354e-01
2.686308492201039955e-01
2.547660311958405699e-01
2.928942807625650180e-01
2.651646447140381113e-01
2.824956672443674210e-01
2.859618717504332497e-01
2.651646447140381113e-01
2.599653379549393684e-01
2.634315424610051970e-01
2.616984402079722827e-01
2.547660311958405699e-01
2.738301559792027939e-01
2.564991334488734842e-01
2.582322357019063985e-01
2.616984402079722827e-01
2.443674176776429730e-01
2.426343154246100586e-01
2.824956672443674210e-01
2.668977469670710811e-01
2.703639514731369098e-01
2.703639514731369098e-01
2.599653379549393684e-01
2.530329289428076001e-01
2.512998266897746857e-01
2.478336221837088293e-01
2.235701906412478346e-01
2.339688041594454038e-01
2.374350086655112602e-01
2.409012131715771166e-01
2.634315424610051970e-01
2.582322357019063985e-01
2.530329289428076001e-01
2.409012131715771166e-01
2.443674176776429730e-01
2.287694974003466331e-01
2.409012131715771166e-01
2.461005199306759150e-01
2.530329289428076001e-01
2.582322357019063985e-01
2.339688041594454038e-01
2.391681109185442022e-01
2.443674176776429730e-01
2.547660311958405699e-01
2.305025996533795474e-01
2.374350086655112602e-01
2.131715771230502654e-01
2.131715771230502654e-01
2.149046793760831797e-01
2.166377816291161218e-01
2.166377816291161218e-01
2.218370883882148925e-01
2.270363951473136910e-01
2.097053726169844090e-01
2.409012131715771166e-01
2.218370883882148925e-01
2.253032928942807489e-01
2.218370883882148925e-01
2.201039861351819782e-01
2.322357019064124894e-01
2.097053726169844090e-01
1.958405545927209834e-01
1.958405545927209834e-01
2.114384748700173233e-01
2.201039861351819782e-01
2.235701906412478346e-01
2.201039861351819782e-01
2.097053726169844090e-01
2.027729636048526962e-01
2.027729636048526962e-01
2.114384748700173233e-01
2.218370883882148925e-01
2.062391681109185526e-01
1.975736568457538977e-01
2.027729636048526962e-01
1.975736568457538977e-01
2.097053726169844090e-01
2.027729636048526962e-01
1.906412478336221850e-01
1.923743500866550993e-01
2.010398613518197541e-01
2.062391681109185526e-01
1.923743500866550993e-01
1.871750433275563286e-01
1.993067590987868398e-01
2.010398613518197541e-01
1.854419410745233865e-01
1.785095320623916737e-01
1.837088388214904722e-01
1.819757365684575301e-01
1.958405545927209834e-01
2.010398613518197541e-01
1.871750433275563286e-01
1.837088388214904722e-01
1.889081455805892429e-01
1.871750433275563286e-01
1.923743500866550993e-01
1.958405545927209834e-01
1.663778162911611902e-01
1.750433275563258173e-01
1.559792027729635933e-01
1.646447140381282481e-01
1.715771230502599609e-01
1.715771230502599609e-01
1.559792027729635933e-01
1.681109185441941045e-01
1.715771230502599609e-01
1.577123050259965353e-01
1.577123050259965353e-01
1.490467937608318805e-01
1.681109185441941045e-01
1.698440207972270466e-01
1.663778162911611902e-01
1.629116117850953338e-01
1.611785095320623917e-01
1.629116117850953338e-01
1.611785095320623917e-01
1.525129982668977369e-01
1.681109185441941045e-01
1.594454072790294497e-01
1.577123050259965353e-01
1.455805892547660241e-01
1.663778162911611902e-01
1.542461005199306789e-01
1.559792027729635933e-01
1.299826689774696842e-01
1.473136915077989662e-01
1.421143847487001677e-01
1.542461005199306789e-01
1.663778162911611902e-01
1.594454072790294497e-01
1.490467937608318805e-01
1.403812824956672534e-01
1.490467937608318805e-01
1.403812824956672534e-01
1.698440207972270466e-01
1.611785095320623917e-01
1.525129982668977369e-01
1.421143847487001677e-01
1.351819757365684549e-01
1.334488734835355406e-01
1.542461005199306789e-01
1.525129982668977369e-01
1.507798960138648225e-01
1.438474870017331098e-01
1.577123050259965353e-01
1.542461005199306789e-01
1.334488734835355406e-01
1.161178509532062447e-01
1.525129982668977369e-01
1.611785095320623917e-01
1.317157712305025985e-01
1.715771230502599609e-01
1.438474870017331098e-01
1.490467937608318805e-01
1.525129982668977369e-01
1.317157712305025985e-01
1.403812824956672534e-01
1.525129982668977369e-01
1.317157712305025985e-01
1.507798960138648225e-01
1.369150779896013970e-01
1.577123050259965353e-01
1.369150779896013970e-01
1.525129982668977369e-01
1.455805892547660241e-01
1.369150779896013970e-01
1.369150779896013970e-01
1.386481802426343113e-01
1.299826689774696842e-01
1.195840554592721011e-01
1.317157712305025985e-01
1.438474870017331098e-01
1.403812824956672534e-01
1.299826689774696842e-01
1.351819757365684549e-01
1.247833622183708857e-01
1.074523396880415899e-01
1.282495667244367421e-01
1.317157712305025985e-01
1.143847487001733165e-01
1.438474870017331098e-01
1.351819757365684549e-01
1.421143847487001677e-01
1.265164644714038000e-01
1.542461005199306789e-01
1.455805892547660241e-01
1.490467937608318805e-01
1.351819757365684549e-01
1.525129982668977369e-01
1.195840554592721011e-01
1.265164644714038000e-01
1.247833622183708857e-01
1.369150779896013970e-01
1.247833622183708857e-01
1.334488734835355406e-01
1.299826689774696842e-01
1.299826689774696842e-01
1.334488734835355406e-01
1.403812824956672534e-01
1.126516464471403745e-01
1.247833622183708857e-01
1.178509532062391729e-01
1.178509532062391729e-01
1.022530329289428053e-01
1.317157712305025985e-01
1.247833622183708857e-01
1.230502599653379575e-01
1.143847487001733165e-01
1.178509532062391729e-01
1.057192374350086617e-01
1.161178509532062447e-01
1.213171577123050293e-01
1.195840554592721011e-01
1.143847487001733165e-01
1.109185441941074463e-01
1.039861351819757335e-01
1.195840554592721011e-01
1.039861351819757335e-01
1.091854419410745181e-01
1.039861351819757335e-01
1.143847487001733165e-01
1.195840554592721011e-01
1.022530329289428053e-01
1.057192374350086617e-01
1.074523396880415899e-01
1.195840554592721011e-01
1.057192374350086617e-01
1.282495667244367421e-01
1.022530329289428053e-01
1.178509532062391729e-01
1.161178509532062447e-01
1.109185441941074463e-01
1.109185441941074463e-01
1.005199306759098771e-01
1.005199306759098771e-01
8.318890814558059510e-02
9.878682842287694887e-02
1.074523396880415899e-01
1.282495667244367421e-01
1.126516464471403745e-01
1.143847487001733165e-01
1.005199306759098771e-01
1.091854419410745181e-01
9.358752166377816428e-02
