1.000000000000000000e+00
8.706692489778351529e-01
8.429094039165052621e-01
7.959974176888314767e-01
7.882504841833440912e-01
7.529588982139014952e-01
7.615666021088874915e-01
7.557564019797718968e-01
7.279965569184420060e-01
6.995911340649881849e-01
6.991607488702388240e-01
6.907682375726275081e-01
6.819453410802668314e-01
6.694641704325371423e-01
6.496664514740693175e-01
6.494512588766946370e-01
6.449322143318270140e-01
6.401979771895847104e-01
6.212610286206154964e-01
6.027544652463955321e-01
6.094254357650097376e-01
6.034000430385194624e-01
5.902732945986658430e-01
5.825263610931783465e-01
5.788680869378093341e-01
5.633742199268345630e-01
5.648805681084571040e-01
5.655261459005810343e-01
5.442220787604906684e-01
5.267914783731439954e-01
5.242091672046481632e-01
5.336776414891327702e-01
5.207660856466537203e-01
5.050570260383042687e-01
5.171078114912847079e-01
4.983860555196901188e-01
4.942973961695717455e-01
4.930062405853238849e-01
4.764364105874757671e-01
4.852593070798364439e-01
4.747148698084786012e-01
4.622336991607488565e-01
4.691198622767376869e-01
4.562083064342586369e-01
4.529804174736389299e-01
4.637400473423713976e-01
4.607273509791263155e-01
4.542715730578867905e-01
4.439423283839035728e-01
4.469550247471487103e-01
4.381321282547880336e-01
4.456638691629007942e-01
4.420055950075317264e-01
4.355498170862922569e-01
4.355498170862922569e-01
4.321067355282978140e-01
4.271573057886808855e-01
4.176888315041962785e-01
4.198407574779427498e-01
4.168280611146976677e-01
4.146761351409511409e-01
4.129545943619539750e-01
4.058532386485904642e-01
3.927264902087368448e-01
3.894986012481170823e-01
3.938024531956100804e-01
3.707768452765224931e-01
3.755110824187647967e-01
3.720680008607704092e-01
3.871314826769959305e-01
3.727135786528943395e-01
3.675489563159027306e-01
3.759414676135141020e-01
3.656122229395308842e-01
3.593716376156660397e-01
3.585108672261674290e-01
3.615235635894125110e-01
3.544222078760490557e-01
3.557133634602969718e-01
3.578652894340434432e-01
3.572197116419195129e-01
3.531310522918011396e-01
3.507639337206799879e-01
3.481816225521842112e-01
3.483968151495588361e-01
3.369916074887023827e-01
3.421562298256939916e-01
3.354852593070798417e-01
3.322573703464600792e-01
3.189154293092317793e-01
3.245104368409726936e-01
3.131052291801161847e-01
3.167635033354852525e-01
3.219281256724768614e-01
3.159027329459866418e-01
3.146115773617387812e-01
3.128900365827415597e-01
3.079406068431245758e-01
3.182698515171077935e-01
3.072950290510006455e-01
3.098773402194964222e-01
3.115988809984936436e-01
3.019152141166344117e-01
2.973961695717667331e-01
3.036367548956315776e-01
2.937378954163976652e-01
2.973961695717667331e-01
2.973961695717667331e-01
2.965353991822681223e-01
2.887884656767807368e-01
2.902948138584032778e-01
2.986873251560146492e-01
2.883580804820314314e-01
2.816871099634172815e-01
2.812567247686679761e-01
2.857757693135355992e-01
2.780288358080482136e-01
2.851301915214116689e-01
2.717882504841833691e-01
2.808263395739186707e-01
2.711426726920593833e-01
2.780288358080482136e-01
2.741553690553045208e-01
2.659780503550677744e-01
2.726490208736819243e-01
2.713578652894340637e-01
2.715730578868086886e-01
2.722186356789326189e-01
2.730794060684312297e-01
2.750161394448030761e-01
2.713578652894340637e-01
2.633957391865719977e-01
2.582311168495803888e-01
2.657628577576931495e-01
2.623197761996987065e-01
2.595222724338282494e-01
2.522057241230901692e-01
2.614590058102001513e-01
2.633957391865719977e-01
2.625349687970733870e-01
2.679147837314396208e-01
2.530664945125887799e-01
2.425220572412309095e-01
2.534968797073380853e-01
2.506993759414676282e-01
2.489778351624704067e-01
2.543576500968366960e-01
2.457499462018506442e-01
2.457499462018506442e-01
2.448891758123520612e-01
2.466107165913492549e-01
2.392941682806111470e-01
2.399397460727351050e-01
2.386485904884871889e-01
2.408005164622336880e-01
2.345599311383688435e-01
2.330535829567462747e-01
2.296105013987518872e-01
2.362814719173660372e-01
2.446739832149774085e-01
2.375726275016139533e-01
2.336991607488702327e-01
2.418764794491069514e-01
2.253066494512588891e-01
2.319776199698730390e-01
2.257370346460081667e-01
2.182052937378954061e-01
2.248762642565095837e-01
2.253066494512588891e-01
2.278889606197546935e-01
2.203572197116419329e-01
2.270281902302560828e-01
2.160533677641489070e-01
2.177749085431461284e-01
2.194964493221433222e-01
2.151925973746503240e-01
2.134710565956531025e-01
2.093823972455347571e-01
2.068000860770389526e-01
2.132558639982784499e-01
2.121799010114052142e-01
2.055089304927910365e-01
2.087368194534107990e-01
2.098127824402840624e-01
2.042177749085431482e-01
2.100279750376587151e-01
2.111039380245319508e-01
2.085216268560361463e-01
2.085216268560361463e-01
2.014202711426726911e-01
2.048633527006671062e-01
1.990531525715515393e-01
1.984075747794275812e-01
2.037873897137938428e-01
1.953948784161824714e-01
2.046481601032924535e-01
2.068000860770389526e-01
2.016354637400473437e-01
1.999139229610501500e-01
1.992683451689261920e-01
2.003443081557994276e-01
1.925973746503120421e-01
1.945341080266838885e-01
1.981923821820529286e-01
1.949644932214331938e-01
1.964708414030557349e-01
1.934581450398106250e-01
1.925973746503120421e-01
1.891542930923176269e-01
1.919517968581880840e-01
1.917366042608134313e-01
1.796858188078330199e-01
1.917366042608134313e-01
1.923821820529373894e-01
1.915214116634387786e-01
1.854960189369485590e-01
1.904454486765655152e-01
1.969012265978050402e-01
1.891542930923176269e-01
1.850656337421992814e-01
1.921669894555627367e-01
1.882935227028190162e-01
1.861415967290725171e-01
1.887239078975683215e-01
1.801162040025822975e-01
1.794706262104583672e-01
1.809769743920809082e-01
1.786098558209597564e-01
1.794706262104583672e-01
1.764579298472132574e-01
1.803313965999569501e-01
1.777490854314611457e-01
1.792554336130837145e-01
1.760275446524639520e-01
1.753819668603399939e-01
1.747363890682160636e-01
1.745211964708414110e-01
1.835592855605767126e-01
1.766731224445879100e-01
1.732300408865934949e-01
1.721540778997202592e-01
1.753819668603399939e-01
1.777490854314611457e-01
1.794706262104583672e-01
1.837744781579513653e-01
1.749515816655907163e-01
1.768883150419625627e-01
1.738756186787174529e-01
1.766731224445879100e-01
1.764579298472132574e-01
1.766731224445879100e-01
1.734452334839681475e-01
1.740908112760921056e-01
1.740908112760921056e-01
1.771035076393372154e-01
1.749515816655907163e-01
1.758123520550892993e-01
1.695717667312244548e-01
1.700021519259737601e-01
1.605336776414891253e-01
1.689261889391004967e-01
1.639767591994835405e-01
1.704325371207230377e-01
1.704325371207230377e-01
1.674198407574779557e-01
1.684958037443511913e-01
1.592425220572412370e-01
1.607488702388637780e-01
1.594577146546158897e-01
1.644071443942328459e-01
1.650527221863567762e-01
1.601032924467398200e-01
1.601032924467398200e-01
1.641919517968581932e-01
1.583817516677426263e-01
1.603184850441144726e-01
1.633311814073595825e-01
1.570905960834947379e-01
1.585969442651172789e-01
1.594577146546158897e-01
1.573057886808693906e-01
1.639767591994835405e-01
1.521411663438777817e-01
1.547234775123735862e-01
1.519259737465031290e-01
1.523563589412524344e-01
1.538627071228749754e-01
1.579513664729933209e-01
1.590273294598665843e-01
1.579513664729933209e-01
1.553690553044975164e-01
1.633311814073595825e-01
1.549386701097482111e-01
1.585969442651172789e-01
1.555842479018721691e-01
1.568754034861200852e-01
1.512803959543791710e-01
1.489132773832580192e-01
1.545082849149989335e-01
1.557994404992468218e-01
1.577361738756186682e-01
1.547234775123735862e-01
1.566602108887454325e-01
1.471917366042608255e-01
1.534323219281256701e-01
1.551538627071228638e-01
1.508500107596298656e-01
1.508500107596298656e-01
1.545082849149989335e-01
1.542930923176242808e-01
1.560146330966214745e-01
1.493436625780073246e-01
1.491284699806326719e-01
1.474069292016354504e-01
1.495588551753819773e-01
1.493436625780073246e-01
1.448246180331396737e-01
1.502044329675059076e-01
1.469765440068861728e-01
1.484828921885087138e-01
1.497740477727566299e-01
1.461157736173875621e-01
1.495588551753819773e-01
1.454701958252636040e-01
1.497740477727566299e-01
1.478373143963847558e-01
1.538627071228749754e-01
1.514955885517538237e-01
1.482676995911340612e-01
1.480525069937594085e-01
1.474069292016354504e-01
1.482676995911340612e-01
1.493436625780073246e-01
1.452550032278889514e-01
1.452550032278889514e-01
1.480525069937594085e-01
1.491284699806326719e-01
1.398751882935226898e-01
1.471917366042608255e-01
1.456853884226382567e-01
1.422423068646438693e-01
1.452550032278889514e-01
1.463309662147622148e-01
1.428878846567677996e-01
1.394448030987734122e-01
1.407359586830213005e-01
1.446094254357650211e-01
1.377232623197761907e-01
1.467613514095115201e-01
1.426726920593931469e-01
1.396599956961480649e-01
1.372928771250268853e-01
1.405207660856466478e-01
1.409511512803959532e-01
1.385840327092748014e-01
1.400903808908973425e-01
1.407359586830213005e-01
1.407359586830213005e-01
1.355713363460296916e-01
1.420271142672692166e-01
1.347105659565311087e-01
1.364321067355283024e-01
1.372928771250268853e-01
1.375080697224015380e-01
1.383688401119001488e-01
1.347105659565311087e-01
1.385840327092748014e-01
1.387992253066494541e-01
1.314826769959113462e-01
1.364321067355283024e-01
1.327738325801592345e-01
1.364321067355283024e-01
1.398751882935226898e-01
1.385840327092748014e-01
1.366472993329029550e-01
1.360017215407789970e-01
1.394448030987734122e-01
1.364321067355283024e-01
1.357865289434043443e-01
1.379384549171508434e-01
1.364321067355283024e-01
1.353561437486550389e-01
1.325586399827845818e-01
1.344953733591564560e-01
1.351409511512803863e-01
1.329890251775338872e-01
1.329890251775338872e-01
1.327738325801592345e-01
1.372928771250268853e-01
1.312674843985366935e-01
1.334194103722831926e-01
1.316978695932859988e-01
1.364321067355283024e-01
1.301915214116634301e-01
1.353561437486550389e-01
1.332042177749085399e-01
1.321282547880353042e-01
1.267484398536690426e-01
1.355713363460296916e-01
1.323434473854099291e-01
1.304067140090380827e-01
