1.000000000000000000e+00
8.444130127298443700e-01
7.984441301272984237e-01
7.838283828382838214e-01
7.781706742102781904e-01
7.376237623762376128e-01
7.199434229137199326e-01
6.940122583686939572e-01
7.027345591702027772e-01
6.843470061291843098e-01
6.718528995756718469e-01
6.645450259311644903e-01
6.527581329561527035e-01
6.482791136256482734e-01
6.324846770391324702e-01
6.367279585101367489e-01
6.298915605846299171e-01
6.105610561056105112e-01
5.973597359735973722e-01
6.041961338991042041e-01
6.013672795851013886e-01
5.829797265440830323e-01
5.879302215935878761e-01
5.825082508250825075e-01
5.627062706270626880e-01
5.780292314945780774e-01
5.617633191890617494e-01
5.681282413955681676e-01
5.591702027345591963e-01
5.495049504950495489e-01
5.459688826025459463e-01
5.452616690240452701e-01
5.223950966525223727e-01
5.077793493635077704e-01
5.214521452145214342e-01
5.075436115040075080e-01
5.113154172560112620e-01
4.938708156529938442e-01
4.896275341819896210e-01
4.844413012729844592e-01
4.988213107024987991e-01
4.738330975954738178e-01
4.797265440829797112e-01
4.634606317774634388e-01
4.594530881659594779e-01
4.686468646864686560e-01
4.684111268269683936e-01
4.632248939179632319e-01
4.566242338519566069e-01
4.446016030174446132e-01
4.535596416784535845e-01
4.479019330504478980e-01
4.467232437529466971e-01
4.434229137199434123e-01
4.356435643564356419e-01
4.380009429514379882e-01
4.474304573314474287e-01
4.469589816124469595e-01
4.436586515794436747e-01
4.323432343234323572e-01
4.179632248939179617e-01
4.271570014144271399e-01
4.231494578029231235e-01
4.231494578029231235e-01
4.127769919849128000e-01
4.123055162659123307e-01
3.993399339933993430e-01
4.085337105139085212e-01
4.066478076379066442e-01
3.976897689768976729e-01
4.019330504479019517e-01
3.925035360678925112e-01
3.903818953323903718e-01
3.868458274398868246e-01
3.913248467703913103e-01
3.821310702498821321e-01
3.802451673738802551e-01
3.783592644978783781e-01
3.741159830268740993e-01
3.663366336633663289e-01
3.712871287128712838e-01
3.670438472418670606e-01
3.635077793493635134e-01
3.618576143328618433e-01
3.554926921263554807e-01
3.585572842998585585e-01
3.602074493163602287e-01
3.524280999528524028e-01
3.554926921263554807e-01
3.632720414898632511e-01
3.524280999528524028e-01
3.545497406883545422e-01
3.609146628948609048e-01
3.538425271098538660e-01
3.559641678453559499e-01
3.437057991513436939e-01
3.422913719943422861e-01
3.354549740688354542e-01
3.479490806223479726e-01
3.375766148043375936e-01
3.264969354078264829e-01
3.338048090523337841e-01
3.385195662423385321e-01
3.274398868458274214e-01
3.307402168788307617e-01
3.309759547383309686e-01
3.206034889203205895e-01
3.198962753418199134e-01
3.231966053748231982e-01
3.177746346063177740e-01
3.231966053748231982e-01
3.234323432343234050e-01
3.170674210278170424e-01
3.175388967468175117e-01
3.246110325318246059e-01
3.142385667138142269e-01
3.194247996228194442e-01
3.196605374823196510e-01
3.104667609618104729e-01
3.071664309288071881e-01
3.095238095238095344e-01
3.074021687883073950e-01
3.052805280528052556e-01
3.015087223008015016e-01
3.059877416313059872e-01
3.036303630363036410e-01
3.038661008958038479e-01
3.000942951438000939e-01
2.991513437057991553e-01
2.956152758132956082e-01
2.998585572842998315e-01
3.017444601603017640e-01
2.887788778877887763e-01
2.977369165487977476e-01
2.956152758132956082e-01
2.866572371522866369e-01
2.899575671852899772e-01
2.892503536067892456e-01
2.842998585572842907e-01
2.956152758132956082e-01
2.817067421027816820e-01
2.840641206977840838e-01
2.732201791607732355e-01
2.774634606317774588e-01
2.751060820367751125e-01
2.755775577557755818e-01
2.685054219707684875e-01
2.800565770862800674e-01
2.788778877887788665e-01
2.755775577557755818e-01
2.659123055162659344e-01
2.668552569542668729e-01
2.753418198962753194e-01
2.696841112682696884e-01
2.614332861857614487e-01
2.626119754832625941e-01
2.675624705327675490e-01
2.583686940122583708e-01
2.649693540782649959e-01
2.600188590287600410e-01
2.621404997642621248e-01
2.614332861857614487e-01
2.545968882602546168e-01
2.586044318717585777e-01
2.600188590287600410e-01
2.593116454502593093e-01
2.534181989627534159e-01
2.614332861857614487e-01
2.602545968882602478e-01
2.597831211692597786e-01
2.609618104667609795e-01
2.588401697312588401e-01
2.562470532767562315e-01
2.534181989627534159e-01
2.449316360207449417e-01
2.545968882602546168e-01
2.595473833097595717e-01
2.484677039132484611e-01
2.482319660537482264e-01
2.472890146157472879e-01
2.454031117397454109e-01
2.498821310702498688e-01
2.456388495992456455e-01
2.501178689297501312e-01
2.402168788307402214e-01
2.437529467232437408e-01
2.454031117397454109e-01
2.545968882602546168e-01
2.399811409712399868e-01
2.437529467232437408e-01
2.446958981612447070e-01
2.343234323432343280e-01
2.373880245167373781e-01
2.418670438472418638e-01
2.406883545497406907e-01
2.378595002357378474e-01
2.322017916077321886e-01
2.355021216407355011e-01
2.274870344177274961e-01
2.251296558227251221e-01
2.338519566242338588e-01
2.274870344177274961e-01
2.317303158887317194e-01
2.322017916077321886e-01
2.364450730787364396e-01
2.218293257897218373e-01
2.281942479962282000e-01
2.284299858557284346e-01
2.291371994342291385e-01
2.298444130127298424e-01
2.296086751532296077e-01
2.392739273927392829e-01
2.279585101367279654e-01
2.260726072607260606e-01
2.230080150872230105e-01
2.260726072607260606e-01
2.223008015087223066e-01
2.142857142857142738e-01
2.157001414427157093e-01
2.142857142857142738e-01
2.157001414427157093e-01
2.126355492692126314e-01
2.208863743517208988e-01
2.199434229137199326e-01
2.185289957567185248e-01
2.218293257897218373e-01
2.241867043847241836e-01
2.260726072607260606e-01
2.173503064592173517e-01
2.190004714757189941e-01
2.208863743517208988e-01
2.133427628477133353e-01
2.138142385667138046e-01
2.067421027817067380e-01
2.100424328147100506e-01
2.095709570957095813e-01
2.119283356907119276e-01
2.090994813767091121e-01
2.119283356907119276e-01
2.102781706742102852e-01
2.095709570957095813e-01
2.055634134842055649e-01
2.175860443187175863e-01
2.074493163602074419e-01
2.100424328147100506e-01
2.024988213107024870e-01
2.067421027817067380e-01
2.057991513437057995e-01
2.086280056577086151e-01
2.067421027817067380e-01
2.032060348892032187e-01
2.067421027817067380e-01
2.050919377652050957e-01
1.921263554926921358e-01
2.086280056577086151e-01
2.072135785007072073e-01
2.086280056577086151e-01
2.003771805752003754e-01
2.062706270627062688e-01
1.963696369636963590e-01
2.027345591702027217e-01
1.966053748231965936e-01
1.999057048561999061e-01
1.961338991041961244e-01
1.954266855256954205e-01
1.909476661951909349e-01
2.024988213107024870e-01
1.970768505421970906e-01
1.954266855256954205e-01
1.935407826496935435e-01
1.973125884016973253e-01
2.001414427157001408e-01
2.024988213107024870e-01
2.001414427157001408e-01
1.935407826496935435e-01
1.963696369636963590e-01
2.020273455917020178e-01
2.003771805752003754e-01
1.933050447901933089e-01
1.984912776991984984e-01
1.940122583686940128e-01
1.878830740216878847e-01
1.824611032531824606e-01
2.013201320132013139e-01
1.928335690711928396e-01
1.935407826496935435e-01
1.963696369636963590e-01
1.907119283356907002e-01
1.935407826496935435e-01
1.878830740216878847e-01
1.907119283356907002e-01
1.895332390381895271e-01
1.921263554926921358e-01
1.878830740216878847e-01
1.831683168316831645e-01
1.852899575671852761e-01
1.883545497406883540e-01
1.895332390381895271e-01
1.793965110796793827e-01
1.834040546911833991e-01
1.918906176331919011e-01
1.892975011786892925e-01
1.843470061291843376e-01
1.845827439886845722e-01
1.791607732201791481e-01
1.857614332861857731e-01
1.831683168316831645e-01
1.826968411126826952e-01
1.819896275341819913e-01
1.791607732201791481e-01
1.775106082036775057e-01
1.852899575671852761e-01
1.826968411126826952e-01
1.782178217821782096e-01
1.834040546911833991e-01
1.742102781706742209e-01
1.770391324846770364e-01
1.789250353606789135e-01
1.819896275341819913e-01
1.793965110796793827e-01
1.815181518151815221e-01
1.791607732201791481e-01
1.782178217821782096e-01
1.798679867986798797e-01
1.796322489391796451e-01
1.815181518151815221e-01
1.735030645921734893e-01
1.753889674681753941e-01
1.735030645921734893e-01
1.756247053276756287e-01
1.735030645921734893e-01
1.727958510136727854e-01
1.676096181046675959e-01
1.739745403111739863e-01
1.683168316831683275e-01
1.725601131541725508e-01
1.692597831211692661e-01
1.706742102781706738e-01
1.661951909476661882e-01
1.770391324846770364e-01
1.697312588401697353e-01
1.702027345591702046e-01
1.725601131541725508e-01
1.690240452616690314e-01
1.727958510136727854e-01
1.614804337576614679e-01
1.631305987741631380e-01
1.711456859971711431e-01
1.588873173031588870e-01
1.643092880716643112e-01
1.607732201791607640e-01
1.610089580386609986e-01
1.671381423856671267e-01
1.624233851956624342e-01
1.664309288071664228e-01
1.638378123526638419e-01
1.666666666666666574e-01
1.702027345591702046e-01
1.619519094766619649e-01
1.692597831211692661e-01
1.699669966996699699e-01
1.671381423856671267e-01
1.678453559641678583e-01
1.671381423856671267e-01
1.669024045261668920e-01
1.621876473361621995e-01
1.631305987741631380e-01
1.626591230551626688e-01
1.612446958981612333e-01
1.690240452616690314e-01
1.570014144271570100e-01
1.581801037246581831e-01
1.586515794436586524e-01
1.650165016501650150e-01
1.636020744931636073e-01
1.584158415841584178e-01
1.527581329561527590e-01
1.570014144271570100e-01
1.605374823196605294e-01
1.676096181046675959e-01
1.603017444601602948e-01
1.603017444601602948e-01
1.624233851956624342e-01
1.621876473361621995e-01
1.664309288071664228e-01
1.640735502121640765e-01
1.591230551626591216e-01
1.567656765676567754e-01
1.567656765676567754e-01
1.584158415841584178e-01
1.567656765676567754e-01
1.619519094766619649e-01
1.645450259311645458e-01
1.558227251296558091e-01
1.506364922206506474e-01
1.558227251296558091e-01
1.537010843941536975e-01
1.539368222536539321e-01
1.529938708156529936e-01
1.541725601131541667e-01
1.567656765676567754e-01
