1.000000000000000000e+00
9.033078880407124922e-01
8.212468193384223625e-01
8.218829516539439828e-01
8.307888040712467781e-01
8.008905852417302906e-01
7.970737913486004578e-01
8.180661577608142609e-01
7.786259541984732468e-01
7.639949109414758688e-01
7.379134860050891032e-01
7.379134860050891032e-01
7.646310432569974891e-01
7.391857506361323438e-01
7.430025445292620656e-01
7.137404580152671985e-01
7.328244274809160297e-01
7.264631043256997156e-01
7.169211195928753000e-01
7.347328244274808906e-01
7.194656488549617812e-01
7.143765903307888188e-01
6.940203562340967469e-01
6.959287531806616078e-01
6.832061068702289797e-01
6.946564885496183672e-01
6.882951653944020531e-01
6.615776081424936672e-01
6.812977099236641187e-01
6.774809160305343969e-01
6.634860050890585281e-01
6.819338422391857391e-01
6.723918575063613234e-01
6.552162849872773531e-01
6.475826972010177984e-01
6.304071246819338281e-01
6.227735368956742734e-01
6.393129770992366234e-01
6.520356234096692516e-01
6.348600508905852813e-01
6.278625954198473469e-01
6.329516539440203093e-01
6.208651399491094125e-01
6.138676844783714781e-01
6.075063613231551640e-01
6.119592875318066172e-01
6.017811704834605813e-01
5.744274809160305750e-01
5.871501272264630922e-01
5.922391857506361657e-01
5.992366412213741000e-01
5.737913486005089547e-01
5.858778625954198516e-01
5.725190839694656031e-01
6.036895674300254422e-01
5.865139949109414719e-01
5.718829516539439828e-01
5.763358778625954359e-01
5.865139949109414719e-01
5.585241730279898453e-01
5.795165394402035375e-01
5.756997455470738156e-01
5.699745547073791219e-01
5.788804071246819172e-01
5.617048346055979469e-01
5.547073791348600125e-01
5.756997455470738156e-01
5.718829516539439828e-01
5.699745547073791219e-01
5.680661577608142609e-01
5.464376590330788375e-01
5.534351145038167719e-01
5.318066157760814594e-01
5.483460559796438094e-01
5.438931297709923562e-01
5.362595419847328015e-01
5.419847328244274953e-01
5.330788804071247000e-01
5.337150127226463203e-01
5.311704834605598391e-01
5.521628498727735312e-01
5.394402035623410141e-01
5.197201017811704515e-01
5.178117048346055906e-01
5.235368956743002844e-01
5.254452926208651453e-01
4.917302798982188250e-01
4.866412213740458070e-01
4.917302798982188250e-01
5.006361323155216203e-01
5.203562340966920718e-01
5.216284987277354235e-01
5.101781170483460359e-01
5.000000000000000000e-01
5.095419847328244156e-01
4.796437659033078726e-01
4.980916030534351391e-01
4.891857506361322883e-01
4.917302798982188250e-01
5.069974554707379344e-01
5.267175572519083859e-01
5.146310432569974891e-01
4.930025445292620656e-01
4.917302798982188250e-01
4.713740458015266976e-01
4.777353689567430117e-01
4.681933842239185961e-01
5.031806615776081015e-01
4.872773536895674273e-01
4.809160305343511688e-01
4.758269720101780953e-01
4.828244274809160297e-01
4.618320610687022820e-01
4.713740458015266976e-01
4.656488549618320594e-01
4.643765903307888188e-01
4.770992366412213914e-01
4.688295165394402164e-01
4.732824427480916141e-01
4.783715012722646320e-01
4.713740458015266976e-01
4.586513994910941250e-01
4.561068702290076438e-01
4.726463104325699938e-01
4.707379134860050773e-01
4.599236641221374211e-01
4.478371501272264688e-01
4.465648854961832281e-01
4.484732824427480891e-01
4.554707379134860235e-01
4.516539440203562461e-01
4.440203562340966914e-01
4.567430025445292641e-01
4.300254452926208781e-01
4.319338422391857391e-01
4.211195928753180828e-01
4.325699745547073594e-01
4.503816793893129500e-01
4.243002544529261844e-01
4.319338422391857391e-01
4.204834605597964625e-01
4.357506361323155164e-01
4.319338422391857391e-01
4.192111959287531664e-01
4.185750636132315461e-01
4.274809160305343414e-01
4.147582697201017687e-01
4.153944020356233890e-01
4.421119592875318305e-01
4.204834605597964625e-01
3.969465648854961781e-01
4.192111959287531664e-01
3.994910941475827149e-01
4.064885496183205937e-01
4.045801526717557328e-01
4.185750636132315461e-01
3.944020356234096969e-01
4.160305343511450649e-01
4.147582697201017687e-01
4.268447837150127211e-01
4.281170483460559617e-01
4.268447837150127211e-01
4.325699745547073594e-01
4.249363867684478602e-01
4.147582697201017687e-01
4.128498727735369078e-01
4.122137404580152875e-01
4.134860050890585281e-01
4.230279898218829437e-01
4.115776081424936117e-01
4.141221374045801484e-01
4.071246819338422140e-01
4.134860050890585281e-01
4.020356234096691961e-01
4.243002544529261844e-01
3.886768447837150031e-01
4.033078880407124922e-01
4.033078880407124922e-01
3.918575063613231602e-01
4.166666666666666852e-01
4.262086513994911008e-01
3.899491094147582437e-01
4.033078880407124922e-01
3.975826972010177984e-01
4.001272264631043352e-01
3.874045801526717625e-01
3.848600508905852258e-01
3.905852417302799195e-01
3.944020356234096969e-01
3.804071246819338281e-01
3.740458015267175695e-01
3.861323155216285219e-01
3.937659033078880211e-01
3.944020356234096969e-01
3.740458015267175695e-01
3.944020356234096969e-01
3.956743002544529375e-01
3.982188295165394187e-01
3.816793893129771242e-01
3.994910941475827149e-01
3.988549618320610946e-01
3.810432569974554484e-01
3.944020356234096969e-01
3.778625954198473469e-01
3.835877862595419852e-01
3.746819338422391898e-01
3.924936386768447805e-01
3.676844783715012555e-01
3.931297709923664008e-01
3.683206106870228758e-01
3.702290076335877922e-01
3.810432569974554484e-01
3.759541984732824305e-01
3.778625954198473469e-01
3.645038167938931539e-01
3.511450381679389054e-01
3.600508905852417563e-01
3.536895674300254422e-01
3.746819338422391898e-01
3.886768447837150031e-01
3.854961832061068461e-01
3.683206106870228758e-01
3.791348600508905875e-01
3.422391857506361101e-01
3.702290076335877922e-01
3.530534351145038219e-01
3.568702290076335992e-01
3.549618320610686828e-01
3.715012722646310328e-01
3.473282442748091836e-01
3.651399491094147742e-01
3.708651399491094125e-01
3.555979643765903031e-01
3.708651399491094125e-01
3.600508905852417563e-01
3.651399491094147742e-01
3.600508905852417563e-01
3.479643765903308039e-01
3.715012722646310328e-01
3.365139949109414719e-01
3.460559796437658875e-01
3.619592875318066172e-01
3.632315521628498578e-01
3.619592875318066172e-01
3.543256997455470625e-01
3.581424936386768398e-01
3.575063613231552195e-01
3.530534351145038219e-01
3.460559796437658875e-01
3.396946564885496289e-01
3.352417302798982313e-01
3.307888040712468336e-01
3.358778625954198516e-01
3.352417302798982313e-01
3.339694656488549351e-01
3.339694656488549351e-01
3.422391857506361101e-01
3.428753180661577860e-01
3.365139949109414719e-01
3.543256997455470625e-01
3.479643765903308039e-01
3.454198473282442672e-01
3.447837150127226469e-01
3.416030534351144898e-01
3.231552162849872789e-01
3.390585241730280086e-01
3.193384223918575016e-01
3.263358778625954359e-01
3.040712468193384477e-01
3.180661577608142609e-01
3.256997455470738156e-01
3.256997455470738156e-01
3.365139949109414719e-01
3.295165394402035375e-01
3.129770992366412430e-01
3.403307888040712492e-01
3.301526717557252133e-01
3.339694656488549351e-01
3.142493638676844836e-01
3.155216284987277242e-01
3.136132315521628633e-01
3.218829516539440383e-01
3.231552162849872789e-01
3.218829516539440383e-01
3.148854961832061039e-01
3.104325699745547062e-01
3.263358778625954359e-01
3.371501272264630922e-01
3.129770992366412430e-01
3.428753180661577860e-01
3.416030534351144898e-01
3.454198473282442672e-01
3.218829516539440383e-01
3.206106870229007422e-01
3.237913486005088992e-01
3.301526717557252133e-01
3.136132315521628633e-01
3.326972010178116945e-01
3.339694656488549351e-01
3.346055979643766110e-01
3.365139949109414719e-01
3.339694656488549351e-01
3.199745547073791219e-01
3.053435114503816883e-01
3.180661577608142609e-01
3.288804071246819172e-01
3.301526717557252133e-01
3.441475826972010266e-01
3.333333333333333148e-01
3.307888040712468336e-01
3.104325699745547062e-01
3.307888040712468336e-01
3.040712468193384477e-01
3.352417302798982313e-01
3.237913486005088992e-01
3.110687022900763266e-01
3.218829516539440383e-01
3.244274809160305195e-01
3.384223918575063883e-01
3.212468193384224180e-01
3.117048346055979469e-01
2.958015267175572727e-01
3.072519083969465492e-01
2.945292620865139765e-01
3.123409669211195672e-01
3.078880407124681695e-01
3.123409669211195672e-01
2.970737913486005133e-01
2.977099236641221336e-01
2.919847328244274953e-01
3.104325699745547062e-01
3.104325699745547062e-01
3.053435114503816883e-01
3.053435114503816883e-01
2.977099236641221336e-01
3.231552162849872789e-01
3.295165394402035375e-01
3.047073791348600680e-01
3.295165394402035375e-01
3.104325699745547062e-01
3.206106870229007422e-01
3.123409669211195672e-01
3.008905852417302906e-01
3.142493638676844836e-01
3.091603053435114656e-01
3.117048346055979469e-01
3.161577608142493445e-01
3.085241730279898453e-01
2.932569974554707359e-01
2.938931297709923562e-01
3.091603053435114656e-01
2.983460559796437539e-01
2.983460559796437539e-01
3.034351145038167719e-01
2.996183206106870500e-01
2.932569974554707359e-01
3.027989821882951516e-01
3.148854961832061039e-01
3.066157760814249289e-01
3.174300254452926406e-01
3.187022900763358813e-01
3.187022900763358813e-01
2.932569974554707359e-01
2.977099236641221336e-01
3.002544529262086703e-01
3.002544529262086703e-01
2.996183206106870500e-01
2.919847328244274953e-01
2.900763358778625789e-01
3.002544529262086703e-01
3.002544529262086703e-01
3.015267175572519109e-01
2.881679389312977180e-01
3.072519083969465492e-01
2.849872773536895609e-01
2.843511450381679406e-01
2.964376590330788930e-01
2.951653944020355969e-01
2.926208651399491156e-01
2.856234096692111812e-01
2.964376590330788930e-01
2.830788804071247000e-01
2.786259541984733024e-01
2.888040712468193383e-01
3.155216284987277242e-01
2.919847328244274953e-01
2.900763358778625789e-01
2.888040712468193383e-01
3.034351145038167719e-01
2.760814249363867656e-01
2.856234096692111812e-01
2.830788804071247000e-01
2.951653944020355969e-01
2.983460559796437539e-01
2.907124681933841992e-01
2.754452926208651453e-01
2.767175572519083859e-01
2.754452926208651453e-01
2.767175572519083859e-01
2.849872773536895609e-01
2.639949109414758133e-01
