1.000000000000000000e+00
6.976744186046511809e-01
6.744186046511627675e-01
7.054263565891473187e-01
6.279069767441860517e-01
6.279069767441860517e-01
6.821705426356589053e-01
6.589147286821704919e-01
6.511627906976744651e-01
6.356589147286821895e-01
6.434108527131783273e-01
5.968992248062015005e-01
6.434108527131783273e-01
5.891472868217054737e-01
6.201550387596899139e-01
6.356589147286821895e-01
6.356589147286821895e-01
6.821705426356589053e-01
7.209302325581394832e-01
5.891472868217054737e-01
6.046511627906976383e-01
6.744186046511627675e-01
6.821705426356589053e-01
6.124031007751937761e-01
6.589147286821704919e-01
6.201550387596899139e-01
6.434108527131783273e-01
5.736434108527131981e-01
6.279069767441860517e-01
6.589147286821704919e-01
5.968992248062015005e-01
6.666666666666666297e-01
6.046511627906976383e-01
6.821705426356589053e-01
6.356589147286821895e-01
5.736434108527131981e-01
5.736434108527131981e-01
5.968992248062015005e-01
5.736434108527131981e-01
5.813953488372093359e-01
6.279069767441860517e-01
6.434108527131783273e-01
6.511627906976744651e-01
6.976744186046511809e-01
6.046511627906976383e-01
6.124031007751937761e-01
6.046511627906976383e-01
6.279069767441860517e-01
6.279069767441860517e-01
5.658914728682170603e-01
5.968992248062015005e-01
6.279069767441860517e-01
7.054263565891473187e-01
5.503875968992247847e-01
5.813953488372093359e-01
6.046511627906976383e-01
6.279069767441860517e-01
5.658914728682170603e-01
5.891472868217054737e-01
6.124031007751937761e-01
6.046511627906976383e-01
6.356589147286821895e-01
5.968992248062015005e-01
6.046511627906976383e-01
5.038759689922480689e-01
6.124031007751937761e-01
6.046511627906976383e-01
5.813953488372093359e-01
5.503875968992247847e-01
6.046511627906976383e-01
6.124031007751937761e-01
5.581395348837209225e-01
5.271317829457364823e-01
6.046511627906976383e-01
6.279069767441860517e-01
6.279069767441860517e-01
6.201550387596899139e-01
6.046511627906976383e-01
5.736434108527131981e-01
5.426356589147286469e-01
5.503875968992247847e-01
5.503875968992247847e-01
6.279069767441860517e-01
6.589147286821704919e-01
5.426356589147286469e-01
6.279069767441860517e-01
6.201550387596899139e-01
5.813953488372093359e-01
6.124031007751937761e-01
6.279069767441860517e-01
6.124031007751937761e-01
6.899224806201550431e-01
5.658914728682170603e-01
5.348837209302325091e-01
6.589147286821704919e-01
6.356589147286821895e-01
6.124031007751937761e-01
5.968992248062015005e-01
5.891472868217054737e-01
6.666666666666666297e-01
5.968992248062015005e-01
6.124031007751937761e-01
6.201550387596899139e-01
5.348837209302325091e-01
5.503875968992247847e-01
5.736434108527131981e-01
6.279069767441860517e-01
5.503875968992247847e-01
5.658914728682170603e-01
5.736434108527131981e-01
6.124031007751937761e-01
6.356589147286821895e-01
5.813953488372093359e-01
6.279069767441860517e-01
6.279069767441860517e-01
5.813953488372093359e-01
5.503875968992247847e-01
5.348837209302325091e-01
6.124031007751937761e-01
5.813953488372093359e-01
6.124031007751937761e-01
6.279069767441860517e-01
6.434108527131783273e-01
5.813953488372093359e-01
5.581395348837209225e-01
5.736434108527131981e-01
4.806201550387597110e-01
6.821705426356589053e-01
5.736434108527131981e-01
6.356589147286821895e-01
6.279069767441860517e-01
5.968992248062015005e-01
6.279069767441860517e-01
6.279069767441860517e-01
5.968992248062015005e-01
6.434108527131783273e-01
5.813953488372093359e-01
5.658914728682170603e-01
6.201550387596899139e-01
6.279069767441860517e-01
5.658914728682170603e-01
6.666666666666666297e-01
5.891472868217054737e-01
5.503875968992247847e-01
6.279069767441860517e-01
5.968992248062015005e-01
6.046511627906976383e-01
5.658914728682170603e-01
5.271317829457364823e-01
5.116279069767442067e-01
6.279069767441860517e-01
6.511627906976744651e-01
5.581395348837209225e-01
6.589147286821704919e-01
6.046511627906976383e-01
5.581395348837209225e-01
5.736434108527131981e-01
5.271317829457364823e-01
5.426356589147286469e-01
5.348837209302325091e-01
6.744186046511627675e-01
5.658914728682170603e-01
6.124031007751937761e-01
5.813953488372093359e-01
5.658914728682170603e-01
5.736434108527131981e-01
5.503875968992247847e-01
5.426356589147286469e-01
5.503875968992247847e-01
6.046511627906976383e-01
5.891472868217054737e-01
6.279069767441860517e-01
5.658914728682170603e-01
5.891472868217054737e-01
5.503875968992247847e-01
6.046511627906976383e-01
6.279069767441860517e-01
5.891472868217054737e-01
5.813953488372093359e-01
5.968992248062015005e-01
6.279069767441860517e-01
5.736434108527131981e-01
5.658914728682170603e-01
6.356589147286821895e-01
6.356589147286821895e-01
6.434108527131783273e-01
5.736434108527131981e-01
5.736434108527131981e-01
6.124031007751937761e-01
5.503875968992247847e-01
6.589147286821704919e-01
6.124031007751937761e-01
6.201550387596899139e-01
5.968992248062015005e-01
6.511627906976744651e-01
6.046511627906976383e-01
5.658914728682170603e-01
6.201550387596899139e-01
5.813953488372093359e-01
6.434108527131783273e-01
5.658914728682170603e-01
6.201550387596899139e-01
6.356589147286821895e-01
6.046511627906976383e-01
5.813953488372093359e-01
6.744186046511627675e-01
5.581395348837209225e-01
5.271317829457364823e-01
5.658914728682170603e-01
5.116279069767442067e-01
5.891472868217054737e-01
5.968992248062015005e-01
5.581395348837209225e-01
6.046511627906976383e-01
5.193798449612403445e-01
6.124031007751937761e-01
4.883720930232557933e-01
6.046511627906976383e-01
5.736434108527131981e-01
5.736434108527131981e-01
6.124031007751937761e-01
5.503875968992247847e-01
6.201550387596899139e-01
6.666666666666666297e-01
5.658914728682170603e-01
5.426356589147286469e-01
6.201550387596899139e-01
5.426356589147286469e-01
5.736434108527131981e-01
6.434108527131783273e-01
5.813953488372093359e-01
5.813953488372093359e-01
5.271317829457364823e-01
5.968992248062015005e-01
5.581395348837209225e-01
5.116279069767442067e-01
5.658914728682170603e-01
5.503875968992247847e-01
5.736434108527131981e-01
5.193798449612403445e-01
5.038759689922480689e-01
5.271317829457364823e-01
6.046511627906976383e-01
5.813953488372093359e-01
5.813953488372093359e-01
5.736434108527131981e-01
5.193798449612403445e-01
5.658914728682170603e-01
4.961240310077519311e-01
5.736434108527131981e-01
6.124031007751937761e-01
5.813953488372093359e-01
5.891472868217054737e-01
5.348837209302325091e-01
4.651162790697674354e-01
5.038759689922480689e-01
5.581395348837209225e-01
5.581395348837209225e-01
5.891472868217054737e-01
5.813953488372093359e-01
5.813953488372093359e-01
5.658914728682170603e-01
5.891472868217054737e-01
5.736434108527131981e-01
5.736434108527131981e-01
5.271317829457364823e-01
5.503875968992247847e-01
5.736434108527131981e-01
5.891472868217054737e-01
5.348837209302325091e-01
5.348837209302325091e-01
5.736434108527131981e-01
5.116279069767442067e-01
6.046511627906976383e-01
5.658914728682170603e-01
5.581395348837209225e-01
5.736434108527131981e-01
5.348837209302325091e-01
6.434108527131783273e-01
5.658914728682170603e-01
5.503875968992247847e-01
5.348837209302325091e-01
5.968992248062015005e-01
5.813953488372093359e-01
5.271317829457364823e-01
4.961240310077519311e-01
5.658914728682170603e-01
5.658914728682170603e-01
5.116279069767442067e-01
5.503875968992247847e-01
5.038759689922480689e-01
5.348837209302325091e-01
5.813953488372093359e-01
5.581395348837209225e-01
5.271317829457364823e-01
5.813953488372093359e-01
5.581395348837209225e-01
5.271317829457364823e-01
5.271317829457364823e-01
5.658914728682170603e-01
5.891472868217054737e-01
5.581395348837209225e-01
5.426356589147286469e-01
5.271317829457364823e-01
5.426356589147286469e-01
5.038759689922480689e-01
5.891472868217054737e-01
4.496124031007752153e-01
5.348837209302325091e-01
5.581395348837209225e-01
5.658914728682170603e-01
5.968992248062015005e-01
5.503875968992247847e-01
6.201550387596899139e-01
5.581395348837209225e-01
5.813953488372093359e-01
5.813953488372093359e-01
5.658914728682170603e-01
5.891472868217054737e-01
4.961240310077519311e-01
5.503875968992247847e-01
5.658914728682170603e-01
5.503875968992247847e-01
5.813953488372093359e-01
5.658914728682170603e-01
4.651162790697674354e-01
4.961240310077519311e-01
5.038759689922480689e-01
5.503875968992247847e-01
5.813953488372093359e-01
5.658914728682170603e-01
5.271317829457364823e-01
5.348837209302325091e-01
5.581395348837209225e-01
5.503875968992247847e-01
5.581395348837209225e-01
5.271317829457364823e-01
5.193798449612403445e-01
5.813953488372093359e-01
5.348837209302325091e-01
5.581395348837209225e-01
5.658914728682170603e-01
5.503875968992247847e-01
5.426356589147286469e-01
4.883720930232557933e-01
5.581395348837209225e-01
5.193798449612403445e-01
5.426356589147286469e-01
5.813953488372093359e-01
4.883720930232557933e-01
5.193798449612403445e-01
5.581395348837209225e-01
5.116279069767442067e-01
5.038759689922480689e-01
5.891472868217054737e-01
5.193798449612403445e-01
5.271317829457364823e-01
4.961240310077519311e-01
4.961240310077519311e-01
5.038759689922480689e-01
4.883720930232557933e-01
4.728682170542635732e-01
5.116279069767442067e-01
4.961240310077519311e-01
4.651162790697674354e-01
4.961240310077519311e-01
5.658914728682170603e-01
5.038759689922480689e-01
5.271317829457364823e-01
4.728682170542635732e-01
5.193798449612403445e-01
5.038759689922480689e-01
5.271317829457364823e-01
5.581395348837209225e-01
5.116279069767442067e-01
5.581395348837209225e-01
4.961240310077519311e-01
4.883720930232557933e-01
5.116279069767442067e-01
4.651162790697674354e-01
4.806201550387597110e-01
4.961240310077519311e-01
4.651162790697674354e-01
4.806201550387597110e-01
4.728682170542635732e-01
4.961240310077519311e-01
4.806201550387597110e-01
5.503875968992247847e-01
5.271317829457364823e-01
5.348837209302325091e-01
4.883720930232557933e-01
5.658914728682170603e-01
4.883720930232557933e-01
4.961240310077519311e-01
5.271317829457364823e-01
4.961240310077519311e-01
5.116279069767442067e-01
4.883720930232557933e-01
4.651162790697674354e-01
5.348837209302325091e-01
5.348837209302325091e-01
