1.000000000000000000e+00
6.899224806201550431e-01
6.139534883720930702e-01
6.031007751937984551e-01
5.829457364341085190e-01
5.813953488372093359e-01
5.829457364341085190e-01
5.999999999999999778e-01
5.782945736434108586e-01
5.844961240310077022e-01
5.689922480620155376e-01
5.798449612403100417e-01
5.426356589147286469e-01
5.565891472868217393e-01
5.534883720930232620e-01
5.503875968992247847e-01
5.457364341085271242e-01
5.782945736434108586e-01
5.953488372093023173e-01
5.286821705426356655e-01
5.426356589147286469e-01
5.503875968992247847e-01
5.581395348837209225e-01
5.271317829457364823e-01
5.534883720930232620e-01
5.302325581395348486e-01
5.240310077519380050e-01
5.147286821705426840e-01
5.240310077519380050e-01
5.162790697674418672e-01
5.333333333333333259e-01
5.100775193798449125e-01
5.116279069767442067e-01
5.147286821705426840e-01
4.837209302325581328e-01
5.100775193798449125e-01
5.038759689922480689e-01
5.116279069767442067e-01
4.744186046511628119e-01
4.651162790697674354e-01
5.085271317829457294e-01
4.666666666666666741e-01
4.914728682170542706e-01
4.744186046511628119e-01
4.992248062015504084e-01
4.806201550387597110e-01
4.930232558139535093e-01
4.682170542635659127e-01
4.480620155038759767e-01
4.620155038759690136e-01
4.697674418604650959e-01
4.294573643410852792e-01
4.496124031007752153e-01
4.387596899224806002e-01
4.837209302325581328e-01
4.418604651162790775e-01
4.713178294573643345e-01
4.558139534883721145e-01
4.527131782945736371e-01
4.635658914728681967e-01
4.961240310077519311e-01
4.635658914728681967e-01
4.434108527131783162e-01
4.527131782945736371e-01
4.806201550387597110e-01
4.418604651162790775e-01
4.883720930232557933e-01
4.542635658914728758e-01
4.232558139534883801e-01
4.263565891472868019e-01
4.697674418604650959e-01
4.387596899224806002e-01
4.124031007751938205e-01
4.759689922480619950e-01
4.821705426356588942e-01
4.263565891472868019e-01
4.434108527131783162e-01
4.341085271317829397e-01
4.263565891472868019e-01
4.248062015503876188e-01
4.077519379844961045e-01
4.325581395348837010e-01
4.558139534883721145e-01
4.263565891472868019e-01
4.232558139534883801e-01
4.263565891472868019e-01
3.984496124031007835e-01
4.403100775193798389e-01
3.844961240310077466e-01
4.170542635658914810e-01
4.155038759689922423e-01
4.077519379844961045e-01
4.248062015503876188e-01
4.046511627906976827e-01
4.155038759689922423e-01
4.124031007751938205e-01
4.093023255813953432e-01
4.062015503875969213e-01
4.062015503875969213e-01
3.922480620155038844e-01
4.294573643410852792e-01
4.325581395348837010e-01
3.984496124031007835e-01
3.984496124031007835e-01
4.232558139534883801e-01
4.062015503875969213e-01
3.906976744186046457e-01
4.046511627906976827e-01
3.658914728682170492e-01
3.689922480620155265e-01
3.860465116279069853e-01
3.581395348837209114e-01
3.875968992248062239e-01
3.937984496124031231e-01
3.860465116279069853e-01
3.751937984496124256e-01
3.906976744186046457e-01
3.844961240310077466e-01
4.093023255813953432e-01
3.689922480620155265e-01
3.860465116279069853e-01
4.046511627906976827e-01
4.000000000000000222e-01
3.937984496124031231e-01
3.844961240310077466e-01
3.860465116279069853e-01
3.782945736434108475e-01
3.813953488372093248e-01
3.612403100775193887e-01
3.798449612403100861e-01
3.612403100775193887e-01
3.844961240310077466e-01
3.736434108527131870e-01
4.093023255813953432e-01
3.906976744186046457e-01
3.782945736434108475e-01
3.643410852713178105e-01
3.829457364341085079e-01
4.046511627906976827e-01
3.813953488372093248e-01
3.751937984496124256e-01
3.767441860465116088e-01
3.643410852713178105e-01
3.922480620155038844e-01
3.829457364341085079e-01
3.798449612403100861e-01
3.767441860465116088e-01
3.720930232558139483e-01
3.705426356589147097e-01
3.891472868217054071e-01
3.875968992248062239e-01
3.534883720930232509e-01
3.767441860465116088e-01
3.767441860465116088e-01
3.767441860465116088e-01
3.953488372093023062e-01
3.534883720930232509e-01
3.643410852713178105e-01
3.627906976744186274e-01
3.705426356589147097e-01
3.798449612403100861e-01
3.751937984496124256e-01
3.813953488372093248e-01
3.488372093023255904e-01
3.813953488372093248e-01
3.612403100775193887e-01
3.720930232558139483e-01
3.627906976744186274e-01
3.813953488372093248e-01
3.643410852713178105e-01
3.844961240310077466e-01
3.751937984496124256e-01
3.767441860465116088e-01
3.658914728682170492e-01
3.472868217054263518e-01
3.565891472868217282e-01
3.488372093023255904e-01
3.503875968992248291e-01
3.550387596899224896e-01
3.519379844961240122e-01
3.751937984496124256e-01
3.860465116279069853e-01
3.612403100775193887e-01
3.503875968992248291e-01
3.271317829457364157e-01
3.550387596899224896e-01
3.767441860465116088e-01
3.565891472868217282e-01
3.348837209302325535e-01
3.457364341085271131e-01
3.674418604651162878e-01
3.658914728682170492e-01
3.829457364341085079e-01
3.891472868217054071e-01
3.581395348837209114e-01
3.519379844961240122e-01
3.705426356589147097e-01
3.519379844961240122e-01
3.984496124031007835e-01
3.426356589147286913e-01
3.410852713178294526e-01
3.705426356589147097e-01
3.658914728682170492e-01
3.550387596899224896e-01
3.612403100775193887e-01
3.503875968992248291e-01
3.674418604651162878e-01
3.147286821705426174e-01
3.348837209302325535e-01
3.426356589147286913e-01
3.457364341085271131e-01
3.488372093023255904e-01
3.333333333333333148e-01
3.410852713178294526e-01
3.550387596899224896e-01
3.581395348837209114e-01
3.426356589147286913e-01
3.534883720930232509e-01
3.395348837209302140e-01
3.379844961240310308e-01
3.348837209302325535e-01
3.503875968992248291e-01
3.379844961240310308e-01
3.069767441860465351e-01
3.379844961240310308e-01
3.472868217054263518e-01
3.519379844961240122e-01
3.302325581395348930e-01
3.224806201550387552e-01
3.426356589147286913e-01
3.271317829457364157e-01
2.868217054263565990e-01
3.255813953488372325e-01
3.286821705426356544e-01
3.209302325581395166e-01
3.209302325581395166e-01
2.992248062015503973e-01
3.224806201550387552e-01
3.333333333333333148e-01
3.224806201550387552e-01
2.806201550387596999e-01
3.100775193798449569e-01
3.240310077519379939e-01
3.410852713178294526e-01
3.271317829457364157e-01
3.488372093023255904e-01
3.100775193798449569e-01
3.069767441860465351e-01
3.100775193798449569e-01
3.596899224806201500e-01
3.100775193798449569e-01
3.178294573643410947e-01
2.992248062015503973e-01
2.992248062015503973e-01
3.007751937984496360e-01
3.178294573643410947e-01
3.116279069767441956e-01
3.162790697674418561e-01
3.147286821705426174e-01
3.441860465116279300e-01
3.054263565891472965e-01
3.054263565891472965e-01
3.100775193798449569e-01
2.837209302325581217e-01
2.961240310077519200e-01
3.069767441860465351e-01
3.209302325581395166e-01
3.317829457364341317e-01
2.961240310077519200e-01
3.023255813953488191e-01
3.038759689922480578e-01
2.945736434108527368e-01
3.209302325581395166e-01
3.038759689922480578e-01
3.131782945736434343e-01
3.193798449612403334e-01
3.178294573643410947e-01
3.100775193798449569e-01
3.178294573643410947e-01
3.054263565891472965e-01
3.317829457364341317e-01
3.317829457364341317e-01
3.147286821705426174e-01
3.085271317829457183e-01
3.209302325581395166e-01
2.868217054263565990e-01
3.131782945736434343e-01
3.271317829457364157e-01
3.131782945736434343e-01
3.023255813953488191e-01
2.914728682170542595e-01
2.852713178294573604e-01
3.100775193798449569e-01
2.930232558139534982e-01
3.054263565891472965e-01
3.162790697674418561e-01
3.116279069767441956e-01
3.410852713178294526e-01
3.085271317829457183e-01
2.945736434108527368e-01
3.193798449612403334e-01
3.271317829457364157e-01
2.976744186046511587e-01
2.945736434108527368e-01
3.116279069767441956e-01
2.976744186046511587e-01
2.899224806201550209e-01
2.961240310077519200e-01
3.023255813953488191e-01
2.961240310077519200e-01
2.976744186046511587e-01
3.302325581395348930e-01
2.992248062015503973e-01
2.899224806201550209e-01
2.852713178294573604e-01
2.883720930232558377e-01
2.914728682170542595e-01
3.038759689922480578e-01
2.930232558139534982e-01
3.193798449612403334e-01
3.100775193798449569e-01
2.899224806201550209e-01
3.007751937984496360e-01
3.023255813953488191e-01
2.620155038759690025e-01
2.992248062015503973e-01
2.930232558139534982e-01
3.085271317829457183e-01
2.852713178294573604e-01
2.759689922480620394e-01
3.023255813953488191e-01
2.651162790697674243e-01
2.697674418604651403e-01
2.651162790697674243e-01
2.713178294573643234e-01
2.697674418604651403e-01
2.992248062015503973e-01
2.899224806201550209e-01
2.759689922480620394e-01
2.914728682170542595e-01
2.666666666666666630e-01
2.759689922480620394e-01
2.837209302325581217e-01
2.635658914728682412e-01
2.961240310077519200e-01
2.837209302325581217e-01
3.038759689922480578e-01
2.945736434108527368e-01
3.023255813953488191e-01
2.682170542635659016e-01
2.806201550387596999e-01
2.945736434108527368e-01
3.023255813953488191e-01
2.945736434108527368e-01
3.023255813953488191e-01
2.961240310077519200e-01
2.682170542635659016e-01
2.573643410852713420e-01
2.697674418604651403e-01
2.542635658914728647e-01
2.697674418604651403e-01
2.775193798449612226e-01
2.666666666666666630e-01
2.728682170542635621e-01
2.480620155038759655e-01
2.666666666666666630e-01
2.837209302325581217e-01
3.100775193798449569e-01
2.821705426356589386e-01
2.759689922480620394e-01
2.449612403100775160e-01
2.713178294573643234e-01
2.635658914728682412e-01
2.775193798449612226e-01
2.775193798449612226e-01
2.930232558139534982e-01
2.775193798449612226e-01
2.883720930232558377e-01
3.069767441860465351e-01
2.744186046511628008e-01
2.759689922480620394e-01
2.899224806201550209e-01
2.573643410852713420e-01
2.511627906976744429e-01
2.806201550387596999e-01
2.852713178294573604e-01
2.883720930232558377e-01
2.434108527131783051e-01
2.666666666666666630e-01
2.806201550387596999e-01
2.697674418604651403e-01
2.821705426356589386e-01
2.744186046511628008e-01
2.868217054263565990e-01
2.682170542635659016e-01
3.023255813953488191e-01
2.759689922480620394e-01
2.682170542635659016e-01
2.682170542635659016e-01
2.837209302325581217e-01
2.775193798449612226e-01
