1.000000000000000000e+00
7.721441661576053939e-01
7.257177764202810133e-01
6.988393402565669099e-01
6.530238240684178574e-01
6.224801466096517855e-01
6.157605375687232874e-01
5.986560781918143226e-01
5.968234575442883383e-01
5.754428833231520768e-01
5.485644471594379734e-01
5.436774587660354596e-01
5.204642638973732138e-01
5.247403787416005105e-01
4.819792302993280431e-01
4.880879657910812686e-01
4.660965180207696790e-01
4.838118509468540274e-01
4.465485644471594573e-01
4.557116676847892678e-01
4.667073915699450071e-01
4.544899205864386116e-01
4.557116676847892678e-01
3.940134392180818512e-01
3.952351863164325074e-01
3.958460598656078355e-01
4.160048869883933853e-01
4.092852779474648872e-01
4.050091631032376460e-01
3.756872327428222302e-01
3.817959682345754557e-01
3.732437385461209733e-01
3.536957849725106962e-01
3.708002443494196609e-01
3.439218081857055576e-01
3.408674404398289726e-01
3.378130726939523321e-01
3.310934636530238340e-01
3.219303604153940235e-01
3.396456933414783164e-01
3.182651191203421104e-01
3.084911423335369718e-01
3.359804520464264033e-01
2.962736713500305208e-01
2.938301771533292639e-01
3.127672571777642130e-01
2.901649358582773508e-01
2.730604764813683305e-01
2.748930971288943148e-01
2.840562003665241253e-01
2.828344532681734691e-01
2.761148442272449710e-01
2.510690287110567964e-01
2.467929138668295552e-01
2.748930971288943148e-01
2.553451435552840376e-01
2.486255345143555395e-01
2.596212583995112788e-01
2.651191203420891762e-01
2.449602932193035987e-01
2.370189370800244444e-01
2.278558338423946339e-01
2.327428222357972032e-01
2.113622480146609695e-01
2.131948686621869260e-01
2.131948686621869260e-01
2.021991447770311590e-01
2.241905925473426930e-01
2.193036041539401237e-01
2.089187538179596848e-01
2.076970067196090286e-01
2.076970067196090286e-01
1.869273060476481230e-01
1.771533292608430121e-01
1.918142944410506923e-01
1.912034208918753919e-01
1.942577886377519769e-01
1.942577886377519769e-01
1.954795357361026331e-01
1.973121563836285897e-01
1.863164324984728226e-01
1.869273060476481230e-01
1.808185705558949252e-01
1.808185705558949252e-01
1.905925473427000638e-01
1.930360415394013485e-01
1.698228466707391582e-01
1.716554673182651147e-01
1.710445937690897866e-01
1.771533292608430121e-01
1.606597434331093477e-01
1.686010995723885020e-01
1.716554673182651147e-01
1.631032376298106323e-01
1.704337202199144863e-01
1.716554673182651147e-01
1.618814905314599761e-01
1.557727550397067784e-01
1.740989615149663994e-01
1.649358582773365889e-01
1.643249847281612608e-01
1.508857666463042091e-01
1.576053756872327349e-01
1.435552840562003551e-01
1.252290775809407342e-01
1.484422724496029244e-01
1.405009163103237702e-01
1.337813072693952443e-01
1.362248014660965290e-01
1.276725717776420188e-01
1.484422724496029244e-01
1.282834453268173469e-01
1.313378130726939597e-01
1.405009163103237702e-01
1.362248014660965290e-01
1.356139279169212009e-01
1.337813072693952443e-01
1.288943188759926750e-01
1.270616982284667185e-01
1.264508246792913904e-01
1.172877214416615799e-01
1.111789859499083682e-01
1.154551007941356094e-01
1.093463653023824117e-01
1.032376298106292001e-01
1.185094685400122222e-01
1.185094685400122222e-01
1.270616982284667185e-01
1.288943188759926750e-01
1.240073304825901057e-01
1.105681124007330540e-01
1.319486866218692600e-01
1.209529627367135068e-01
1.276725717776420188e-01
1.240073304825901057e-01
1.246182040317654199e-01
1.282834453268173469e-01
1.020158827122785578e-01
1.185094685400122222e-01
1.081246182040317694e-01
1.081246182040317694e-01
1.001832620647526012e-01
1.124007330482590106e-01
9.773976786805131656e-02
1.124007330482590106e-01
1.160659743433109375e-01
1.209529627367135068e-01
1.032376298106292001e-01
1.014050091631032435e-01
1.050702504581551566e-01
1.087354917532070836e-01
1.087354917532070836e-01
1.007941356139279154e-01
1.056811240073304847e-01
9.590714722052534613e-02
1.081246182040317694e-01
1.130116065974343248e-01
1.038485033598045143e-01
9.040928527794746261e-02
1.099572388515577259e-01
1.038485033598045143e-01
9.468540012217470381e-02
9.651802076970067423e-02
9.285277947464874726e-02
9.835064141722663078e-02
8.979841172877214839e-02
1.007941356139279154e-01
1.081246182040317694e-01
8.063530849114233789e-02
8.552229688454489331e-02
8.796579108124617796e-02
9.346365302382406148e-02
8.918753817959682029e-02
8.979841172877214839e-02
8.002443494196700979e-02
8.002443494196700979e-02
7.819181429444105325e-02
8.124618204031765212e-02
8.918753817959682029e-02
9.163103237629810494e-02
8.368967623701893677e-02
7.330482590103848395e-02
8.185705558949298022e-02
7.391569945021381205e-02
8.124618204031765212e-02
7.086133170433719930e-02
7.697006719609041092e-02
6.841783750763591465e-02
6.536346976175931578e-02
6.169822846670738881e-02
7.635919364691508282e-02
7.513744654856444050e-02
7.330482590103848395e-02
7.208307880268784162e-02
8.307880268784362254e-02
7.819181429444105325e-02
7.635919364691508282e-02
7.574832009773976860e-02
8.613317043372022142e-02
8.124618204031765212e-02
7.819181429444105325e-02
7.574832009773976860e-02
7.208307880268784162e-02
6.841783750763591465e-02
7.819181429444105325e-02
7.635919364691508282e-02
7.208307880268784162e-02
7.880268784361636747e-02
7.574832009773976860e-02
6.047648136835675342e-02
6.169822846670738881e-02
7.208307880268784162e-02
6.719609040928527233e-02
6.963958460598655698e-02
6.291997556505803113e-02
6.108735491753206764e-02
6.414172266340867345e-02
7.635919364691508282e-02
7.208307880268784162e-02
7.147220525351252740e-02
6.169822846670738881e-02
6.230910201588270997e-02
7.086133170433719930e-02
7.452657299938912627e-02
6.597434331093463000e-02
6.902871105681124275e-02
6.780696395846060043e-02
6.902871105681124275e-02
6.108735491753206764e-02
7.086133170433719930e-02
6.597434331093463000e-02
5.986560781918143226e-02
5.864386072083078993e-02
5.375687232742822064e-02
6.719609040928527233e-02
5.558949297495418412e-02
5.192425167990225715e-02
6.291997556505803113e-02
5.131337813072694293e-02
6.414172266340867345e-02
5.436774587660354180e-02
5.681124007330482645e-02
6.230910201588270997e-02
5.558949297495418412e-02
5.497861942577886296e-02
5.375687232742822064e-02
5.009163103237630060e-02
5.742211362248014761e-02
5.009163103237630060e-02
5.192425167990225715e-02
5.253512522907757831e-02
6.230910201588270997e-02
5.742211362248014761e-02
5.253512522907757831e-02
4.398289554062308898e-02
4.459376908979841014e-02
5.314599877825289947e-02
4.825901038485033712e-02
5.192425167990225715e-02
4.948075748320097944e-02
4.886988393402565828e-02
4.215027489309712549e-02
5.009163103237630060e-02
4.948075748320097944e-02
5.131337813072694293e-02
4.459376908979841014e-02
4.703726328649969479e-02
4.337202199144776782e-02
4.764813683567501595e-02
4.215027489309712549e-02
4.092852779474649011e-02
4.520464263897373131e-02
5.620036652412950529e-02
4.153940134392181127e-02
4.825901038485033712e-02
4.398289554062308898e-02
4.764813683567501595e-02
5.009163103237630060e-02
4.276114844227244666e-02
3.909590714722052662e-02
4.398289554062308898e-02
4.215027489309712549e-02
4.031765424557116895e-02
3.176542455711667962e-02
3.359804520464263616e-02
4.092852779474649011e-02
3.481979230299327849e-02
4.520464263897373131e-02
4.153940134392181127e-02
4.092852779474649011e-02
3.909590714722052662e-02
3.604153940134392081e-02
3.909590714722052662e-02
4.398289554062308898e-02
4.153940134392181127e-02
3.787416004886988430e-02
3.848503359804520546e-02
4.153940134392181127e-02
3.848503359804520546e-02
3.909590714722052662e-02
4.276114844227244666e-02
3.970678069639584779e-02
4.153940134392181127e-02
4.153940134392181127e-02
3.970678069639584779e-02
3.420891875381795733e-02
4.276114844227244666e-02
4.092852779474649011e-02
4.031765424557116895e-02
3.054367745876603382e-02
3.787416004886988430e-02
4.215027489309712549e-02
5.070250458155162177e-02
3.176542455711667962e-02
4.153940134392181127e-02
4.153940134392181127e-02
3.237629810629200078e-02
3.665241295051924197e-02
3.359804520464263616e-02
2.443494196701282914e-02
4.031765424557116895e-02
3.604153940134392081e-02
3.237629810629200078e-02
3.604153940134392081e-02
3.970678069639584779e-02
4.031765424557116895e-02
3.237629810629200078e-02
3.481979230299327849e-02
3.298717165546731500e-02
2.810018326206475264e-02
2.687843616371411032e-02
2.932193036041539497e-02
3.176542455711667962e-02
2.443494196701282914e-02
2.871105681124007381e-02
2.871105681124007381e-02
3.115455100794135498e-02
2.871105681124007381e-02
2.443494196701282914e-02
3.054367745876603382e-02
3.115455100794135498e-02
3.176542455711667962e-02
2.871105681124007381e-02
2.748930971288943148e-02
2.932193036041539497e-02
2.871105681124007381e-02
2.993280390959071613e-02
3.054367745876603382e-02
2.993280390959071613e-02
2.382406841783750798e-02
3.237629810629200078e-02
3.176542455711667962e-02
3.298717165546731500e-02
3.237629810629200078e-02
2.504581551618815030e-02
2.871105681124007381e-02
3.054367745876603382e-02
2.443494196701282914e-02
2.748930971288943148e-02
2.565668906536347146e-02
3.054367745876603382e-02
2.565668906536347146e-02
2.626756261453878916e-02
2.687843616371411032e-02
2.810018326206475264e-02
2.871105681124007381e-02
3.176542455711667962e-02
3.359804520464263616e-02
2.932193036041539497e-02
2.932193036041539497e-02
3.176542455711667962e-02
2.871105681124007381e-02
2.626756261453878916e-02
2.626756261453878916e-02
2.504581551618815030e-02
2.748930971288943148e-02
3.176542455711667962e-02
2.871105681124007381e-02
2.993280390959071613e-02
3.298717165546731500e-02
2.871105681124007381e-02
2.932193036041539497e-02
2.687843616371411032e-02
2.932193036041539497e-02
3.115455100794135498e-02
2.687843616371411032e-02
3.115455100794135498e-02
2.748930971288943148e-02
2.993280390959071613e-02
3.298717165546731500e-02
2.810018326206475264e-02
3.115455100794135498e-02
2.687843616371411032e-02
2.810018326206475264e-02
2.748930971288943148e-02
2.626756261453878916e-02
2.748930971288943148e-02
2.687843616371411032e-02
2.810018326206475264e-02
2.687843616371411032e-02
2.932193036041539497e-02
