1.000000000000000000e+00
8.332046332046332271e-01
8.092664092664092479e-01
8.293436293436293738e-01
7.675675675675676102e-01
7.698841698841698555e-01
7.752895752895753168e-01
7.675675675675676102e-01
7.467181467181467358e-01
7.513513513513513375e-01
7.544401544401544424e-01
7.382239382239381698e-01
7.104247104247104483e-01
7.065637065637065950e-01
7.243243243243243645e-01
7.227799227799227566e-01
7.289575289575289663e-01
7.312741312741313227e-01
7.166023166023165469e-01
6.965250965250965320e-01
7.073359073359073435e-01
6.857142857142857206e-01
6.872586872586872175e-01
6.633204633204633494e-01
6.849420849420849722e-01
6.393822393822393702e-01
6.501930501930501816e-01
6.555984555984556428e-01
6.509652509652509300e-01
6.718146718146718044e-01
6.525096525096525379e-01
6.548262548262547833e-01
6.772200772200772656e-01
6.432432432432432234e-01
6.432432432432432234e-01
6.208494208494208522e-01
6.177606177606177473e-01
6.254826254826254539e-01
6.262548262548262024e-01
6.293436293436293072e-01
6.285714285714285587e-01
5.969111969111968730e-01
6.216216216216216006e-01
6.038610038610038311e-01
6.030888030888030826e-01
5.884169884169884179e-01
5.861003861003860615e-01
5.938223938223937681e-01
5.652509652509652982e-01
5.969111969111968730e-01
5.768339768339768581e-01
5.791505791505791034e-01
5.583011583011583401e-01
5.474903474903475287e-01
5.752895752895752501e-01
5.814671814671814598e-01
5.583011583011583401e-01
5.135135135135134865e-01
5.374517374517374657e-01
5.359073359073358578e-01
5.428571428571428159e-01
5.714285714285713969e-01
5.559845559845559837e-01
5.621621621621621934e-01
5.351351351351351093e-01
5.389961389961389626e-01
5.250965250965250464e-01
5.173745173745173398e-01
5.096525096525096332e-01
5.474903474903475287e-01
5.135135135135134865e-01
5.003861003861004297e-01
5.096525096525096332e-01
5.142857142857142350e-01
5.127413127413127381e-01
5.050193050193050315e-01
5.027027027027026751e-01
4.841698841698841571e-01
5.042471042471042830e-01
5.189189189189189477e-01
4.795366795366795554e-01
4.903474903474903668e-01
4.810810810810811078e-01
4.949806949806949685e-01
5.042471042471042830e-01
4.880308880308880104e-01
5.096525096525096332e-01
4.988416988416988218e-01
4.857142857142857095e-01
4.756756756756757021e-01
4.548262548262548277e-01
4.818532818532818562e-01
4.671814671814671915e-01
4.972972972972973249e-01
4.826254826254826047e-01
4.841698841698841571e-01
4.563706563706563801e-01
4.664092664092663876e-01
4.586872586872586810e-01
4.555984555984555762e-01
4.671814671814671915e-01
4.633204633204633383e-01
4.903474903474903668e-01
4.818532818532818562e-01
4.687258687258687440e-01
4.509652509652509744e-01
4.555984555984555762e-01
4.571428571428571286e-01
4.548262548262548277e-01
4.671814671814671915e-01
4.316602316602316525e-01
4.617760617760617858e-01
4.594594594594594850e-01
4.525096525096525268e-01
4.362934362934363097e-01
4.548262548262548277e-01
4.301158301158301001e-01
4.525096525096525268e-01
4.293436293436293516e-01
4.293436293436293516e-01
4.378378378378378621e-01
4.416988416988417154e-01
4.162162162162162393e-01
4.038610038610038755e-01
4.262548262548262468e-01
4.277992277992277992e-01
4.455598455598455687e-01
4.471042471042471211e-01
4.386100386100386106e-01
4.355212355212355058e-01
4.378378378378378621e-01
4.154440154440154354e-01
4.084942084942084772e-01
4.177606177606177362e-01
4.540540540540540793e-01
4.308880308880309040e-01
4.347490347490347573e-01
4.108108108108108336e-01
4.277992277992277992e-01
4.177606177606177362e-01
4.131274131274131345e-01
4.046332046332046239e-01
4.231660231660231419e-01
3.976833976833976658e-01
4.162162162162162393e-01
4.177606177606177362e-01
3.945945945945946165e-01
4.100386100386100297e-01
4.138996138996138829e-01
4.015444015444015191e-01
4.007722007722007707e-01
4.015444015444015191e-01
3.745173745173744906e-01
3.938223938223938125e-01
3.845559845559845535e-01
3.853281853281853020e-01
3.845559845559845535e-01
3.768339768339768470e-01
3.845559845559845535e-01
3.691119691119690849e-01
3.637065637065636792e-01
3.984555984555984698e-01
3.652509652509652316e-01
3.729729729729729937e-01
3.722007722007721897e-01
3.760617760617760430e-01
3.683397683397683364e-01
3.760617760617760430e-01
3.814671814671814487e-01
3.822393822393822527e-01
3.706563706563706373e-01
3.745173745173744906e-01
3.598455598455598259e-01
3.698841698841698888e-01
3.698841698841698888e-01
3.559845559845559726e-01
3.683397683397683364e-01
3.652509652509652316e-01
3.428571428571428603e-01
3.629343629343629307e-01
3.583011583011582735e-01
3.637065637065636792e-01
3.768339768339768470e-01
3.451737451737451612e-01
3.606177606177606298e-01
3.451737451737451612e-01
3.498069498069498184e-01
3.320463320463320489e-01
3.266409266409266432e-01
3.474903474903475176e-01
3.305019305019304965e-01
3.397683397683397555e-01
3.474903474903475176e-01
3.366795366795367062e-01
3.359073359073359022e-01
3.366795366795367062e-01
3.305019305019304965e-01
3.397683397683397555e-01
3.436293436293436088e-01
3.320463320463320489e-01
3.289575289575289441e-01
3.227799227799227899e-01
3.250965250965250908e-01
3.150579150579150833e-01
3.359073359073359022e-01
3.250965250965250908e-01
3.289575289575289441e-01
3.250965250965250908e-01
3.212355212355212375e-01
3.227799227799227899e-01
3.312741312741313005e-01
3.204633204633204890e-01
3.227799227799227899e-01
3.250965250965250908e-01
3.181467181467181327e-01
3.320463320463320489e-01
3.405405405405405594e-01
3.266409266409266432e-01
3.459459459459459651e-01
3.312741312741313005e-01
3.181467181467181327e-01
3.243243243243243423e-01
3.104247104247104261e-01
3.374517374517374546e-01
3.250965250965250908e-01
3.096525096525096776e-01
3.142857142857142794e-01
3.057915057915057688e-01
3.220077220077219859e-01
3.150579150579150833e-01
3.189189189189189366e-01
2.872586872586872508e-01
3.034749034749034680e-01
2.934362934362934605e-01
2.857142857142856984e-01
2.888030888030888033e-01
2.911196911196911041e-01
2.849420849420849500e-01
2.988416988416988662e-01
3.034749034749034680e-01
2.918918918918919081e-01
2.934362934362934605e-01
3.073359073359073212e-01
3.019305019305019155e-01
3.181467181467181327e-01
3.065637065637065728e-01
3.011583011583011671e-01
3.096525096525096776e-01
3.027027027027027195e-01
3.104247104247104261e-01
3.189189189189189366e-01
3.065637065637065728e-01
2.965250965250965098e-01
2.942084942084942090e-01
2.795366795366795443e-01
2.803088803088802927e-01
2.818532818532818451e-01
2.826254826254826491e-01
2.888030888030888033e-01
2.687258687258687329e-01
2.803088803088802927e-01
2.903474903474903557e-01
2.996138996138996147e-01
2.911196911196911041e-01
2.803088803088802927e-01
2.764478764478764394e-01
2.725868725868725861e-01
2.965250965250965098e-01
2.880308880308880548e-01
2.996138996138996147e-01
2.803088803088802927e-01
2.934362934362934605e-01
2.756756756756756910e-01
2.841698841698841460e-01
2.741312741312741386e-01
2.949806949806949574e-01
2.756756756756756910e-01
2.664092664092664320e-01
2.756756756756756910e-01
2.540540540540540682e-01
2.656370656370656280e-01
2.849420849420849500e-01
2.718146718146718377e-01
2.710424710424710337e-01
2.710424710424710337e-01
2.640926640926640756e-01
2.841698841698841460e-01
2.563706563706563690e-01
2.555984555984556206e-01
2.741312741312741386e-01
2.586872586872586699e-01
2.517374517374517118e-01
2.702702702702702853e-01
2.447876447876447814e-01
2.532818532818532642e-01
2.555984555984556206e-01
2.656370656370656280e-01
2.610038610038610263e-01
2.687258687258687329e-01
2.532818532818532642e-01
2.610038610038610263e-01
2.563706563706563690e-01
2.478764478764478862e-01
2.602316602316602223e-01
2.424710424710424805e-01
2.532818532818532642e-01
2.586872586872586699e-01
2.617760617760617747e-01
2.517374517374517118e-01
2.424710424710424805e-01
2.440154440154440052e-01
2.301158301158301167e-01
2.455598455598455576e-01
2.494208494208494109e-01
2.478764478764478862e-01
2.416988416988417043e-01
2.409266409266409281e-01
2.378378378378378510e-01
2.177606177606177529e-01
2.494208494208494109e-01
2.355212355212355224e-01
2.378378378378378510e-01
2.393822393822393757e-01
2.486486486486486625e-01
2.316602316602316691e-01
2.270270270270270396e-01
2.254826254826254872e-01
2.401544401544401519e-01
2.347490347490347462e-01
2.162162162162162282e-01
2.324324324324324453e-01
2.262548262548262634e-01
2.332046332046331938e-01
2.486486486486486625e-01
2.347490347490347462e-01
2.208494208494208577e-01
2.239382239382239348e-01
2.285714285714285643e-01
2.146718146718146758e-01
2.169884169884169767e-01
2.138996138996138996e-01
2.177606177606177529e-01
2.409266409266409281e-01
2.193050193050193053e-01
2.169884169884169767e-01
2.000000000000000111e-01
2.162162162162162282e-01
2.370656370656370748e-01
2.370656370656370748e-01
2.401544401544401519e-01
2.301158301158301167e-01
2.223938223938223824e-01
2.285714285714285643e-01
2.200772200772200815e-01
2.355212355212355224e-01
2.324324324324324453e-01
2.223938223938223824e-01
2.316602316602316691e-01
2.386100386100385995e-01
2.393822393822393757e-01
2.378378378378378510e-01
2.193050193050193053e-01
1.992277992277992349e-01
2.270270270270270396e-01
2.185328185328185291e-01
2.092664092664092701e-01
2.131274131274131234e-01
2.015444015444015358e-01
2.138996138996138996e-01
2.308880308880308929e-01
2.030888030888030882e-01
2.100386100386100463e-01
2.216216216216216339e-01
2.069498069498069415e-01
2.200772200772200815e-01
2.115830115830115710e-01
2.154440154440154520e-01
2.069498069498069415e-01
2.223938223938223824e-01
1.984555984555984587e-01
2.146718146718146758e-01
2.000000000000000111e-01
2.231660231660231586e-01
2.208494208494208577e-01
2.301158301158301167e-01
2.231660231660231586e-01
2.169884169884169767e-01
2.162162162162162282e-01
2.092664092664092701e-01
1.992277992277992349e-01
1.899613899613899481e-01
2.108108108108108225e-01
2.146718146718146758e-01
2.146718146718146758e-01
2.154440154440154520e-01
2.169884169884169767e-01
2.115830115830115710e-01
2.084942084942084939e-01
2.015444015444015358e-01
1.976833976833976825e-01
1.961389961389961301e-01
