1.000000000000000000e+00
7.889705882352940902e-01
7.102941176470588536e-01
6.871323529411764719e-01
6.558823529411764719e-01
6.334558823529411464e-01
6.029411764705882026e-01
5.591911764705882470e-01
5.522058823529412130e-01
5.378676470588235059e-01
5.180147058823529882e-01
4.882352941176470451e-01
4.911764705882352700e-01
4.558823529411764608e-01
4.308823529411764941e-01
4.488970588235294268e-01
4.080882352941176405e-01
4.154411764705882582e-01
3.856617647058823706e-01
3.897058823529411797e-01
3.860294117647058987e-01
3.624999999999999889e-01
3.610294117647058765e-01
3.448529411764705843e-01
3.367647058823529660e-01
3.327205882352941013e-01
3.250000000000000111e-01
3.187499999999999778e-01
3.091911764705882470e-01
3.062500000000000222e-01
2.999999999999999889e-01
3.014705882352941013e-01
2.849264705882352811e-01
2.845588235294117530e-01
2.705882352941176294e-01
2.676470588235294046e-01
2.632352941176470673e-01
2.529411764705882248e-01
2.599264705882353144e-01
2.485294117647058876e-01
2.448529411764705788e-01
2.330882352941176516e-01
2.341911764705882359e-01
2.393382352941176572e-01
2.275735294117647023e-01
2.231617647058823650e-01
2.216911764705882248e-01
2.099264705882352977e-01
2.102941176470588258e-01
2.066176470588235170e-01
1.988970588235293990e-01
1.889705882352941124e-01
1.955882352941176461e-01
1.878676470588235281e-01
1.919117647058823650e-01
1.819852941176470507e-01
1.860294117647058876e-01
1.841911764705882470e-01
1.691176470588235392e-01
1.727941176470588203e-01
1.658088235294117585e-01
1.676470588235293990e-01
1.595588235294117530e-01
1.672794117647058709e-01
1.595588235294117530e-01
1.573529411764705843e-01
1.536764705882353033e-01
1.518382352941176350e-01
1.437499999999999889e-01
1.444852941176470451e-01
1.330882352941176461e-01
1.448529411764706010e-01
1.356617647058823428e-01
1.363970588235293990e-01
1.386029411764705954e-01
1.426470588235294046e-01
1.308823529411764774e-01
1.294117647058823650e-01
1.283088235294117530e-01
1.305147058823529493e-01
1.319852941176470618e-01
1.312500000000000056e-01
1.205882352941176489e-01
1.158088235294117696e-01
1.187499999999999944e-01
1.187499999999999944e-01
1.113970588235294185e-01
1.095588235294117641e-01
1.091911764705882359e-01
1.180147058823529382e-01
1.055147058823529410e-01
1.121323529411764747e-01
1.191176470588235226e-01
1.029411764705882304e-01
1.091911764705882359e-01
1.110294117647058765e-01
1.051470588235294129e-01
1.036764705882353005e-01
1.084558823529411797e-01
1.033088235294117585e-01
1.003676470588235337e-01
1.062499999999999972e-01
9.926470588235293546e-02
9.779411764705882304e-02
9.816176470588235115e-02
9.191176470588235947e-02
9.558823529411764053e-02
9.264705882352941568e-02
9.191176470588235947e-02
9.926470588235293546e-02
8.823529411764706454e-02
8.897058823529412075e-02
9.669117647058823872e-02
9.705882352941176683e-02
9.154411764705881749e-02
8.749999999999999445e-02
8.749999999999999445e-02
8.161764705882353088e-02
8.897058823529412075e-02
8.419117647058824150e-02
8.345588235294117141e-02
8.088235294117647467e-02
8.529411764705882582e-02
7.977941176470587648e-02
7.977941176470587648e-02
7.757352941176470784e-02
7.757352941176470784e-02
7.757352941176470784e-02
8.051470588235294656e-02
7.095588235294117418e-02
6.948529411764706176e-02
6.911764705882353366e-02
7.242647058823530049e-02
6.764705882352940736e-02
7.499999999999999722e-02
6.654411764705882304e-02
7.610294117647058154e-02
7.389705882352941291e-02
7.536764705882352533e-02
6.985294117647058987e-02
7.279411764705882859e-02
6.250000000000000000e-02
6.360294117647058432e-02
6.580882352941176683e-02
6.360294117647058432e-02
6.213235294117647189e-02
6.286764705882352811e-02
6.323529411764705621e-02
6.397058823529411242e-02
5.992647058823529632e-02
7.022058823529411797e-02
6.544117647058823872e-02
6.470588235294118251e-02
5.882352941176470507e-02
6.066176470588235253e-02
6.066176470588235253e-02
6.066176470588235253e-02
5.698529411764705760e-02
5.698529411764705760e-02
5.808823529411764885e-02
5.477941176470588203e-02
5.882352941176470507e-02
5.698529411764705760e-02
5.367647058823529077e-02
5.330882352941176267e-02
5.919117647058823317e-02
5.772058823529412075e-02
5.992647058823529632e-02
6.029411764705882443e-02
5.808823529411764885e-02
5.220588235294117835e-02
5.367647058823529077e-02
5.404411764705882582e-02
5.330882352941176267e-02
5.183823529411765024e-02
5.073529411764705899e-02
5.183823529411765024e-02
5.441176470588235392e-02
5.551470588235293824e-02
5.000000000000000278e-02
5.036764705882353088e-02
5.220588235294117835e-02
4.926470588235293963e-02
5.110294117647058709e-02
5.147058823529411520e-02
5.073529411764705899e-02
5.036764705882353088e-02
4.926470588235293963e-02
4.889705882352941152e-02
4.889705882352941152e-02
4.742647058823529216e-02
5.183823529411765024e-02
5.257352941176470645e-02
5.110294117647058709e-02
5.000000000000000278e-02
5.036764705882353088e-02
4.852941176470588341e-02
4.595588235294117974e-02
4.852941176470588341e-02
5.036764705882353088e-02
4.558823529411764469e-02
4.632352941176470784e-02
4.411764705882353227e-02
4.485294117647058848e-02
4.485294117647058848e-02
4.191176470588234976e-02
4.338235294117646912e-02
4.117647058823529355e-02
4.522058823529411659e-02
4.117647058823529355e-02
4.044117647058823733e-02
4.117647058823529355e-02
4.117647058823529355e-02
3.786764705882352672e-02
3.897058823529411797e-02
4.374999999999999722e-02
4.374999999999999722e-02
4.080882352941176544e-02
4.154411764705882165e-02
3.860294117647058987e-02
4.191176470588234976e-02
3.713235294117647051e-02
3.823529411764706176e-02
3.639705882352941430e-02
3.933823529411764608e-02
3.713235294117647051e-02
3.639705882352941430e-02
3.345588235294117557e-02
3.419117647058823872e-02
3.455882352941176683e-02
3.161764705882352811e-02
3.529411764705882304e-02
3.382352941176470368e-02
3.345588235294117557e-02
3.051470588235294032e-02
2.904411764705882443e-02
2.757352941176470507e-02
2.794117647058823664e-02
2.500000000000000139e-02
3.014705882352941221e-02
2.610294117647058917e-02
2.720588235294117696e-02
2.904411764705882443e-02
3.014705882352941221e-02
2.720588235294117696e-02
3.088235294117647189e-02
3.014705882352941221e-02
2.977941176470588064e-02
3.088235294117647189e-02
3.051470588235294032e-02
3.014705882352941221e-02
2.757352941176470507e-02
2.867647058823529285e-02
2.867647058823529285e-02
2.683823529411764539e-02
2.683823529411764539e-02
2.941176470588235253e-02
2.683823529411764539e-02
3.014705882352941221e-02
2.867647058823529285e-02
2.610294117647058917e-02
2.352941176470588203e-02
2.500000000000000139e-02
2.720588235294117696e-02
2.426470588235294171e-02
2.647058823529411728e-02
2.058823529411764677e-02
2.867647058823529285e-02
2.610294117647058917e-02
2.867647058823529285e-02
3.088235294117647189e-02
2.536764705882352949e-02
3.125000000000000000e-02
2.683823529411764539e-02
2.500000000000000139e-02
2.647058823529411728e-02
2.352941176470588203e-02
2.426470588235294171e-02
2.573529411764705760e-02
2.573529411764705760e-02
2.205882352941176613e-02
2.573529411764705760e-02
2.352941176470588203e-02
2.279411764705882235e-02
2.279411764705882235e-02
2.389705882352941013e-02
2.169117647058823456e-02
2.389705882352941013e-02
2.463235294117646981e-02
2.536764705882352949e-02
2.426470588235294171e-02
2.500000000000000139e-02
2.352941176470588203e-02
2.242647058823529424e-02
1.985294117647058709e-02
2.169117647058823456e-02
2.169117647058823456e-02
2.205882352941176613e-02
2.352941176470588203e-02
1.838235294117647120e-02
2.352941176470588203e-02
2.352941176470588203e-02
2.169117647058823456e-02
1.764705882352941152e-02
1.801470588235293963e-02
1.911764705882353088e-02
1.801470588235293963e-02
2.022058823529411867e-02
1.838235294117647120e-02
1.727941176470588341e-02
1.838235294117647120e-02
1.617647058823529563e-02
2.169117647058823456e-02
1.801470588235293963e-02
1.727941176470588341e-02
1.911764705882353088e-02
1.985294117647058709e-02
1.691176470588235184e-02
1.617647058823529563e-02
1.654411764705882373e-02
1.580882352941176405e-02
2.169117647058823456e-02
1.654411764705882373e-02
1.727941176470588341e-02
1.544117647058823595e-02
1.764705882352941152e-02
1.764705882352941152e-02
1.580882352941176405e-02
1.544117647058823595e-02
1.323529411764705864e-02
1.323529411764705864e-02
1.397058823529411832e-02
1.323529411764705864e-02
1.580882352941176405e-02
1.470588235294117627e-02
1.286764705882352880e-02
1.397058823529411832e-02
1.250000000000000069e-02
1.360294117647058848e-02
1.507352941176470611e-02
1.397058823529411832e-02
1.360294117647058848e-02
1.250000000000000069e-02
1.213235294117647085e-02
1.397058823529411832e-02
1.507352941176470611e-02
1.250000000000000069e-02
1.433823529411764643e-02
1.654411764705882373e-02
1.544117647058823595e-02
1.507352941176470611e-02
1.250000000000000069e-02
1.470588235294117627e-02
1.176470588235294101e-02
1.250000000000000069e-02
1.176470588235294101e-02
1.507352941176470611e-02
1.397058823529411832e-02
1.250000000000000069e-02
1.176470588235294101e-02
1.066176470588235323e-02
9.558823529411765441e-03
1.066176470588235323e-02
8.823529411764705760e-03
1.176470588235294101e-02
9.926470588235293546e-03
1.139705882352941117e-02
1.213235294117647085e-02
9.926470588235293546e-03
8.088235294117647814e-03
1.102941176470588307e-02
1.102941176470588307e-02
1.139705882352941117e-02
1.066176470588235323e-02
9.926470588235293546e-03
1.066176470588235323e-02
1.066176470588235323e-02
9.926470588235293546e-03
8.823529411764705760e-03
9.926470588235293546e-03
9.558823529411765441e-03
7.720588235294117974e-03
8.455882352941175920e-03
1.029411764705882339e-02
9.558823529411765441e-03
8.455882352941175920e-03
9.558823529411765441e-03
1.102941176470588307e-02
9.926470588235293546e-03
8.823529411764705760e-03
9.191176470588235600e-03
9.191176470588235600e-03
1.066176470588235323e-02
9.558823529411765441e-03
8.823529411764705760e-03
9.926470588235293546e-03
1.102941176470588307e-02
1.029411764705882339e-02
1.029411764705882339e-02
1.066176470588235323e-02
1.029411764705882339e-02
