1.000000000000000000e+00
8.148148148148147696e-01
7.459719606612261744e-01
7.181418706842435107e-01
6.718978865871521045e-01
6.415568110483365061e-01
6.164469554300062715e-01
5.976145637162586510e-01
5.777359280184138912e-01
5.595312826951245322e-01
5.467671060891400314e-01
5.212387528771709189e-01
4.942456580874660110e-01
4.837832182464950614e-01
4.720652856246076445e-01
4.597196066122619662e-01
4.461184348189997650e-01
4.283322870893492285e-01
4.216363255911278474e-01
4.180790960451977178e-01
3.986189579409918360e-01
3.860640301318267187e-01
3.772755806654111699e-01
3.871102741159238581e-01
3.596986817325800168e-01
3.477715003138732164e-01
3.427495291902071806e-01
3.247541326637372050e-01
3.268466206319313727e-01
3.222431471019041593e-01
3.239171374764595046e-01
3.203599079305293751e-01
3.008997698263234932e-01
2.933668131408244673e-01
2.793471437539233881e-01
2.829043732998535177e-01
2.785101485666457433e-01
2.573760200878845161e-01
2.632349863988281968e-01
2.571667712910650772e-01
2.494245658087466122e-01
2.431471019041640536e-01
2.515170537769407799e-01
2.456580874659970715e-01
2.427286043105252034e-01
2.257794517681523394e-01
2.328939108600125429e-01
2.314291692822766366e-01
2.238962125967775552e-01
2.218037246285833874e-01
2.048545720862104957e-01
2.073655576480435136e-01
2.096672944130571203e-01
2.059008160703076074e-01
2.084118016321406253e-01
1.977401129943502922e-01
1.876961707470181928e-01
1.983678593848085259e-01
1.849759363883657637e-01
1.837204436074492686e-01
1.830926972169910072e-01
1.747227453442142808e-01
1.793262188742414664e-01
1.740949989537560194e-01
1.738857501569366082e-01
1.673990374555346383e-01
1.623770663318686025e-01
1.648880518937016204e-01
1.573550952082025667e-01
1.558903536304666326e-01
1.607030759573132572e-01
1.510776313036200080e-01
1.514961288972588305e-01
1.483573969449675789e-01
1.468926553672316448e-01
1.500313873195229242e-01
1.437539234149403655e-01
1.410336890562879364e-01
1.422891818372044315e-01
1.301527516216781644e-01
1.305712492153170146e-01
1.245030341075538810e-01
1.242937853107344698e-01
1.257585268884703900e-01
1.201088093743460927e-01
1.173885750156936636e-01
1.146683406570412206e-01
1.161330822347771546e-01
1.178070726093324999e-01
1.201088093743460927e-01
1.171793262188742385e-01
1.140405942665829730e-01
1.104833647206528574e-01
1.113203599079305300e-01
1.031596568319732149e-01
9.960242728604309925e-02
1.044151496128897239e-01
1.000209248796819356e-01
1.006486712701401970e-01
9.939317848922368803e-02
1.023226616446955423e-01
1.002301736765013607e-01
1.019041640510567059e-01
9.499895375601589975e-02
1.019041640510567059e-01
9.688219292739067012e-02
8.913998744507219130e-02
8.704749947687800971e-02
9.123247541326637289e-02
8.767524586733625724e-02
8.641975308641974829e-02
9.060472902280812535e-02
8.516426030550323933e-02
8.160703075957313757e-02
8.893073864825276620e-02
8.683825068005858461e-02
8.411801632140615548e-02
8.056078677547603983e-02
7.930529399455953088e-02
8.223477715003138511e-02
8.077003557229546493e-02
7.616656204226825155e-02
8.432726511822556670e-02
7.512031805817116770e-02
7.532956685499057892e-02
7.553881565181000401e-02
7.512031805817116770e-02
7.553881565181000401e-02
7.114459091860221573e-02
7.009834693450513188e-02
7.365557648043523364e-02
7.281858129315756101e-02
7.156308851224105205e-02
7.177233730906047715e-02
6.633186859175559114e-02
6.444862942038083464e-02
6.800585896631095029e-02
7.114459091860221573e-02
6.779661016949152519e-02
6.486712701401967096e-02
6.758736137267211397e-02
6.591337099811675482e-02
6.695961498221385255e-02
6.151914626490897348e-02
5.670642393806235582e-02
6.256539024900606427e-02
6.361163423310316201e-02
6.633186859175559114e-02
5.838041431261770109e-02
6.172839506172839164e-02
5.775266792215944661e-02
5.545093115714584686e-02
5.796191671897886477e-02
5.545093115714584686e-02
6.486712701401967096e-02
5.942665829671479188e-02
6.068215107763130084e-02
6.068215107763130084e-02
5.503243356350701054e-02
5.942665829671479188e-02
5.900816070307595557e-02
5.628792634442351950e-02
5.252144800167399263e-02
5.691567273488177398e-02
5.607867754760410134e-02
5.042896003347980410e-02
5.419543837622933791e-02
5.189370161121573816e-02
5.147520401757690184e-02
4.875496965892445883e-02
5.168445281439632000e-02
5.168445281439632000e-02
4.749947687800794988e-02
4.938271604938271331e-02
4.645323289391085908e-02
5.231219920485457447e-02
4.791797447164678619e-02
4.666248169073027724e-02
4.812722326846620435e-02
4.980121364302154963e-02
4.540698890981376828e-02
4.603473530027202276e-02
4.373299853525842301e-02
4.791797447164678619e-02
4.498849131617493197e-02
4.373299853525842301e-02
4.310525214480016853e-02
4.289600334798075038e-02
4.498849131617493197e-02
4.122201297342540510e-02
4.038501778614773247e-02
4.080351537978656878e-02
4.101276417660598694e-02
4.122201297342540510e-02
4.101276417660598694e-02
3.933877380205064167e-02
4.059426658296715063e-02
3.745553463067587130e-02
3.975727139568947799e-02
3.599079305293994419e-02
3.682778824021761682e-02
3.892027620841179841e-02
3.912952500523121657e-02
3.996652019250889615e-02
3.264281230382925364e-02
3.138731952291274468e-02
3.055032433563506858e-02
3.327055869428750812e-02
3.075957313245448674e-02
3.201506591337099916e-02
3.327055869428750812e-02
3.159656831973216284e-02
3.285206110064867180e-02
3.285206110064867180e-02
3.034107553881565042e-02
3.138731952291274468e-02
3.201506591337099916e-02
2.992257794517681410e-02
3.515379786566227155e-02
3.327055869428750812e-02
3.222431471019041732e-02
2.950408035153797778e-02
3.075957313245448674e-02
3.180581711655158100e-02
3.096882192927390837e-02
2.929483155471855962e-02
2.950408035153797778e-02
2.929483155471855962e-02
2.678384599288554171e-02
2.845783636744088699e-02
2.803933877380205067e-02
2.552835321196903276e-02
3.096882192927390837e-02
3.285206110064867180e-02
2.657459719606612356e-02
2.280811885331659322e-02
2.636534839924670540e-02
2.699309478970495987e-02
2.678384599288554171e-02
2.615609960242728724e-02
2.762084118016321435e-02
2.573760200878845092e-02
3.013182674199623226e-02
2.552835321196903276e-02
2.720234358652437803e-02
2.950408035153797778e-02
2.762084118016321435e-02
3.159656831973216284e-02
2.887633396107972331e-02
2.678384599288554171e-02
3.034107553881565042e-02
2.615609960242728724e-02
2.510985561833019297e-02
2.741159238334379619e-02
2.552835321196903276e-02
2.845783636744088699e-02
2.803933877380205067e-02
2.929483155471855962e-02
3.096882192927390837e-02
2.552835321196903276e-02
2.887633396107972331e-02
2.887633396107972331e-02
2.720234358652437803e-02
2.531910441514961460e-02
2.280811885331659322e-02
2.678384599288554171e-02
2.594685080560786908e-02
2.657459719606612356e-02
2.490060682151077481e-02
2.301736765013601138e-02
2.510985561833019297e-02
2.280811885331659322e-02
2.510985561833019297e-02
2.364511404059426586e-02
2.490060682151077481e-02
2.448210922787193849e-02
2.259887005649717506e-02
2.134337727558066611e-02
2.176187486921950243e-02
2.197112366603892059e-02
2.448210922787193849e-02
2.636534839924670540e-02
2.343586524377484770e-02
2.134337727558066611e-02
2.155262607240008427e-02
2.008788449466415715e-02
1.841389412010880841e-02
1.946013810420589921e-02
2.238962125967775690e-02
2.364511404059426586e-02
2.218037246285833874e-02
1.904164051056706289e-02
2.322661644695542954e-02
2.071563088512241163e-02
2.029713329148357531e-02
1.799539652646997209e-02
1.946013810420589921e-02
1.841389412010880841e-02
1.925088930738648105e-02
2.050638208830299347e-02
1.925088930738648105e-02
2.134337727558066611e-02
1.799539652646997209e-02
1.820464532328939025e-02
2.071563088512241163e-02
1.966938690102532084e-02
2.155262607240008427e-02
2.008788449466415715e-02
2.113412847876124795e-02
1.778614772965055393e-02
2.092487968194182979e-02
1.946013810420589921e-02
1.883239171374764473e-02
2.301736765013601138e-02
2.238962125967775690e-02
1.987863569784473899e-02
2.092487968194182979e-02
2.029713329148357531e-02
2.155262607240008427e-02
2.301736765013601138e-02
2.134337727558066611e-02
2.113412847876124795e-02
2.155262607240008427e-02
2.029713329148357531e-02
2.155262607240008427e-02
2.092487968194182979e-02
2.113412847876124795e-02
1.883239171374764473e-02
2.029713329148357531e-02
1.946013810420589921e-02
2.008788449466415715e-02
1.946013810420589921e-02
1.966938690102532084e-02
1.904164051056706289e-02
1.694915254237288130e-02
1.757689893283113577e-02
1.841389412010880841e-02
1.527516216781753429e-02
1.485666457417869797e-02
1.360117179326218902e-02
1.464741577735927981e-02
1.360117179326218902e-02
1.778614772965055393e-02
1.632140615191462682e-02
1.653065494873404498e-02
1.464741577735927981e-02
1.715840133919229946e-02
1.694915254237288130e-02
1.673990374555346314e-02
1.548441096463695418e-02
1.653065494873404498e-02
1.569365976145637234e-02
1.464741577735927981e-02
1.569365976145637234e-02
1.569365976145637234e-02
1.736765013601171762e-02
1.527516216781753429e-02
1.778614772965055393e-02
1.925088930738648105e-02
1.862314291692822657e-02
1.862314291692822657e-02
1.841389412010880841e-02
1.820464532328939025e-02
1.569365976145637234e-02
1.527516216781753429e-02
1.778614772965055393e-02
1.590290855827579050e-02
1.778614772965055393e-02
1.485666457417869797e-02
1.715840133919229946e-02
1.422891818372044349e-02
1.632140615191462682e-02
1.318267419962335270e-02
1.485666457417869797e-02
1.401966938690102533e-02
1.694915254237288130e-02
1.443816698053986165e-02
1.548441096463695418e-02
1.778614772965055393e-02
1.464741577735927981e-02
1.443816698053986165e-02
1.401966938690102533e-02
1.527516216781753429e-02
1.506591337099811613e-02
1.757689893283113577e-02
1.632140615191462682e-02
1.443816698053986165e-02
1.590290855827579050e-02
1.443816698053986165e-02
1.506591337099811613e-02
1.422891818372044349e-02
1.715840133919229946e-02
1.318267419962335270e-02
1.464741577735927981e-02
1.276417660598451638e-02
1.255492780916509649e-02
1.318267419962335270e-02
1.464741577735927981e-02
1.360117179326218902e-02
1.150868382506800569e-02
1.213643021552626017e-02
