1.000000000000000000e+00
8.295417078799868227e-01
7.711836465545663932e-01
7.408506429277942340e-01
6.902406857896472570e-01
6.630398944939004391e-01
6.285855588526211291e-01
6.140784701615562557e-01
6.088031651829871604e-01
5.862182657434883426e-01
5.741839762611276043e-01
5.476425980877019928e-01
5.270359380151664608e-01
5.067589845037916430e-01
5.003297065611606032e-01
4.876360039564787141e-01
4.858226178700956188e-01
4.698318496538080868e-01
4.531816683151994596e-01
4.437850313221233245e-01
4.355423672931091339e-01
4.416419386745796261e-01
4.324101549620837370e-01
4.136168809759314113e-01
4.030662710187932762e-01
3.936696340257170856e-01
3.811407847016155537e-01
3.766897461259479107e-01
3.775140125288493076e-01
3.618529508737223788e-01
3.486646884272996960e-01
3.465215957797559976e-01
3.420705572040883546e-01
3.305308275634685211e-01
3.232772832179360289e-01
3.227827233761951797e-01
3.114078470161556478e-01
3.148697659083415923e-01
3.081107814045499493e-01
3.020112100230794572e-01
2.909660402242004729e-01
2.937685459940652666e-01
2.838773491592482823e-01
2.936036927134850205e-01
2.827233761951862823e-01
2.739861523244312425e-01
2.685459940652819011e-01
2.678865809429607503e-01
2.558522914606000676e-01
2.527200791295746707e-01
2.443125618199802063e-01
2.490933069568084524e-01
2.457962413452027817e-01
2.403560830860534125e-01
2.433234421364985078e-01
2.309594460929772497e-01
2.250247279920870314e-01
2.298054731289152774e-01
2.156280909990108685e-01
2.184305967688756900e-01
2.233761951862842099e-01
2.192548631717771146e-01
2.065611605670952811e-01
2.108473458621826502e-01
2.111770524233432256e-01
2.134849983514671978e-01
1.989779096604022413e-01
2.006264424662050905e-01
1.946917243653148721e-01
1.890867128255852292e-01
1.922189251566106261e-01
1.871084734586218323e-01
1.905703923508077768e-01
1.871084734586218323e-01
1.922189251566106261e-01
1.874381800197823800e-01
1.798549291130893402e-01
1.785361028684470941e-01
1.727662380481371496e-01
1.704582921200131773e-01
1.707879986811737527e-01
1.732607978898779988e-01
1.681503461918892051e-01
1.566106165512693715e-01
1.579294427959116454e-01
1.577645895153313438e-01
1.561160567095285223e-01
1.566106165512693715e-01
1.582591493570721930e-01
1.506758984503791532e-01
1.435872073854269626e-01
1.462248598747115103e-01
1.463897131552917841e-01
1.419386745796241411e-01
1.447411803494889626e-01
1.399604352126607443e-01
1.343554236729311013e-01
1.391361688097593197e-01
1.294098252555225814e-01
1.350148367952522244e-01
1.312232113419057045e-01
1.307286515001648552e-01
1.355093966369930736e-01
1.302340916584240060e-01
1.297395318166831568e-01
1.228156940323112400e-01
1.241345202769535139e-01
1.242993735575338016e-01
1.170458292120013233e-01
1.201780415430267063e-01
1.183646554566435832e-01
1.150675898450379125e-01
1.101219914276294065e-01
1.129244971974942280e-01
1.102868447082096942e-01
1.055060995713814759e-01
1.101219914276294065e-01
1.127596439169139403e-01
1.051763930102209005e-01
1.122650840751730911e-01
1.130893504780745157e-01
1.086383119024068589e-01
1.081437520606660097e-01
1.038575667655786405e-01
1.084734586218265712e-01
1.036927134849983528e-01
1.002307945928123945e-01
9.693372898120672376e-02
9.907682162875040832e-02
9.215298384437850543e-02
9.446092977250247769e-02
9.561490273656446381e-02
9.231783712495879313e-02
9.479063633366303920e-02
9.330695680844049156e-02
8.621826574348830097e-02
8.605341246290801327e-02
8.358061325420375332e-02
8.391031981536432871e-02
8.292120013188263028e-02
8.094296076491921954e-02
8.424002637652489023e-02
8.094296076491921954e-02
8.720738542696999940e-02
8.951533135509397165e-02
7.781074843389383655e-02
7.879986811737553498e-02
7.830530827563468577e-02
7.665677546983185042e-02
7.896472139795582268e-02
7.962413452027695959e-02
7.797560171447412425e-02
7.814045499505439807e-02
7.978898780085723341e-02
8.028354764259808263e-02
7.962413452027695959e-02
8.110781404549950724e-02
8.028354764259808263e-02
7.187603033300363209e-02
7.616221562809100121e-02
7.368941641938674125e-02
7.764589515331354885e-02
6.956808440487965983e-02
6.890867128255852292e-02
7.055720408836135826e-02
6.973293768545994753e-02
6.643587207385426296e-02
6.841411144081767370e-02
7.154632377184305669e-02
6.544675239037256453e-02
6.890867128255852292e-02
6.412792614573030459e-02
6.544675239037256453e-02
6.462248598747115380e-02
6.181998021760633233e-02
6.429277942631057841e-02
6.495219254863171532e-02
6.412792614573030459e-02
6.033630069238377774e-02
5.786350148367952473e-02
5.934718100890207931e-02
5.572040883613584017e-02
5.522584899439499095e-02
5.654467523903725784e-02
5.308275634685129946e-02
5.951203428948236007e-02
5.555555555555555247e-02
5.703923508077810706e-02
5.786350148367952473e-02
5.786350148367952473e-02
5.918232772832179162e-02
5.539070227497527171e-02
5.819320804484009318e-02
5.605011539729640863e-02
5.720408836135838782e-02
5.489614243323442250e-02
5.835806132542037394e-02
5.588526211671612093e-02
5.209363666336960103e-02
5.407187603033300483e-02
5.456643587207385404e-02
5.572040883613584017e-02
5.555555555555555247e-02
5.324760962743158715e-02
4.879657105176393034e-02
5.159907682162875181e-02
4.978569073524562877e-02
5.308275634685129946e-02
5.159907682162875181e-02
4.929113089350477955e-02
4.879657105176393034e-02
4.714803824596109499e-02
4.780745136828223191e-02
4.797230464886251267e-02
4.797230464886251267e-02
4.566435872073854041e-02
4.665347840422024578e-02
4.582921200131882811e-02
4.731289152654137575e-02
5.060995713814704644e-02
4.549950544015825965e-02
4.516979887899769119e-02
4.764259808770194421e-02
4.269699967029343818e-02
4.780745136828223191e-02
4.681833168480052654e-02
4.451038575667656122e-02
4.236729310913286972e-02
4.253214638971315742e-02
4.830201121002308112e-02
4.714803824596109499e-02
4.830201121002308112e-02
4.533465215957797889e-02
4.220243982855258896e-02
4.714803824596109499e-02
4.335641279261457509e-02
4.286185295087371894e-02
4.484009231783712274e-02
3.874052093636663058e-02
4.269699967029343818e-02
3.989449390042861671e-02
4.071876030333003438e-02
4.071876030333003438e-02
4.203758654797230127e-02
3.939993405868776749e-02
4.005934718100890440e-02
3.742169469172436369e-02
4.022420046158918516e-02
3.874052093636663058e-02
3.791625453346521291e-02
4.005934718100890440e-02
3.643257500824266526e-02
3.907022749752719903e-02
3.956478733926804825e-02
3.824596109462578136e-02
3.775140125288493215e-02
3.824596109462578136e-02
3.857566765578634982e-02
3.725684141114408293e-02
3.874052093636663058e-02
3.742169469172436369e-02
3.725684141114408293e-02
3.890537421694691828e-02
3.956478733926804825e-02
3.643257500824266526e-02
3.709198813056379523e-02
3.280580283547642612e-02
3.379492251895812455e-02
3.626772172766237756e-02
3.560830860534124759e-02
3.560830860534124759e-02
3.346521595779756303e-02
3.742169469172436369e-02
3.445433564127926146e-02
3.461918892185954222e-02
3.791625453346521291e-02
3.560830860534124759e-02
3.692713484998351448e-02
3.758654797230465139e-02
3.544345532476095989e-02
3.857566765578634982e-02
3.626772172766237756e-02
3.478404220243982992e-02
3.626772172766237756e-02
3.610286844708209680e-02
3.610286844708209680e-02
3.593801516650181604e-02
3.544345532476095989e-02
3.412462908011869300e-02
3.181668315199472769e-02
3.148697659083415923e-02
3.049785690735245733e-02
3.165182987141443999e-02
2.901417738212990274e-02
3.033300362677217310e-02
2.934388394329047120e-02
2.835476425980876930e-02
2.588196505110451628e-02
2.802505769864820431e-02
2.538740520936366707e-02
2.753049785690735163e-02
2.522255192878338284e-02
2.736564457632706740e-02
2.720079129574678664e-02
2.423343224530168094e-02
2.687108473458621818e-02
2.687108473458621818e-02
2.786020441806792008e-02
2.786020441806792008e-02
2.604681833168480051e-02
2.604681833168480051e-02
2.357401912298054750e-02
2.753049785690735163e-02
2.687108473458621818e-02
2.604681833168480051e-02
2.538740520936366707e-02
2.621167161226508474e-02
2.868447082096933776e-02
2.637652489284536897e-02
2.571711177052423206e-02
2.687108473458621818e-02
2.736564457632706740e-02
2.538740520936366707e-02
2.851961754038905353e-02
2.851961754038905353e-02
2.637652489284536897e-02
2.538740520936366707e-02
2.555225848994395130e-02
2.637652489284536897e-02
2.472799208704253363e-02
2.505769864820309861e-02
2.654137817342564973e-02
2.489284536762281438e-02
2.571711177052423206e-02
2.390372568414111595e-02
2.472799208704253363e-02
2.472799208704253363e-02
2.406857896472139671e-02
2.439828552588196517e-02
2.373887240356083173e-02
2.291460600065941405e-02
2.291460600065941405e-02
2.357401912298054750e-02
2.143092647543685947e-02
2.060666007253544180e-02
2.077151335311572602e-02
1.945268710847345914e-02
2.209033959775799638e-02
2.274975272007912983e-02
2.242004615891856137e-02
2.110121991427629448e-02
2.225519287833828061e-02
2.011210023079459258e-02
1.994724695021430835e-02
2.192548631717771215e-02
2.192548631717771215e-02
2.225519287833828061e-02
2.209033959775799638e-02
2.423343224530168094e-02
2.027695351137487681e-02
2.176063303659742793e-02
2.373887240356083173e-02
2.291460600065941405e-02
2.225519287833828061e-02
2.060666007253544180e-02
2.274975272007912983e-02
2.307945928123969828e-02
2.225519287833828061e-02
2.555225848994395130e-02
2.307945928123969828e-02
2.060666007253544180e-02
2.027695351137487681e-02
2.159577975601714370e-02
2.027695351137487681e-02
2.159577975601714370e-02
2.060666007253544180e-02
2.159577975601714370e-02
2.143092647543685947e-02
1.780415430267062379e-02
1.961754038905374337e-02
1.961754038905374337e-02
2.027695351137487681e-02
1.961754038905374337e-02
2.011210023079459258e-02
2.159577975601714370e-02
1.846356742499175724e-02
2.011210023079459258e-02
2.060666007253544180e-02
1.961754038905374337e-02
2.027695351137487681e-02
2.060666007253544180e-02
1.928783382789317491e-02
1.813386086383118878e-02
1.928783382789317491e-02
1.747444774151005534e-02
2.060666007253544180e-02
1.912298054731289068e-02
1.879327398615232569e-02
1.912298054731289068e-02
1.714474118034949035e-02
1.895812726673260645e-02
