1.000000000000000000e+00
7.980508933405522365e-01
7.412019491066594856e-01
6.897671900378993248e-01
6.561992420140768667e-01
6.293990254466702572e-01
5.944775311315646515e-01
5.798592311857065917e-01
5.606388738494856305e-01
5.335679480238224581e-01
5.170546832701677920e-01
4.924201407688142962e-01
4.794260963724959468e-01
4.656199242014076867e-01
4.537087168381158664e-01
4.187872225230102607e-01
4.244721169463995802e-01
4.114780725500812308e-01
3.930698429886302359e-01
3.865728207904710612e-01
3.865728207904710612e-01
3.757444504602057145e-01
3.730373578776394194e-01
3.597726042230644516e-01
3.513806172171088371e-01
3.400108283703302536e-01
3.305360043313481100e-01
3.080671358960476724e-01
3.343259339469409896e-01
3.059014618299945587e-01
3.061721710882512326e-01
2.988630211153221472e-01
2.864103952355170346e-01
2.839740119112073580e-01
2.831618841364374473e-01
2.815376285868976813e-01
2.818083378451542997e-01
2.569030860855441301e-01
2.604223064428803358e-01
2.528424472116946320e-01
2.536545749864645427e-01
2.398484028153762826e-01
2.341635083919870186e-01
2.301028695181375205e-01
2.314564158094206958e-01
2.246886843530048750e-01
2.135896047644829376e-01
2.187330806713589648e-01
2.144017325392528484e-01
2.111532214401732610e-01
2.057390362750406154e-01
2.065511640498104984e-01
2.092582566323768212e-01
2.057390362750406154e-01
1.913914455874390907e-01
1.935571196534921490e-01
1.951813752030319427e-01
1.873308067135895927e-01
1.889550622631293864e-01
1.794802382241472705e-01
1.802923659989171534e-01
1.735246345425013603e-01
1.786681104493773597e-01
1.721710882512181851e-01
1.689225771521385977e-01
1.648619382782891274e-01
1.578234975636166881e-01
1.670276123443421856e-01
1.553871142393069837e-01
1.561992420140768945e-01
1.499729290741743382e-01
1.543042772062804546e-01
1.491608012994044274e-01
1.510557661072008673e-01
1.524093123984840148e-01
1.529507309149972794e-01
1.456415809420682217e-01
1.383324309691391363e-01
1.345425013535462844e-01
1.369788846778559888e-01
1.342717920952896660e-01
1.361667569030860780e-01
1.342717920952896660e-01
1.277747698971304913e-01
1.348132106118029305e-01
1.312939902544666970e-01
1.237141310232809932e-01
1.150514347590687603e-01
1.145100162425554957e-01
1.218191662154845673e-01
1.226312939902544641e-01
1.139685977260422312e-01
1.107200866269626438e-01
1.153221440173253926e-01
1.126150514347590698e-01
1.177585273416350831e-01
1.147807255008121280e-01
1.104493773687060115e-01
1.088251218191662179e-01
1.017866811044937786e-01
1.069301570113697919e-01
1.047644829453167337e-01
1.044937736870601014e-01
1.107200866269626438e-01
1.134271792095289666e-01
1.050351922035733659e-01
9.258256632376826722e-02
9.637249593936113301e-02
9.962100703844072036e-02
9.177043854899837039e-02
9.420682187330806090e-02
9.177043854899837039e-02
8.446128857606929885e-02
9.745533297238766213e-02
9.312398484028153178e-02
8.825121819166215076e-02
9.095831077422847355e-02
9.177043854899837039e-02
8.689767190037898936e-02
7.958852192744991783e-02
8.635625338386572480e-02
8.337845154304276973e-02
7.823497563616675643e-02
8.040064970221981466e-02
8.175419599350297606e-02
8.148348673524634378e-02
8.202490525175960834e-02
7.877639415268002099e-02
8.391987005955603429e-02
7.931781266919328555e-02
6.794802382241472982e-02
7.417433676231727224e-02
7.038440714672442033e-02
7.390362750406063996e-02
7.282079047103411085e-02
7.038440714672442033e-02
6.957227937195452350e-02
6.307525717379534880e-02
7.011369788846778806e-02
6.469951272333514247e-02
6.199242014076881274e-02
6.469951272333514247e-02
6.524093123984840703e-02
6.686518678938820071e-02
6.063887384948565135e-02
6.524093123984840703e-02
6.659447753113156843e-02
6.226312939902544502e-02
6.172171088251218046e-02
6.334596643205198108e-02
5.820249052517596083e-02
5.414185165132647665e-02
6.090958310774228363e-02
6.090958310774228363e-02
6.036816459122901907e-02
5.955603681645912223e-02
5.549539794260963804e-02
6.009745533297238679e-02
6.009745533297238679e-02
5.793178126691932855e-02
6.090958310774228363e-02
5.522468868435300576e-02
4.926908500270709562e-02
5.332972387655657981e-02
5.495397942609637348e-02
5.143475906876015386e-02
5.793178126691932855e-02
4.899837574445046334e-02
5.170546832701678613e-02
4.899837574445046334e-02
5.197617758527341841e-02
5.305901461829994753e-02
4.926908500270709562e-02
5.008121277747699246e-02
4.439631835408770766e-02
4.656199242014076589e-02
4.683270167839739817e-02
4.439631835408770766e-02
4.358419057931781082e-02
4.385489983757444310e-02
4.060638873849485575e-02
4.493773687060097222e-02
4.223064428803464943e-02
4.547915538711423677e-02
4.385489983757444310e-02
4.195993502977801715e-02
3.979426096372495891e-02
4.277206280454791398e-02
4.385489983757444310e-02
4.331348132106117854e-02
4.250135354629128170e-02
4.764482945316729501e-02
4.710341093665403045e-02
4.899837574445046334e-02
4.466702761234433994e-02
4.304277206280454626e-02
3.708716838115863612e-02
4.087709799675148803e-02
3.681645912290200384e-02
4.331348132106117854e-02
4.141851651326475259e-02
3.573362208987547473e-02
3.844071467244179752e-02
4.141851651326475259e-02
4.033567948023822347e-02
4.060638873849485575e-02
4.223064428803464943e-02
3.546291283161884245e-02
4.060638873849485575e-02
3.600433134813210700e-02
4.006497022198159119e-02
3.898213318895506208e-02
3.979426096372495891e-02
3.762858689767190068e-02
3.979426096372495891e-02
4.141851651326475259e-02
3.735787763941526840e-02
3.762858689767190068e-02
3.654574986464537156e-02
3.871142393069842980e-02
3.654574986464537156e-02
3.248511099079588738e-02
3.329723876556578421e-02
3.681645912290200384e-02
3.627504060638873928e-02
3.492149431510557789e-02
3.383865728207904877e-02
3.465078505684894561e-02
3.627504060638873928e-02
3.573362208987547473e-02
3.140227395776935826e-02
3.383865728207904877e-02
3.492149431510557789e-02
2.842447211694639972e-02
3.248511099079588738e-02
2.869518137520303200e-02
2.815376285868976744e-02
3.140227395776935826e-02
3.004872766648619339e-02
2.680021656740660604e-02
2.896589063345966428e-02
2.707092582566323832e-02
2.625879805089334149e-02
2.598808879263670921e-02
2.761234434217650288e-02
2.707092582566323832e-02
2.680021656740660604e-02
2.490525175961018009e-02
2.734163508391987060e-02
2.598808879263670921e-02
2.707092582566323832e-02
2.680021656740660604e-02
2.788305360043313516e-02
2.734163508391987060e-02
2.598808879263670921e-02
2.625879805089334149e-02
2.707092582566323832e-02
2.544667027612344465e-02
2.463454250135354781e-02
2.707092582566323832e-02
2.463454250135354781e-02
2.571737953438007693e-02
2.734163508391987060e-02
2.680021656740660604e-02
2.490525175961018009e-02
2.355170546832701522e-02
2.436383324309691553e-02
2.409312398484028325e-02
2.273957769355711839e-02
2.463454250135354781e-02
2.409312398484028325e-02
2.328099621007038295e-02
2.057390362750406015e-02
2.084461288576069243e-02
2.328099621007038295e-02
2.030319436924742788e-02
2.273957769355711839e-02
1.867893881970763420e-02
2.219815917704385383e-02
2.246886843530048611e-02
2.219815917704385383e-02
1.867893881970763420e-02
2.111532214401732471e-02
2.030319436924742788e-02
2.138603140227395699e-02
2.003248511099079560e-02
2.436383324309691553e-02
2.192744991878722155e-02
2.138603140227395699e-02
1.922035733622089876e-02
1.840822956145100192e-02
1.786681104493773736e-02
1.922035733622089876e-02
1.786681104493773736e-02
2.084461288576069243e-02
1.949106659447753104e-02
1.786681104493773736e-02
2.219815917704385383e-02
2.138603140227395699e-02
1.732539252842447280e-02
2.084461288576069243e-02
1.759610178668110508e-02
1.867893881970763420e-02
1.949106659447753104e-02
2.030319436924742788e-02
1.840822956145100192e-02
2.273957769355711839e-02
2.301028695181375067e-02
1.976177585273416332e-02
2.355170546832701522e-02
2.192744991878722155e-02
1.867893881970763420e-02
2.246886843530048611e-02
1.949106659447753104e-02
1.840822956145100192e-02
2.138603140227395699e-02
2.246886843530048611e-02
1.976177585273416332e-02
1.949106659447753104e-02
1.894964807796426648e-02
1.624255549539794369e-02
1.922035733622089876e-02
1.813752030319436964e-02
1.570113697888467913e-02
1.705468327016784053e-02
1.624255549539794369e-02
2.003248511099079560e-02
1.759610178668110508e-02
1.624255549539794369e-02
2.030319436924742788e-02
1.867893881970763420e-02
1.678397401191120825e-02
2.030319436924742788e-02
1.543042772062804512e-02
1.732539252842447280e-02
1.515971846237141284e-02
1.461829994585814828e-02
1.434759068760151600e-02
1.245262587980509005e-02
1.678397401191120825e-02
1.353546291283161916e-02
1.515971846237141284e-02
1.651326475365457597e-02
1.678397401191120825e-02
1.651326475365457597e-02
1.488900920411478056e-02
1.570113697888467913e-02
1.299404439631835460e-02
1.461829994585814828e-02
1.407688142934488372e-02
1.380617217108825144e-02
1.786681104493773736e-02
1.380617217108825144e-02
1.245262587980509005e-02
1.597184623714131141e-02
1.543042772062804512e-02
1.272333513806172232e-02
1.407688142934488372e-02
1.570113697888467913e-02
1.407688142934488372e-02
1.543042772062804512e-02
1.488900920411478056e-02
1.299404439631835460e-02
1.624255549539794369e-02
1.353546291283161916e-02
1.272333513806172232e-02
1.434759068760151600e-02
1.407688142934488372e-02
1.543042772062804512e-02
1.136978884677855919e-02
1.326475365457498688e-02
1.434759068760151600e-02
1.461829994585814828e-02
1.488900920411478056e-02
1.461829994585814828e-02
1.353546291283161916e-02
1.407688142934488372e-02
1.407688142934488372e-02
1.380617217108825144e-02
1.245262587980509005e-02
1.245262587980509005e-02
1.461829994585814828e-02
1.326475365457498688e-02
1.191120736329182375e-02
1.218191662154845777e-02
1.407688142934488372e-02
1.326475365457498688e-02
1.109907958852192691e-02
1.272333513806172232e-02
1.109907958852192691e-02
1.407688142934488372e-02
1.164049810503519147e-02
9.474824038982133240e-03
1.191120736329182375e-02
1.109907958852192691e-02
1.245262587980509005e-02
1.353546291283161916e-02
1.299404439631835460e-02
1.055766107200866236e-02
1.001624255549539780e-02
8.933405522468868681e-03
