1.000000000000000000e+00
8.602354728446638399e-01
8.351690087352829917e-01
8.150398784656285311e-01
8.139004937333840228e-01
7.899734143562475719e-01
7.687048993543486031e-01
7.687048993543486031e-01
7.489555639954424970e-01
7.246486897075579137e-01
7.193315609570831715e-01
7.098366881883783064e-01
7.105962780098746823e-01
6.824914546145082195e-01
6.669198632738321253e-01
6.623623243448537590e-01
6.745157614887959951e-01
6.570451955943790168e-01
6.240030383592859442e-01
6.243828332700341877e-01
6.202050892518040648e-01
5.894417014812001199e-01
6.061526775541207224e-01
6.000759589821496043e-01
5.890619065704519874e-01
5.974173946069122332e-01
5.890619065704519874e-01
5.974173946069122332e-01
5.981769844284086091e-01
5.807064185339916307e-01
5.708317508545385222e-01
5.651348271933156475e-01
5.586783137105962860e-01
5.605772882643372812e-01
5.415875427269274400e-01
5.503228256741359292e-01
5.469046714774021822e-01
5.415875427269274400e-01
5.434865172806684352e-01
5.301936954044815797e-01
5.233573870110140858e-01
5.233573870110140858e-01
4.903152297759210132e-01
4.846183061146980831e-01
4.868970755791872662e-01
4.994303076338776903e-01
4.903152297759210132e-01
4.868970755791872662e-01
4.876566654006836421e-01
4.842385112039498396e-01
4.956323585263957554e-01
4.747436384352449745e-01
4.736042537030003552e-01
4.865172806684390228e-01
4.553740979870869454e-01
4.622104063805544949e-01
4.553740979870869454e-01
4.663881503987846733e-01
4.523357387011013864e-01
4.568932776300797527e-01
4.394227117356627188e-01
4.363843524496771598e-01
4.417014812001519020e-01
4.310672236992024176e-01
4.265096847702241067e-01
4.314470186099506055e-01
4.333459931636916007e-01
4.348651728066844080e-01
4.173946069122673741e-01
4.158754272692745668e-01
4.192935814660083693e-01
4.166350170907709982e-01
4.261298898594758633e-01
4.132168628940371957e-01
4.189137865552601814e-01
4.124572730725408198e-01
4.067603494113178897e-01
3.995442461071021523e-01
4.132168628940371957e-01
3.980250664641094005e-01
3.862514242309152968e-01
4.060007595898215138e-01
4.128370679832890078e-01
4.048613748575768945e-01
4.052411697683250824e-01
3.980250664641094005e-01
3.843524496771743015e-01
3.847322445879225450e-01
3.866312191416634847e-01
3.889099886061526679e-01
3.740979870869730606e-01
3.949867071781237859e-01
3.949867071781237859e-01
3.763767565514621882e-01
3.809342954804405545e-01
3.782757311052031834e-01
3.786555260159513714e-01
3.535890619065704676e-01
3.516900873528294724e-01
3.676414736042536990e-01
3.797949107481959907e-01
3.684010634257500749e-01
3.543486517280668435e-01
3.832130649449297377e-01
3.475123433345992940e-01
3.608051652107861496e-01
3.592859855677933978e-01
3.520698822635776604e-01
3.543486517280668435e-01
3.619445499430307689e-01
3.543486517280668435e-01
3.402962400303836121e-01
3.516900873528294724e-01
3.391568552981389928e-01
3.463729586023547302e-01
3.296619825294341277e-01
3.395366502088871807e-01
3.528294720850740362e-01
3.543486517280668435e-01
3.429548044056209832e-01
3.357387011014052458e-01
3.433345993163691712e-01
3.463729586023547302e-01
3.125712115457652818e-01
3.277630079756931325e-01
3.304215723509305036e-01
3.270034181541967566e-01
3.315609570831750674e-01
3.327003418154196868e-01
3.327003418154196868e-01
3.349791112799088699e-01
3.239650588682111421e-01
3.285225977971895084e-01
3.243448537789593855e-01
3.285225977971895084e-01
3.251044436004557614e-01
3.178883402962400240e-01
3.258640334219521373e-01
3.140903911887580890e-01
3.163691606532472722e-01
3.102924420812760986e-01
3.072540827952905396e-01
3.148499810102544649e-01
3.163691606532472722e-01
3.083934675275351034e-01
3.137105962780099011e-01
3.034561336878086046e-01
3.030763387770603612e-01
3.015571591340676094e-01
3.087732624382833468e-01
3.030763387770603612e-01
2.920622863653626888e-01
3.011773642233194215e-01
3.091530573490315348e-01
2.882643372578807539e-01
2.992783896695784263e-01
2.992783896695784263e-01
2.901633118116217491e-01
2.947208507406000599e-01
2.867451576148879466e-01
2.973794151158374310e-01
2.966198252943410552e-01
2.977592100265856190e-01
2.924420812761108768e-01
2.875047474363843780e-01
2.935814660083554961e-01
2.787694644891758333e-01
2.859855677933915707e-01
2.920622863653626888e-01
2.818078237751613924e-01
2.791492593999240213e-01
2.871249525256361346e-01
2.799088492214204527e-01
2.829472085074060117e-01
2.802886441321686406e-01
2.859855677933915707e-01
2.890239270793771298e-01
2.920622863653626888e-01
2.890239270793771298e-01
2.890239270793771298e-01
2.814280288644132044e-01
2.761109001139384622e-01
2.901633118116217491e-01
2.825674135966578238e-01
2.734523357387010911e-01
2.791492593999240213e-01
2.677554120774781610e-01
2.643372578807444140e-01
2.913026965438663130e-01
2.787694644891758333e-01
2.783896695784276454e-01
2.772502848461830816e-01
2.742119255601974670e-01
2.795290543106722647e-01
2.787694644891758333e-01
2.772502848461830816e-01
2.666160273452335971e-01
2.700341815419673441e-01
2.647170527914926019e-01
2.643372578807444140e-01
2.745917204709457105e-01
2.753513102924420863e-01
2.837067983289023876e-01
2.658564375237371658e-01
2.700341815419673441e-01
2.605393087732624235e-01
2.556019749335358693e-01
2.711735662742119080e-01
2.802886441321686406e-01
2.567413596657804886e-01
2.624382833270034188e-01
2.544625902012913055e-01
2.692745917204709682e-01
2.612988985947588549e-01
2.643372578807444140e-01
2.597797189517660477e-01
2.700341815419673441e-01
2.556019749335358693e-01
2.559817698442841127e-01
2.586403342195214838e-01
2.631978731484997946e-01
2.567413596657804886e-01
2.552221800227876813e-01
2.662362324344853537e-01
2.605393087732624235e-01
2.537030003797949296e-01
2.525636156475503102e-01
2.480060767185719717e-01
2.491454614508165633e-01
2.491454614508165633e-01
2.529434105582984982e-01
2.567413596657804886e-01
2.487656665400683753e-01
2.480060767185719717e-01
2.468666919863273801e-01
2.476262818078237837e-01
2.461071021648310042e-01
2.525636156475503102e-01
2.688947968097227248e-01
2.480060767185719717e-01
2.445879225218381969e-01
2.461071021648310042e-01
2.556019749335358693e-01
2.442081276110900090e-01
2.483858716293201596e-01
2.362324344853778957e-01
2.461071021648310042e-01
2.426889479680972295e-01
2.366122293961260836e-01
2.442081276110900090e-01
2.449677174325864126e-01
2.381314090391188631e-01
2.255981769844284113e-01
2.358526395746297077e-01
2.335738701101405246e-01
2.297759210026585619e-01
2.316748955563995571e-01
2.252183820736802233e-01
2.331940751993923366e-01
2.324344853778959330e-01
2.293961260919103740e-01
2.290163311811621860e-01
2.267375617166730029e-01
2.316748955563995571e-01
2.316748955563995571e-01
2.233194075199392281e-01
2.381314090391188631e-01
2.252183820736802233e-01
2.377516141283706752e-01
2.282567413596657824e-01
2.267375617166730029e-01
2.426889479680972295e-01
2.339536650208887125e-01
2.309153057349031535e-01
2.278769464489175944e-01
2.244587922521838197e-01
2.290163311811621860e-01
2.107861754652487762e-01
2.343334599316369282e-01
2.309153057349031535e-01
2.369920243068742993e-01
2.305355108241549655e-01
2.233194075199392281e-01
2.225598176984428522e-01
2.233194075199392281e-01
2.252183820736802233e-01
2.301557159134067498e-01
2.221800227876946365e-01
2.145841245727307389e-01
2.210406380554500450e-01
2.202810482339536691e-01
2.161033042157235184e-01
2.191416635017090775e-01
2.031902772502848509e-01
2.069882263577668136e-01
2.100265856437523726e-01
2.180022787694644859e-01
2.153437143942271148e-01
2.236992024306874161e-01
2.255981769844284113e-01
2.062286365362704099e-01
2.221800227876946365e-01
2.126851500189897437e-01
2.252183820736802233e-01
2.221800227876946365e-01
2.149639194834789269e-01
2.172426889479681100e-01
2.134447398404861473e-01
2.115457652867451521e-01
2.134447398404861473e-01
2.164830991264717064e-01
2.199012533232054811e-01
2.183820736802126738e-01
2.020508925180402593e-01
2.119255601974933401e-01
2.126851500189897437e-01
2.176224838587162980e-01
2.100265856437523726e-01
2.081276110900114051e-01
2.111659703759969642e-01
2.050892518040258183e-01
2.096467907330041847e-01
2.111659703759969642e-01
2.183820736802126738e-01
2.050892518040258183e-01
2.096467907330041847e-01
2.199012533232054811e-01
2.069882263577668136e-01
2.058488416255222220e-01
1.993923281428028882e-01
2.035700721610330388e-01
2.016710976072920714e-01
2.062286365362704099e-01
2.062286365362704099e-01
2.142043296619825232e-01
2.016710976072920714e-01
2.088872009115077810e-01
1.982529434105582966e-01
2.081276110900114051e-01
2.020508925180402593e-01
1.921762248385871508e-01
2.092669958222559690e-01
2.085074060007595931e-01
2.024306874287884472e-01
1.952145841245727376e-01
2.009115077857956677e-01
2.020508925180402593e-01
2.031902772502848509e-01
2.066084314470185979e-01
2.031902772502848509e-01
2.054690467147740340e-01
2.001519179642992918e-01
1.978731484998101087e-01
1.933156095708317423e-01
1.895176604633497797e-01
1.902772502848461833e-01
1.967337637675655171e-01
2.016710976072920714e-01
1.986327383213064846e-01
1.929358146600835544e-01
1.971135586783137050e-01
1.929358146600835544e-01
1.940751993923281460e-01
1.955943790353209255e-01
2.062286365362704099e-01
1.940751993923281460e-01
2.009115077857956677e-01
1.948347892138245219e-01
2.047094568932776304e-01
1.906570451955943712e-01
1.898974553740979954e-01
1.925560197493353665e-01
1.910368401063425869e-01
1.993923281428028882e-01
1.948347892138245219e-01
1.902772502848461833e-01
1.914166350170907749e-01
1.902772502848461833e-01
1.830611469806304459e-01
1.925560197493353665e-01
2.016710976072920714e-01
1.868590960881124086e-01
1.914166350170907749e-01
1.982529434105582966e-01
1.872388909988606243e-01
1.921762248385871508e-01
1.872388909988606243e-01
1.974933535890618930e-01
1.883782757311052158e-01
1.952145841245727376e-01
1.819217622483858821e-01
1.883782757311052158e-01
1.849601215343714411e-01
1.876186859096088122e-01
1.955943790353209255e-01
1.910368401063425869e-01
1.929358146600835544e-01
1.929358146600835544e-01
1.879984808203570001e-01
1.933156095708317423e-01
1.830611469806304459e-01
