1.000000000000000000e+00
8.804015713662156628e-01
8.594500218245307854e-01
8.384984722828459081e-01
8.229303069983995300e-01
8.171104321257093295e-01
7.923759639167757829e-01
7.942674232504001175e-01
7.858286046849992657e-01
7.608031427324312146e-01
7.465444492943401622e-01
7.411610650371016629e-01
7.341772151898734444e-01
7.251564091372035836e-01
7.189000436490615709e-01
7.015859159028080549e-01
7.014404190309908582e-01
6.898006692856103461e-01
6.817983413356613065e-01
6.847082787720063513e-01
6.774334351811436283e-01
6.544449294340172196e-01
6.419321984577331941e-01
6.451331296377127433e-01
6.425141859450022030e-01
6.371308016877637037e-01
6.275280081478248340e-01
6.195256801978757943e-01
6.183617052233376654e-01
6.075949367088607778e-01
5.988651243998254214e-01
5.908627964498763818e-01
5.841699403462825568e-01
5.786410592172268608e-01
5.693292594209224955e-01
5.741306561908918749e-01
5.645278626509530051e-01
5.597264658809835147e-01
5.588534846500800013e-01
5.444492943401716412e-01
5.393569038265677573e-01
5.336825258256947535e-01
5.301906009020805888e-01
5.341190164411465657e-01
5.210242979775935313e-01
5.172413793103448620e-01
5.106940200785683448e-01
5.095300451040302159e-01
5.044376545904263320e-01
4.958533391532082280e-01
5.018187108977156807e-01
4.879965080750763851e-01
4.773752364324166941e-01
4.751927833551578551e-01
4.751927833551578551e-01
4.652989960715844808e-01
4.612250836607013071e-01
4.556962025316455556e-01
4.570056743780008812e-01
4.482758620689655249e-01
4.511857995053106252e-01
4.447839371453513602e-01
4.440564527862650990e-01
4.430379746835442778e-01
4.316892186817983257e-01
4.226684126291284649e-01
4.175760221155245255e-01
4.231049032445802216e-01
4.169940346282555166e-01
4.152480721664484342e-01
4.101556816528444394e-01
4.143750909355448653e-01
4.054997817546922567e-01
4.066637567292303301e-01
3.964789757020223959e-01
3.976429506765604693e-01
4.033173286774334176e-01
3.852757165720936960e-01
3.830932634948348570e-01
3.820747853921140913e-01
3.762549105194238352e-01
3.749454386730685096e-01
3.764004073912410875e-01
3.688345700567438046e-01
3.638876764149570620e-01
3.673796013385712267e-01
3.670886075949367222e-01
3.558853484650080223e-01
3.553033609777389579e-01
3.497744798486832618e-01
3.518114360541248486e-01
3.496289829768660096e-01
3.512294485668558397e-01
3.401716863087443365e-01
3.378437363596682452e-01
3.346428051796886405e-01
3.390077113342063186e-01
3.451185799505310792e-01
3.414811581550996622e-01
3.295504146660847011e-01
3.139822493816382676e-01
3.136912556380037631e-01
3.155827149716280977e-01
3.240215335370289496e-01
3.206751054852320926e-01
3.122362869198312407e-01
3.131092681507347542e-01
3.136912556380037631e-01
3.039429652262476411e-01
3.128182744071002497e-01
3.107813182016586628e-01
3.106358213298414106e-01
3.007420340462679809e-01
2.997235559435472152e-01
2.987050778408264495e-01
2.904117561472428499e-01
2.918667248654153723e-01
2.901207624036083454e-01
2.870653280954459374e-01
2.818274407100247458e-01
2.860468499927251718e-01
2.838643969154663327e-01
2.787720064018623378e-01
2.755710752218827331e-01
2.688782191182889636e-01
2.698966972210097293e-01
2.646588098355885377e-01
2.777535282991415722e-01
2.648043067074057899e-01
2.685872253746544591e-01
2.552015131674669202e-01
2.592754255783500383e-01
2.560744943983704336e-01
2.559289975265531814e-01
2.560744943983704336e-01
2.512730976284009987e-01
2.476356758329695817e-01
2.504001163974974298e-01
2.391968572675687577e-01
2.483631601920558707e-01
2.463262039866142838e-01
2.454532227557107427e-01
2.389058635239342254e-01
2.431252728066346513e-01
2.399243416266550188e-01
2.341044667539647905e-01
2.339589698821475383e-01
2.403608322421068033e-01
2.287210824967263190e-01
2.333769823948785016e-01
2.309035355739851580e-01
2.259566419321984709e-01
2.307580387021679058e-01
2.236286919831223519e-01
2.201367670595082149e-01
2.245016732140258930e-01
2.197002764440564582e-01
2.186817983413356647e-01
2.197002764440564582e-01
2.205732576749599994e-01
2.204277608031427194e-01
2.162083515204423212e-01
2.137349046995489499e-01
2.179543139822493758e-01
2.116979484941073630e-01
2.115524516222901108e-01
2.140258984431834821e-01
2.074785392114069649e-01
2.045686017750618368e-01
2.103884766477520651e-01
2.125709297250109042e-01
2.013676705950822043e-01
2.055870798777826303e-01
2.077695329550414693e-01
2.009311799796304476e-01
1.994762112614578697e-01
1.996217081332751220e-01
2.004946893641786632e-01
2.007856831078131954e-01
1.926378582860468480e-01
2.039866142877928001e-01
1.946748144914884349e-01
1.949658082351229393e-01
1.940928270042193982e-01
1.901644114651535045e-01
1.911828895678742979e-01
1.887094427469809266e-01
1.852175178233667896e-01
1.809981085406663637e-01
1.866724865415393675e-01
1.785246617197730201e-01
1.805616179252146070e-01
1.817255928997526526e-01
1.732867743343518008e-01
1.799796304379455980e-01
1.830350647461079505e-01
1.805616179252146070e-01
1.836170522333769872e-01
1.770696930016004700e-01
1.751782336679761354e-01
1.716863087443619984e-01
1.677578932052960770e-01
1.748872399243416309e-01
1.706678306416412050e-01
1.651389495125854812e-01
1.695038556671031593e-01
1.663029244871235268e-01
1.677578932052960770e-01
1.642659682816819400e-01
1.673214025898443202e-01
1.628109995635093898e-01
1.716863087443619984e-01
1.676123963334788247e-01
1.700858431543721683e-01
1.635384839225956510e-01
1.593190746398952529e-01
1.601920558707987663e-01
1.584460934089917117e-01
1.561181434599156204e-01
1.545176778699257902e-01
1.527717154081187356e-01
1.546631747417430425e-01
1.502982685872253643e-01
1.463698530481594706e-01
1.524807216644842034e-01
1.465153499199767229e-01
1.501527717154081121e-01
1.453513749454386772e-01
1.440419030990833793e-01
1.441873999709006315e-01
1.414229594063727558e-01
1.468063436636112273e-01
1.447693874581696405e-01
1.422959406372762969e-01
1.424414375090935492e-01
1.444783937145351360e-01
1.446238905863523883e-01
1.377855376109413665e-01
1.385130219700276555e-01
1.358940782773170319e-01
1.345846064309617340e-01
1.303651971482613081e-01
1.345846064309617340e-01
1.354575876618652752e-01
1.337116252000581929e-01
1.297832096609922992e-01
1.293467190455405147e-01
1.292012221737232625e-01
1.268732722246471711e-01
1.214898879674086996e-01
1.302197002764440559e-01
1.310926815073475971e-01
1.332751345846064361e-01
1.227993598137639975e-01
1.238178379164847909e-01
1.230903535573985158e-01
1.241088316601193092e-01
1.187254474028808376e-01
1.220718754546777224e-01
1.178524661719772965e-01
1.193074348901498605e-01
1.233813473010330342e-01
1.248363160192055843e-01
1.172704786847082736e-01
1.188709442746980899e-01
1.225083660701294930e-01
1.235268441728502864e-01
1.172704786847082736e-01
1.188709442746980899e-01
1.181434599156118148e-01
1.195984286337843788e-01
1.143605412483631595e-01
1.129055725301905955e-01
1.152335224792667007e-01
1.156700130947184574e-01
1.102866288374799997e-01
1.114506038120180453e-01
1.123235850429215726e-01
1.121780881711043204e-01
1.083951695038556651e-01
1.113051069402007792e-01
1.094136476065764585e-01
1.041757602211552391e-01
1.095591444783937107e-01
1.107231194529317564e-01
1.088316601193074357e-01
1.107231194529317564e-01
1.131965662738251138e-01
1.083951695038556651e-01
1.066492070420485966e-01
1.091226538629419401e-01
1.097046413502109768e-01
1.056307289393278032e-01
1.027207915029826890e-01
1.035937727338862163e-01
1.070856976575003672e-01
1.030117852466171935e-01
1.049032445802415281e-01
1.027207915029826890e-01
1.059217226829623215e-01
1.089771569911246879e-01
1.049032445802415281e-01
1.021388040157136662e-01
1.059217226829623215e-01
1.002473446820893316e-01
1.015568165284446434e-01
9.995635093845482710e-02
9.850138222028226309e-02
1.024297977593481707e-01
9.908336970755128592e-02
9.486396042485086000e-02
9.951986032300305651e-02
9.631892914302342401e-02
9.733740724574421743e-02
9.399097919394733269e-02
9.471846355303360776e-02
9.137203550123672302e-02
9.413647606576458493e-02
9.442746980939910328e-02
9.399097919394733269e-02
9.268150734759202092e-02
9.515495416848537835e-02
9.399097919394733269e-02
9.151753237305397526e-02
9.209951986032299809e-02
9.471846355303360776e-02
9.588243852757165342e-02
9.559144478393714894e-02
8.773461370580531993e-02
9.020806052669867736e-02
9.471846355303360776e-02
8.802560744943983828e-02
8.613414811581550368e-02
9.020806052669867736e-02
8.831660119307434276e-02
8.918958242397788394e-02
9.049905427033318184e-02
8.773461370580531993e-02
9.035355739851592960e-02
8.729812309035356321e-02
8.686163247490179262e-02
8.671613560308454038e-02
8.497017314127745802e-02
8.453368252582570130e-02
8.380619816673941236e-02
9.035355739851592960e-02
8.729812309035356321e-02
8.482467626946020578e-02
8.671613560308454038e-02
8.657063873126727427e-02
8.467917939764295354e-02
8.569765750036374696e-02
8.715262621853629710e-02
8.336970755128764177e-02
8.235122944856686222e-02
8.686163247490179262e-02
8.773461370580531993e-02
8.817110432125709052e-02
8.526116688491197637e-02
8.467917939764295354e-02
8.278772006401861894e-02
8.904408555216063170e-02
8.744361996217081545e-02
8.497017314127745802e-02
8.293321693583588505e-02
8.380619816673941236e-02
8.511567001309472413e-02
8.482467626946020578e-02
8.104175760221155045e-02
8.278772006401861894e-02
8.351520442310490788e-02
8.424268878219118295e-02
8.075076385857704597e-02
8.264222319220136670e-02
7.929579514040448196e-02
8.627964498763276979e-02
8.235122944856686222e-02
8.031427324312527538e-02
8.191473883311509163e-02
8.744361996217081545e-02
8.424268878219118295e-02
8.118725447402880269e-02
8.467917939764295354e-02
8.351520442310490788e-02
8.409719191037393071e-02
8.424268878219118295e-02
7.784082642223191795e-02
7.856831078131820689e-02
8.424268878219118295e-02
8.627964498763276979e-02
7.842281390950094078e-02
8.031427324312527538e-02
7.667685144769387229e-02
8.089626073039429821e-02
7.493088898588680380e-02
7.929579514040448196e-02
7.725883893496289512e-02
7.551287647315582663e-02
7.798632329404918406e-02
7.711334206314564288e-02
7.813182016586643630e-02
