1.000000000000000000e+00
8.235294117647058432e-01
7.957824639289677870e-01
7.846836847946725424e-01
7.802441731409545111e-01
7.180910099889011855e-01
7.491675915649278483e-01
6.847946725860155626e-01
6.914539400665926649e-01
7.047724750277469807e-01
6.836847946725860270e-01
6.570477247502775064e-01
6.481687014428413329e-01
6.559378468368479709e-01
6.448390677025527262e-01
6.293007769145394503e-01
6.304106548279688749e-01
6.071032186459489610e-01
5.904550499445061496e-01
6.071032186459489610e-01
6.104328523862375677e-01
5.960044395116537164e-01
5.671476137624861247e-01
5.760266370699222982e-01
5.471698113207547065e-01
5.738068812430632271e-01
5.715871254162042669e-01
5.482796892341842421e-01
5.471698113207547065e-01
5.460599334073251709e-01
5.049944506104327990e-01
5.238623751387347927e-01
5.083240843507214057e-01
5.005549389567147678e-01
5.160932297447280437e-01
5.038845726970033745e-01
4.872364039955605075e-01
4.716981132075471761e-01
4.650388457269700182e-01
4.395116537180910332e-01
4.761376248612652629e-01
4.672586015538290893e-01
4.539400665926748291e-01
4.572697003329633803e-01
4.550499445061043091e-01
4.417314095449500488e-01
4.395116537180910332e-01
4.384017758046614976e-01
4.461709211986681356e-01
4.039955604883462836e-01
4.051054384017758192e-01
4.051054384017758192e-01
4.028856825749167481e-01
4.184239733629300795e-01
4.173140954495005439e-01
4.051054384017758192e-01
3.817980022197558498e-01
3.829078801331853299e-01
4.106548279689234415e-01
3.740288568257491564e-01
3.840177580466148655e-01
3.629300776914539672e-01
3.596004439511653605e-01
3.673695893451720540e-01
3.629300776914539672e-01
3.806881243063263143e-01
3.596004439511653605e-01
3.640399556048834473e-01
3.729189789123196208e-01
3.851276359600444010e-01
3.485016648168701714e-01
3.607103218645948961e-01
3.795782463928967787e-01
3.396226415094339424e-01
3.718091009988901408e-01
3.529411764705882582e-01
3.440621531631520291e-01
3.185349611542730441e-01
3.440621531631520291e-01
3.418423973362930135e-01
3.418423973362930135e-01
3.196448390677025797e-01
3.074361820199777995e-01
3.107658157602663507e-01
3.052164261931187839e-01
3.185349611542730441e-01
2.874583795782463813e-01
2.796892341842397434e-01
3.018867924528301772e-01
2.974472807991120904e-01
2.796892341842397434e-01
2.563817980022197740e-01
2.963374028856825548e-01
2.852386237513873657e-01
2.930077691453940036e-01
2.752497225305216566e-01
2.996670366259711615e-01
2.685904550499444987e-01
2.463928967813540649e-01
2.652608213096559475e-01
2.475027746947835727e-01
2.752497225305216566e-01
2.896781354051054524e-01
2.630410654827968764e-01
2.841287458379578301e-01
2.874583795782463813e-01
2.774694783573806722e-01
2.530521642619311673e-01
2.708102108768035698e-01
2.497225305216426161e-01
2.841287458379578301e-01
2.630410654827968764e-01
2.597114317425083252e-01
2.697003329633740343e-01
2.619311875693673963e-01
2.552719200887902384e-01
2.586015538290787896e-01
2.641509433962264120e-01
2.708102108768035698e-01
2.386237513873473992e-01
2.419533851276359504e-01
2.463928967813540649e-01
2.586015538290787896e-01
2.807991120976692789e-01
2.364039955604883558e-01
2.319644839067702691e-01
2.308546059933407335e-01
2.297447280799111979e-01
2.297447280799111979e-01
2.386237513873473992e-01
2.175360710321864732e-01
2.397336293007769070e-01
2.253052164261931112e-01
2.119866814650388509e-01
2.075471698113207641e-01
2.130965593784683587e-01
2.130965593784683587e-01
2.219755826859045600e-01
2.175360710321864732e-01
2.297447280799111979e-01
2.086570477247502720e-01
2.208657047724750244e-01
2.019977802441731418e-01
2.230854605993340678e-01
1.986681465038845629e-01
2.208657047724750244e-01
2.142064372918978943e-01
2.175360710321864732e-01
2.175360710321864732e-01
2.042175360710321852e-01
2.031076581576026774e-01
1.975582685904550551e-01
2.142064372918978943e-01
2.031076581576026774e-01
1.942286348501664761e-01
1.953385127635960117e-01
1.886792452830188815e-01
2.142064372918978943e-01
2.031076581576026774e-01
2.042175360710321852e-01
2.053274139844617208e-01
2.042175360710321852e-01
1.775804661487236369e-01
1.953385127635960117e-01
1.997780244173140984e-01
1.831298557158712592e-01
1.842397336293007670e-01
1.809100998890122158e-01
1.698113207547169712e-01
1.931187569367369683e-01
1.931187569367369683e-01
1.931187569367369683e-01
1.653718091009988844e-01
1.853496115427303026e-01
1.809100998890122158e-01
1.698113207547169712e-01
1.742508324084350857e-01
1.753607103218645935e-01
1.742508324084350857e-01
1.908990011098779249e-01
1.753607103218645935e-01
1.731409544950055501e-01
1.742508324084350857e-01
1.598224195338512899e-01
1.753607103218645935e-01
1.687014428412874634e-01
1.809100998890122158e-01
1.842397336293007670e-01
1.875693673695893460e-01
1.731409544950055501e-01
1.675915649278579278e-01
1.753607103218645935e-01
1.775804661487236369e-01
1.742508324084350857e-01
1.798002219755826803e-01
1.653718091009988844e-01
1.809100998890122158e-01
1.875693673695893460e-01
1.664816870144284200e-01
1.742508324084350857e-01
1.531631520532741320e-01
1.753607103218645935e-01
1.564927857935627109e-01
1.786903440621531725e-01
1.609322974472807977e-01
1.542730299667036675e-01
1.487236403995560452e-01
1.598224195338512899e-01
1.587125416204217543e-01
1.553829078801331753e-01
1.520532741398446241e-01
1.476137624861265374e-01
1.653718091009988844e-01
1.742508324084350857e-01
1.609322974472807977e-01
1.553829078801331753e-01
1.675915649278579278e-01
1.442841287458379584e-01
1.709211986681465067e-01
1.564927857935627109e-01
1.487236403995560452e-01
1.453940066592674940e-01
1.420643729189789151e-01
1.465038845726970018e-01
1.498335183129855808e-01
1.354051054384017849e-01
1.509433962264150886e-01
1.498335183129855808e-01
1.442841287458379584e-01
1.365149833518312927e-01
1.387347391786903361e-01
1.354051054384017849e-01
1.376248612652608283e-01
1.453940066592674940e-01
1.564927857935627109e-01
1.354051054384017849e-01
1.576026637069922187e-01
1.387347391786903361e-01
1.376248612652608283e-01
1.465038845726970018e-01
1.320754716981132060e-01
1.442841287458379584e-01
1.509433962264150886e-01
1.376248612652608283e-01
1.442841287458379584e-01
1.231964483906770325e-01
1.498335183129855808e-01
1.476137624861265374e-01
1.265260821309655836e-01
1.298557158712541626e-01
1.398446170921198717e-01
1.387347391786903361e-01
1.342952275249722494e-01
1.409544950055493795e-01
1.365149833518312927e-01
1.398446170921198717e-01
1.254162042175360758e-01
1.365149833518312927e-01
1.309655937846836982e-01
1.198668146503884535e-01
1.398446170921198717e-01
1.331853496115427415e-01
1.198668146503884535e-01
1.309655937846836982e-01
1.287458379578246270e-01
1.187569367369589318e-01
1.376248612652608283e-01
1.143174250832408451e-01
1.398446170921198717e-01
1.398446170921198717e-01
1.298557158712541626e-01
1.298557158712541626e-01
1.365149833518312927e-01
1.209766925638179752e-01
1.198668146503884535e-01
1.220865704772474969e-01
1.187569367369589318e-01
1.298557158712541626e-01
1.231964483906770325e-01
1.220865704772474969e-01
1.298557158712541626e-01
1.354051054384017849e-01
1.309655937846836982e-01
1.243063263041065541e-01
1.120976692563818017e-01
1.209766925638179752e-01
1.320754716981132060e-01
1.143174250832408451e-01
1.298557158712541626e-01
1.287458379578246270e-01
1.309655937846836982e-01
1.165371809100998884e-01
1.320754716981132060e-01
1.287458379578246270e-01
1.176470588235294101e-01
1.198668146503884535e-01
1.309655937846836982e-01
1.231964483906770325e-01
1.298557158712541626e-01
1.298557158712541626e-01
1.276359600443951192e-01
1.287458379578246270e-01
1.431742508324084229e-01
1.298557158712541626e-01
1.231964483906770325e-01
1.298557158712541626e-01
1.309655937846836982e-01
1.298557158712541626e-01
1.143174250832408451e-01
1.165371809100998884e-01
1.320754716981132060e-01
1.176470588235294101e-01
1.098779134295227583e-01
1.231964483906770325e-01
1.165371809100998884e-01
1.198668146503884535e-01
1.209766925638179752e-01
1.209766925638179752e-01
1.109877913429522800e-01
1.220865704772474969e-01
1.198668146503884535e-01
1.220865704772474969e-01
1.109877913429522800e-01
1.176470588235294101e-01
1.198668146503884535e-01
8.879023307436181844e-02
1.120976692563818017e-01
1.231964483906770325e-01
1.143174250832408451e-01
1.187569367369589318e-01
1.176470588235294101e-01
1.276359600443951192e-01
1.165371809100998884e-01
1.065482796892341794e-01
1.054384017758046577e-01
9.877913429522752753e-02
1.043285238623751360e-01
1.132075471698113234e-01
1.132075471698113234e-01
1.098779134295227583e-01
1.265260821309655836e-01
1.231964483906770325e-01
1.087680355160932366e-01
1.220865704772474969e-01
1.043285238623751360e-01
1.220865704772474969e-01
1.087680355160932366e-01
1.098779134295227583e-01
1.109877913429522800e-01
1.043285238623751360e-01
1.087680355160932366e-01
1.087680355160932366e-01
1.087680355160932366e-01
1.120976692563818017e-01
1.087680355160932366e-01
1.087680355160932366e-01
1.154273029966703668e-01
1.265260821309655836e-01
1.132075471698113234e-01
1.098779134295227583e-01
1.098779134295227583e-01
1.243063263041065541e-01
1.143174250832408451e-01
1.009988901220865709e-01
1.176470588235294101e-01
1.054384017758046577e-01
1.132075471698113234e-01
9.433962264150944077e-02
1.087680355160932366e-01
1.032186459489456143e-01
9.322974472807990520e-02
1.032186459489456143e-01
9.877913429522752753e-02
9.322974472807990520e-02
1.109877913429522800e-01
9.766925638179800584e-02
1.109877913429522800e-01
9.877913429522752753e-02
1.298557158712541626e-01
1.143174250832408451e-01
1.009988901220865709e-01
9.322974472807990520e-02
1.076581576026637010e-01
1.076581576026637010e-01
1.065482796892341794e-01
1.231964483906770325e-01
1.009988901220865709e-01
9.544950055493896246e-02
1.154273029966703668e-01
1.076581576026637010e-01
1.076581576026637010e-01
9.877913429522752753e-02
1.009988901220865709e-01
1.187569367369589318e-01
9.766925638179800584e-02
1.021087680355160926e-01
1.009988901220865709e-01
8.879023307436181844e-02
8.435072142064373169e-02
9.322974472807990520e-02
9.433962264150944077e-02
