1.000000000000000000e+00
8.699526066350711240e-01
8.337440758293839238e-01
8.181990521327013877e-01
8.149763033175355664e-01
7.914691943127961649e-01
7.755450236966824340e-01
7.651184834123222478e-01
7.478672985781990024e-01
7.406635071090047484e-01
7.357345971563981069e-01
7.129857819905213168e-01
7.150710900473933318e-01
6.957345971563980713e-01
6.974407582938388916e-01
6.836018957345971758e-01
6.697630331753554600e-01
6.602843601895734826e-01
6.489099526066350876e-01
6.483412322274881845e-01
6.401895734597156107e-01
6.324170616113744536e-01
6.379146919431279983e-01
6.274881516587678121e-01
6.181990521327014321e-01
6.092890995260663578e-01
5.952606635071090446e-01
6.083412322274881490e-01
5.960189573459715451e-01
5.818009478672985235e-01
5.806635071090047173e-01
5.689099526066350165e-01
5.556398104265403148e-01
5.550710900473934117e-01
5.328909952606635247e-01
5.438862559241706141e-01
5.273933649289099801e-01
5.264454976303317713e-01
5.266350710900473686e-01
5.203791469194313235e-01
5.281516587677724806e-01
5.122274881516587497e-01
5.184834123222749058e-01
5.035071090047393838e-01
4.995260663507108956e-01
4.985781990521326867e-01
4.870142180094786943e-01
4.832227488151658590e-01
4.695734597156397960e-01
4.680568720379146841e-01
4.710900473933649080e-01
4.710900473933649080e-01
4.572511848341232477e-01
4.610426540284360275e-01
4.553554502369668300e-01
4.458767772511848526e-01
4.513744075829383973e-01
4.417061611374407670e-01
4.390521327014217934e-01
4.263507109004739393e-01
4.272985781990521481e-01
4.288151658767772600e-01
4.138388625592416825e-01
4.235071090047393128e-01
4.191469194312796298e-01
4.026540284360189403e-01
3.909004739336492951e-01
4.028436018957345932e-01
4.051184834123222611e-01
4.034123222748814963e-01
3.895734597156398360e-01
3.890047393364928774e-01
3.882464454976303214e-01
3.859715639810426535e-01
3.871090047393365152e-01
3.842654028436018887e-01
3.838862559241706385e-01
3.855924170616113478e-01
3.715639810426540346e-01
3.852132701421800975e-01
3.764928909952606761e-01
3.736492890995260496e-01
3.611374407582938484e-01
3.670142180094786988e-01
3.617061611374407515e-01
3.584834123222748747e-01
3.490047393364928974e-01
3.535545023696682332e-01
3.586729857819905276e-01
3.484360189573459943e-01
3.404739336492890733e-01
3.378199052132701552e-01
3.419905213270142408e-01
3.423696682464454910e-01
3.400947867298578231e-01
3.355450236966824873e-01
3.254976303317535513e-01
3.330805687203791665e-01
3.313744075829384017e-01
3.237914691943127865e-01
3.290995260663507338e-01
3.150710900473933651e-01
3.218957345971564243e-01
3.190521327014217978e-01
3.122274881516587941e-01
3.122274881516587941e-01
3.033175355450237198e-01
3.126066350710900443e-01
3.036966824644549701e-01
2.947867298578198958e-01
2.963033175355450077e-01
2.989573459715639814e-01
2.985781990521326756e-01
2.983886255924170783e-01
2.944075829383886456e-01
2.866350710900473775e-01
2.908056872037914631e-01
2.881516587677724894e-01
2.889099526066350454e-01
2.853080568720379184e-01
2.851184834123222656e-01
2.798104265402843738e-01
2.748815165876777322e-01
2.735545023696682732e-01
2.782938388625592618e-01
2.781042654028436090e-01
2.684360189573459787e-01
2.678672985781990756e-01
2.703317535545023964e-01
2.674881516587677699e-01
2.633175355450236843e-01
2.646445497630331989e-01
2.621800947867298781e-01
2.597156398104265573e-01
2.527014218009478452e-01
2.572511848341232366e-01
2.583886255924170428e-01
2.506161137440758302e-01
2.549763033175355686e-01
2.563033175355450277e-01
2.519431279620852893e-01
2.483412322274881623e-01
2.417061611374407559e-01
2.377251184834123232e-01
2.327962085308056817e-01
2.415165876777251308e-01
2.420853080568720339e-01
2.352606635071090024e-01
2.354502369668246553e-01
2.248341232227488162e-01
2.348815165876777245e-01
2.399999999999999911e-01
2.354502369668246553e-01
2.358293838862559333e-01
2.399999999999999911e-01
2.272985781990521370e-01
2.265402843601895810e-01
2.297630331753554578e-01
2.276777251184834150e-01
2.212322274881516615e-01
2.269194312796208590e-01
2.200947867298578275e-01
2.219905213270142175e-01
2.246445497630331634e-01
2.208530805687203835e-01
2.157345971563981168e-01
2.121327014218009344e-01
2.199052132701421747e-01
2.081516587677725016e-01
2.157345971563981168e-01
2.187677725118483407e-01
2.130805687203791432e-01
2.121327014218009344e-01
2.047393364928909998e-01
2.058767772511848337e-01
2.020853080568720261e-01
2.092890995260663634e-01
2.056872037914691809e-01
2.013270142180094702e-01
2.051184834123222778e-01
2.030331753554502350e-01
1.981042654028435934e-01
1.981042654028435934e-01
1.946919431279620916e-01
1.962085308056872035e-01
1.969668246445497595e-01
1.973459715639810375e-01
1.890047393364928940e-01
1.882464454976303381e-01
1.948815165876777167e-01
1.878672985781990601e-01
1.890047393364928940e-01
1.857819905213270173e-01
1.869194312796208512e-01
1.876777251184834072e-01
1.850236966824644613e-01
1.802843601895734726e-01
1.802843601895734726e-01
1.781990521327014299e-01
1.764928909952606650e-01
1.825592417061611406e-01
1.829383886255924185e-01
1.759241706161137342e-01
1.772511848341232210e-01
1.781990521327014299e-01
1.772511848341232210e-01
1.734597156398104134e-01
1.747867298578199002e-01
1.774407582938388739e-01
1.753554502369668311e-01
1.728909952606635103e-01
1.725118483412322323e-01
1.696682464454976336e-01
1.725118483412322323e-01
1.706161137440758424e-01
1.666350710900473819e-01
1.679620853080568688e-01
1.670142180094786599e-01
1.624644549763033241e-01
1.643601895734597140e-01
1.620853080568720461e-01
1.666350710900473819e-01
1.673933649289099657e-01
1.658767772511848260e-01
1.596208530805687253e-01
1.634123222748815052e-01
1.605687203791469064e-01
1.586729857819905165e-01
1.639810426540284360e-01
1.562085308056871957e-01
1.467298578199052184e-01
1.505213270142179982e-01
1.499526066350710951e-01
1.514691943127962070e-01
1.499526066350710951e-01
1.469194312796208435e-01
1.463507109004739404e-01
1.452132701421801064e-01
1.461611374407582875e-01
1.442654028436018976e-01
1.436966824644549667e-01
1.431279620853080636e-01
1.416113744075829517e-01
1.423696682464455077e-01
1.387677725118483529e-01
1.412322274881516460e-01
1.444549763033175227e-01
1.448341232227488284e-01
1.435071090047393416e-01
1.347867298578198925e-01
1.436966824644549667e-01
1.361137440758293793e-01
1.370616113744075881e-01
1.431279620853080636e-01
1.393364928909952560e-01
1.376303317535544912e-01
1.366824644549763101e-01
1.344075829383886145e-01
1.383886255924170749e-01
1.334597156398104334e-01
1.330805687203791554e-01
1.315639810426540157e-01
1.296682464454976258e-01
1.262559241706161239e-01
1.243601895734597201e-01
1.264454976303317491e-01
1.247393364928909981e-01
1.292890995260663478e-01
1.243601895734597201e-01
1.256872037914691931e-01
1.211374407582938434e-01
1.272037914691943050e-01
1.256872037914691931e-01
1.308056872037914597e-01
1.251184834123222622e-01
1.254976303317535680e-01
1.277725118483412359e-01
1.182938388625592446e-01
1.241706161137440811e-01
1.209478672985782044e-01
1.194312796208530786e-01
1.247393364928909981e-01
1.211374407582938434e-01
1.256872037914691931e-01
1.243601895734597201e-01
1.215165876777251214e-01
1.230331753554502333e-01
1.199999999999999956e-01
1.167772511848341188e-01
1.118483412322274911e-01
1.169668246445497578e-01
1.215165876777251214e-01
1.179146919431279666e-01
1.205687203791469125e-01
1.143127962085308119e-01
1.190521327014218006e-01
1.213270142180094824e-01
1.124170616113744081e-01
1.148815165876777289e-01
1.135545023696682421e-01
1.137440758293838811e-01
1.116587677725118521e-01
1.133649289099526031e-01
1.165876777251184798e-01
1.145023696682464509e-01
1.112796208530805742e-01
1.131753554502369641e-01
1.122274881516587691e-01
1.074881516587677666e-01
1.095734597156398094e-01
1.110900473933649352e-01
1.046445497630331817e-01
1.088151658767772534e-01
1.067298578199052106e-01
1.080568720379146974e-01
1.044549763033175288e-01
1.097630331753554483e-01
1.076777251184834056e-01
1.059715639810426546e-01
1.107109004739336433e-01
1.023696682464454999e-01
1.061611374407582936e-01
1.071090047393364886e-01
1.036966824644549728e-01
1.035071090047393338e-01
1.027488151658767779e-01
1.010426540284360131e-01
1.035071090047393338e-01
1.055924170616113766e-01
1.023696682464454999e-01
1.046445497630331817e-01
1.052132701421800987e-01
1.021800947867298609e-01
1.042654028436018898e-01
9.895734597156398415e-02
1.031279620853080559e-01
1.029383886255924169e-01
1.002843601895734571e-01
1.036966824644549728e-01
9.990521327014217912e-02
9.687203791469194136e-02
9.876777251184834516e-02
9.990521327014217912e-02
1.006635071090047351e-01
1.027488151658767779e-01
9.838862559241706718e-02
9.781990521327013632e-02
9.857819905213270617e-02
9.383886255924170361e-02
9.535545023696682942e-02
9.402843601895734260e-02
9.194312796208531369e-02
9.194312796208531369e-02
9.554502369668246842e-02
9.876777251184834516e-02
8.947867298578199291e-02
9.023696682464454888e-02
9.232227488151659167e-02
9.308056872037914764e-02
9.023696682464454888e-02
9.478672985781989857e-02
9.251184834123223066e-02
9.118483412322274384e-02
9.137440758293838283e-02
8.189573459715639159e-02
8.853080568720379795e-02
9.251184834123223066e-02
9.327014218009478663e-02
9.327014218009478663e-02
9.004739336492890989e-02
9.099526066350710485e-02
9.232227488151659167e-02
8.720379146919431113e-02
8.360189573459715640e-02
8.663507109004739415e-02
8.720379146919431113e-02
8.966824644549763190e-02
8.739336492890995012e-02
8.872037914691943694e-02
8.909952606635071493e-02
8.473933649289099035e-02
8.568720379146919919e-02
8.379146919431279539e-02
8.151658767772511360e-02
8.208530805687204446e-02
8.890995260663507593e-02
8.606635071090047717e-02
8.492890995260662934e-02
8.796208530805686709e-02
8.322274881516587841e-02
8.720379146919431113e-02
8.284360189573460043e-02
8.284360189573460043e-02
8.037914691943127965e-02
8.265402843601896143e-02
8.303317535545023942e-02
7.810426540284359787e-02
8.151658767772511360e-02
7.753554502369668089e-02
7.772511848341231988e-02
8.094786729857819663e-02
