1.000000000000000000e+00
8.345988097681099616e-01
8.151036322593884220e-01
7.861686845885491604e-01
7.730350913195156437e-01
7.512825774676790136e-01
7.237841165606402338e-01
7.135234968192079030e-01
6.932074697311717548e-01
6.763800533552226657e-01
6.605786989534168097e-01
6.585265750051303435e-01
6.390313974964088040e-01
6.359532115739791047e-01
6.236404678842601967e-01
6.117381489841986486e-01
6.135850605376564904e-01
5.955263697927354327e-01
5.805458649702441853e-01
5.795198029961009523e-01
5.725425815719269451e-01
5.444284834804021811e-01
5.477118817976606158e-01
5.409398727683152330e-01
5.335522265544838660e-01
5.337574389493124905e-01
5.163143853888775281e-01
5.319105273958547597e-01
5.087215267802175367e-01
5.212394828647650691e-01
5.093371639647035209e-01
5.042068540939872445e-01
4.988713318284424547e-01
4.843012517956084562e-01
4.820439154524933101e-01
4.726041452903755324e-01
4.767083931869484648e-01
4.779396675559203778e-01
4.586497024420275181e-01
4.551610917299405146e-01
4.522881182023394397e-01
4.490047198850810606e-01
4.574184280730556051e-01
4.485942950954237562e-01
4.342294274574184376e-01
4.313564539298173628e-01
4.327929406936179002e-01
4.126821260004104319e-01
4.174020110814693485e-01
4.180176482659552772e-01
4.231479581366714426e-01
4.059101169710650492e-01
4.108352144469525902e-01
4.091935152883234283e-01
4.048840549969218161e-01
4.032423558382926543e-01
3.966755592037758960e-01
3.911348245434024262e-01
3.927765237020315880e-01
3.917504617278883550e-01
3.874410014364867427e-01
3.831315411450851860e-01
3.833367535399138104e-01
3.786168684588548938e-01
3.743074081674533371e-01
3.732813461933100485e-01
3.704083726657090292e-01
3.533757438949312601e-01
3.453724604966140199e-01
3.527601067104453314e-01
3.515288323414734184e-01
3.550174430535604220e-01
3.515288323414734184e-01
3.394213010465831903e-01
3.301867432792940926e-01
3.355222655448388824e-01
3.342909911758670249e-01
3.252616458034065516e-01
3.266981325672070335e-01
3.285450441206648753e-01
3.217730350913194926e-01
3.301867432792940926e-01
3.264929201723784091e-01
3.172583624050892559e-01
3.117176277447157862e-01
3.174635747999179358e-01
3.135645392981736279e-01
3.108967781654011775e-01
3.039195567412271703e-01
3.030987071619125617e-01
3.047404063205417790e-01
2.930432998153088553e-01
2.994048840549969337e-01
2.946849989739380171e-01
2.897599014980504761e-01
2.875025651549353856e-01
2.838087420480197021e-01
2.893494767083931718e-01
2.916068130515083179e-01
2.872973527601067056e-01
2.854504412066488639e-01
2.823722552842191647e-01
2.815514057049045560e-01
2.877077775497640100e-01
2.756002462548737819e-01
2.805253437307613229e-01
2.782680073876462323e-01
2.801149189411040186e-01
2.758054586497024618e-01
2.780627949928175524e-01
2.797044941514467697e-01
2.690334496203570791e-01
2.747793966755592288e-01
2.714959983583008496e-01
2.661604760927560043e-01
2.663656884875846287e-01
2.622614405910116964e-01
2.610301662220398389e-01
2.583624050892673885e-01
2.606197414323825345e-01
2.616458034065257676e-01
2.579519802996100841e-01
2.565154935358095467e-01
2.540529447978657762e-01
2.575415555099527798e-01
2.542581571926944561e-01
2.565154935358095467e-01
2.489226349271496108e-01
2.454340242150625795e-01
2.481017853478350021e-01
2.439975374512620698e-01
2.446131746357479986e-01
2.452288118202339551e-01
2.474861481633490734e-01
2.472809357685204212e-01
2.425610506874615324e-01
2.403037143443463863e-01
2.448183870305766507e-01
2.304535193925713044e-01
2.343525548943156123e-01
2.292222450235994191e-01
2.247075723373691825e-01
2.245023599425405303e-01
2.234762979683972972e-01
2.327108557356864227e-01
2.312743689718859130e-01
2.261440591011697199e-01
2.224502359942540641e-01
2.238867227580545738e-01
2.249127847321978346e-01
2.173199261235378710e-01
2.199876872563102936e-01
2.220398112045967598e-01
2.210137492304535267e-01
2.162938641493946101e-01
2.191668376769956850e-01
2.185512004925097562e-01
2.179355633080237997e-01
2.089062179355632987e-01
2.029550584855325246e-01
2.136261030166222152e-01
2.084957931459060221e-01
2.039811204596757577e-01
2.095218551200492552e-01
2.068540939872768325e-01
2.011081469320747106e-01
2.021342089062179437e-01
2.041863328545044098e-01
2.043915452493330620e-01
1.984403857993022879e-01
2.025446336958752203e-01
2.017237841165606393e-01
2.021342089062179437e-01
1.945413502975579800e-01
2.045967576441617142e-01
2.019289965113892915e-01
1.974143238251590271e-01
1.935152883234147470e-01
1.978247486148163314e-01
1.974143238251590271e-01
1.978247486148163314e-01
1.982351734044736358e-01
1.963882618510157940e-01
1.939257131130720235e-01
1.926944387441001383e-01
1.863328545044120599e-01
1.873589164785552930e-01
1.906423147958136721e-01
1.894110404268417869e-01
1.887954032423558304e-01
1.920788015596142095e-01
1.890006156371844825e-01
1.877693412682125973e-01
1.912579519802996009e-01
1.832546685819823606e-01
1.828442437923250563e-01
1.836650933716396372e-01
1.799712702647239815e-01
1.941309255079006757e-01
1.902318900061563678e-01
1.892058280320131347e-01
1.869484916888980164e-01
1.908475271906423243e-01
1.869484916888980164e-01
1.869484916888980164e-01
1.809973322388672146e-01
1.779191463164375153e-01
1.787399958957520962e-01
1.799712702647239815e-01
1.758670223681510492e-01
1.832546685819823606e-01
1.744305356043505117e-01
1.762774471578083257e-01
1.750461727888364405e-01
1.748409603940077883e-01
1.748409603940077883e-01
1.764826595526369779e-01
1.740201108146932074e-01
1.729940488405499743e-01
1.674533141801764768e-01
1.686845885491483621e-01
1.682741637594910855e-01
1.686845885491483621e-01
1.664272522060332438e-01
1.695054381284629708e-01
1.686845885491483621e-01
1.686845885491483621e-01
1.662220398112045916e-01
1.627334290991175880e-01
1.606813051508311219e-01
1.590396059922019323e-01
1.649907654422327064e-01
1.668376769956905481e-01
1.666324646008618959e-01
1.602708803611738175e-01
1.543197209111430435e-01
1.578083316232300470e-01
1.604760927560024697e-01
1.656064026267186629e-01
1.555509952801149287e-01
1.545249333059716679e-01
1.512415349887133165e-01
1.547301457008003200e-01
1.539092961214857391e-01
1.559614200697722053e-01
1.561666324646008575e-01
1.520623845680278974e-01
1.573979068335727427e-01
1.606813051508311219e-01
1.518571721731992730e-01
1.545249333059716679e-01
1.481633490662836172e-01
1.461112251179971233e-01
1.436486763800533528e-01
1.485737738559408938e-01
1.471372870921403564e-01
1.430330391955674241e-01
1.510363225938846643e-01
1.473424994869690086e-01
1.454955879335111946e-01
1.450851631438538902e-01
1.461112251179971233e-01
1.432382515903960485e-01
1.465216499076544276e-01
1.438538887748820050e-01
1.506258978042273877e-01
1.428278268007387719e-01
1.436486763800533528e-01
1.430330391955674241e-01
1.383131541145085075e-01
1.420069772214241632e-01
1.448799507490252381e-01
1.409809152472809302e-01
1.422121896162528154e-01
1.426226144059101197e-01
1.407757028524522780e-01
1.457008003283398190e-01
1.440591011697106572e-01
1.356453929817360848e-01
1.381079417196798553e-01
1.319515698748204291e-01
1.317463574799918047e-01
1.305150831110199194e-01
1.303098707161912673e-01
1.358506053765647370e-01
1.364662425610506935e-01
1.323619946644777334e-01
1.276421095834188446e-01
1.288733839523907299e-01
1.278473219782474968e-01
1.266160476092756115e-01
1.296942335317053108e-01
1.237430740816745367e-01
1.264108352144469594e-01
1.317463574799918047e-01
1.292838087420480064e-01
1.329776318489636899e-01
1.270264723989328881e-01
1.239482864765031750e-01
1.317463574799918047e-01
1.274368971885901924e-01
1.301046583213626151e-01
1.282577467679047734e-01
1.262056228196183072e-01
1.286681715575620777e-01
1.276421095834188446e-01
1.321567822696490813e-01
1.298994459265339629e-01
1.329776318489636899e-01
1.280525343730761212e-01
1.278473219782474968e-01
1.235378616868458845e-01
1.270264723989328881e-01
1.247691360558177698e-01
1.237430740816745367e-01
1.200492509747588810e-01
1.239482864765031750e-01
1.288733839523907299e-01
1.235378616868458845e-01
1.247691360558177698e-01
1.200492509747588810e-01
1.253847732403037263e-01
1.202544633695875193e-01
1.260004104247896550e-01
1.200492509747588810e-01
1.229222245023599419e-01
1.206648881592448236e-01
1.233326492920172324e-01
1.200492509747588810e-01
1.255899856351323507e-01
1.264108352144469594e-01
1.229222245023599419e-01
1.206648881592448236e-01
1.182023394213010531e-01
1.249743484506464219e-01
1.188179766057869957e-01
1.179971270264724009e-01
1.136876667350708026e-01
1.182023394213010531e-01
1.165606402626718635e-01
1.184075518161296914e-01
1.159450030781859209e-01
1.149189411040426878e-01
1.208701005540734619e-01
1.182023394213010531e-01
1.116355427867843225e-01
1.147137287092140356e-01
1.089677816540118999e-01
1.130720295505848599e-01
1.106094808126410894e-01
1.122511799712702651e-01
1.091729940488405520e-01
1.050687461522675920e-01
1.052739585470962441e-01
1.087625692591832616e-01
1.046583213626103015e-01
1.067104453108967815e-01
1.104042684178124373e-01
1.073260824953827242e-01
1.071208701005540720e-01
1.110199056022983799e-01
1.112251179971270321e-01
1.069156577057254198e-01
1.083521444695259572e-01
1.075312948902113624e-01
1.095834188384978425e-01
1.106094808126410894e-01
1.097886312333264947e-01
1.050687461522675920e-01
1.034270469936384163e-01
1.069156577057254198e-01
1.073260824953827242e-01
1.054791709419248963e-01
1.024009850194951832e-01
1.032218345988097641e-01
1.007592858608659936e-01
1.026061974143238215e-01
1.015801354401805884e-01
1.021957726246665310e-01
1.024009850194951832e-01
1.042478965729530110e-01
9.952801149189410834e-02
1.044531089677816493e-01
9.686025035912168568e-02
9.768109993843628047e-02
1.036322593884670684e-01
1.026061974143238215e-01
1.038374717832957067e-01
1.028114098091524736e-01
1.028114098091524736e-01
9.932279909706545618e-02
9.665503796429304739e-02
9.542376359532116215e-02
9.768109993843628047e-02
9.768109993843628047e-02
1.005540734660373553e-01
9.398727683152062473e-02
9.850194951775087526e-02
9.829673712292222310e-02
9.357685204186333428e-02
9.624461317463574306e-02
