1.000000000000000000e+00
7.940831868775629632e-01
7.659636789689513447e-01
6.854130052724077826e-01
6.693028705330990036e-01
6.502636203866432041e-01
6.326889279437609703e-01
5.905096660808435427e-01
5.937316930287053207e-01
5.849443468072642593e-01
5.588752196836554997e-01
5.615114235500878737e-01
5.404217926186292154e-01
5.287053309900410225e-01
5.038078500292911821e-01
5.032220269478617780e-01
4.844756883421206806e-01
5.008787346221441616e-01
4.724663151728177857e-01
4.630931458699472647e-01
4.490333919156414555e-01
4.478617457527826473e-01
4.431751611013474146e-01
4.276508494434680951e-01
4.232571763327475090e-01
3.886936145284124455e-01
3.787346221441124650e-01
3.810779144698301368e-01
3.719976567076742624e-01
3.840070298769771573e-01
3.599882835383714230e-01
3.564733450497949430e-01
3.567662565905096450e-01
3.585237258347979128e-01
3.412419449326303256e-01
3.380199179847686031e-01
3.371411833626244969e-01
3.268892794376098143e-01
3.189806678383128036e-01
3.216168717047451775e-01
3.222026947861745816e-01
3.060925600468658581e-01
3.031634446397187821e-01
2.961335676625658775e-01
2.996485061511423575e-01
2.782659636789689417e-01
2.817809021675454217e-01
2.873462214411247606e-01
2.794376098418277499e-01
2.741652021089631130e-01
2.703573520796719309e-01
2.694786174575278248e-01
2.633274751025190263e-01
2.636203866432337284e-01
2.498535442296426490e-01
2.457527826596367926e-01
2.439953134153485526e-01
2.363796133567662439e-01
2.384299941417691859e-01
2.381370826010544839e-01
2.396016403046279941e-01
2.193907439953134142e-01
2.270064440538957229e-01
2.202694786174575203e-01
2.182190978324546060e-01
2.103104862331575953e-01
2.015231400117164506e-01
2.003514938488576425e-01
2.006444053895723445e-01
2.000585823081429404e-01
2.024018746338605845e-01
1.947861745752782758e-01
1.824838898652606789e-01
1.836555360281195148e-01
1.857059168131224292e-01
1.827768014059754087e-01
1.827768014059754087e-01
1.857059168131224292e-01
1.792618629173989564e-01
1.780902167545401205e-01
1.742823667252489661e-01
1.698886936145284077e-01
1.599297012302284826e-01
1.666666666666666574e-01
1.681312243702401954e-01
1.675454012888107913e-01
1.681312243702401954e-01
1.640304628002343390e-01
1.634446397188049072e-01
1.546572934973637903e-01
1.523140011716461739e-01
1.575864089045108385e-01
1.511423550087873380e-01
1.517281780902167421e-01
1.464557703573520775e-01
1.441124780316344334e-01
1.411833626244874129e-01
1.487990626830697216e-01
1.417691857059168170e-01
1.408904510837727109e-01
1.455770357352079714e-01
1.306385471587580560e-01
1.309314586994727581e-01
1.285881663737551139e-01
1.318101933216168642e-01
1.256590509666080935e-01
1.262448740480374976e-01
1.236086701816051514e-01
1.265377855887521996e-01
1.321031048623315662e-01
1.180433509080257709e-01
1.236086701816051514e-01
1.221441124780316412e-01
1.183362624487404868e-01
1.215582893966022232e-01
1.151142355008787366e-01
1.048623315758640956e-01
1.180433509080257709e-01
1.074985354422964279e-01
1.074985354422964279e-01
1.115992970123022843e-01
1.042765084944346776e-01
1.089630931458699520e-01
1.183362624487404868e-01
1.092560046865846540e-01
1.139425893380199145e-01
1.031048623315758694e-01
1.051552431165787976e-01
1.031048623315758694e-01
1.031048623315758694e-01
1.010544815465729412e-01
1.010544815465729412e-01
1.031048623315758694e-01
9.753954305799648894e-02
1.036906854130052735e-01
9.226713532513181049e-02
9.373169302870533459e-02
9.958992384299941714e-02
9.343878148799063255e-02
9.050966608084358433e-02
9.168131224370240639e-02
9.343878148799063255e-02
9.402460456942003664e-02
9.285295840656121458e-02
8.816637375512595409e-02
9.021675454012888229e-02
8.758055067369655000e-02
8.289396602226127564e-02
8.816637375512595409e-02
8.992384299941418024e-02
9.080257762155828638e-02
8.699472759226713203e-02
8.113649677797304949e-02
8.465143526654950179e-02
8.582308142940832385e-02
8.142940831868775153e-02
8.318687756297597768e-02
8.230814294083187155e-02
8.113649677797304949e-02
8.875219683655535818e-02
8.435852372583479974e-02
8.787346221441125205e-02
7.557117750439366899e-02
7.850029291154071720e-02
8.055067369654364540e-02
7.879320445225541925e-02
7.879320445225541925e-02
7.879320445225541925e-02
7.703573520796719309e-02
7.937902753368482334e-02
7.088459285295840850e-02
7.762155828939659719e-02
7.176332747510251464e-02
7.147041593438781260e-02
6.942003514938488440e-02
6.766256590509665825e-02
7.059168131224370646e-02
6.736965436438195620e-02
7.000585823081428849e-02
7.205623901581721669e-02
6.883421206795548031e-02
7.000585823081428849e-02
6.736965436438195620e-02
6.736965436438195620e-02
6.356180433509080185e-02
6.531927357937902801e-02
6.619800820152313414e-02
6.502636203866432596e-02
6.444053895723492187e-02
6.004686584651434955e-02
6.033977738722905854e-02
6.326889279437609981e-02
6.151142355008787366e-02
6.531927357937902801e-02
6.297598125366139776e-02
6.444053895723492187e-02
6.473345049794962391e-02
6.209724663151728469e-02
5.946104276508494546e-02
5.653192735793790419e-02
5.477445811364967804e-02
5.887521968365553443e-02
5.828939660222613034e-02
5.448154657293497599e-02
5.975395430579964751e-02
5.038078500292911266e-02
5.711775043936730828e-02
5.828939660222613034e-02
5.536028119507908907e-02
5.389572349150556496e-02
5.623901581722319520e-02
5.155243116578793472e-02
5.858230814294083239e-02
5.272407732864674984e-02
5.477445811364967804e-02
5.477445811364967804e-02
5.799648506151142136e-02
5.448154657293497599e-02
5.067369654364382164e-02
5.389572349150556496e-02
5.594610427650849316e-02
5.946104276508494546e-02
5.653192735793790419e-02
5.096660808435852369e-02
5.565319273579379111e-02
5.741066198008201726e-02
5.125951962507322573e-02
5.418863503222026701e-02
5.418863503222026701e-02
5.448154657293497599e-02
4.803749267721148242e-02
5.389572349150556496e-02
4.276508494434680396e-02
4.950205038078499958e-02
4.745166959578207139e-02
4.745166959578207139e-02
4.774458113649678037e-02
4.833040421792618446e-02
4.598711189220855422e-02
4.100761570005858475e-02
4.217926186291739987e-02
4.335090802577621499e-02
4.715875805506736934e-02
4.774458113649678037e-02
3.866432337434094757e-02
4.598711189220855422e-02
4.540128881077914319e-02
4.100761570005858475e-02
4.803749267721148242e-02
4.393673110720562602e-02
4.657293497363795831e-02
4.305799648506151295e-02
4.276508494434680396e-02
3.719976567076743040e-02
3.807850029291154348e-02
4.364381956649091704e-02
3.925014645577035860e-02
3.954305799648506065e-02
4.188635032220269783e-02
3.632103104862331733e-02
3.925014645577035860e-02
3.719976567076743040e-02
3.837141183362624552e-02
3.807850029291154348e-02
3.544229642647920425e-02
3.075571177504393683e-02
3.690685413005272142e-02
3.456356180433509118e-02
3.573520796719390630e-02
3.016988869361452927e-02
3.661394258933801937e-02
3.514938488576450221e-02
3.690685413005272142e-02
3.573520796719390630e-02
3.427065026362038913e-02
3.544229642647920425e-02
3.368482718219097810e-02
3.427065026362038913e-02
3.339191564147627606e-02
3.046280023432923131e-02
3.339191564147627606e-02
3.134153485647334786e-02
3.544229642647920425e-02
3.222026947861746093e-02
3.075571177504393683e-02
3.456356180433509118e-02
3.602811950790860834e-02
3.134153485647334786e-02
3.075571177504393683e-02
2.987697715289982375e-02
3.573520796719390630e-02
3.016988869361452927e-02
2.870533099004100863e-02
2.958406561218512171e-02
2.841241944932630312e-02
2.870533099004100863e-02
3.046280023432923131e-02
2.753368482718219004e-02
2.519039250146455633e-02
2.811950790861159760e-02
2.929115407147041619e-02
2.958406561218512171e-02
2.870533099004100863e-02
3.016988869361452927e-02
2.958406561218512171e-02
3.163444639718804990e-02
2.665495020503807697e-02
2.811950790861159760e-02
2.870533099004100863e-02
2.987697715289982375e-02
2.724077328646748800e-02
2.636203866432337492e-02
2.841241944932630312e-02
2.899824253075571068e-02
2.577621558289396736e-02
2.636203866432337492e-02
2.431165787932044672e-02
2.255418863503222057e-02
2.431165787932044672e-02
2.138254247217340198e-02
2.255418863503222057e-02
2.226127709431751506e-02
2.548330404217926184e-02
2.255418863503222057e-02
2.314001171646162813e-02
2.343292325717633365e-02
2.372583479789103569e-02
2.226127709431751506e-02
2.108963093145869994e-02
2.079671939074399442e-02
2.314001171646162813e-02
2.226127709431751506e-02
2.108963093145869994e-02
2.050380785002929238e-02
2.284710017574692609e-02
2.548330404217926184e-02
2.343292325717633365e-02
2.255418863503222057e-02
2.196836555360281301e-02
2.519039250146455633e-02
2.108963093145869994e-02
2.401874633860574121e-02
2.284710017574692609e-02
2.694786174575278248e-02
2.372583479789103569e-02
2.431165787932044672e-02
2.255418863503222057e-02
2.284710017574692609e-02
2.401874633860574121e-02
2.255418863503222057e-02
2.460456942003514877e-02
2.284710017574692609e-02
2.138254247217340198e-02
2.548330404217926184e-02
2.343292325717633365e-02
2.226127709431751506e-02
2.021089630931458686e-02
2.167545401288810750e-02
2.021089630931458686e-02
2.050380785002929238e-02
2.196836555360281301e-02
2.226127709431751506e-02
2.255418863503222057e-02
2.108963093145869994e-02
2.401874633860574121e-02
2.314001171646162813e-02
2.460456942003514877e-02
2.460456942003514877e-02
2.108963093145869994e-02
1.933216168717047379e-02
2.196836555360281301e-02
2.343292325717633365e-02
2.196836555360281301e-02
2.460456942003514877e-02
2.196836555360281301e-02
2.401874633860574121e-02
2.401874633860574121e-02
2.167545401288810750e-02
1.845342706502636071e-02
1.933216168717047379e-02
1.816051552431165866e-02
2.138254247217340198e-02
2.167545401288810750e-02
2.050380785002929238e-02
2.021089630931458686e-02
1.933216168717047379e-02
1.991798476859988135e-02
1.962507322788517930e-02
1.757469244288225110e-02
1.523140011716461566e-02
1.845342706502636071e-02
1.845342706502636071e-02
1.903925014645577174e-02
2.079671939074399442e-02
1.962507322788517930e-02
1.962507322788517930e-02
1.903925014645577174e-02
1.903925014645577174e-02
2.079671939074399442e-02
2.138254247217340198e-02
2.401874633860574121e-02
