1.000000000000000000e+00
7.841614906832298226e-01
7.305900621118012195e-01
6.789596273291925721e-01
6.704192546583851442e-01
6.114130434782608647e-01
5.854037267080745011e-01
5.539596273291925721e-01
5.244565217391304879e-01
5.139751552795031042e-01
5.003881987577639689e-01
4.724378881987577605e-01
4.681677018633540466e-01
4.739906832298136918e-01
4.320652173913043237e-01
4.087732919254658537e-01
4.239130434782608647e-01
4.118788819875776608e-01
3.909161490683230045e-01
3.753881987577639689e-01
3.633540372670807650e-01
3.618012422360248337e-01
3.513198757763975055e-01
3.536490683229813747e-01
3.509316770186335366e-01
3.385093167701863082e-01
3.039596273291925721e-01
3.171583850931676829e-01
3.093944099378881929e-01
2.927018633540372505e-01
2.868788819875776608e-01
2.810559006211180155e-01
2.678571428571428492e-01
2.678571428571428492e-01
2.608695652173912971e-01
2.663043478260869734e-01
2.686335403726707871e-01
2.624223602484472284e-01
2.589285714285714524e-01
2.531055900621118071e-01
2.457298136645962860e-01
2.418478260869565133e-01
2.317546583850931541e-01
2.379658385093167683e-01
2.282608695652173780e-01
2.290372670807453437e-01
2.162267080745341741e-01
2.138975155279503049e-01
2.127329192546583980e-01
2.115683229813664634e-01
2.146739130434782705e-01
1.975931677018633592e-01
2.092391304347826220e-01
1.840062111801242239e-01
1.983695652173912971e-01
1.836180124223602550e-01
1.774068322981366408e-01
1.696428571428571508e-01
1.770186335403726718e-01
1.719720496894409922e-01
1.855590062111801275e-01
1.719720496894409922e-01
1.649844720496894401e-01
1.595496894409937916e-01
1.510093167701863359e-01
1.576086956521739191e-01
1.576086956521739191e-01
1.525621118012422395e-01
1.517857142857142738e-01
1.401397515527950388e-01
1.447981366459627217e-01
1.459627329192546563e-01
1.467391304347826220e-01
1.401397515527950388e-01
1.327639751552794900e-01
1.389751552795031042e-01
1.385869565217391353e-01
1.420807453416149113e-01
1.370341614906832317e-01
1.284937888198757761e-01
1.273291925465838414e-01
1.304347826086956486e-01
1.339285714285714246e-01
1.242236024844720482e-01
1.242236024844720482e-01
1.218944099378881929e-01
1.176242236024844789e-01
1.149068322981366408e-01
1.141304347826086890e-01
1.141304347826086890e-01
1.110248447204968958e-01
1.118012422360248476e-01
1.118012422360248476e-01
1.079192546583850887e-01
1.040372670807453437e-01
1.106366459627329130e-01
1.036490683229813609e-01
1.133540372670807511e-01
1.055900621118012472e-01
9.666149068322980875e-02
1.063664596273291990e-01
9.704968944099379158e-02
1.055900621118012472e-01
1.009316770186335366e-01
1.032608695652173919e-01
9.782608695652174335e-02
1.024844720496894401e-01
9.860248447204969513e-02
8.540372670807452882e-02
9.472049689440993625e-02
8.734472049689441520e-02
9.472049689440993625e-02
8.346273291925465632e-02
8.812111801242236697e-02
8.462732919254657704e-02
8.850931677018633592e-02
8.656832298136646342e-02
9.161490683229814302e-02
9.006211180124223947e-02
9.200310559006211197e-02
8.462732919254657704e-02
8.967391304347825665e-02
8.035714285714286309e-02
7.608695652173913526e-02
8.152173913043478382e-02
7.569875776397515243e-02
7.298136645962732816e-02
7.763975155279502494e-02
7.647515527950310421e-02
7.725155279503105599e-02
7.763975155279502494e-02
7.259316770186335921e-02
6.677018633540372783e-02
6.871118012422360033e-02
6.560559006211180710e-02
6.754658385093167960e-02
6.832298136645963138e-02
6.482919254658385533e-02
7.026397515527950388e-02
6.754658385093167960e-02
6.909937888198758316e-02
6.599378881987577605e-02
6.094720496894409645e-02
6.482919254658385533e-02
5.900621118012422395e-02
5.512422360248447201e-02
6.366459627329192072e-02
5.900621118012422395e-02
5.939440993788819984e-02
6.327639751552795178e-02
6.560559006211180710e-02
5.667701863354037556e-02
5.745341614906832040e-02
5.357142857142856845e-02
5.395962732919254434e-02
5.706521739130434451e-02
5.512422360248447201e-02
5.240683229813664773e-02
5.085403726708074418e-02
5.551242236024844789e-02
5.590062111801242378e-02
5.124223602484472007e-02
5.551242236024844789e-02
5.085403726708074418e-02
5.590062111801242378e-02
5.551242236024844789e-02
5.473602484472049612e-02
5.357142857142856845e-02
5.590062111801242378e-02
5.279503105590062362e-02
5.473602484472049612e-02
5.085403726708074418e-02
4.774844720496894401e-02
5.085403726708074418e-02
4.697204968944099224e-02
4.580745341614907151e-02
4.037267080745341602e-02
4.852484472049689579e-02
4.309006211180124030e-02
4.891304347826087168e-02
4.580745341614907151e-02
5.357142857142856845e-02
4.774844720496894401e-02
4.619565217391304046e-02
4.619565217391304046e-02
4.697204968944099224e-02
5.007763975155279240e-02
4.580745341614907151e-02
4.192546583850931957e-02
4.347826086956521618e-02
4.464285714285714385e-02
4.270186335403726441e-02
4.425465838509316796e-02
4.076086956521739191e-02
4.270186335403726441e-02
4.386645962732919207e-02
4.425465838509316796e-02
4.114906832298136780e-02
4.658385093167701635e-02
4.425465838509316796e-02
4.541925465838509562e-02
4.076086956521739191e-02
4.076086956521739191e-02
3.881987577639751247e-02
3.920807453416148836e-02
4.192546583850931957e-02
3.765527950310559174e-02
4.153726708074534368e-02
4.347826086956521618e-02
3.804347826086956763e-02
3.804347826086956763e-02
4.153726708074534368e-02
3.726708074534161586e-02
3.920807453416148836e-02
3.338509316770186391e-02
3.881987577639751247e-02
3.610248447204968819e-02
3.804347826086956763e-02
3.338509316770186391e-02
3.610248447204968819e-02
3.454968944099379158e-02
3.183229813664596036e-02
3.183229813664596036e-02
2.911490683229813609e-02
3.493788819875776053e-02
3.377329192546583980e-02
3.532608695652173642e-02
3.260869565217391214e-02
3.454968944099379158e-02
3.222049689440993625e-02
3.416149068322981569e-02
2.406832298136645995e-02
2.950310559006211197e-02
2.872670807453416020e-02
2.756211180124223600e-02
3.105590062111801206e-02
3.144409937888198447e-02
3.144409937888198447e-02
3.299689440993788803e-02
3.144409937888198447e-02
2.833850931677018778e-02
2.950310559006211197e-02
2.600931677018633592e-02
3.299689440993788803e-02
3.183229813664596036e-02
2.911490683229813609e-02
2.600931677018633592e-02
2.795031055900621189e-02
2.445652173913043584e-02
2.445652173913043584e-02
2.523291925465838414e-02
3.027950310559006375e-02
2.795031055900621189e-02
2.445652173913043584e-02
2.368012422360248406e-02
2.290372670807453576e-02
2.756211180124223600e-02
2.795031055900621189e-02
2.833850931677018778e-02
2.833850931677018778e-02
2.639751552795031181e-02
2.989130434782608786e-02
2.989130434782608786e-02
2.600931677018633592e-02
2.096273291925465979e-02
2.872670807453416020e-02
2.368012422360248406e-02
2.329192546583850817e-02
2.562111801242236003e-02
2.872670807453416020e-02
2.484472049689440826e-02
3.183229813664596036e-02
2.406832298136645995e-02
2.833850931677018778e-02
2.639751552795031181e-02
2.484472049689440826e-02
2.523291925465838414e-02
2.523291925465838414e-02
2.989130434782608786e-02
2.717391304347826012e-02
2.795031055900621189e-02
2.795031055900621189e-02
2.639751552795031181e-02
2.329192546583850817e-02
2.717391304347826012e-02
2.795031055900621189e-02
2.678571428571428423e-02
2.600931677018633592e-02
2.368012422360248406e-02
2.057453416149068390e-02
2.562111801242236003e-02
2.329192546583850817e-02
1.863354037267080793e-02
2.290372670807453576e-02
2.212732919254658398e-02
2.251552795031055987e-02
1.940993788819875623e-02
1.940993788819875623e-02
2.135093167701863220e-02
2.329192546583850817e-02
2.212732919254658398e-02
1.785714285714285615e-02
1.863354037267080793e-02
2.251552795031055987e-02
2.018633540372670801e-02
2.057453416149068390e-02
1.708074534161490785e-02
2.173913043478260809e-02
2.057453416149068390e-02
1.630434782608695607e-02
1.552795031055900603e-02
1.630434782608695607e-02
1.475155279503105599e-02
1.552795031055900603e-02
1.902173913043478382e-02
1.746894409937888026e-02
1.358695652173913006e-02
1.708074534161490785e-02
1.358695652173913006e-02
1.164596273291925409e-02
9.704968944099378117e-03
1.358695652173913006e-02
1.552795031055900603e-02
1.281055900621118002e-02
1.630434782608695607e-02
1.552795031055900603e-02
1.902173913043478382e-02
1.630434782608695607e-02
1.591614906832298018e-02
1.630434782608695607e-02
1.475155279503105599e-02
1.436335403726708010e-02
1.746894409937888026e-02
1.048136645962732989e-02
1.358695652173913006e-02
1.397515527950310595e-02
1.397515527950310595e-02
1.358695652173913006e-02
1.552795031055900603e-02
1.125776397515527993e-02
1.591614906832298018e-02
9.704968944099378117e-03
9.704968944099378117e-03
1.242236024844720413e-02
1.009316770186335400e-02
1.281055900621118002e-02
1.086956521739130405e-02
1.125776397515527993e-02
1.397515527950310595e-02
1.125776397515527993e-02
1.242236024844720413e-02
1.009316770186335400e-02
1.164596273291925409e-02
1.242236024844720413e-02
1.086956521739130405e-02
1.164596273291925409e-02
1.086956521739130405e-02
1.242236024844720413e-02
9.704968944099378117e-03
1.319875776397515590e-02
1.164596273291925409e-02
1.281055900621118002e-02
1.125776397515527993e-02
1.009316770186335400e-02
1.164596273291925409e-02
8.928571428571428076e-03
1.319875776397515590e-02
1.125776397515527993e-02
8.928571428571428076e-03
8.540372670807453923e-03
1.009316770186335400e-02
1.086956521739130405e-02
1.281055900621118002e-02
1.009316770186335400e-02
1.164596273291925409e-02
8.928571428571428076e-03
1.125776397515527993e-02
1.125776397515527993e-02
1.164596273291925409e-02
1.086956521739130405e-02
1.203416149068322998e-02
1.086956521739130405e-02
1.203416149068322998e-02
1.203416149068322998e-02
1.048136645962732989e-02
1.009316770186335400e-02
1.281055900621118002e-02
1.203416149068322998e-02
1.591614906832298018e-02
1.281055900621118002e-02
1.086956521739130405e-02
9.316770186335403964e-03
1.358695652173913006e-02
1.164596273291925409e-02
1.164596273291925409e-02
1.242236024844720413e-02
9.316770186335403964e-03
1.086956521739130405e-02
1.009316770186335400e-02
8.540372670807453923e-03
1.009316770186335400e-02
