1.000000000000000000e+00
7.898832684824902417e-01
7.626459143968871146e-01
7.509727626459143934e-01
7.003891050583657130e-01
7.003891050583657130e-01
6.926070038910505655e-01
6.692607003891050121e-01
6.186770428015564427e-01
6.303501945525291639e-01
6.809338521400778443e-01
5.875486381322957419e-01
5.992217898832684631e-01
5.758754863813229097e-01
6.225680933852140164e-01
6.031128404669260368e-01
6.459143968871595698e-01
6.108949416342412952e-01
5.953307392996108893e-01
6.264591439688715901e-01
6.031128404669260368e-01
6.420233463035019961e-01
6.303501945525291639e-01
5.058365758754863606e-01
5.797665369649805944e-01
6.381322957198443113e-01
6.303501945525291639e-01
6.575875486381322910e-01
5.719844357976653360e-01
5.914396887159533156e-01
5.719844357976653360e-01
5.836575875486381682e-01
5.758754863813229097e-01
5.992217898832684631e-01
5.252918287937743402e-01
5.330739299610894877e-01
5.603112840466926148e-01
5.175097276264591928e-01
5.019455252918287869e-01
5.252918287937743402e-01
5.252918287937743402e-01
5.175097276264591928e-01
5.486381322957198936e-01
5.486381322957198936e-01
5.369649805447470614e-01
5.953307392996108893e-01
5.486381322957198936e-01
5.525291828793774673e-01
5.214007782101167665e-01
5.603112840466926148e-01
4.785992217898832890e-01
5.291828793774319140e-01
5.758754863813229097e-01
5.408560311284046351e-01
5.330739299610894877e-01
5.214007782101167665e-01
4.980544747081712131e-01
4.785992217898832890e-01
5.291828793774319140e-01
4.902723735408560102e-01
4.902723735408560102e-01
5.408560311284046351e-01
4.980544747081712131e-01
5.175097276264591928e-01
4.708171206225680860e-01
4.202334630350194611e-01
5.058365758754863606e-01
4.591439688715953094e-01
4.863813229571984365e-01
4.747081712062256598e-01
4.435797665369649589e-01
5.136186770428015080e-01
4.319066147859922378e-01
4.474708171206225882e-01
4.747081712062256598e-01
5.291828793774319140e-01
4.747081712062256598e-01
4.747081712062256598e-01
4.591439688715953094e-01
4.280155642023346085e-01
4.046692607003891107e-01
4.396887159533073852e-01
4.669260700389105123e-01
3.891050583657587603e-01
3.657587548638132069e-01
4.552529182879377356e-01
4.591439688715953094e-01
4.902723735408560102e-01
4.124513618677042581e-01
3.891050583657587603e-01
4.124513618677042581e-01
4.435797665369649589e-01
3.852140077821011865e-01
4.396887159533073852e-01
3.929961089494163340e-01
3.774319066147859836e-01
3.735408560311284099e-01
3.929961089494163340e-01
3.579766536964980594e-01
3.657587548638132069e-01
3.852140077821011865e-01
4.396887159533073852e-01
4.319066147859922378e-01
3.968871595330739077e-01
3.696498054474708361e-01
3.813229571984435573e-01
4.163424124513618874e-01
3.891050583657587603e-01
3.968871595330739077e-01
3.696498054474708361e-01
3.657587548638132069e-01
3.268482490272373586e-01
3.774319066147859836e-01
3.540856031128404857e-01
3.540856031128404857e-01
3.696498054474708361e-01
3.891050583657587603e-01
3.813229571984435573e-01
3.618677042801556332e-01
4.280155642023346085e-01
3.852140077821011865e-01
3.268482490272373586e-01
3.540856031128404857e-01
3.190661478599221557e-01
3.657587548638132069e-01
3.735408560311284099e-01
3.852140077821011865e-01
3.852140077821011865e-01
3.774319066147859836e-01
3.696498054474708361e-01
3.385214007782101353e-01
3.774319066147859836e-01
3.268482490272373586e-01
2.801556420233463074e-01
3.229571984435797849e-01
3.151750972762645819e-01
3.112840466926070082e-01
2.996108949416342315e-01
2.879377431906614548e-01
3.307392996108949323e-01
3.501945525291828565e-01
3.696498054474708361e-01
3.657587548638132069e-01
3.385214007782101353e-01
3.540856031128404857e-01
3.268482490272373586e-01
3.346303501945525061e-01
3.073929961089494345e-01
3.268482490272373586e-01
2.918287937743190841e-01
3.501945525291828565e-01
3.463035019455252828e-01
3.735408560311284099e-01
3.151750972762645819e-01
2.568093385214007540e-01
2.996108949416342315e-01
3.385214007782101353e-01
3.035019455252918053e-01
2.996108949416342315e-01
2.840466926070038811e-01
2.568093385214007540e-01
2.996108949416342315e-01
3.190661478599221557e-01
2.178988326848249057e-01
2.996108949416342315e-01
2.879377431906614548e-01
2.996108949416342315e-01
2.529182879377431803e-01
2.645914396887159570e-01
2.607003891050583833e-01
2.490272373540856066e-01
2.684824902723735307e-01
2.178988326848249057e-01
2.957198443579766578e-01
2.840466926070038811e-01
3.035019455252918053e-01
3.112840466926070082e-01
2.723735408560311044e-01
2.762645914396887337e-01
2.996108949416342315e-01
3.035019455252918053e-01
2.957198443579766578e-01
2.840466926070038811e-01
3.073929961089494345e-01
2.801556420233463074e-01
2.607003891050583833e-01
2.684824902723735307e-01
3.035019455252918053e-01
2.957198443579766578e-01
2.840466926070038811e-01
3.151750972762645819e-01
3.035019455252918053e-01
3.190661478599221557e-01
3.151750972762645819e-01
2.996108949416342315e-01
2.918287937743190841e-01
3.307392996108949323e-01
3.307392996108949323e-01
2.840466926070038811e-01
2.918287937743190841e-01
2.607003891050583833e-01
2.918287937743190841e-01
2.801556420233463074e-01
2.723735408560311044e-01
2.529182879377431803e-01
2.801556420233463074e-01
3.307392996108949323e-01
2.840466926070038811e-01
2.918287937743190841e-01
2.801556420233463074e-01
2.607003891050583833e-01
2.840466926070038811e-01
2.801556420233463074e-01
2.373540856031128299e-01
2.490272373540856066e-01
2.762645914396887337e-01
3.073929961089494345e-01
2.801556420233463074e-01
2.568093385214007540e-01
2.217898832684824795e-01
2.879377431906614548e-01
2.645914396887159570e-01
2.840466926070038811e-01
2.723735408560311044e-01
2.529182879377431803e-01
2.723735408560311044e-01
2.684824902723735307e-01
2.412451361867704314e-01
2.412451361867704314e-01
2.490272373540856066e-01
2.334630350194552562e-01
2.140077821011673043e-01
2.568093385214007540e-01
2.140077821011673043e-01
2.412451361867704314e-01
2.412451361867704314e-01
2.101167315175097305e-01
2.412451361867704314e-01
2.451361867704280051e-01
1.984435797665369539e-01
2.762645914396887337e-01
2.918287937743190841e-01
2.723735408560311044e-01
2.918287937743190841e-01
2.451361867704280051e-01
2.645914396887159570e-01
2.140077821011673043e-01
2.217898832684824795e-01
2.684824902723735307e-01
2.879377431906614548e-01
2.723735408560311044e-01
2.451361867704280051e-01
2.295719844357976547e-01
2.529182879377431803e-01
2.568093385214007540e-01
2.334630350194552562e-01
2.645914396887159570e-01
2.451361867704280051e-01
2.607003891050583833e-01
2.490272373540856066e-01
2.607003891050583833e-01
2.723735408560311044e-01
2.568093385214007540e-01
2.607003891050583833e-01
2.840466926070038811e-01
2.529182879377431803e-01
2.840466926070038811e-01
2.996108949416342315e-01
2.334630350194552562e-01
2.684824902723735307e-01
2.412451361867704314e-01
2.490272373540856066e-01
2.373540856031128299e-01
2.412451361867704314e-01
2.295719844357976547e-01
2.529182879377431803e-01
2.062256809338521291e-01
2.879377431906614548e-01
2.490272373540856066e-01
2.451361867704280051e-01
2.412451361867704314e-01
2.490272373540856066e-01
2.607003891050583833e-01
2.529182879377431803e-01
2.451361867704280051e-01
2.451361867704280051e-01
2.529182879377431803e-01
2.373540856031128299e-01
2.840466926070038811e-01
2.451361867704280051e-01
2.062256809338521291e-01
2.256809338521400810e-01
2.451361867704280051e-01
2.101167315175097305e-01
2.295719844357976547e-01
2.101167315175097305e-01
2.529182879377431803e-01
2.373540856031128299e-01
1.867704280155642049e-01
2.023346303501945553e-01
2.178988326848249057e-01
1.984435797665369539e-01
2.101167315175097305e-01
2.529182879377431803e-01
2.334630350194552562e-01
2.645914396887159570e-01
2.140077821011673043e-01
2.412451361867704314e-01
2.373540856031128299e-01
2.256809338521400810e-01
2.490272373540856066e-01
2.334630350194552562e-01
2.607003891050583833e-01
2.334630350194552562e-01
2.412451361867704314e-01
2.490272373540856066e-01
2.178988326848249057e-01
2.217898832684824795e-01
2.334630350194552562e-01
1.945525291828793801e-01
2.062256809338521291e-01
2.645914396887159570e-01
2.062256809338521291e-01
2.645914396887159570e-01
2.140077821011673043e-01
2.373540856031128299e-01
2.412451361867704314e-01
2.062256809338521291e-01
2.062256809338521291e-01
2.684824902723735307e-01
2.178988326848249057e-01
2.334630350194552562e-01
2.607003891050583833e-01
2.762645914396887337e-01
2.178988326848249057e-01
2.645914396887159570e-01
2.412451361867704314e-01
2.295719844357976547e-01
2.451361867704280051e-01
2.490272373540856066e-01
2.568093385214007540e-01
2.140077821011673043e-01
2.217898832684824795e-01
1.867704280155642049e-01
2.334630350194552562e-01
2.023346303501945553e-01
2.023346303501945553e-01
2.256809338521400810e-01
2.451361867704280051e-01
2.295719844357976547e-01
2.140077821011673043e-01
2.178988326848249057e-01
1.984435797665369539e-01
2.140077821011673043e-01
1.945525291828793801e-01
1.906614785992217787e-01
1.906614785992217787e-01
2.334630350194552562e-01
2.062256809338521291e-01
2.101167315175097305e-01
1.789883268482490297e-01
2.023346303501945553e-01
2.256809338521400810e-01
1.906614785992217787e-01
2.256809338521400810e-01
2.140077821011673043e-01
2.334630350194552562e-01
2.217898832684824795e-01
2.178988326848249057e-01
2.023346303501945553e-01
2.101167315175097305e-01
2.178988326848249057e-01
2.023346303501945553e-01
2.140077821011673043e-01
2.062256809338521291e-01
1.984435797665369539e-01
2.217898832684824795e-01
2.256809338521400810e-01
2.023346303501945553e-01
2.256809338521400810e-01
1.867704280155642049e-01
1.673151750972762530e-01
1.984435797665369539e-01
1.906614785992217787e-01
1.867704280155642049e-01
2.373540856031128299e-01
1.945525291828793801e-01
2.140077821011673043e-01
1.867704280155642049e-01
1.828793774319066034e-01
2.178988326848249057e-01
2.295719844357976547e-01
2.256809338521400810e-01
1.984435797665369539e-01
2.607003891050583833e-01
2.295719844357976547e-01
1.906614785992217787e-01
1.984435797665369539e-01
1.789883268482490297e-01
1.867704280155642049e-01
1.945525291828793801e-01
