1.000000000000000000e+00
7.588957055214723413e-01
7.361963190184048766e-01
6.944785276073619507e-01
6.797546012269938265e-01
6.496932515337423553e-01
6.214723926380367747e-01
5.822085889570551842e-01
5.840490797546011859e-01
5.386503067484662566e-01
5.797546012269938487e-01
5.429447852760735937e-01
5.319018404907975839e-01
5.294478527607362484e-01
5.288343558282208035e-01
4.920245398773006040e-01
4.779141104294478692e-01
4.650306748466257467e-01
4.582822085889570740e-01
4.588957055214724079e-01
4.576687116564417401e-01
4.355828220858895539e-01
4.361963190184048877e-01
4.312883435582822167e-01
4.153374233128834248e-01
4.147239263803680909e-01
3.969325153374232973e-01
3.963190184049079634e-01
3.723926380368098310e-01
3.957055214723926295e-01
3.809815950920245609e-01
3.705521472392638294e-01
3.656441717791411028e-01
3.742331288343558326e-01
3.582822085889570407e-01
3.717791411042944971e-01
3.472392638036809753e-01
3.226993865030675090e-01
3.404907975460122471e-01
3.380368098159509116e-01
3.441717791411043059e-01
3.392638036809815794e-01
3.226993865030675090e-01
3.294478527607361817e-01
3.079754601226993849e-01
3.147239263803681131e-01
3.079754601226993849e-01
3.067484662576687171e-01
2.981595092024539873e-01
2.932515337423312607e-01
2.865030674846625880e-01
2.926380368098159268e-01
2.803680981595091937e-01
2.797546012269938598e-01
2.809815950920245275e-01
2.889570552147239235e-01
2.883435582822085896e-01
2.791411042944785259e-01
2.736196319018404655e-01
2.877300613496932558e-01
2.539877300613496702e-01
2.588957055214723968e-01
2.631901840490797340e-01
2.748466257668711887e-01
2.625766871165644001e-01
2.564417177914110613e-01
2.478527607361963314e-01
2.564417177914110613e-01
2.533742331288343363e-01
2.527607361963190025e-01
2.466257668711656359e-01
2.460122699386503020e-01
2.447852760736196343e-01
2.447852760736196343e-01
2.398773006134969354e-01
2.361963190184049044e-01
2.509202453987730008e-01
2.411042944785276032e-01
2.312883435582822056e-01
2.319018404907975395e-01
2.196319018404908063e-01
2.392638036809816016e-01
2.374233128834355722e-01
2.184049079754601108e-01
2.128834355828220781e-01
2.202453987730061402e-01
2.417177914110429371e-01
2.263803680981595068e-01
2.288343558282208701e-01
2.079754601226993793e-01
2.171779141104294431e-01
2.055214723926380438e-01
2.067484662576687116e-01
2.122699386503067442e-01
1.987730061349693156e-01
2.153374233128834414e-01
2.196319018404908063e-01
2.055214723926380438e-01
2.104294478527607426e-01
2.171779141104294431e-01
2.245398773006135051e-01
2.208588957055214741e-01
2.012269938650306789e-01
2.147239263803681075e-01
2.092024539877300748e-01
2.147239263803681075e-01
2.104294478527607426e-01
2.159509202453987753e-01
2.061349693251533777e-01
2.000000000000000111e-01
1.950920245398773123e-01
1.944785276073619507e-01
2.012269938650306789e-01
1.950920245398773123e-01
1.975460122699386478e-01
1.944785276073619507e-01
1.993865030674846495e-01
1.865030674846625824e-01
1.858895705521472486e-01
1.901840490797546135e-01
1.901840490797546135e-01
1.858895705521472486e-01
1.840490797546012192e-01
1.834355828220858853e-01
1.779141104294478526e-01
1.797546012269938542e-01
1.754601226993864893e-01
1.858895705521472486e-01
1.736196319018404877e-01
1.656441717791410917e-01
1.754601226993864893e-01
1.631901840490797562e-01
1.834355828220858853e-01
1.895705521472392519e-01
1.809815950920245498e-01
1.877300613496932502e-01
1.822085889570552175e-01
1.846625766871165530e-01
1.901840490797546135e-01
1.687116564417177889e-01
1.822085889570552175e-01
1.871165644171779163e-01
1.840490797546012192e-01
1.766871165644171848e-01
1.687116564417177889e-01
1.730061349693251538e-01
1.736196319018404877e-01
1.797546012269938542e-01
1.803680981595092159e-01
1.656441717791410917e-01
1.693251533742331227e-01
1.680981595092024550e-01
1.576687116564417235e-01
1.687116564417177889e-01
1.601226993865030590e-01
1.595092024539877251e-01
1.674846625766871211e-01
1.552147239263803602e-01
1.552147239263803602e-01
1.638036809815950900e-01
1.638036809815950900e-01
1.680981595092024550e-01
1.546012269938650263e-01
1.509202453987729953e-01
1.564417177914110557e-01
1.558282208588956941e-01
1.625766871165644223e-01
1.595092024539877251e-01
1.588957055214723912e-01
1.582822085889570574e-01
1.515337423312883569e-01
1.447852760736196287e-01
1.466257668711656303e-01
1.515337423312883569e-01
1.527607361963190247e-01
1.484662576687116597e-01
1.680981595092024550e-01
1.613496932515337545e-01
1.546012269938650263e-01
1.595092024539877251e-01
1.521472392638036908e-01
1.466257668711656303e-01
1.588957055214723912e-01
1.496932515337423275e-01
1.404907975460122638e-01
1.484662576687116597e-01
1.441717791411042948e-01
1.576687116564417235e-01
1.472392638036809920e-01
1.509202453987729953e-01
1.503067484662576614e-01
1.533742331288343586e-01
1.564417177914110557e-01
1.435582822085889609e-01
1.466257668711656303e-01
1.441717791411042948e-01
1.527607361963190247e-01
1.441717791411042948e-01
1.441717791411042948e-01
1.355828220858895650e-01
1.466257668711656303e-01
1.435582822085889609e-01
1.349693251533742311e-01
1.319018404907975339e-01
1.276073619631901968e-01
1.417177914110429315e-01
1.398773006134969299e-01
1.429447852760736271e-01
1.392638036809815960e-01
1.331288343558282294e-01
1.380368098159509282e-01
1.355828220858895650e-01
1.331288343558282294e-01
1.398773006134969299e-01
1.435582822085889609e-01
1.484662576687116597e-01
1.355828220858895650e-01
1.361963190184048988e-01
1.312883435582822000e-01
1.269938650306748351e-01
1.331288343558282294e-01
1.349693251533742311e-01
1.343558282208588972e-01
1.331288343558282294e-01
1.337423312883435633e-01
1.361963190184048988e-01
1.361963190184048988e-01
1.276073619631901968e-01
1.368098159509202327e-01
1.337423312883435633e-01
1.355828220858895650e-01
1.343558282208588972e-01
1.312883435582822000e-01
1.343558282208588972e-01
1.276073619631901968e-01
1.355828220858895650e-01
1.306748466257668662e-01
1.294478527607361984e-01
1.325153374233128956e-01
1.251533742331288335e-01
1.165644171779141036e-01
1.325153374233128956e-01
1.319018404907975339e-01
1.269938650306748351e-01
1.386503067484662621e-01
1.300613496932515323e-01
1.233128834355828179e-01
1.349693251533742311e-01
1.306748466257668662e-01
1.306748466257668662e-01
1.312883435582822000e-01
1.288343558282208645e-01
1.361963190184048988e-01
1.392638036809815960e-01
1.411042944785275977e-01
1.325153374233128956e-01
1.300613496932515323e-01
1.251533742331288335e-01
1.312883435582822000e-01
1.300613496932515323e-01
1.208588957055214685e-01
1.171779141104294514e-01
1.202453987730061347e-01
1.282208588957055306e-01
1.276073619631901968e-01
1.294478527607361984e-01
1.276073619631901968e-01
1.257668711656441674e-01
1.263803680981595012e-01
1.276073619631901968e-01
1.251533742331288335e-01
1.276073619631901968e-01
1.239263803680981657e-01
1.214723926380368163e-01
1.257668711656441674e-01
1.319018404907975339e-01
1.257668711656441674e-01
1.239263803680981657e-01
1.306748466257668662e-01
1.269938650306748351e-01
1.361963190184048988e-01
1.337423312883435633e-01
1.337423312883435633e-01
1.251533742331288335e-01
1.361963190184048988e-01
1.263803680981595012e-01
1.294478527607361984e-01
1.269938650306748351e-01
1.263803680981595012e-01
1.343558282208588972e-01
1.368098159509202327e-01
1.306748466257668662e-01
1.319018404907975339e-01
1.312883435582822000e-01
1.171779141104294514e-01
1.239263803680981657e-01
1.184049079754601191e-01
1.208588957055214685e-01
1.276073619631901968e-01
1.245398773006134996e-01
1.171779141104294514e-01
1.171779141104294514e-01
1.202453987730061347e-01
1.269938650306748351e-01
1.288343558282208645e-01
1.233128834355828179e-01
1.134969325153374203e-01
1.263803680981595012e-01
1.294478527607361984e-01
1.214723926380368163e-01
1.202453987730061347e-01
1.233128834355828179e-01
1.288343558282208645e-01
1.184049079754601191e-01
1.208588957055214685e-01
1.184049079754601191e-01
1.214723926380368163e-01
1.190184049079754669e-01
1.196319018404908008e-01
1.153374233128834359e-01
1.214723926380368163e-01
1.190184049079754669e-01
1.098159509202454032e-01
1.104294478527607370e-01
1.122699386503067526e-01
1.141104294478527542e-01
1.196319018404908008e-01
1.184049079754601191e-01
1.190184049079754669e-01
1.134969325153374203e-01
1.116564417177914048e-01
1.036809815950920227e-01
1.184049079754601191e-01
1.177914110429447853e-01
1.067484662576687060e-01
1.110429447852760709e-01
1.085889570552147215e-01
9.877300613496932391e-02
1.061349693251533721e-01
1.006134969325153394e-01
1.092024539877300554e-01
1.092024539877300554e-01
1.030674846625766888e-01
1.110429447852760709e-01
1.042944785276073566e-01
1.067484662576687060e-01
1.098159509202454032e-01
1.036809815950920227e-01
1.184049079754601191e-01
1.159509202453987697e-01
1.110429447852760709e-01
1.122699386503067526e-01
1.116564417177914048e-01
1.196319018404908008e-01
1.184049079754601191e-01
1.036809815950920227e-01
1.092024539877300554e-01
1.055214723926380382e-01
1.024539877300613550e-01
9.877300613496932391e-02
1.073619631901840538e-01
1.018404907975460072e-01
1.006134969325153394e-01
1.000000000000000056e-01
1.134969325153374203e-01
9.938650306748465779e-02
1.073619631901840538e-01
1.085889570552147215e-01
1.018404907975460072e-01
1.036809815950920227e-01
1.049079754601227044e-01
1.006134969325153394e-01
9.877300613496932391e-02
9.631901840490797451e-02
9.754601226993865615e-02
1.067484662576687060e-01
1.012269938650306733e-01
1.000000000000000056e-01
9.815950920245399003e-02
1.079754601226993876e-01
1.092024539877300554e-01
1.061349693251533721e-01
1.036809815950920227e-01
1.104294478527607370e-01
1.128834355828220865e-01
1.018404907975460072e-01
1.085889570552147215e-01
1.104294478527607370e-01
1.000000000000000056e-01
1.171779141104294514e-01
1.030674846625766888e-01
1.141104294478527542e-01
1.073619631901840538e-01
1.036809815950920227e-01
1.079754601226993876e-01
1.110429447852760709e-01
1.116564417177914048e-01
1.134969325153374203e-01
1.036809815950920227e-01
1.006134969325153394e-01
1.049079754601227044e-01
