1.000000000000000000e+00
7.972292191435768061e-01
7.758186397984886407e-01
7.292191435768261565e-01
6.826196473551637833e-01
6.712846347607053232e-01
6.738035264483627218e-01
6.681360201511334918e-01
6.083123425692694708e-01
6.083123425692694708e-01
6.095717884130982256e-01
5.761964735516372782e-01
5.862720403022669835e-01
5.573047858942065114e-01
5.623425692695214195e-01
5.062972292191435519e-01
5.226700251889169202e-01
5.012594458438287548e-01
4.886649874055415399e-01
4.855163727959697639e-01
4.886649874055415399e-01
4.842569269521410646e-01
4.628463476070528992e-01
4.401763224181360346e-01
4.382871536523929579e-01
4.363979848866498812e-01
4.414357682619647338e-01
4.181360201511334918e-01
4.294710327455919519e-01
4.395465994962216572e-01
4.105793450881611850e-01
4.137279596977330165e-01
3.979848866498740811e-01
3.772040302267002376e-01
3.872795969773299984e-01
3.822418136020150903e-01
3.923173803526448511e-01
3.853904282115869218e-01
3.557934508816120722e-01
3.551637279596977503e-01
3.545340050377833729e-01
3.727959697732997624e-01
3.646095717884130782e-01
3.557934508816120722e-01
3.406801007556675143e-01
3.463476070528967443e-01
3.702770780856423083e-01
3.406801007556675143e-01
3.438287153652392902e-01
3.369017632241813609e-01
3.255667506297229008e-01
3.167506297229218948e-01
3.400503778337531369e-01
3.180100755667506496e-01
3.110831234256927202e-01
3.255667506297229008e-01
3.136020151133501188e-01
3.161209068010075729e-01
3.136020151133501188e-01
3.085642317380352662e-01
2.921914357682619534e-01
3.066750629722921895e-01
2.890428211586901774e-01
3.028967254408060361e-01
2.940806045340050301e-01
3.148614609571788181e-01
2.903022670025188767e-01
2.953400503778337294e-01
2.865239294710327234e-01
2.978589420654911835e-01
2.852644836272040241e-01
2.676322418136020120e-01
2.814861460957178707e-01
2.745591939546599414e-01
2.802267002518891714e-01
2.644836272040302361e-01
2.795969773299747940e-01
2.688916876574307113e-01
2.714105793450881654e-01
2.493702770780856504e-01
2.468513853904282240e-01
2.487405541561712730e-01
2.613350125944584601e-01
2.556675062972292301e-01
2.739294710327456195e-01
2.481108312342569233e-01
2.493702770780856504e-01
2.481108312342569233e-01
2.556675062972292301e-01
2.525188916876574541e-01
2.449622166246851473e-01
2.361460957178841413e-01
2.411838790931989940e-01
2.544080604534005308e-01
2.481108312342569233e-01
2.411838790931989940e-01
2.285894206549118346e-01
2.285894206549118346e-01
2.380352644836271903e-01
2.449622166246851473e-01
2.405541561712846443e-01
2.311083123425692609e-01
2.185138539042821293e-01
2.267002518891687579e-01
2.355163727959697639e-01
2.241813602015113316e-01
2.216624685138539053e-01
2.311083123425692609e-01
2.374055415617128406e-01
2.304785894206549113e-01
2.260705289672544083e-01
2.065491183879093195e-01
2.292191435768261842e-01
2.210327455919395556e-01
2.191435768261964789e-01
2.109571788413098226e-01
2.065491183879093195e-01
2.159949622166246752e-01
1.876574307304785805e-01
2.046599496221662429e-01
2.147355163727959759e-01
2.027707808564231662e-01
2.059193954659949699e-01
1.926952141057934609e-01
2.027707808564231662e-01
1.933249370277078105e-01
2.115869017632241722e-01
2.040302267002518932e-01
1.977329974811083135e-01
2.015113350125944669e-01
2.216624685138539053e-01
2.128463476070528992e-01
2.178841309823677519e-01
2.002518891687657399e-01
1.964735516372795865e-01
2.115869017632241722e-01
2.122166246851385496e-01
1.945843828715365376e-01
2.027707808564231662e-01
1.895465994962216572e-01
1.876574307304785805e-01
1.863979848866498812e-01
1.857682619647355038e-01
1.863979848866498812e-01
1.813602015113350008e-01
1.889168765743073075e-01
1.750629722921914488e-01
1.807304785894206511e-01
1.763224181360201481e-01
1.813602015113350008e-01
1.756926952141057985e-01
1.618387909319899121e-01
1.895465994962216572e-01
1.782115869017632248e-01
1.838790931989924549e-01
1.863979848866498812e-01
1.863979848866498812e-01
1.807304785894206511e-01
1.630982367758186391e-01
1.782115869017632248e-01
1.801007556675063015e-01
1.744332493702770714e-01
1.838790931989924549e-01
1.656171284634760654e-01
1.605793450881612128e-01
1.675062972292191421e-01
1.700251889168765684e-01
1.807304785894206511e-01
1.668765743073047925e-01
1.630982367758186391e-01
1.580604534005037864e-01
1.523929471032745564e-01
1.599496221662468631e-01
1.630982367758186391e-01
1.542821158690176331e-01
1.586901763224181361e-01
1.643576826196473661e-01
1.624685138539042895e-01
1.549118387909319827e-01
1.574307304785894090e-01
1.618387909319899121e-01
1.599496221662468631e-01
1.687657430730478691e-01
1.769521410579344978e-01
1.662468513853904151e-01
1.593198992443324857e-01
1.568010075566750594e-01
1.599496221662468631e-01
1.542821158690176331e-01
1.435768261964735504e-01
1.423173803526448233e-01
1.341309823677581947e-01
1.530226700251889060e-01
1.309823677581863910e-01
1.523929471032745564e-01
1.429471032745592007e-01
1.385390428211586977e-01
1.574307304785894090e-01
1.391687657430730474e-01
1.366498740554156210e-01
1.423173803526448233e-01
1.410579345088161241e-01
1.479848866498740534e-01
1.423173803526448233e-01
1.341309823677581947e-01
1.467254408060453263e-01
1.467254408060453263e-01
1.448362720403022774e-01
1.423173803526448233e-01
1.416876574307304737e-01
1.372795969773299707e-01
1.410579345088161241e-01
1.360201511335012714e-01
1.479848866498740534e-01
1.379093198992443203e-01
1.423173803526448233e-01
1.479848866498740534e-01
1.536523929471032834e-01
1.442065491183879000e-01
1.467254408060453263e-01
1.429471032745592007e-01
1.473551637279597037e-01
1.397984886649873970e-01
1.372795969773299707e-01
1.372795969773299707e-01
1.253148614609571887e-01
1.410579345088161241e-01
1.423173803526448233e-01
1.347607052896725444e-01
1.467254408060453263e-01
1.372795969773299707e-01
1.498740554156171301e-01
1.467254408060453263e-01
1.366498740554156210e-01
1.366498740554156210e-01
1.391687657430730474e-01
1.360201511335012714e-01
1.360201511335012714e-01
1.404282115869017744e-01
1.479848866498740534e-01
1.479848866498740534e-01
1.246851385390428252e-01
1.341309823677581947e-01
1.347607052896725444e-01
1.328715365239294677e-01
1.303526448362720414e-01
1.379093198992443203e-01
1.303526448362720414e-01
1.309823677581863910e-01
1.290931989924433143e-01
1.328715365239294677e-01
1.372795969773299707e-01
1.435768261964735504e-01
1.397984886649873970e-01
1.366498740554156210e-01
1.272040302267002654e-01
1.272040302267002654e-01
1.158690176322418192e-01
1.316120906801007684e-01
1.278337531486146150e-01
1.278337531486146150e-01
1.322418136020151180e-01
1.290931989924433143e-01
1.322418136020151180e-01
1.259445843828715383e-01
1.221662468513853850e-01
1.303526448362720414e-01
1.303526448362720414e-01
1.139798488664987425e-01
1.164987405541561688e-01
1.051637279596977365e-01
1.240554156171284617e-01
1.057934508816120861e-01
1.183879093198992455e-01
1.133501259445843790e-01
1.253148614609571887e-01
1.221662468513853850e-01
1.322418136020151180e-01
1.177581863979848820e-01
1.265743073047858880e-01
1.240554156171284617e-01
1.316120906801007684e-01
1.278337531486146150e-01
1.341309823677581947e-01
1.265743073047858880e-01
1.234256926952141120e-01
1.253148614609571887e-01
1.183879093198992455e-01
1.353904282115868940e-01
1.272040302267002654e-01
1.259445843828715383e-01
1.221662468513853850e-01
1.259445843828715383e-01
1.234256926952141120e-01
1.196473551637279586e-01
1.177581863979848820e-01
1.278337531486146150e-01
1.120906801007556658e-01
1.240554156171284617e-01
1.259445843828715383e-01
1.297229219143576917e-01
1.209068010075566718e-01
1.133501259445843790e-01
1.146095717884130921e-01
1.139798488664987425e-01
1.108312342569269526e-01
1.164987405541561688e-01
1.108312342569269526e-01
1.108312342569269526e-01
1.190176322418135951e-01
1.139798488664987425e-01
1.102015113350125891e-01
1.102015113350125891e-01
1.196473551637279586e-01
1.089420654911838759e-01
1.221662468513853850e-01
1.227959697732997485e-01
1.259445843828715383e-01
1.127204030226700293e-01
1.196473551637279586e-01
1.234256926952141120e-01
1.133501259445843790e-01
1.133501259445843790e-01
1.234256926952141120e-01
1.164987405541561688e-01
1.146095717884130921e-01
1.234256926952141120e-01
1.246851385390428252e-01
1.120906801007556658e-01
1.171284634760705323e-01
1.139798488664987425e-01
1.095717884130982395e-01
1.177581863979848820e-01
1.221662468513853850e-01
1.108312342569269526e-01
1.108312342569269526e-01
1.171284634760705323e-01
1.120906801007556658e-01
1.032745591939546598e-01
9.886649874055415677e-02
1.120906801007556658e-01
1.120906801007556658e-01
1.102015113350125891e-01
1.083123425692695263e-01
1.032745591939546598e-01
1.177581863979848820e-01
1.171284634760705323e-01
1.190176322418135951e-01
1.177581863979848820e-01
1.146095717884130921e-01
1.127204030226700293e-01
1.240554156171284617e-01
1.120906801007556658e-01
1.108312342569269526e-01
1.139798488664987425e-01
1.127204030226700293e-01
1.045340050377833729e-01
1.102015113350125891e-01
1.114609571788413162e-01
1.108312342569269526e-01
1.202770780856423222e-01
1.057934508816120861e-01
1.032745591939546598e-01
9.571788413098236692e-02
1.171284634760705323e-01
1.057934508816120861e-01
1.045340050377833729e-01
1.001259445843828699e-01
1.171284634760705323e-01
9.760705289672544360e-02
1.045340050377833729e-01
1.070528967254407993e-01
1.045340050377833729e-01
9.571788413098236692e-02
9.571788413098236692e-02
9.886649874055415677e-02
9.823677581863979325e-02
9.949622166246852029e-02
9.823677581863979325e-02
9.571788413098236692e-02
9.697732997481108008e-02
1.083123425692695263e-01
1.013853904282115831e-01
1.083123425692695263e-01
9.697732997481108008e-02
1.076826196473551628e-01
9.949622166246852029e-02
9.823677581863979325e-02
1.026448362720402963e-01
9.760705289672544360e-02
1.032745591939546598e-01
9.571788413098236692e-02
1.026448362720402963e-01
1.007556675062972334e-01
1.089420654911838759e-01
1.045340050377833729e-01
9.949622166246852029e-02
1.032745591939546598e-01
1.064231738035264496e-01
1.064231738035264496e-01
1.057934508816120861e-01
