1.000000000000000000e+00
8.679108095007270762e-01
8.417353368880271525e-01
7.964129907901115191e-01
7.876878332525448778e-01
7.510906446921958857e-01
7.622394571013088038e-01
7.539990305380513957e-01
7.326708676684440258e-01
7.014057198254968206e-01
6.963160445952496502e-01
6.936500242365487567e-01
6.766844401357247074e-01
6.592341250605914249e-01
6.449345613184682691e-01
6.495395055744062063e-01
6.454192922927775022e-01
6.405719825496849484e-01
6.214251090644692388e-01
6.037324285021813397e-01
6.073679108095006995e-01
6.059137178865730000e-01
5.908870576829859944e-01
5.857973824527387130e-01
5.807077072224915426e-01
5.622879301987396827e-01
5.668928744546776199e-01
5.659234125060591536e-01
5.445952496364517836e-01
5.220552593310712197e-01
5.269025690741638845e-01
5.317498788172564383e-01
5.227823557925351805e-01
5.067862336403295975e-01
5.244789142026174966e-01
5.019389238972370437e-01
4.936984973339796356e-01
4.881240911294231766e-01
4.750363548230732147e-01
4.881240911294231766e-01
4.755210857973824479e-01
4.636451769268056244e-01
4.735821619001454041e-01
4.554047503635482164e-01
4.558894813378575050e-01
4.692195831313620835e-01
4.653417353368880516e-01
4.590402326708676872e-01
4.469219583131361917e-01
4.495879786718371407e-01
4.391662627241880723e-01
4.464372273388269585e-01
4.420746485700436379e-01
4.352884149297139849e-01
4.396509936984973610e-01
4.389238972370334557e-01
4.306834706737760476e-01
4.190499272903538408e-01
4.234125060591371614e-01
4.200193892389723627e-01
4.190499272903538408e-01
4.178380998545807024e-01
4.081434803683955392e-01
3.931168201648085336e-01
3.931168201648085336e-01
3.965099369849733324e-01
3.717886572952011637e-01
3.739699466795928240e-01
3.756665050896752511e-01
3.899660688317983515e-01
3.742123121667474406e-01
3.664566165777993212e-01
3.761512360639844843e-01
3.657295201163354159e-01
3.567619970916141581e-01
3.565196316044595415e-01
3.625787687833252337e-01
3.555501696558410196e-01
3.582161900145419131e-01
3.584585555016965852e-01
3.567619970916141581e-01
3.531265147842947427e-01
3.538536112457585925e-01
3.485215705283567500e-01
3.487639360155113666e-01
3.376151236063984484e-01
3.451284537081919512e-01
3.366456616577799266e-01
3.342220067862336497e-01
3.221037324285021541e-01
3.281628696073679019e-01
3.158022297624818453e-01
3.177411536597188335e-01
3.221037324285021541e-01
3.191953465826466441e-01
3.211342704798836878e-01
3.170140571982549837e-01
3.104701890450800028e-01
3.204071740184197825e-01
3.095007270964614809e-01
3.136209403780901850e-01
3.148327678138633234e-01
3.070770722249151485e-01
3.022297624818225947e-01
3.068347067377605319e-01
2.983519146873485073e-01
2.976248182258846575e-01
3.002908385845855510e-01
3.007755695588948397e-01
2.918080465341735263e-01
2.920504120213281429e-01
2.985942801745031239e-01
2.884149297140087276e-01
2.818710615608337466e-01
2.821134270479883632e-01
2.859912748424624507e-01
2.811439650993698414e-01
2.842947164323800235e-01
2.716917111003392948e-01
2.825981580222976519e-01
2.716917111003392948e-01
2.809015996122152248e-01
2.758119243819679989e-01
2.692680562287930179e-01
2.709646146388754451e-01
2.697527872031022511e-01
2.738730004847309552e-01
2.699951526902569232e-01
2.746000969461948604e-01
2.743577314590402438e-01
2.714493456131846782e-01
2.622394571013087483e-01
2.571497818710615779e-01
2.668444013572467410e-01
2.636936500242365589e-01
2.598158022297624714e-01
2.496364517692680474e-01
2.617547261269995151e-01
2.653902084343189305e-01
2.612699951526902820e-01
2.685409597673291127e-01
2.518177411536597354e-01
2.430925836160930664e-01
2.549684924866699176e-01
2.498788172564226917e-01
2.518177411536597354e-01
2.547261269995152455e-01
2.450315075133301101e-01
2.464857004362578652e-01
2.447891420261754658e-01
2.460009694619486320e-01
2.396994667959282677e-01
2.382452738730004849e-01
2.396994667959282677e-01
2.409112942317014061e-01
2.348521570528356861e-01
2.333979641299079033e-01
2.307319437712069821e-01
2.367910809500727021e-01
2.457586039747939877e-01
2.387300048473097458e-01
2.348521570528356861e-01
2.433349491032477108e-01
2.251575375666504952e-01
2.329132331555986424e-01
2.261269995152690171e-01
2.188560349006301586e-01
2.280659234125060608e-01
2.256422685409597562e-01
2.312166747455162430e-01
2.251575375666504952e-01
2.295201163354338436e-01
2.169171110033931149e-01
2.169171110033931149e-01
2.200678623364032971e-01
2.157052835676199765e-01
2.135239941832283161e-01
2.103732428502181340e-01
2.055259331071255524e-01
2.135239941832283161e-01
2.120698012603005334e-01
2.067377605428986909e-01
2.113427047988366558e-01
2.118274357731459168e-01
2.057682985942801690e-01
2.125545322346097943e-01
2.108579738245273949e-01
2.079495879786718293e-01
2.086766844401357346e-01
1.997091614154144490e-01
2.045564711585070305e-01
1.992244304411051881e-01
1.970431410567135277e-01
2.047988366456616471e-01
1.955889481337857450e-01
2.067377605428986909e-01
2.101308773630634896e-01
1.997091614154144490e-01
1.997091614154144490e-01
1.992244304411051881e-01
2.001938923897237099e-01
1.914687348521570409e-01
1.963160445952496502e-01
2.009209888511875874e-01
1.958313136209403893e-01
1.992244304411051881e-01
1.943771206980126065e-01
1.938923897237033456e-01
1.907416383906931634e-01
1.926805622879302071e-01
1.924381968007755628e-01
1.820164808531265221e-01
1.960736791080950059e-01
1.909840038778478077e-01
1.926805622879302071e-01
1.841977702375181825e-01
1.897721764420746415e-01
1.970431410567135277e-01
1.890450799806107640e-01
1.868637905962191037e-01
1.929229277750848237e-01
1.885603490063015031e-01
1.858943286476005818e-01
1.861366941347551984e-01
1.791080950072709566e-01
1.776539020843432015e-01
1.786233640329616956e-01
1.778962675714978181e-01
1.781386330586524347e-01
1.766844401357246797e-01
1.808046534173533559e-01
1.771691711100339406e-01
1.800775569558894784e-01
1.747455162384876359e-01
1.761997091614154187e-01
1.754726126999515134e-01
1.732913233155598531e-01
1.827435773145903997e-01
1.774115365971885572e-01
1.745031507513330193e-01
1.713523994183228372e-01
1.761997091614154187e-01
1.795928259815802175e-01
1.805622879301987393e-01
1.873485215705283646e-01
1.759573436742607744e-01
1.793504604944256009e-01
1.740184197770237584e-01
1.766844401357246797e-01
1.764420746485700353e-01
1.783809985458070790e-01
1.749878817256422803e-01
1.749878817256422803e-01
1.749878817256422803e-01
1.774115365971885572e-01
1.745031507513330193e-01
1.766844401357246797e-01
1.698982064953950544e-01
1.701405719825496987e-01
1.572952011633543257e-01
1.665050896752302556e-01
1.628696073679108125e-01
1.703829374697043153e-01
1.694134755210857934e-01
1.672321861366941331e-01
1.679592825981580106e-01
1.582646631119728475e-01
1.621425109064469350e-01
1.599612215220552469e-01
1.650508967523024728e-01
1.638390693165293344e-01
1.597188560349006303e-01
1.587493940862821085e-01
1.623848763936015516e-01
1.577799321376635866e-01
1.602035870092098913e-01
1.640814348036839510e-01
1.577799321376635866e-01
1.602035870092098913e-01
1.599612215220552469e-01
1.570528356761997091e-01
1.643238002908385953e-01
1.531749878817256494e-01
1.541444498303441712e-01
1.536597188560349103e-01
1.519631604459524832e-01
1.519631604459524832e-01
1.565681047018904481e-01
1.568104701890450925e-01
1.563257392147358316e-01
1.536597188560349103e-01
1.619001454192922906e-01
1.534173533688802660e-01
1.594764905477460137e-01
1.555986427532719263e-01
1.565681047018904481e-01
1.505089675230247281e-01
1.490547746000969453e-01
1.543868153174987878e-01
1.568104701890450925e-01
1.587493940862821085e-01
1.546291808046534044e-01
1.560833737275811872e-01
1.473582161900145460e-01
1.543868153174987878e-01
1.543868153174987878e-01
1.514784294716432500e-01
1.502666020358700838e-01
1.546291808046534044e-01
1.546291808046534044e-01
1.548715462918080488e-01
1.485700436257876844e-01
1.485700436257876844e-01
1.478429471643238069e-01
1.495395055744062063e-01
1.512360639844886057e-01
1.449345613184682413e-01
1.500242365487154672e-01
1.468734852157052850e-01
1.478429471643238069e-01
1.495395055744062063e-01
1.480853126514784235e-01
1.495395055744062063e-01
1.471158507028599016e-01
1.488124091129423288e-01
1.476005816771691626e-01
1.529326223945710050e-01
1.495395055744062063e-01
1.480853126514784235e-01
1.476005816771691626e-01
1.456616577799321466e-01
1.466311197285506407e-01
1.488124091129423288e-01
1.446921958313136247e-01
1.449345613184682413e-01
1.478429471643238069e-01
1.488124091129423288e-01
1.396025206010663988e-01
1.444498303441589804e-01
1.439650993698497472e-01
1.405719825496849207e-01
1.442074648570043638e-01
1.434803683955404863e-01
1.415414444983034425e-01
1.388754241396025213e-01
1.396025206010663988e-01
1.415414444983034425e-01
1.374212312166747385e-01
1.451769268056228857e-01
1.417838099854580591e-01
1.386330586524479047e-01
1.362094037809016001e-01
1.388754241396025213e-01
1.408143480368395650e-01
1.381483276781386438e-01
1.405719825496849207e-01
1.403296170625303041e-01
1.396025206010663988e-01
1.359670382937469835e-01
1.420261754726127035e-01
1.335433834222006788e-01
1.359670382937469835e-01
1.364517692680562166e-01
1.383906931652932604e-01
1.379059621909839994e-01
1.352399418322830782e-01
1.391177896267571379e-01
1.386330586524479047e-01
1.333010179350460622e-01
1.364517692680562166e-01
1.320891904992728960e-01
1.374212312166747385e-01
1.388754241396025213e-01
1.386330586524479047e-01
1.357246728065923391e-01
1.362094037809016001e-01
1.381483276781386438e-01
1.364517692680562166e-01
1.376635967038293829e-01
1.386330586524479047e-01
1.364517692680562166e-01
1.352399418322830782e-01
1.330586524478914179e-01
1.349975763451284616e-01
1.345128453708192007e-01
1.323315559864275404e-01
1.323315559864275404e-01
1.311197285506543742e-01
1.357246728065923391e-01
1.316044595249636351e-01
1.333010179350460622e-01
1.323315559864275404e-01
1.354823073194377225e-01
1.289384391662627138e-01
1.345128453708192007e-01
1.325739214735821569e-01
1.303926320891904966e-01
1.267571497818710535e-01
1.352399418322830782e-01
1.318468250121182794e-01
1.291808046534173582e-01
