1.000000000000000000e+00
8.446576072475353580e-01
7.974953370636823635e-01
7.828403943511856866e-01
7.809752198241406429e-01
7.410071942446042614e-01
7.196909139355182061e-01
6.925126565414335689e-01
7.013056221689315528e-01
6.818545163868905412e-01
6.709299227284838407e-01
6.722621902478017608e-01
6.509459099387157055e-01
6.528110844657607492e-01
6.330935251798560648e-01
6.349586997069011085e-01
6.285638156141752919e-01
6.069810818012256748e-01
5.979216626698641290e-01
6.019184652278177783e-01
6.011191047162269818e-01
5.811350919264588466e-01
5.883293365307753486e-01
5.811350919264588466e-01
5.659472422062350461e-01
5.736743938182786717e-01
5.662136957100986079e-01
5.702104982680522571e-01
5.624833466560085204e-01
5.510258459898748074e-01
5.427657873701039470e-01
5.464961364241939235e-01
5.198507860378364098e-01
5.107913669064748641e-01
5.233146815880629354e-01
5.062616573407939802e-01
5.102584598987476294e-01
4.918731681321609206e-01
4.878763655742073269e-01
4.876099120703437095e-01
5.011990407673860837e-01
4.737543298694377736e-01
4.828137490007993748e-01
4.665600852651212160e-01
4.628297362110311841e-01
4.721556088462563472e-01
4.694910738076205625e-01
4.590993871569410967e-01
4.529709565680788974e-01
4.444444444444444198e-01
4.508393285371702364e-01
4.497735145217159336e-01
4.476418864908073281e-01
4.423128164135358142e-01
4.359179323208099976e-01
4.383160138555822205e-01
4.417799094058086906e-01
4.412470023980815115e-01
4.447108979483080371e-01
4.305888622435384838e-01
4.175326405542232888e-01
4.241939781508126672e-01
4.241939781508126672e-01
4.220623501199040617e-01
4.138022915001332014e-01
4.151345590194511215e-01
4.018118838262723092e-01
4.130029309885425159e-01
4.092725819344524285e-01
3.975486277644550981e-01
4.023447908339994883e-01
3.943511857180921898e-01
3.876898481215028114e-01
3.879563016253663732e-01
3.882227551292299350e-01
3.820943245403676802e-01
3.823607780442312976e-01
3.778310684785504692e-01
3.725019984012789553e-01
3.650413002930988360e-01
3.695710098587796644e-01
3.687716493471889234e-01
3.642419397815081505e-01
3.618438582467359277e-01
3.597122302158273222e-01
3.565147881694644139e-01
3.647748467892352742e-01
3.501199040767385973e-01
3.549160671462829875e-01
3.607780442312816249e-01
3.527844391153743819e-01
3.559818811617372902e-01
3.602451372235545013e-01
3.527844391153743819e-01
3.567812416733280312e-01
3.463895550226485653e-01
3.410604849453770515e-01
3.375965893951505259e-01
3.501199040767385973e-01
3.397282174260591314e-01
3.274713562483346774e-01
3.335997868371969322e-01
3.367972288835598405e-01
3.288036237676525420e-01
3.277378097521982392e-01
3.277378097521982392e-01
3.218758326671995462e-01
3.237410071942445899e-01
3.232081001865174663e-01
3.200106581401545580e-01
3.210764721556088608e-01
3.245403677058353309e-01
3.146815880628830442e-01
3.173461231015187733e-01
3.242739142019717691e-01
3.112176925126565186e-01
3.146815880628830442e-01
3.200106581401545580e-01
3.082867039701572276e-01
3.077537969624300485e-01
3.080202504662936103e-01
3.064215294431121839e-01
3.040234479083400165e-01
2.984279243272048854e-01
3.021582733812949728e-01
3.040234479083400165e-01
3.050892619237943193e-01
3.016253663735677937e-01
2.997601918465228055e-01
2.957633892885691562e-01
3.013589128697042319e-01
2.997601918465228055e-01
2.848387956301625112e-01
2.957633892885691562e-01
2.917665867306155070e-01
2.835065281108446467e-01
2.840394351185718258e-01
2.851052491340261286e-01
2.805755395683453002e-01
2.901678657074340251e-01
2.821742605915267821e-01
2.829736211031175230e-01
2.723154809485744954e-01
2.733812949640287981e-01
2.733812949640287981e-01
2.717825739408473162e-01
2.624567013056221532e-01
2.728483879563016190e-01
2.773780975219823919e-01
2.717825739408473162e-01
2.629896083133493323e-01
2.677857713828936670e-01
2.723154809485744954e-01
2.645883293365307587e-01
2.611244337863042886e-01
2.624567013056221532e-01
2.680522248867572843e-01
2.595257127631228622e-01
2.637889688249400733e-01
2.571276312283506393e-01
2.600586197708499858e-01
2.619237942978950295e-01
2.517985611510791255e-01
2.565947242206235157e-01
2.589928057553956831e-01
2.568611777244870775e-01
2.512656541433520019e-01
2.613908872901678504e-01
2.608579802824407268e-01
2.589928057553956831e-01
2.619237942978950295e-01
2.573940847322142011e-01
2.573940847322142011e-01
2.549960031974420338e-01
2.438049560351718548e-01
2.541966426858512929e-01
2.613908872901678504e-01
2.494004796163069582e-01
2.488675726085798068e-01
2.486011191047162172e-01
2.454036770583533089e-01
2.488675726085798068e-01
2.464694910738076117e-01
2.494004796163069582e-01
2.395416999733546437e-01
2.451372235544897471e-01
2.446043165467625957e-01
2.544630961897149102e-01
2.379429789501731896e-01
2.419397815081268388e-01
2.392752464694910819e-01
2.323474553690381139e-01
2.352784439115374326e-01
2.403410604849453847e-01
2.395416999733546437e-01
2.379429789501731896e-01
2.299493738342659188e-01
2.315480948574473730e-01
2.238209432454036640e-01
2.235544897415401022e-01
2.312816413535838111e-01
2.259525712763122973e-01
2.307487343458566598e-01
2.296829203304023570e-01
2.331468158806288271e-01
2.158273381294963933e-01
2.254196642685851182e-01
2.272848387956301619e-01
2.299493738342659188e-01
2.283506528110844647e-01
2.283506528110844647e-01
2.395416999733546437e-01
2.291500133226752056e-01
2.232880362376765127e-01
2.208899547029043453e-01
2.267519317879030105e-01
2.216893152144950585e-01
2.115640820676791822e-01
2.152944311217692419e-01
2.126298960831334850e-01
2.128963495869970746e-01
2.110311750599520308e-01
2.211564082067679071e-01
2.163602451372235447e-01
2.144950706101785287e-01
2.203570476951771939e-01
2.222222222222222099e-01
2.235544897415401022e-01
2.144950706101785287e-01
2.174260591526778474e-01
2.163602451372235447e-01
2.107647215560884690e-01
2.102318145483613177e-01
2.035704769517719115e-01
2.059685584865441066e-01
2.094324540367705767e-01
2.075672795097255607e-01
2.059685584865441066e-01
2.104982680522248795e-01
2.070343725019984094e-01
2.062350119904076684e-01
2.033040234479083497e-01
2.147615241140420905e-01
2.025046629363176087e-01
2.043698374633626524e-01
1.985078603783639872e-01
2.009059419131361546e-01
2.009059419131361546e-01
2.046362909672262143e-01
2.022382094324540469e-01
1.993072208899547004e-01
2.027711164401811983e-01
2.011723954169997441e-01
1.907807087663202783e-01
2.049027444710898038e-01
2.043698374633626524e-01
2.075672795097255607e-01
1.961097788435917921e-01
2.006394884092725928e-01
1.937116973088196248e-01
1.963762323474553817e-01
1.958433253397282303e-01
1.958433253397282303e-01
1.942446043165467762e-01
1.934452438049560352e-01
1.870503597122302186e-01
1.982414068745003977e-01
1.931787903010924456e-01
1.923794297895017325e-01
1.918465227817745811e-01
1.977084998667732463e-01
1.974420463629096845e-01
1.993072208899547004e-01
1.961097788435917921e-01
1.905142552624566887e-01
1.937116973088196248e-01
1.969091393551825331e-01
1.977084998667732463e-01
1.910471622701838401e-01
1.942446043165467762e-01
1.910471622701838401e-01
1.865174527045030672e-01
1.817212896349587048e-01
1.958433253397282303e-01
1.873168132160937804e-01
1.881161737276845214e-01
1.926458832933652943e-01
1.891819877431388242e-01
1.897148947508659755e-01
1.862509992006394777e-01
1.883826272315480832e-01
1.867839062083666291e-01
1.902478017585931269e-01
1.867839062083666291e-01
1.830535571542765694e-01
1.787903010924593583e-01
1.835864641620037208e-01
1.878497202238209318e-01
1.761257660538236014e-01
1.806554756195044020e-01
1.891819877431388242e-01
1.857180921929123263e-01
1.809219291233679638e-01
1.817212896349587048e-01
1.750599520383692986e-01
1.814548361310951152e-01
1.833200106581401589e-01
1.806554756195044020e-01
1.801225686117772506e-01
1.777244870770050555e-01
1.747934985345057368e-01
1.835864641620037208e-01
1.785238475885957965e-01
1.771915800692779042e-01
1.825206501465494180e-01
1.742605915267785854e-01
1.747934985345057368e-01
1.771915800692779042e-01
1.793232081001865097e-01
1.787903010924593583e-01
1.798561151079136611e-01
1.798561151079136611e-01
1.787903010924593583e-01
1.766586730615507528e-01
1.782573940847322069e-01
1.803890221156408125e-01
1.702637889688249362e-01
1.753264055422328882e-01
1.729283240074606931e-01
1.723954169997335417e-01
1.726618705035971313e-01
1.705302424726885258e-01
1.689315214495070716e-01
1.705302424726885258e-01
1.665334399147348765e-01
1.705302424726885258e-01
1.662669864108713147e-01
1.691979749533706334e-01
1.657340794031441633e-01
1.755928590460964500e-01
1.710631494804156771e-01
1.691979749533706334e-01
1.713296029842792390e-01
1.675992539301891793e-01
1.710631494804156771e-01
1.596056488142819085e-01
1.596056488142819085e-01
1.670663469224620279e-01
1.577404742872368648e-01
1.622701838529176654e-01
1.585398347988276058e-01
1.601385558220090599e-01
1.660005329070077251e-01
1.630695443645084064e-01
1.652011723954170119e-01
1.646682653876898605e-01
1.657340794031441633e-01
1.689315214495070716e-01
1.596056488142819085e-01
1.683986144417799202e-01
1.662669864108713147e-01
1.612043698374633627e-01
1.652011723954170119e-01
1.646682653876898605e-01
1.636024513722355578e-01
1.593391953104183190e-01
1.606714628297362113e-01
1.590727418065547571e-01
1.596056488142819085e-01
1.686650679456434820e-01
1.542765787370103947e-01
1.545430322408739565e-01
1.561417532640554107e-01
1.617372768451905141e-01
1.606714628297362113e-01
1.561417532640554107e-01
1.516120436983746378e-01
1.548094857447375461e-01
1.574740207833733030e-01
1.641353583799627092e-01
1.580069277911004544e-01
1.574740207833733030e-01
1.612043698374633627e-01
1.588062883026911676e-01
1.654676258992805737e-01
1.609379163335997731e-01
1.550759392486011079e-01
1.558752997601918489e-01
1.540101252331468051e-01
1.553423927524646975e-01
1.529443112176925024e-01
1.596056488142819085e-01
1.617372768451905141e-01
1.532107647215560919e-01
1.481481481481481399e-01
1.526778577138289406e-01
1.513455901945110482e-01
1.518784972022381996e-01
1.497468691713295941e-01
1.524114042099653510e-01
1.518784972022381996e-01
