1.000000000000000000e+00
8.789452656811825859e-01
8.585697163403914756e-01
8.461845785057930946e-01
8.220135836995605683e-01
8.144226927686776252e-01
8.188174190970834987e-01
7.912504994007191206e-01
7.782660807031561712e-01
7.718737514982021430e-01
7.680783060327607270e-01
7.532960447463044051e-01
7.465041949660407017e-01
7.409109069117059132e-01
7.349180982820615604e-01
7.211346384338793714e-01
7.105473431881741408e-01
7.045545345585297881e-01
7.023571713943268513e-01
6.885737115461446622e-01
7.009588493807431542e-01
6.821813823411905231e-01
6.785856971634038892e-01
6.602077506991610445e-01
6.614063124250898484e-01
6.506192568917299468e-01
6.496204554534558140e-01
6.440271673991210255e-01
6.326408310027966664e-01
6.330403515781062307e-01
6.112664802237315342e-01
6.104674390731122946e-01
6.158609668397923009e-01
5.996803835397522819e-01
5.986815821014782601e-01
5.906911705952856417e-01
5.938873351977627113e-01
5.914902117459048814e-01
5.819017179384737837e-01
5.731122652816620366e-01
5.623252097483020240e-01
5.639232920495405033e-01
5.657211346384338757e-01
5.667199360767078975e-01
5.505393527766679895e-01
5.629244906112664815e-01
5.419496604075110247e-01
5.535357570914901659e-01
5.287654814222932931e-01
5.315621254494606873e-01
5.371554135037954758e-01
5.335597283260088419e-01
5.241709948062325264e-01
5.217738713543746965e-01
5.123851378345984919e-01
5.029964043148221764e-01
5.023971234518577189e-01
5.181781861765880626e-01
5.043947263284058735e-01
4.988014382740711405e-01
4.734318817419096992e-01
4.882141430283659655e-01
4.814222932481022621e-01
4.714342788653615446e-01
4.732321214542549170e-01
4.704354774270874673e-01
4.584498601677986507e-01
4.508589692369157076e-01
4.526568118258090245e-01
4.548541749900119613e-01
4.522572912504994047e-01
4.528565721134638622e-01
4.472632840591290182e-01
4.426687974430683070e-01
4.318817419097083499e-01
4.356771873751498214e-01
4.278865361566120407e-01
4.244906112664802444e-01
4.202956452257290976e-01
4.204954055133839352e-01
4.174990011985617033e-01
4.119057131442269148e-01
4.115061925689172950e-01
4.051138633639632669e-01
4.049141030763084292e-01
4.025169796244506548e-01
3.955253695565321692e-01
3.885337594886136836e-01
3.893328006392329232e-01
3.703555733120255655e-01
3.833399920095885149e-01
3.765481422293248115e-01
3.865361566120655290e-01
3.835397522972432971e-01
3.709548541749900230e-01
3.791450259688373681e-01
3.669596484218937138e-01
3.741510187774670371e-01
3.641630043947263196e-01
3.529764282860567426e-01
3.517778665601278276e-01
3.581701957650819113e-01
3.473831402317219541e-01
3.421893727526967854e-01
3.435876947662804826e-01
3.443867359168997222e-01
3.379944067119456386e-01
3.337994406711945472e-01
3.337994406711945472e-01
3.304035157810627510e-01
3.298042349180982935e-01
3.335996803835397650e-01
3.230123851378345901e-01
3.198162205353575760e-01
3.172193367958449639e-01
3.122253296044746329e-01
3.178186176588094214e-01
3.138234119057131677e-01
3.112265281662005556e-01
3.174190970834998016e-01
3.090291650019976188e-01
3.038353975229724502e-01
3.064322812624850068e-01
3.004394726328405985e-01
2.942469037155413525e-01
2.992409109069116835e-01
2.902516979624450433e-01
2.922493008389931979e-01
2.788653615661206286e-01
2.856572113463843321e-01
2.848581701957650925e-01
2.906512185377547186e-01
2.854574510587295499e-01
2.874550539352776490e-01
2.770675189772273117e-01
2.768677586895725296e-01
2.814622453056332407e-01
2.834598481821813953e-01
2.816620055932880784e-01
2.710747103475829034e-01
2.728725529364762203e-01
2.770675189772273117e-01
2.676787854574510517e-01
2.660807031562125724e-01
2.602876548142229463e-01
2.630842988413903405e-01
2.682780663204155092e-01
2.620854974031162632e-01
2.520974830203755457e-01
2.650819017179384951e-01
2.570914902117459322e-01
2.514982021574110882e-01
2.544946064722333201e-01
2.495005992808629613e-01
2.445065920894926026e-01
2.429085097882540956e-01
2.447063523771474125e-01
2.397123451857770537e-01
2.393128246104674339e-01
2.423092289252896658e-01
2.423092289252896658e-01
2.401118657610867013e-01
2.373152217339193071e-01
2.379145025968837368e-01
2.375149820215741170e-01
2.393128246104674339e-01
2.337195365561326454e-01
2.353176188573711525e-01
2.289252896524170966e-01
2.349180982820615327e-01
2.237315221733919279e-01
2.243308030363563854e-01
2.325209748302037582e-01
2.177387135437474919e-01
2.205353575709149139e-01
2.287255293647622867e-01
2.203355972832600762e-01
2.205353575709149139e-01
2.189372752696763791e-01
2.233320015980823081e-01
2.153415900918897452e-01
2.231322413104274982e-01
2.189372752696763791e-01
2.187375149820215692e-01
2.143427886536156679e-01
2.113463843387934360e-01
2.079504594486616120e-01
2.133439872153415906e-01
2.095485417499001191e-01
2.113463843387934360e-01
2.017578905313623661e-01
2.043547742708749504e-01
1.989612465041949718e-01
2.011586096683979363e-01
1.971634039153016271e-01
2.001598082301238590e-01
1.949660407510986904e-01
1.997602876548142115e-01
2.065521374350779149e-01
1.981622053535757044e-01
1.965641230523371974e-01
2.007590890930882888e-01
1.969636436276468172e-01
1.999600479424690491e-01
1.983619656412305143e-01
1.885737115461446345e-01
1.937674790251698032e-01
1.871753895325609374e-01
1.891729924091090642e-01
1.799840191769876141e-01
1.819816220535357687e-01
1.769876148621654099e-01
1.837794646424290856e-01
1.817818617658809310e-01
1.749900119856172553e-01
1.847782660807031629e-01
1.735916899720335582e-01
1.747902516979624454e-01
1.799840191769876141e-01
1.771873751498202199e-01
1.773871354374750298e-01
1.759888134238913326e-01
1.697962445065920867e-01
1.687974430683180094e-01
1.664003196164602350e-01
1.727926488214142908e-01
1.656012784658409953e-01
1.717938473831402413e-01
1.677986416300439598e-01
1.648022373152217279e-01
1.644027167399121081e-01
1.604075109868158266e-01
1.624051138633639535e-01
1.679984019176987697e-01
1.636036755892928407e-01
1.624051138633639535e-01
1.646024770275669180e-01
1.630043947263284110e-01
1.604075109868158266e-01
1.636036755892928407e-01
1.636036755892928407e-01
1.604075109868158266e-01
1.695964842189372768e-01
1.707950459448661640e-01
1.566120655213743551e-01
1.582101478226128621e-01
1.560127846584098976e-01
1.596084698361965593e-01
1.528166200559328836e-01
1.568118258090291650e-01
1.522173391929684261e-01
1.560127846584098976e-01
1.520175789053136162e-01
1.562125449460647353e-01
1.518178186176588063e-01
1.486216540151817922e-01
1.464242908509788277e-01
1.428286056731921660e-01
1.418298042349180887e-01
1.504194966040751091e-01
1.432281262485017859e-01
1.406312425089892015e-01
1.414302836596084689e-01
1.414302836596084689e-01
1.458250099880143702e-01
1.452257291250499405e-01
1.422293248102277363e-01
1.380343587694766172e-01
1.402317219336795817e-01
1.396324410707151520e-01
1.334398721534159060e-01
1.300439472632840543e-01
1.400319616460247718e-01
1.378345984818218073e-01
1.298441869756292444e-01
1.378345984818218073e-01
1.372353176188573776e-01
1.366360367558929201e-01
1.346384338793447932e-01
1.326408310027966386e-01
1.304434678385936741e-01
1.342389133040351457e-01
1.308429884139033217e-01
1.348381941669996031e-01
1.274470635237714700e-01
1.302437075509388642e-01
1.320415501398322089e-01
1.284458649620455473e-01
1.326408310027966386e-01
1.278465840990810898e-01
1.228525769077107449e-01
1.248501797842588856e-01
1.270475429484618501e-01
1.234518577706751885e-01
1.148621654015181820e-01
1.166600079904115128e-01
1.204554534558529705e-01
1.196564123052337170e-01
1.262485017978425828e-01
1.204554534558529705e-01
1.230523371953655548e-01
1.232520974830203786e-01
1.142628845385537384e-01
1.178585697163403861e-01
1.224530563324011251e-01
1.146624051138633582e-01
1.228525769077107449e-01
1.148621654015181820e-01
1.168597682780663227e-01
1.130643228126248512e-01
1.156612065521374355e-01
1.150619256891729919e-01
1.186576108669596535e-01
1.134638433879344849e-01
1.122652816620055977e-01
1.116660007990411541e-01
1.162604874151018791e-01
1.110667199360767105e-01
1.154614462644826256e-01
1.122652816620055977e-01
1.132640831002796611e-01
1.116660007990411541e-01
1.136636036755892948e-01
1.084698361965641261e-01
1.092688773471833796e-01
1.120655213743507739e-01
1.124650419496604076e-01
1.106671993607670768e-01
1.096683979224930133e-01
1.040751098681582110e-01
1.120655213743507739e-01
1.024770275669196901e-01
1.092688773471833796e-01
1.060727127447063517e-01
1.088693567718737459e-01
1.090691170595285697e-01
1.108669596484219005e-01
1.106671993607670768e-01
1.072712744706352389e-01
1.052736715940870982e-01
1.036755892928485773e-01
1.074710347582900488e-01
1.108669596484219005e-01
1.048741510187774645e-01
1.030763084298841337e-01
9.748302037554934518e-02
9.628445864962045797e-02
1.046743907311226546e-01
1.004794246903715493e-01
9.908110267678785221e-02
1.008789452656811830e-01
9.908110267678785221e-02
1.006791849780263731e-01
9.528565721134638067e-02
9.588493807431082427e-02
9.888134238913304230e-02
9.468637634838193706e-02
9.928086296444266212e-02
9.908110267678785221e-02
9.568517778665601436e-02
9.448661606072712715e-02
1.002796644027167394e-01
9.988014382740710573e-02
1.008789452656811830e-01
9.528565721134638067e-02
9.988014382740710573e-02
9.688373951258490158e-02
9.668397922493007779e-02
9.608469836196564806e-02
1.012784658409908167e-01
9.468637634838193706e-02
9.468637634838193706e-02
9.408709548541749346e-02
9.228925289652417652e-02
8.969236915701159218e-02
8.709548541749900785e-02
8.709548541749900785e-02
8.849380743108270497e-02
8.789452656811826137e-02
8.869356771873751488e-02
8.629644426687974046e-02
9.029165001997602191e-02
9.248901318417898643e-02
8.429884139033159973e-02
8.709548541749900785e-02
8.589692369157012064e-02
8.749500599280862767e-02
8.729524570515381776e-02
8.469836196564123343e-02
8.609668397922493055e-02
8.330003995205753631e-02
7.770675189772273395e-02
8.050339592489012819e-02
8.569716340391529685e-02
8.050339592489012819e-02
8.110267678785457179e-02
8.090291650019976188e-02
8.010387534958050837e-02
7.870555333599679737e-02
7.810627247303236764e-02
8.050339592489012819e-02
