1.000000000000000000e+00
9.118475200346545240e-01
8.817413905133203444e-01
8.641975308641974829e-01
8.570500324886289878e-01
8.425384448776261914e-01
8.288932207060861757e-01
8.189300411522634215e-01
8.085336798787091661e-01
8.003032272038119732e-01
7.979207277452891045e-01
7.838423218540178095e-01
7.801602772363006588e-01
7.658652804851635576e-01
7.639159627463720792e-01
7.504873294346978696e-01
7.539527831925493251e-01
7.301277886073207490e-01
7.279618800086636865e-01
7.242798353909465359e-01
7.175655187351094311e-01
7.112843837990037166e-01
7.021875676846437431e-01
7.004548408057179598e-01
6.848602988953865767e-01
6.731643924626380393e-01
6.699155295646523900e-01
6.738141650422352358e-01
6.504223521767381611e-01
6.586528048516352429e-01
6.491228070175438791e-01
6.404591726229152959e-01
6.343946285466752766e-01
6.211825860948667621e-01
6.216157678145982635e-01
6.224821312540610441e-01
6.257309941520468044e-01
6.127355425601039851e-01
6.051548624648039887e-01
6.042884990253410971e-01
6.025557721464154248e-01
5.886939571150097139e-01
5.737491877842755272e-01
5.804635044401126320e-01
5.819796404591726091e-01
5.752653238033355043e-01
5.588044184535412295e-01
5.685510071474983995e-01
5.544726012562269934e-01
5.518735109378384296e-01
5.650855533896469440e-01
5.466753303010613019e-01
5.523066926575698199e-01
5.330301061295212861e-01
5.332466969893870923e-01
5.276153346328784632e-01
5.271821529131470729e-01
5.098548841238900176e-01
5.113710201429499946e-01
5.085553389646957356e-01
5.085553389646957356e-01
5.230669265756985320e-01
5.070392029456356475e-01
4.862464803985271922e-01
4.918778427550357102e-01
4.929607970543642970e-01
4.901451158761100380e-01
4.849469352393329102e-01
4.814814814814814548e-01
4.769330734243014680e-01
4.730344379467186222e-01
4.661035304310158223e-01
4.669698938704786584e-01
4.630712583928958126e-01
4.583062594758501307e-01
4.546242148581329801e-01
4.563569417370587078e-01
4.509421702404158294e-01
4.474767164825644294e-01
4.466103530431015933e-01
4.485596707818930162e-01
4.370803552090101740e-01
4.414121724063244656e-01
4.359974009096815872e-01
4.251678579163959415e-01
4.349144466103530560e-01
4.338314923110244692e-01
4.206194498592159547e-01
4.236517218973359089e-01
4.188867229802902270e-01
4.188867229802902270e-01
4.123889971843188174e-01
4.169374052414988041e-01
4.136885423435130993e-01
4.130387697639159583e-01
4.108728611652588403e-01
3.967944552739874342e-01
3.905133203378817197e-01
4.013428633311674210e-01
4.041585445094216800e-01
3.920294563569417523e-01
3.909465020576131655e-01
3.837990036820446149e-01
3.805501407840589101e-01
3.887805934589560475e-01
3.740524149880875004e-01
3.870478665800303197e-01
3.840155945419103101e-01
3.760017327268789233e-01
3.686376434914446776e-01
3.762183235867446185e-01
3.671215074723846450e-01
3.710201429499674908e-01
3.675546891921160908e-01
3.643058262941303860e-01
3.671215074723846450e-01
3.560753736192332486e-01
3.575915096382932812e-01
3.634394628546675499e-01
3.565085553389646944e-01
3.497942386831275896e-01
3.450292397660818522e-01
3.448126489062161570e-01
3.417803768680961474e-01
3.623565085553389631e-01
3.370153779510504655e-01
3.443794671864847112e-01
3.367987870911847703e-01
3.305176521550790558e-01
3.331167424734676197e-01
3.389646956898418884e-01
3.354992419319904884e-01
3.290015161360190787e-01
3.309508338748105016e-01
3.322503790340047836e-01
3.305176521550790558e-01
3.272687892570933510e-01
3.212042451808533872e-01
3.175222005631362365e-01
3.257526532380333739e-01
3.131903833658219449e-01
3.105912930474333811e-01
3.168724279835390956e-01
3.192549274420619643e-01
3.190383365821962136e-01
3.069092484297162859e-01
3.125406107862248040e-01
3.125406107862248040e-01
3.205544726012562462e-01
3.142733376651505317e-01
3.118908382066276630e-01
3.066926575698505353e-01
3.008447043534762666e-01
3.034437946718648305e-01
3.032272038119991353e-01
2.932640242581763257e-01
3.023608403725362992e-01
2.960797054364305847e-01
2.893653887805934799e-01
2.954299328568334437e-01
3.010612952133420173e-01
2.988953866146848437e-01
2.949967511371019979e-01
2.921810699588477389e-01
2.895819796404591751e-01
2.930474333983105750e-01
2.917478882391162931e-01
2.826510721247563196e-01
2.837340264240849064e-01
2.841672081438163522e-01
2.893653887805934799e-01
2.826510721247563196e-01
2.804851635260992015e-01
2.874160710418020570e-01
2.791856183669049196e-01
2.696556205328135003e-01
2.750703920294563787e-01
2.698722113926792510e-01
2.744206194498592377e-01
2.765865280485163558e-01
2.655403941953649594e-01
2.711717565518735329e-01
2.679228936538878281e-01
2.603422135585878316e-01
2.661901667749621003e-01
2.670565302144249364e-01
2.731210742906649558e-01
2.677063027940220774e-01
2.657569850552306545e-01
2.568767598007364317e-01
2.607753952783192775e-01
2.555772146415421497e-01
2.557938055014078449e-01
2.534113060428849762e-01
2.521117608836906943e-01
2.538444877626164220e-01
2.512453974442278581e-01
2.479965345462421533e-01
2.456140350877192846e-01
2.534113060428849762e-01
2.475633528265107075e-01
2.477799436863764304e-01
2.438813082087935846e-01
2.451808533679878666e-01
2.527615334632878352e-01
2.477799436863764304e-01
2.447476716482564485e-01
2.399826727312107388e-01
2.432315356291964437e-01
2.358674463937621701e-01
2.378167641325535930e-01
2.369504006930907569e-01
2.382499458522850388e-01
2.311024474767164882e-01
2.345679012345678882e-01
2.432315356291964437e-01
2.399826727312107388e-01
2.289365388780593424e-01
2.213558587827593738e-01
2.371669915529564521e-01
2.343513103747021931e-01
2.313190383365821834e-01
2.401992635910764617e-01
2.300194931773879015e-01
2.254710851202079147e-01
2.306692657569850424e-01
2.339181286549707472e-01
2.172406324453108051e-01
2.161576781459822461e-01
2.181069958847736689e-01
2.165908598657136641e-01
2.178904050249079460e-01
2.118258609486679545e-01
2.187567684643708099e-01
2.181069958847736689e-01
2.174572233051765280e-01
2.176738141650422231e-01
2.187567684643708099e-01
2.085769980506822496e-01
2.215724496426250689e-01
2.070608620316222725e-01
2.139917695473251003e-01
2.077106346112194135e-01
2.120424518085336774e-01
2.079272254710851087e-01
2.070608620316222725e-01
2.100931340697422545e-01
2.025124539744422858e-01
2.005631362356508629e-01
2.092267706302793906e-01
1.999133636560537219e-01
2.096599523500108364e-01
2.085769980506822496e-01
2.044617717132337087e-01
2.046783625730994038e-01
2.014294996751136990e-01
2.007797270955165581e-01
2.064110894520251316e-01
2.014294996751136990e-01
1.990470002165908581e-01
2.003465453757851400e-01
1.927658652804851713e-01
1.964479098982022942e-01
1.923326835607537255e-01
1.955815464587394303e-01
1.947151830192765942e-01
1.951483647390080123e-01
1.901667749620966075e-01
1.905999566818280255e-01
1.927658652804851713e-01
1.888672298029023255e-01
1.843188217457223388e-01
1.815031405674680520e-01
1.832358674463937520e-01
1.862681394845137617e-01
1.804201862681394930e-01
1.899501841022308846e-01
1.886506389430366026e-01
1.819363222871994701e-01
1.797704136885423520e-01
1.867013212042451797e-01
1.856183669049166207e-01
1.841022308858566159e-01
1.745722330517652243e-01
1.773879142300194833e-01
1.767381416504223424e-01
1.726229153129738014e-01
1.732726878925709424e-01
1.812865497076023291e-01
1.724063244531080785e-01
1.695906432748537918e-01
1.630929174788823821e-01
1.687242798353909556e-01
1.706735975741823785e-01
1.687242798353909556e-01
1.678579163959280918e-01
1.643924626380766640e-01
1.641758717782109689e-01
1.763049599306909243e-01
1.685076889755252327e-01
1.708901884340480737e-01
1.661251895170023918e-01
1.698072341347195147e-01
1.672081438163309508e-01
1.680745072557938147e-01
1.674247346761966737e-01
1.626597357591509641e-01
1.602772363006281231e-01
1.630929174788823821e-01
1.596274637210309821e-01
1.650422352176738050e-01
1.728395061728394966e-01
1.598440545808966773e-01
1.635260991986138279e-01
1.563786008230452773e-01
1.602772363006281231e-01
1.533463287849252676e-01
1.600606454407624002e-01
1.620099631795538231e-01
1.574615551223738363e-01
1.589776911414338412e-01
1.581113277019709773e-01
1.589776911414338412e-01
1.555122373835824134e-01
1.537795105046567135e-01
1.572449642625081134e-01
1.568117825427766954e-01
1.559454191033138315e-01
1.513970110461338447e-01
1.535629196447909905e-01
1.524799653454624315e-01
1.550790556638509954e-01
1.544292830842538544e-01
1.503140567468052857e-01
1.479315572882824448e-01
1.513970110461338447e-01
1.490145115876110038e-01
1.479315572882824448e-01
1.448992852501624351e-01
1.490145115876110038e-01
1.485813298678795857e-01
1.457656486896252990e-01
1.431665583712367351e-01
1.435997400909681532e-01
1.457656486896252990e-01
1.505306476066710086e-01
1.412172406324453122e-01
1.459822395494910219e-01
1.509638293264024267e-01
1.498808750270738677e-01
1.490145115876110038e-01
1.466320121290881628e-01
1.468486029889538580e-01
1.477149664284167219e-01
1.477149664284167219e-01
1.397011046133853074e-01
1.384015594541910255e-01
1.487979207277452809e-01
1.472817847086853038e-01
1.435997400909681532e-01
1.444661035304310170e-01
1.444661035304310170e-01
1.498808750270738677e-01
1.397011046133853074e-01
1.416504223521767303e-01
1.397011046133853074e-01
1.425167857916395941e-01
1.407840589127138942e-01
1.366688325752653255e-01
1.379683777344596074e-01
1.394845137535196122e-01
1.364522417153996026e-01
1.386181503140567484e-01
1.401342863331167532e-01
1.358024691358024616e-01
1.388347411739224713e-01
1.349361056963396255e-01
1.410006497725795893e-01
1.397011046133853074e-01
1.412172406324453122e-01
1.401342863331167532e-01
1.481481481481481399e-01
1.394845137535196122e-01
1.347195148364739026e-01
1.340697422568767616e-01
1.371020142949967435e-01
1.414338314923110351e-01
1.405674680528481713e-01
1.360190599956681845e-01
1.334199696772796206e-01
1.310374702187567797e-01
1.362356508555339074e-01
1.355858782759367664e-01
1.312540610786224748e-01
1.334199696772796206e-01
1.310374702187567797e-01
1.301711067792939158e-01
1.295213341996967749e-01
1.390513320337881664e-01
1.347195148364739026e-01
1.351526965562053206e-01
