1.000000000000000000e+00
7.119999999999999662e-01
6.800000000000000488e-01
7.119999999999999662e-01
6.320000000000000062e-01
6.320000000000000062e-01
6.879999999999999449e-01
6.640000000000000346e-01
6.560000000000000275e-01
6.560000000000000275e-01
6.560000000000000275e-01
6.159999999999999920e-01
6.560000000000000275e-01
5.999999999999999778e-01
6.320000000000000062e-01
6.560000000000000275e-01
6.400000000000000133e-01
6.959999999999999520e-01
7.359999999999999876e-01
6.079999999999999849e-01
6.159999999999999920e-01
6.879999999999999449e-01
6.879999999999999449e-01
6.239999999999999991e-01
6.720000000000000417e-01
6.320000000000000062e-01
6.560000000000000275e-01
5.759999999999999565e-01
6.320000000000000062e-01
6.640000000000000346e-01
5.919999999999999707e-01
6.720000000000000417e-01
6.159999999999999920e-01
7.039999999999999591e-01
6.560000000000000275e-01
5.839999999999999636e-01
5.839999999999999636e-01
6.079999999999999849e-01
5.839999999999999636e-01
5.919999999999999707e-01
6.320000000000000062e-01
6.560000000000000275e-01
6.560000000000000275e-01
7.039999999999999591e-01
6.079999999999999849e-01
6.239999999999999991e-01
6.239999999999999991e-01
6.320000000000000062e-01
6.320000000000000062e-01
5.679999999999999494e-01
5.999999999999999778e-01
6.480000000000000204e-01
7.119999999999999662e-01
5.520000000000000462e-01
5.919999999999999707e-01
6.079999999999999849e-01
6.400000000000000133e-01
5.759999999999999565e-01
5.999999999999999778e-01
6.159999999999999920e-01
6.079999999999999849e-01
6.400000000000000133e-01
5.999999999999999778e-01
5.999999999999999778e-01
5.040000000000000036e-01
6.239999999999999991e-01
6.079999999999999849e-01
5.839999999999999636e-01
5.600000000000000533e-01
6.079999999999999849e-01
6.239999999999999991e-01
5.679999999999999494e-01
5.360000000000000320e-01
6.079999999999999849e-01
6.400000000000000133e-01
6.320000000000000062e-01
6.320000000000000062e-01
6.159999999999999920e-01
5.839999999999999636e-01
5.520000000000000462e-01
5.679999999999999494e-01
5.520000000000000462e-01
6.239999999999999991e-01
6.720000000000000417e-01
5.520000000000000462e-01
6.320000000000000062e-01
6.239999999999999991e-01
5.919999999999999707e-01
6.159999999999999920e-01
6.320000000000000062e-01
6.239999999999999991e-01
7.039999999999999591e-01
5.759999999999999565e-01
5.440000000000000391e-01
6.720000000000000417e-01
6.480000000000000204e-01
6.239999999999999991e-01
6.079999999999999849e-01
5.919999999999999707e-01
6.879999999999999449e-01
5.999999999999999778e-01
6.159999999999999920e-01
6.239999999999999991e-01
5.280000000000000249e-01
5.600000000000000533e-01
5.839999999999999636e-01
6.400000000000000133e-01
5.520000000000000462e-01
5.759999999999999565e-01
5.759999999999999565e-01
6.159999999999999920e-01
6.400000000000000133e-01
5.839999999999999636e-01
6.400000000000000133e-01
6.400000000000000133e-01
5.919999999999999707e-01
5.600000000000000533e-01
5.360000000000000320e-01
6.159999999999999920e-01
5.759999999999999565e-01
6.159999999999999920e-01
6.320000000000000062e-01
6.560000000000000275e-01
5.919999999999999707e-01
5.679999999999999494e-01
5.759999999999999565e-01
4.799999999999999822e-01
6.879999999999999449e-01
5.759999999999999565e-01
6.400000000000000133e-01
6.320000000000000062e-01
5.999999999999999778e-01
6.400000000000000133e-01
6.400000000000000133e-01
5.999999999999999778e-01
6.480000000000000204e-01
5.839999999999999636e-01
5.759999999999999565e-01
6.239999999999999991e-01
6.320000000000000062e-01
5.759999999999999565e-01
6.640000000000000346e-01
5.999999999999999778e-01
5.600000000000000533e-01
6.320000000000000062e-01
5.999999999999999778e-01
6.159999999999999920e-01
5.759999999999999565e-01
5.360000000000000320e-01
5.120000000000000107e-01
6.320000000000000062e-01
6.640000000000000346e-01
5.679999999999999494e-01
6.640000000000000346e-01
6.159999999999999920e-01
5.679999999999999494e-01
5.759999999999999565e-01
5.360000000000000320e-01
5.600000000000000533e-01
5.440000000000000391e-01
6.959999999999999520e-01
5.759999999999999565e-01
6.239999999999999991e-01
5.919999999999999707e-01
5.759999999999999565e-01
5.839999999999999636e-01
5.600000000000000533e-01
5.440000000000000391e-01
5.520000000000000462e-01
6.079999999999999849e-01
5.919999999999999707e-01
6.400000000000000133e-01
5.759999999999999565e-01
6.079999999999999849e-01
5.520000000000000462e-01
6.239999999999999991e-01
6.320000000000000062e-01
5.999999999999999778e-01
5.839999999999999636e-01
6.079999999999999849e-01
6.400000000000000133e-01
5.839999999999999636e-01
5.679999999999999494e-01
6.480000000000000204e-01
6.480000000000000204e-01
6.480000000000000204e-01
5.759999999999999565e-01
5.839999999999999636e-01
6.239999999999999991e-01
5.520000000000000462e-01
6.720000000000000417e-01
6.159999999999999920e-01
6.239999999999999991e-01
5.999999999999999778e-01
6.560000000000000275e-01
6.159999999999999920e-01
5.679999999999999494e-01
6.239999999999999991e-01
5.919999999999999707e-01
6.400000000000000133e-01
5.679999999999999494e-01
6.239999999999999991e-01
6.320000000000000062e-01
6.239999999999999991e-01
5.999999999999999778e-01
6.800000000000000488e-01
5.679999999999999494e-01
5.360000000000000320e-01
5.759999999999999565e-01
5.200000000000000178e-01
5.999999999999999778e-01
6.079999999999999849e-01
5.600000000000000533e-01
6.159999999999999920e-01
5.280000000000000249e-01
6.239999999999999991e-01
4.959999999999999964e-01
6.159999999999999920e-01
5.919999999999999707e-01
5.839999999999999636e-01
6.239999999999999991e-01
5.600000000000000533e-01
6.159999999999999920e-01
6.720000000000000417e-01
5.679999999999999494e-01
5.520000000000000462e-01
6.239999999999999991e-01
5.520000000000000462e-01
5.839999999999999636e-01
6.560000000000000275e-01
5.839999999999999636e-01
5.839999999999999636e-01
5.360000000000000320e-01
6.079999999999999849e-01
5.600000000000000533e-01
5.120000000000000107e-01
5.679999999999999494e-01
5.520000000000000462e-01
5.839999999999999636e-01
5.280000000000000249e-01
5.040000000000000036e-01
5.280000000000000249e-01
6.079999999999999849e-01
5.839999999999999636e-01
5.839999999999999636e-01
5.759999999999999565e-01
5.280000000000000249e-01
5.759999999999999565e-01
5.040000000000000036e-01
5.759999999999999565e-01
6.159999999999999920e-01
5.759999999999999565e-01
5.919999999999999707e-01
5.360000000000000320e-01
4.640000000000000235e-01
5.040000000000000036e-01
5.600000000000000533e-01
5.679999999999999494e-01
5.919999999999999707e-01
5.919999999999999707e-01
5.839999999999999636e-01
5.679999999999999494e-01
5.999999999999999778e-01
5.839999999999999636e-01
5.839999999999999636e-01
5.360000000000000320e-01
5.520000000000000462e-01
5.839999999999999636e-01
5.999999999999999778e-01
5.280000000000000249e-01
5.440000000000000391e-01
5.759999999999999565e-01
5.120000000000000107e-01
6.079999999999999849e-01
5.759999999999999565e-01
5.600000000000000533e-01
5.839999999999999636e-01
5.360000000000000320e-01
6.480000000000000204e-01
5.759999999999999565e-01
5.679999999999999494e-01
5.440000000000000391e-01
5.999999999999999778e-01
5.919999999999999707e-01
5.280000000000000249e-01
4.959999999999999964e-01
5.759999999999999565e-01
5.759999999999999565e-01
5.120000000000000107e-01
5.520000000000000462e-01
5.040000000000000036e-01
5.360000000000000320e-01
5.839999999999999636e-01
5.600000000000000533e-01
5.360000000000000320e-01
5.999999999999999778e-01
5.679999999999999494e-01
5.360000000000000320e-01
5.360000000000000320e-01
5.759999999999999565e-01
5.839999999999999636e-01
5.679999999999999494e-01
5.520000000000000462e-01
5.440000000000000391e-01
5.440000000000000391e-01
5.120000000000000107e-01
5.839999999999999636e-01
4.400000000000000022e-01
5.440000000000000391e-01
5.600000000000000533e-01
5.679999999999999494e-01
5.919999999999999707e-01
5.440000000000000391e-01
6.239999999999999991e-01
5.600000000000000533e-01
5.919999999999999707e-01
5.999999999999999778e-01
5.600000000000000533e-01
5.999999999999999778e-01
4.959999999999999964e-01
5.679999999999999494e-01
5.759999999999999565e-01
5.679999999999999494e-01
5.839999999999999636e-01
5.759999999999999565e-01
4.719999999999999751e-01
5.120000000000000107e-01
5.040000000000000036e-01
5.520000000000000462e-01
5.919999999999999707e-01
5.839999999999999636e-01
5.360000000000000320e-01
5.440000000000000391e-01
5.679999999999999494e-01
5.600000000000000533e-01
5.679999999999999494e-01
5.360000000000000320e-01
5.200000000000000178e-01
5.919999999999999707e-01
5.440000000000000391e-01
5.600000000000000533e-01
5.759999999999999565e-01
5.600000000000000533e-01
5.600000000000000533e-01
4.879999999999999893e-01
5.600000000000000533e-01
5.200000000000000178e-01
5.520000000000000462e-01
5.839999999999999636e-01
5.040000000000000036e-01
5.280000000000000249e-01
5.759999999999999565e-01
5.280000000000000249e-01
5.120000000000000107e-01
5.999999999999999778e-01
5.360000000000000320e-01
5.440000000000000391e-01
5.040000000000000036e-01
5.040000000000000036e-01
5.200000000000000178e-01
4.959999999999999964e-01
4.879999999999999893e-01
5.280000000000000249e-01
5.120000000000000107e-01
4.799999999999999822e-01
5.120000000000000107e-01
5.759999999999999565e-01
5.200000000000000178e-01
5.440000000000000391e-01
4.879999999999999893e-01
5.360000000000000320e-01
5.120000000000000107e-01
5.360000000000000320e-01
5.679999999999999494e-01
5.200000000000000178e-01
5.679999999999999494e-01
5.040000000000000036e-01
5.040000000000000036e-01
5.200000000000000178e-01
4.719999999999999751e-01
4.879999999999999893e-01
5.040000000000000036e-01
4.719999999999999751e-01
4.879999999999999893e-01
4.879999999999999893e-01
5.120000000000000107e-01
4.879999999999999893e-01
5.520000000000000462e-01
5.360000000000000320e-01
5.440000000000000391e-01
4.959999999999999964e-01
5.759999999999999565e-01
4.879999999999999893e-01
5.040000000000000036e-01
5.360000000000000320e-01
5.040000000000000036e-01
5.200000000000000178e-01
4.959999999999999964e-01
4.719999999999999751e-01
5.440000000000000391e-01
5.440000000000000391e-01
