1.000000000000000000e+00
8.805394990366088859e-01
8.278741168914579562e-01
8.259473346178548558e-01
8.143866409762363645e-01
7.745664739884392525e-01
7.861271676300578548e-01
7.874116891457931811e-01
7.797045600513808905e-01
7.578676942838792341e-01
7.321772639691714879e-01
7.597944765574823345e-01
7.231856133590237601e-01
7.296082209377007244e-01
7.347463070006422514e-01
7.302504816955683875e-01
7.283236994219652871e-01
6.974951830443160139e-01
6.846499678869620853e-01
7.064868336544637417e-01
7.180475272960822331e-01
7.141939627488760323e-01
7.032755298651252041e-01
6.872190109184328488e-01
7.109826589595376056e-01
6.865767501605651857e-01
6.628131021194605399e-01
7.052023121387283044e-01
6.615285806037251026e-01
6.377649325626204568e-01
6.371226718047526827e-01
6.673089274245344038e-01
6.718047527296082677e-01
6.538214515093128121e-01
6.538214515093128121e-01
6.274887604367372917e-01
6.236351958895312020e-01
6.313423249839434925e-01
6.236351958895312020e-01
6.146435452793834742e-01
6.197816313423250012e-01
5.973025048169556817e-01
6.062941554271034095e-01
6.030828516377649828e-01
6.127167630057803738e-01
6.037251123956326460e-01
6.127167630057803738e-01
5.921644187540141546e-01
5.806037251123956633e-01
5.844572896596017531e-01
5.703275529865124982e-01
5.953757225433525813e-01
5.716120745022479355e-01
5.626204238921002077e-01
5.825305073859987637e-01
5.806037251123956633e-01
5.491329479768786159e-01
5.581245985870263437e-01
5.818882466281309895e-01
5.439948619139370889e-01
5.594091201027616700e-01
5.517019910083493794e-01
5.504174694926140532e-01
5.388567758509954508e-01
5.497752087347462790e-01
5.452793834296724151e-01
5.350032113037893611e-01
5.523442517662170426e-01
5.375722543352601246e-01
5.478484264611431787e-01
5.433526011560693147e-01
5.459216441875401893e-01
5.260115606936416333e-01
5.228002569043030956e-01
5.035324341682723137e-01
5.260115606936416333e-01
5.221579961464354325e-01
5.253692999357739701e-01
5.317919075144508234e-01
5.305073859987154972e-01
5.272960822093769595e-01
5.035324341682723137e-01
5.253692999357739701e-01
5.202312138728323321e-01
5.337186897880539238e-01
5.086705202312138407e-01
5.221579961464354325e-01
5.369299935773924615e-01
4.906872190109184406e-01
5.112395632626846043e-01
4.797687861271676124e-01
4.958253050738599677e-01
5.285806037251123968e-01
5.003211303789338871e-01
4.739884393063583667e-01
4.906872190109184406e-01
4.919717405266538224e-01
4.894026974951830589e-01
4.855491329479768581e-01
4.938985228002569228e-01
4.945407835581245859e-01
4.894026974951830589e-01
5.125240847784200415e-01
4.996788696210661684e-01
4.823378291586384314e-01
4.874759152215799585e-01
4.810533076429029942e-01
4.836223506743738132e-01
4.598587026332691119e-01
4.566473988439306297e-01
4.720616570327553219e-01
4.585741811175337301e-01
4.701348747591522215e-01
4.547206165703275293e-01
4.579319203596660115e-01
4.656390494540783576e-01
4.502247912652536654e-01
4.515093127809891027e-01
4.521515735388567658e-01
4.315992292870905467e-01
4.438021836865767566e-01
4.656390494540783576e-01
4.540783558124598662e-01
4.463712267180475202e-01
4.431599229287090380e-01
4.438021836865767566e-01
4.470134874759152388e-01
4.226075786769428189e-01
4.174694926140012918e-01
4.489402697495182837e-01
4.213230571612074371e-01
4.457289659601798570e-01
4.412331406551059931e-01
4.238921001926782006e-01
4.341682723185613102e-01
4.367373153500321292e-01
4.527938342967244845e-01
4.431599229287090380e-01
4.328837508028259284e-01
4.142581888246628097e-01
4.277456647398844014e-01
4.348105330764290288e-01
4.168272318561335732e-01
4.065510597302504636e-01
4.129736673089274279e-01
4.200385356454720553e-01
4.059087989723828005e-01
4.014129736673089366e-01
4.335260115606936471e-01
4.136159280667951466e-01
4.078355812459858454e-01
4.020552344251765997e-01
3.827874116891458178e-01
3.956326268464996909e-01
3.982016698779704544e-01
3.975594091201027358e-01
3.956326268464996909e-01
3.847141939627488627e-01
4.026974951830443183e-01
4.078355812459858454e-01
3.859987154784842445e-01
3.949903660886319723e-01
3.924213230571612088e-01
4.071933204881181823e-01
3.943481053307643092e-01
3.834296724470134810e-01
4.001284521515735548e-01
3.558124598587026344e-01
3.776493256262042353e-01
3.532434168272318709e-01
3.757225433526011349e-01
3.789338471419396170e-01
3.725112395632627083e-01
3.898522800256904453e-01
4.007707129094412180e-01
3.859987154784842445e-01
3.898522800256904453e-01
3.667308927424534626e-01
3.853564547206165813e-01
3.969171483622350727e-01
3.532434168272318709e-01
3.776493256262042353e-01
3.904945407835581084e-01
3.815028901734103806e-01
3.750802825947334718e-01
3.641618497109826436e-01
3.635195889531149804e-01
3.526011560693641522e-01
3.680154142581888443e-01
3.680154142581888443e-01
3.500321130378933887e-01
3.641618497109826436e-01
3.590237636480411165e-01
3.853564547206165813e-01
3.859987154784842445e-01
3.705844572896596079e-01
3.577392421323057348e-01
3.609505459216441614e-01
3.558124598587026344e-01
3.378291586384071787e-01
3.487475915221580069e-01
3.391136801541425605e-01
3.635195889531149804e-01
3.583815028901733979e-01
3.397559409120102791e-01
3.391136801541425605e-01
3.365446371226717970e-01
3.519588953114964891e-01
3.371868978805395156e-01
3.622350674373795987e-01
3.526011560693641522e-01
3.648041104688503622e-01
3.558124598587026344e-01
3.436095054592164244e-01
3.532434168272318709e-01
3.378291586384071787e-01
3.448940269749518062e-01
3.403982016698779978e-01
3.359023763648041339e-01
3.352601156069364152e-01
3.269107257546564060e-01
3.391136801541425605e-01
3.339755940912010335e-01
3.391136801541425605e-01
3.314065510597302699e-01
3.294797687861271696e-01
3.455362877328195248e-01
3.185613359023763413e-01
3.416827231856133795e-01
3.526011560693641522e-01
3.397559409120102791e-01
3.410404624277456609e-01
3.249839434810533056e-01
3.320488118175979331e-01
3.114964675658317139e-01
3.185613359023763413e-01
3.256262042389210243e-01
3.256262042389210243e-01
3.217726396917148235e-01
3.089274245343609504e-01
3.230571612074502053e-01
3.082851637764932318e-01
3.140655105973024774e-01
3.281952472703917878e-01
3.057161207450224683e-01
3.179190751445086782e-01
3.134232498394348143e-01
3.114964675658317139e-01
3.236994219653179239e-01
3.147077713551701961e-01
3.243416827231855870e-01
3.147077713551701961e-01
3.147077713551701961e-01
3.159922928709055778e-01
3.153500321130379147e-01
3.185613359023763413e-01
3.127809890815670957e-01
3.044315992292870865e-01
2.992935131663455595e-01
3.044315992292870865e-01
3.140655105973024774e-01
3.050738599871548051e-01
2.986512524084778408e-01
3.018625561978163230e-01
3.230571612074502053e-01
3.005780346820809412e-01
3.070006422607578500e-01
3.050738599871548051e-01
2.903018625561978316e-01
3.031470777135517047e-01
2.864482980089916309e-01
3.037893384714194234e-01
3.185613359023763413e-01
2.903018625561978316e-01
3.082851637764932318e-01
3.031470777135517047e-01
2.928709055876685952e-01
3.025048169556839861e-01
2.903018625561978316e-01
2.684649967886962307e-01
3.140655105973024774e-01
3.012202954399486043e-01
2.941554271034039769e-01
2.890173410404624499e-01
2.883750802825947313e-01
2.768143866409762399e-01
2.761721258831085213e-01
2.909441233140654948e-01
2.890173410404624499e-01
3.063583815028901869e-01
2.870905587668593495e-01
2.832369942196532042e-01
2.825947334617854856e-01
2.967244701348747404e-01
2.890173410404624499e-01
2.947976878612716956e-01
2.999357739242132226e-01
2.909441233140654948e-01
2.825947334617854856e-01
2.967244701348747404e-01
2.793834296724470034e-01
2.825947334617854856e-01
2.838792549775208673e-01
2.813102119460501038e-01
2.780989081567116217e-01
2.832369942196532042e-01
2.896596017983301130e-01
2.883750802825947313e-01
2.909441233140654948e-01
2.851637764932562491e-01
2.870905587668593495e-01
2.806679511881823852e-01
2.813102119460501038e-01
2.870905587668593495e-01
2.915863840719332134e-01
2.787411689145793403e-01
2.793834296724470034e-01
2.806679511881823852e-01
2.915863840719332134e-01
2.748876043673731395e-01
2.703917790622992756e-01
2.761721258831085213e-01
2.787411689145793403e-01
2.736030828516377578e-01
2.793834296724470034e-01
2.755298651252408582e-01
2.716763005780346574e-01
2.774566473988439030e-01
2.710340398201669943e-01
2.832369942196532042e-01
2.870905587668593495e-01
2.825947334617854856e-01
2.774566473988439030e-01
2.780989081567116217e-01
2.819524727039177669e-01
2.838792549775208673e-01
2.736030828516377578e-01
2.877328195247270126e-01
2.633269107257546482e-01
2.710340398201669943e-01
2.633269107257546482e-01
2.607578676942838847e-01
2.710340398201669943e-01
2.626846499678869851e-01
2.780989081567116217e-01
2.761721258831085213e-01
2.825947334617854856e-01
2.825947334617854856e-01
2.755298651252408582e-01
2.562620423892100208e-01
2.620423892100192664e-01
2.755298651252408582e-01
2.684649967886962307e-01
2.819524727039177669e-01
2.549775208734746390e-01
2.729608220937700946e-01
2.806679511881823852e-01
2.607578676942838847e-01
2.543352601156069204e-01
2.434168272318561199e-01
2.357096981374438016e-01
2.440590879897238386e-01
2.607578676942838847e-01
2.607578676942838847e-01
2.620423892100192664e-01
2.524084778420038755e-01
2.620423892100192664e-01
2.376364804110468743e-01
2.665382145150931303e-01
2.575465639049454025e-01
2.569043031470777394e-01
2.549775208734746390e-01
2.498394348105330842e-01
2.504816955684007751e-01
2.491971740526653933e-01
2.633269107257546482e-01
2.485549132947976747e-01
2.646114322414900299e-01
2.626846499678869851e-01
2.530507385998715386e-01
2.511239563262684382e-01
2.607578676942838847e-01
2.479126525369299838e-01
2.562620423892100208e-01
2.427745664739884290e-01
2.318561335902376286e-01
2.466281310211946021e-01
2.517662170841361569e-01
2.344251766217084199e-01
2.408477842003853564e-01
2.376364804110468743e-01
2.331406551059730381e-01
2.292870905587668651e-01
2.350674373795761107e-01
2.299293513166345559e-01
2.408477842003853564e-01
2.402055234425176655e-01
2.305716120745022468e-01
2.479126525369299838e-01
2.299293513166345559e-01
2.318561335902376286e-01
