1.000000000000000000e+00
8.879680331508065239e-01
8.595530560899807826e-01
8.536332692023087532e-01
8.431256474766908315e-01
8.346899511617581480e-01
8.155986384490158114e-01
8.049430220512061585e-01
7.948793843421636529e-01
7.954713630309309114e-01
7.910315228651768615e-01
7.617285777712002881e-01
7.638005031818854151e-01
7.652804499038035058e-01
7.512209560455823665e-01
7.538848601450347520e-01
7.473730945685955751e-01
7.260618617729761581e-01
7.256178777564007421e-01
7.268018351339351479e-01
7.065265650436584055e-01
7.059345863548912581e-01
6.810714814266686234e-01
6.936510285629717831e-01
6.883232203640669011e-01
6.781115879828326642e-01
6.705638597010508128e-01
6.671599822406393265e-01
6.634601154358442665e-01
6.590202752700903277e-01
6.457007547728281782e-01
6.356371170637856727e-01
6.344531596862512668e-01
6.200976764836465538e-01
6.274974100932366738e-01
6.218736125499482181e-01
6.119579695130975550e-01
6.032262838537812977e-01
6.014503477874796333e-01
6.011543584430960596e-01
5.989344383602189792e-01
5.968625129495338522e-01
5.783631789255586630e-01
5.808790883528193172e-01
5.783631789255586630e-01
5.754032854817227038e-01
5.647476690839129398e-01
5.641556903951457924e-01
5.573479354743229308e-01
5.536480686695278708e-01
5.475802871096639990e-01
5.579399141630900782e-01
5.443244043214444661e-01
5.287849637413053472e-01
5.342607666124019605e-01
5.310048838241823166e-01
5.170933846381530197e-01
5.247891075921267134e-01
5.064377682403433667e-01
5.150214592274677816e-01
5.148734645552760503e-01
4.987420452863696729e-01
5.008139706970549110e-01
4.996300133195205051e-01
4.937102264318484757e-01
4.959301465147254451e-01
4.854225247891075790e-01
4.777268018351339407e-01
4.797987272458191232e-01
4.765428444575995348e-01
4.686991268314340542e-01
4.685511321592422673e-01
4.610034038774604159e-01
4.635193133047210146e-01
4.695870948645848864e-01
4.610034038774604159e-01
4.574515317448571983e-01
4.512357555128015396e-01
4.536036702678703514e-01
4.507917714962261235e-01
4.499038034630753469e-01
4.565635637117063661e-01
4.559715850229391632e-01
4.331804055054018221e-01
4.290365546840314015e-01
4.345123575551280148e-01
4.263726505845789605e-01
4.254846825514281283e-01
4.231167677963593166e-01
4.151250554980020491e-01
4.058013911499185888e-01
4.151250554980020491e-01
4.134971141038922826e-01
4.152730501701938914e-01
4.100932366434808518e-01
4.044694391001923961e-01
4.056533964777268020e-01
4.000295989344383463e-01
3.896699718810122670e-01
3.942578067189581037e-01
3.952937694243007227e-01
4.010655616397809653e-01
3.918898919638892919e-01
3.877460411425188713e-01
3.846381530264910698e-01
3.776824034334764213e-01
3.775344087612845789e-01
3.834541956489566639e-01
3.754624833505993964e-01
3.726505845789551685e-01
3.751664940062157672e-01
3.713186325292289203e-01
3.710226431848453466e-01
3.667307976912831391e-01
3.616989788367618863e-01
3.677667603966257026e-01
3.614029894923782571e-01
3.559271866212816438e-01
3.514873464555275939e-01
3.461595382566227674e-01
3.519313304721030100e-01
3.483794583394997924e-01
3.386118099748409160e-01
3.427556607962113366e-01
3.362438952197721043e-01
3.375758472694982970e-01
3.331360071037442472e-01
3.343199644812786531e-01
3.421636821074441337e-01
3.315080657096344807e-01
3.288441616101820397e-01
3.273642148882640046e-01
3.279561935770312076e-01
3.215924226727837620e-01
3.239603374278525738e-01
3.230723693947017972e-01
3.143406837353855399e-01
3.199644812786739401e-01
3.143406837353855399e-01
3.082729021755216681e-01
3.161166198016871487e-01
3.125647476690839310e-01
3.045730353707266636e-01
3.094568595530560740e-01
3.013171525825070196e-01
3.026491046322332124e-01
2.990972324996299947e-01
3.056089980760692826e-01
2.953973656948349902e-01
2.995412165162054108e-01
2.893295841349711184e-01
2.888856001183957578e-01
2.845937546248334948e-01
2.894775788071629608e-01
2.813378718366139064e-01
2.862216960189433168e-01
2.854817226579843270e-01
2.736421488826402126e-01
2.749741009323664609e-01
2.736421488826402126e-01
2.811898771644220640e-01
2.702382714222287818e-01
2.678703566671599701e-01
2.683143406837353862e-01
2.657984312564747875e-01
2.652064525677075846e-01
2.649104632233239554e-01
2.603226283853781187e-01
2.623945537960633567e-01
2.618025751072961538e-01
2.659464259286665744e-01
2.616545804351043114e-01
2.573627349415421040e-01
2.583986976468847230e-01
2.567707562527749010e-01
2.619505697794879406e-01
2.563267722361994849e-01
2.544028414977060892e-01
2.536628681367470994e-01
2.514429480538700745e-01
2.458191505105816188e-01
2.502589906763356686e-01
2.509989640372946584e-01
2.478910759212668291e-01
2.421192837057865865e-01
2.430072517389373910e-01
2.431552464111292056e-01
2.458191505105816188e-01
2.434512357555128070e-01
2.364954861624981586e-01
2.430072517389373910e-01
2.324996300133195248e-01
2.348675447683883366e-01
2.360515021459227425e-01
2.378274382122243513e-01
2.449311824774308144e-01
2.293917418972916955e-01
2.360515021459227425e-01
2.285037738641408911e-01
2.279117951753736881e-01
2.250998964037294603e-01
2.268758324700310691e-01
2.274678111587982721e-01
2.261358591090720793e-01
2.225839869764688339e-01
2.218440136155098441e-01
2.185881308272902279e-01
2.193281041882492177e-01
2.185881308272902279e-01
2.221400029598934456e-01
2.166642000887968045e-01
2.156282373834541854e-01
2.165162054166049899e-01
2.177001627941394235e-01
2.171081841053721928e-01
2.165162054166049899e-01
2.142962853337279927e-01
2.132603226283853737e-01
2.138523013171525766e-01
2.154802427112623986e-01
2.122243599230427824e-01
2.082285037738641487e-01
2.063045730353707252e-01
2.055645996744117077e-01
2.039366582803019134e-01
2.119283705786591809e-01
1.980168713926298563e-01
1.918010951605742254e-01
2.015687435252331017e-01
1.984608554092052723e-01
2.000887968033150943e-01
1.984608554092052723e-01
1.957969513097528591e-01
1.926890631937250298e-01
1.987568447535888738e-01
1.938730205712594357e-01
1.984608554092052723e-01
1.949089832766020547e-01
2.015687435252331017e-01
1.946129939322184532e-01
1.910611217996152078e-01
1.983128607370134577e-01
1.920970845049578268e-01
1.916531004883824107e-01
1.824774308124907374e-01
1.861772976172857696e-01
1.826254254846825520e-01
1.823294361402989505e-01
1.835133935178333564e-01
1.841053722066005593e-01
1.798135267130383241e-01
1.815894627793399330e-01
1.827734201568743388e-01
1.805535000739973417e-01
1.815894627793399330e-01
1.838093828622169579e-01
1.774456119579695124e-01
1.759656652360515050e-01
1.755216812194760889e-01
1.740417344975580816e-01
1.768536332692023094e-01
1.719698090868728713e-01
1.734497558087908786e-01
1.650140594938582228e-01
1.694538996596122449e-01
1.694538996596122449e-01
1.627941394109811979e-01
1.688619209708450419e-01
1.619061713778303935e-01
1.598342459671451832e-01
1.648660648216664082e-01
1.590942726061861656e-01
1.590942726061861656e-01
1.635341127719402154e-01
1.576143258842681583e-01
1.577623205564599729e-01
1.602782299837205993e-01
1.568743525233091685e-01
1.561343791623501509e-01
1.562823738345419655e-01
1.543584430960485421e-01
1.549504217848157450e-01
1.519905283409797303e-01
1.519905283409797303e-01
1.567263578511173538e-01
1.564303685067337524e-01
1.536184697350895245e-01
1.479946721918010966e-01
1.478466775196092819e-01
1.518425336687879157e-01
1.485866508805682995e-01
1.485866508805682995e-01
1.536184697350895245e-01
1.499186029302945200e-01
1.493266242415273171e-01
1.460707414533076731e-01
1.460707414533076731e-01
1.422228799763208540e-01
1.444428000591978789e-01
1.411869172709782350e-01
1.475506881752256805e-01
1.420748853041290394e-01
1.423708746485126408e-01
1.428148586650880569e-01
1.397069705490602276e-01
1.410389225987864481e-01
1.410389225987864481e-01
1.402989492378274305e-01
1.416309012875536510e-01
1.450347787479650818e-01
1.422228799763208540e-01
1.429628533372798715e-01
1.417788959597454379e-01
1.394109812046766261e-01
1.432588426816634730e-01
1.394109812046766261e-01
1.451827734201568687e-01
1.351191357111143909e-01
1.391149918602930247e-01
1.352671303833062055e-01
1.339351783335799850e-01
1.327512209560455791e-01
1.333431996448127821e-01
1.345271570223471880e-01
1.311232795619357572e-01
1.302353115287849528e-01
1.309752848897439703e-01
1.252034926742637277e-01
1.314192689063193586e-01
1.272754180849489380e-01
1.265354447239899482e-01
1.253514873464555146e-01
1.287553648068669454e-01
1.326032262838537923e-01
1.312712742341275718e-01
1.274234127571407527e-01
1.315672635785111733e-01
1.259434660352227453e-01
1.268314340683735497e-01
1.269794287405653366e-01
1.263874500517981336e-01
1.246115139854965248e-01
1.200236791475506881e-01
1.263874500517981336e-01
1.234275566079621189e-01
1.219476098860440977e-01
1.249075033298801263e-01
1.260914607074145322e-01
1.259434660352227453e-01
1.269794287405653366e-01
1.243155246411129233e-01
1.210596418528932933e-01
1.238715406245375211e-01
1.197276898031670866e-01
1.138079029154950433e-01
1.209116471807014925e-01
1.212076365250850940e-01
1.167677963593310581e-01
1.220956045582358984e-01
1.112919934882344170e-01
1.149918602930294492e-01
1.141038922598786448e-01
1.166198016871392573e-01
1.167677963593310581e-01
1.166198016871392573e-01
1.099600414385082103e-01
1.114399881604262316e-01
1.105520201272754133e-01
1.098120467663164096e-01
1.058161906171377897e-01
1.075921266834393986e-01
1.114399881604262316e-01
1.117359775048098330e-01
1.059641852893295905e-01
1.065561639780967934e-01
1.096640520941246089e-01
1.117359775048098330e-01
1.121799615213852352e-01
1.071481426668639964e-01
1.053722066005623736e-01
1.061121799615213912e-01
1.052242119283705729e-01
1.040402545508361670e-01
1.058161906171377897e-01
1.062601746337131919e-01
1.030042918454935619e-01
1.047802279117951707e-01
1.024123131567263589e-01
1.047802279117951707e-01
1.018203344679591560e-01
1.019683291401509567e-01
1.003403877460411486e-01
9.915643036850672887e-02
9.545656356371171047e-02
9.767648364658872151e-02
9.841645700754772519e-02
1.043362438952197685e-01
1.007843717626165508e-01
1.043362438952197685e-01
1.007843717626165508e-01
9.871244635193132666e-02
