1.000000000000000000e+00
8.874807987711214041e-01
8.617511520737327624e-01
8.402457757296466490e-01
8.204685099846390495e-01
7.958909370199692690e-01
7.880184331797235320e-01
7.682411674347158215e-01
7.448156682027650133e-01
7.403993855606758601e-01
7.171658986175115658e-01
7.152457757296466490e-01
6.979646697388632859e-01
7.023809523809523281e-01
6.847158218125960483e-01
6.774193548387096309e-01
6.712749615975422968e-01
6.580261136712749481e-01
6.497695852534561833e-01
6.340245775729647093e-01
6.226958525345621664e-01
6.098310291858678456e-01
6.134792626728110543e-01
5.940860215053763715e-01
6.081029185867895537e-01
5.917818740399385380e-01
5.842933947772657177e-01
5.658602150537634934e-01
5.833333333333333703e-01
5.552995391705068950e-01
5.480030721966205887e-01
5.531874039938555754e-01
5.345622119815668372e-01
5.408986175115206851e-01
5.303379416282641978e-01
5.264976958525345863e-01
5.082565284178187648e-01
5.026881720430107503e-01
4.927035330261136936e-01
4.900153609831029433e-01
4.934715821812595826e-01
4.857910906298003040e-01
4.836789554531489843e-01
4.781105990783410253e-01
4.658218125960061351e-01
4.637096774193548154e-01
4.491167434715822027e-01
4.552611367127495923e-01
4.529569892473118142e-01
4.533410138248847865e-01
4.481566820276497443e-01
4.429723502304147575e-01
4.485407066052227165e-01
4.379800307219662292e-01
4.352918586789554789e-01
4.289554531490015199e-01
4.137864823348694210e-01
4.254992319508448806e-01
4.118663594470046152e-01
4.038018433179723643e-01
4.061059907834101423e-01
4.097542242703532955e-01
3.976574500768049192e-01
3.824884792626728203e-01
3.936251920122887937e-01
3.901689708141320989e-01
3.846006144393241399e-01
3.824884792626728203e-01
3.826804915514592786e-01
3.742319508448540555e-01
3.700076804915514717e-01
3.721198156682027913e-01
3.694316436251919855e-01
3.638632872503840265e-01
3.650153609831029433e-01
3.571428571428571508e-01
3.550307219662058311e-01
3.544546850998464005e-01
3.500384024577573028e-01
3.542626728110598866e-01
3.438940092165898577e-01
3.283410138248847865e-01
3.458141321044546634e-01
3.339093701996928010e-01
3.271889400921659252e-01
3.254608294930875778e-01
3.245007680491551194e-01
3.231566820276497443e-01
3.220046082949308830e-01
3.195084485407065911e-01
3.166282642089093824e-01
3.220046082949308830e-01
3.089477726574501038e-01
3.052995391705068950e-01
3.097158218125959928e-01
3.093317972350230205e-01
3.016513056835637419e-01
2.960829493087557829e-01
2.991551459293395054e-01
2.953149001536098384e-01
2.985791090629800193e-01
2.945468509984638938e-01
2.912826420890937129e-01
2.807219662058371701e-01
2.834101382488479204e-01
2.788018433179723643e-01
2.841781874039938649e-01
2.837941628264208926e-01
2.745775729646697250e-01
2.749615975422426972e-01
2.682411674347158215e-01
2.659370199692780434e-01
2.617127496159754041e-01
2.745775729646697250e-01
2.670890937019969047e-01
2.688172043010752521e-01
2.680491551459293631e-01
2.603686635944700289e-01
2.569124423963133896e-01
2.572964669738863064e-01
2.542242703533025838e-01
2.486559139784946248e-01
2.490399385560675971e-01
2.538402457757296671e-01
2.411674347158218046e-01
2.390552995391705127e-01
2.354070660522273317e-01
2.380952380952380820e-01
2.369431643625191930e-01
2.329109062980030675e-01
2.194700460829493160e-01
2.265745007680491641e-01
2.211981566820276635e-01
2.319508448540706647e-01
2.188940092165898577e-01
2.242703533026113583e-01
2.171658986175115102e-01
2.217741935483870941e-01
2.173579109062979964e-01
2.133256528417818709e-01
2.165898617511520796e-01
2.117895545314900096e-01
2.094854070660522316e-01
2.142857142857142738e-01
2.075652841781873981e-01
2.062211981566820229e-01
2.094854070660522316e-01
2.119815668202764958e-01
2.033410138248847865e-01
2.018049155145929252e-01
2.025729646697388697e-01
2.002688172043010639e-01
1.996927803379416333e-01
1.987327188940092304e-01
1.993087557603686610e-01
1.958525345622119940e-01
1.897081413210445489e-01
1.925883256528417853e-01
1.920122887864823269e-01
1.881720430107526876e-01
1.841397849462365621e-01
1.835637480798771037e-01
1.795314900153609783e-01
1.856758832565284234e-01
1.812596006144393257e-01
1.831797235023041592e-01
1.847158218125959928e-01
1.791474654377880060e-01
1.783794162826420893e-01
1.801075268817204367e-01
1.741551459293394777e-01
1.770353302611367141e-01
1.701228878648233522e-01
1.749231950844853944e-01
1.714669738863287274e-01
1.720430107526881858e-01
1.645545314900153655e-01
1.695468509984638938e-01
1.664746543778801713e-01
1.672427035330261158e-01
1.666666666666666574e-01
1.595622119815668094e-01
1.584101382488479204e-01
1.578341013824884898e-01
1.599462365591397817e-01
1.574500768049155175e-01
1.586021505376344065e-01
1.597542242703532955e-01
1.566820276497695730e-01
1.591781874039938649e-01
1.541858678955453088e-01
1.541858678955453088e-01
1.574500768049155175e-01
1.545698924731182811e-01
1.522657450076805030e-01
1.503456221198156695e-01
1.482334869431643498e-01
1.490015360983102943e-01
1.509216589861751279e-01
1.476574500768049192e-01
1.447772657450076828e-01
1.420890937019969325e-01
1.468894009216589747e-01
1.442012288786482244e-01
1.432411674347158215e-01
1.428571428571428492e-01
1.392089093701996960e-01
1.405529953917050712e-01
1.390168970814132099e-01
1.380568356374808070e-01
1.349846390168970844e-01
1.369047619047619180e-01
1.382488479262672931e-01
1.332565284178187370e-01
1.355606758832565151e-01
1.298003072196620700e-01
1.244239631336405555e-01
1.332565284178187370e-01
1.259600614439324029e-01
1.255760368663594584e-01
1.240399385560675832e-01
1.257680491551459168e-01
1.263440860215053752e-01
1.238479262672811110e-01
1.244239631336405555e-01
1.225038402457757358e-01
1.209677419354838745e-01
1.234639016897081387e-01
1.286482334869431532e-01
1.177035330261136659e-01
1.225038402457757358e-01
1.228878648233486942e-01
1.257680491551459168e-01
1.190476190476190410e-01
1.184715821812595965e-01
1.146313364055299572e-01
1.132872503840245820e-01
1.121351766513056791e-01
1.134792626728110543e-01
1.107910906298003040e-01
1.165514592933947768e-01
1.180875576036866381e-01
1.159754224270353323e-01
1.157834101382488462e-01
1.117511520737327207e-01
1.140552995391705127e-01
1.109831029185867901e-01
1.119431643625192069e-01
1.098310291858679011e-01
1.052227342549923172e-01
1.073348694316436230e-01
1.073348694316436230e-01
1.071428571428571369e-01
1.065668202764976924e-01
1.086789554531489982e-01
1.071428571428571369e-01
1.029185867895545253e-01
1.036866359447004560e-01
1.061827956989247340e-01
1.090629800307219704e-01
1.038786482334869421e-01
1.006144393241167473e-01
1.063748079877112201e-01
1.019585253456221224e-01
9.888632872503839988e-02
9.773425499231951086e-02
1.033026113671274976e-01
1.031105990783410115e-01
9.562211981566820507e-02
1.000384024577573028e-01
1.013824884792626779e-01
1.008064516129032195e-01
1.008064516129032195e-01
9.715821812596006635e-02
9.197388632872503800e-02
9.101382488479262123e-02
1.008064516129032195e-01
8.986175115207373221e-02
9.888632872503839988e-02
9.677419354838709409e-02
9.735023041474653860e-02
9.619815668202764958e-02
9.696620583717358022e-02
9.658218125960060796e-02
9.043778801843317672e-02
9.447004608294930217e-02
9.504608294930876056e-02
9.216589861751152413e-02
8.832565284178187093e-02
9.062980030721966285e-02
9.235791090629799638e-02
8.966973886328724608e-02
9.216589861751152413e-02
9.331797235023041315e-02
9.254992319508448251e-02
9.005376344086021834e-02
8.966973886328724608e-02
9.312596006144392702e-02
8.928571428571428770e-02
9.293394777265745477e-02
9.312596006144392702e-02
9.370199692780338541e-02
8.928571428571428770e-02
8.890168970814131544e-02
8.947772657450077383e-02
9.389400921658985766e-02
9.274193548387096864e-02
9.062980030721966285e-02
8.678955453149000965e-02
9.005376344086021834e-02
8.659754224270353740e-02
8.506144393241167612e-02
8.582949308755760676e-02
8.352534562211981484e-02
8.582949308755760676e-02
8.678955453149000965e-02
8.755760368663594029e-02
8.275729646697388420e-02
8.275729646697388420e-02
8.525345622119816225e-02
8.237327188940092582e-02
8.448540706605223161e-02
8.294930875576037033e-02
7.853302611367127262e-02
7.795698924731182811e-02
8.026113671274962003e-02
7.296466973886328589e-02
8.045314900153609228e-02
7.584485407066052232e-02
7.507680491551459168e-02
8.006912442396313390e-02
8.160522273425499518e-02
7.450076804915514717e-02
7.507680491551459168e-02
7.853302611367127262e-02
7.430875576036866104e-02
7.565284178187403619e-02
7.392473118279570266e-02
7.315668202764977202e-02
7.430875576036866104e-02
8.006912442396313390e-02
7.354070660522273040e-02
7.526881720430107781e-02
7.142857142857142461e-02
7.315668202764977202e-02
7.354070660522273040e-02
6.950844854070660495e-02
6.682027649769585465e-02
6.854838709677418818e-02
6.720430107526881303e-02
6.682027649769585465e-02
6.490015360983103498e-02
6.739631336405529916e-02
6.643625192012288239e-02
7.104454685099846623e-02
6.854838709677418818e-02
6.912442396313364656e-02
6.797235023041474367e-02
6.682027649769585465e-02
6.624423963133641013e-02
6.394009216589861822e-02
6.624423963133641013e-02
6.778033794162825754e-02
6.528417818740399337e-02
6.701228878648234077e-02
6.816436251920122980e-02
6.912442396313364656e-02
6.893241167434716044e-02
6.451612903225806273e-02
6.509216589861750724e-02
6.662826420890936852e-02
6.298003072196620145e-02
6.374807987711213209e-02
6.586021505376343788e-02
6.566820276497695175e-02
6.528417818740399337e-02
6.566820276497695175e-02
6.163594470046082630e-02
6.470814132104454885e-02
6.201996927803379162e-02
6.221198156682027774e-02
6.374807987711213209e-02
5.913978494623656212e-02
5.817972350230414535e-02
6.067588325652841647e-02
6.029185867895545115e-02
6.105990783410138178e-02
5.894777265745007599e-02
5.913978494623656212e-02
6.163594470046082630e-02
5.971582181259600663e-02
5.856374807987711067e-02
5.856374807987711067e-02
5.798771121351766616e-02
5.664362519201229101e-02
5.817972350230414535e-02
5.702764976958525633e-02
5.856374807987711067e-02
5.817972350230414535e-02
5.856374807987711067e-02
5.779569892473118004e-02
