1.000000000000000000e+00
8.793604651162790775e-01
8.401162790697674909e-01
8.401162790697674909e-01
8.343023255813953876e-01
8.386627906976744651e-01
8.561046511627906641e-01
8.444767441860464574e-01
8.299418604651163101e-01
8.357558139534884134e-01
8.081395348837209225e-01
8.183139534883721034e-01
7.848837209302325091e-01
7.790697674418605168e-01
7.572674418604651292e-01
7.877906976744185608e-01
7.354651162790697416e-01
7.572674418604651292e-01
7.674418604651163101e-01
7.630813953488372325e-01
7.630813953488372325e-01
7.659883720930232842e-01
7.587209302325581550e-01
7.427325581395348708e-01
7.412790697674418450e-01
7.456395348837209225e-01
7.412790697674418450e-01
7.180232558139535426e-01
7.165697674418605168e-01
7.005813953488372325e-01
7.209302325581394832e-01
7.005813953488372325e-01
7.296511627906976383e-01
7.122093023255814392e-01
6.933139534883721034e-01
7.005813953488372325e-01
6.860465116279069742e-01
7.063953488372093359e-01
6.831395348837209225e-01
6.656976744186046124e-01
6.904069767441860517e-01
6.715116279069767158e-01
6.962209302325581550e-01
6.889534883720930258e-01
6.816860465116278966e-01
6.816860465116278966e-01
6.845930232558139483e-01
6.889534883720930258e-01
6.860465116279069742e-01
6.642441860465115866e-01
6.744186046511627675e-01
6.758720930232557933e-01
6.671511627906976383e-01
6.758720930232557933e-01
6.715116279069767158e-01
6.642441860465115866e-01
6.642441860465115866e-01
6.424418604651163101e-01
6.642441860465115866e-01
6.322674418604651292e-01
6.584302325581394832e-01
6.584302325581394832e-01
6.700581395348836899e-01
6.395348837209302584e-01
6.540697674418605168e-01
6.395348837209302584e-01
6.613372093023255349e-01
6.598837209302325091e-01
6.438953488372093359e-01
6.540697674418605168e-01
6.555232558139535426e-01
6.497093023255814392e-01
6.555232558139535426e-01
6.468023255813953876e-01
6.686046511627906641e-01
6.468023255813953876e-01
6.656976744186046124e-01
6.497093023255814392e-01
6.729651162790697416e-01
6.729651162790697416e-01
6.235465116279069742e-01
6.468023255813953876e-01
6.468023255813953876e-01
6.497093023255814392e-01
6.642441860465115866e-01
6.555232558139535426e-01
6.409883720930232842e-01
6.642441860465115866e-01
6.351744186046511809e-01
6.380813953488372325e-01
6.511627906976744651e-01
6.438953488372093359e-01
6.322674418604651292e-01
6.380813953488372325e-01
6.424418604651163101e-01
6.235465116279069742e-01
6.497093023255814392e-01
6.627906976744185608e-01
6.511627906976744651e-01
6.453488372093023617e-01
6.409883720930232842e-01
6.279069767441860517e-01
6.366279069767442067e-01
6.497093023255814392e-01
6.177325581395348708e-01
6.337209302325581550e-01
6.191860465116278966e-01
6.119186046511627675e-01
6.351744186046511809e-01
6.250000000000000000e-01
6.264534883720930258e-01
6.177325581395348708e-01
6.279069767441860517e-01
6.235465116279069742e-01
6.308139534883721034e-01
6.046511627906976383e-01
5.872093023255814392e-01
6.046511627906976383e-01
6.031976744186046124e-01
5.901162790697674909e-01
5.843023255813953876e-01
5.930232558139535426e-01
6.046511627906976383e-01
5.784883720930232842e-01
6.133720930232557933e-01
6.017441860465115866e-01
5.886627906976744651e-01
6.061046511627906641e-01
5.915697674418605168e-01
5.930232558139535426e-01
6.090116279069767158e-01
5.901162790697674909e-01
5.959302325581394832e-01
6.090116279069767158e-01
5.886627906976744651e-01
5.988372093023255349e-01
5.988372093023255349e-01
5.683139534883721034e-01
5.930232558139535426e-01
5.813953488372093359e-01
5.770348837209302584e-01
5.755813953488372325e-01
5.857558139534884134e-01
5.726744186046511809e-01
5.857558139534884134e-01
5.813953488372093359e-01
5.566860465116278966e-01
5.625000000000000000e-01
5.697674418604651292e-01
5.654069767441860517e-01
5.784883720930232842e-01
5.726744186046511809e-01
5.828488372093023617e-01
5.639534883720930258e-01
5.668604651162790775e-01
5.712209302325581550e-01
5.770348837209302584e-01
5.741279069767442067e-01
5.726744186046511809e-01
5.610465116279069742e-01
5.595930232558139483e-01
5.625000000000000000e-01
5.726744186046511809e-01
5.595930232558139483e-01
5.697674418604651292e-01
5.581395348837209225e-01
5.581395348837209225e-01
5.595930232558139483e-01
5.726744186046511809e-01
5.625000000000000000e-01
5.799418604651163101e-01
5.712209302325581550e-01
5.654069767441860517e-01
5.552325581395348708e-01
5.625000000000000000e-01
5.857558139534884134e-01
5.741279069767442067e-01
5.813953488372093359e-01
5.799418604651163101e-01
5.683139534883721034e-01
5.697674418604651292e-01
5.741279069767442067e-01
5.755813953488372325e-01
5.654069767441860517e-01
5.697674418604651292e-01
5.450581395348836899e-01
5.610465116279069742e-01
5.741279069767442067e-01
5.625000000000000000e-01
5.552325581395348708e-01
5.508720930232557933e-01
5.552325581395348708e-01
5.741279069767442067e-01
5.508720930232557933e-01
5.639534883720930258e-01
5.537790697674418450e-01
5.494186046511627675e-01
5.537790697674418450e-01
5.639534883720930258e-01
5.494186046511627675e-01
5.552325581395348708e-01
5.639534883720930258e-01
5.494186046511627675e-01
5.566860465116278966e-01
5.450581395348836899e-01
5.595930232558139483e-01
5.523255813953488191e-01
5.552325581395348708e-01
5.436046511627906641e-01
5.406976744186046124e-01
5.392441860465115866e-01
5.450581395348836899e-01
5.436046511627906641e-01
5.465116279069767158e-01
5.494186046511627675e-01
5.450581395348836899e-01
5.595930232558139483e-01
5.479651162790697416e-01
5.552325581395348708e-01
5.552325581395348708e-01
5.537790697674418450e-01
5.465116279069767158e-01
5.450581395348836899e-01
5.465116279069767158e-01
5.552325581395348708e-01
5.552325581395348708e-01
5.436046511627906641e-01
5.406976744186046124e-01
5.406976744186046124e-01
5.392441860465115866e-01
5.421511627906976383e-01
5.436046511627906641e-01
5.566860465116278966e-01
5.479651162790697416e-01
5.406976744186046124e-01
5.479651162790697416e-01
5.625000000000000000e-01
5.348837209302325091e-01
5.552325581395348708e-01
5.494186046511627675e-01
5.436046511627906641e-01
5.334302325581394832e-01
5.377906976744185608e-01
5.465116279069767158e-01
5.450581395348836899e-01
5.377906976744185608e-01
5.363372093023255349e-01
5.348837209302325091e-01
5.392441860465115866e-01
5.247093023255814392e-01
5.450581395348836899e-01
5.087209302325581550e-01
5.319767441860464574e-01
5.218023255813953876e-01
5.188953488372093359e-01
5.392441860465115866e-01
5.247093023255814392e-01
5.319767441860464574e-01
5.276162790697674909e-01
5.218023255813953876e-01
5.261627906976744651e-01
5.203488372093023617e-01
5.058139534883721034e-01
5.188953488372093359e-01
5.218023255813953876e-01
5.377906976744185608e-01
5.247093023255814392e-01
5.232558139534884134e-01
5.247093023255814392e-01
5.261627906976744651e-01
5.334302325581394832e-01
5.203488372093023617e-01
5.319767441860464574e-01
5.305232558139535426e-01
5.218023255813953876e-01
5.334302325581394832e-01
5.334302325581394832e-01
5.247093023255814392e-01
5.305232558139535426e-01
5.058139534883721034e-01
5.290697674418605168e-01
5.218023255813953876e-01
5.130813953488372325e-01
5.232558139534884134e-01
5.174418604651163101e-01
5.232558139534884134e-01
5.247093023255814392e-01
5.247093023255814392e-01
4.985465116279069742e-01
5.000000000000000000e-01
5.145348837209302584e-01
5.218023255813953876e-01
5.261627906976744651e-01
5.261627906976744651e-01
5.101744186046511809e-01
5.014534883720930258e-01
5.130813953488372325e-01
5.087209302325581550e-01
5.087209302325581550e-01
5.029069767441860517e-01
5.145348837209302584e-01
5.000000000000000000e-01
4.898255813953488191e-01
5.188953488372093359e-01
5.130813953488372325e-01
5.101744186046511809e-01
5.218023255813953876e-01
5.188953488372093359e-01
5.232558139534884134e-01
5.101744186046511809e-01
5.247093023255814392e-01
5.043604651162790775e-01
5.101744186046511809e-01
5.072674418604651292e-01
5.043604651162790775e-01
5.087209302325581550e-01
5.000000000000000000e-01
5.029069767441860517e-01
5.116279069767442067e-01
5.101744186046511809e-01
5.116279069767442067e-01
5.014534883720930258e-01
5.087209302325581550e-01
5.174418604651163101e-01
5.000000000000000000e-01
4.869186046511627675e-01
5.043604651162790775e-01
5.029069767441860517e-01
4.985465116279069742e-01
4.956395348837209225e-01
5.000000000000000000e-01
5.159883720930232842e-01
5.174418604651163101e-01
4.970930232558139483e-01
5.145348837209302584e-01
5.072674418604651292e-01
5.130813953488372325e-01
5.014534883720930258e-01
5.116279069767442067e-01
5.000000000000000000e-01
5.218023255813953876e-01
5.101744186046511809e-01
5.014534883720930258e-01
5.130813953488372325e-01
5.130813953488372325e-01
5.145348837209302584e-01
5.145348837209302584e-01
4.941860465116278966e-01
5.058139534883721034e-01
5.072674418604651292e-01
5.058139534883721034e-01
5.043604651162790775e-01
5.029069767441860517e-01
5.174418604651163101e-01
5.014534883720930258e-01
5.072674418604651292e-01
5.029069767441860517e-01
4.970930232558139483e-01
5.130813953488372325e-01
5.043604651162790775e-01
5.116279069767442067e-01
5.159883720930232842e-01
5.072674418604651292e-01
5.043604651162790775e-01
5.014534883720930258e-01
5.130813953488372325e-01
5.029069767441860517e-01
4.970930232558139483e-01
5.116279069767442067e-01
5.014534883720930258e-01
4.927325581395348708e-01
5.130813953488372325e-01
5.116279069767442067e-01
5.203488372093023617e-01
5.101744186046511809e-01
5.043604651162790775e-01
4.941860465116278966e-01
5.000000000000000000e-01
5.087209302325581550e-01
4.970930232558139483e-01
5.000000000000000000e-01
5.203488372093023617e-01
5.130813953488372325e-01
5.087209302325581550e-01
5.101744186046511809e-01
5.029069767441860517e-01
5.029069767441860517e-01
4.970930232558139483e-01
4.985465116279069742e-01
5.087209302325581550e-01
5.072674418604651292e-01
5.058139534883721034e-01
5.029069767441860517e-01
5.014534883720930258e-01
5.029069767441860517e-01
5.029069767441860517e-01
5.130813953488372325e-01
4.956395348837209225e-01
4.898255813953488191e-01
4.941860465116278966e-01
4.956395348837209225e-01
