1.000000000000000000e+00
8.223350253807106824e-01
8.020304568527918399e-01
7.817258883248731083e-01
7.512690355329949554e-01
7.055837563451776706e-01
6.802030456852792284e-01
7.664974619289339763e-01
8.223350253807106824e-01
7.258883248730964022e-01
7.563451776649746661e-01
7.411167512690355341e-01
7.614213197969542657e-01
7.512690355329949554e-01
6.852791878172588280e-01
6.852791878172588280e-01
7.106598984771573813e-01
6.700507614213198071e-01
7.258883248730964022e-01
7.309644670050761128e-01
6.954314720812182493e-01
7.411167512690355341e-01
6.700507614213198071e-01
7.411167512690355341e-01
6.548223350253806752e-01
7.106598984771573813e-01
7.258883248730964022e-01
7.157360406091370919e-01
7.360406091370558235e-01
7.309644670050761128e-01
6.294416243654822329e-01
6.852791878172588280e-01
6.243654822335025223e-01
7.106598984771573813e-01
7.563451776649746661e-01
6.548223350253806752e-01
6.852791878172588280e-01
6.700507614213198071e-01
6.548223350253806752e-01
7.055837563451776706e-01
6.598984771573603858e-01
6.852791878172588280e-01
6.345177664974619436e-01
5.634517766497462166e-01
6.091370558375635014e-01
7.157360406091370919e-01
6.294416243654822329e-01
7.208121827411168026e-01
6.294416243654822329e-01
6.294416243654822329e-01
6.751269035532995177e-01
6.395939086294416542e-01
6.243654822335025223e-01
6.395939086294416542e-01
7.258883248730964022e-01
6.852791878172588280e-01
7.005076142131979600e-01
6.751269035532995177e-01
6.395939086294416542e-01
6.142131979695431010e-01
6.903553299492385387e-01
6.700507614213198071e-01
6.903553299492385387e-01
5.939086294416243694e-01
6.700507614213198071e-01
7.005076142131979600e-01
6.802030456852792284e-01
5.989847715736040801e-01
6.548223350253806752e-01
6.192893401015228116e-01
5.482233502538070846e-01
6.192893401015228116e-01
5.786802030456852375e-01
5.736040609137056379e-01
5.888324873096446588e-01
5.989847715736040801e-01
5.685279187817259272e-01
6.142131979695431010e-01
5.736040609137056379e-01
6.446700507614213649e-01
5.634517766497462166e-01
6.040609137055837907e-01
6.548223350253806752e-01
5.634517766497462166e-01
6.192893401015228116e-01
5.837563451776649481e-01
6.192893401015228116e-01
5.736040609137056379e-01
6.598984771573603858e-01
6.040609137055837907e-01
6.142131979695431010e-01
6.040609137055837907e-01
5.786802030456852375e-01
6.345177664974619436e-01
6.395939086294416542e-01
6.243654822335025223e-01
5.685279187817259272e-01
5.532994923857867953e-01
6.345177664974619436e-01
6.142131979695431010e-01
6.294416243654822329e-01
6.294416243654822329e-01
5.786802030456852375e-01
6.142131979695431010e-01
6.192893401015228116e-01
6.091370558375635014e-01
5.939086294416243694e-01
5.736040609137056379e-01
5.583756345177665059e-01
5.685279187817259272e-01
6.243654822335025223e-01
5.786802030456852375e-01
5.532994923857867953e-01
5.736040609137056379e-01
5.939086294416243694e-01
5.939086294416243694e-01
6.294416243654822329e-01
5.634517766497462166e-01
6.040609137055837907e-01
5.431472081218273740e-01
5.685279187817259272e-01
5.786802030456852375e-01
5.939086294416243694e-01
5.837563451776649481e-01
5.989847715736040801e-01
5.685279187817259272e-01
6.294416243654822329e-01
5.837563451776649481e-01
6.548223350253806752e-01
5.532994923857867953e-01
5.228426395939086424e-01
5.837563451776649481e-01
5.837563451776649481e-01
5.380710659898476633e-01
5.989847715736040801e-01
6.192893401015228116e-01
5.685279187817259272e-01
5.532994923857867953e-01
5.177664974619289318e-01
5.989847715736040801e-01
5.786802030456852375e-01
6.192893401015228116e-01
5.583756345177665059e-01
5.532994923857867953e-01
5.786802030456852375e-01
6.142131979695431010e-01
6.294416243654822329e-01
6.395939086294416542e-01
5.177664974619289318e-01
5.888324873096446588e-01
5.736040609137056379e-01
5.939086294416243694e-01
5.786802030456852375e-01
5.685279187817259272e-01
6.243654822335025223e-01
5.736040609137056379e-01
6.040609137055837907e-01
6.345177664974619436e-01
6.294416243654822329e-01
6.040609137055837907e-01
6.548223350253806752e-01
5.888324873096446588e-01
6.091370558375635014e-01
5.939086294416243694e-01
6.091370558375635014e-01
5.837563451776649481e-01
5.786802030456852375e-01
5.888324873096446588e-01
6.091370558375635014e-01
5.939086294416243694e-01
6.091370558375635014e-01
6.243654822335025223e-01
5.939086294416243694e-01
5.837563451776649481e-01
6.649746192893400965e-01
5.837563451776649481e-01
6.294416243654822329e-01
6.040609137055837907e-01
5.279187817258883531e-01
5.532994923857867953e-01
5.634517766497462166e-01
5.329949238578680637e-01
5.786802030456852375e-01
5.685279187817259272e-01
5.482233502538070846e-01
5.279187817258883531e-01
6.192893401015228116e-01
5.532994923857867953e-01
5.482233502538070846e-01
5.583756345177665059e-01
5.228426395939086424e-01
5.431472081218273740e-01
5.279187817258883531e-01
4.923857868020304340e-01
5.279187817258883531e-01
5.786802030456852375e-01
4.974619289340101447e-01
5.431472081218273740e-01
5.126903553299492211e-01
5.380710659898476633e-01
5.583756345177665059e-01
5.634517766497462166e-01
5.380710659898476633e-01
5.076142131979695105e-01
5.380710659898476633e-01
5.076142131979695105e-01
5.228426395939086424e-01
4.416243654822334941e-01
5.076142131979695105e-01
5.482233502538070846e-01
4.822335025380710682e-01
5.076142131979695105e-01
4.619289340101522812e-01
5.025380710659897998e-01
5.482233502538070846e-01
5.126903553299492211e-01
5.126903553299492211e-01
5.532994923857867953e-01
5.431472081218273740e-01
5.126903553299492211e-01
5.329949238578680637e-01
4.974619289340101447e-01
5.786802030456852375e-01
5.837563451776649481e-01
5.329949238578680637e-01
5.482233502538070846e-01
5.126903553299492211e-01
4.720812182741117025e-01
4.365482233502537834e-01
4.974619289340101447e-01
5.025380710659897998e-01
4.365482233502537834e-01
5.279187817258883531e-01
5.076142131979695105e-01
5.736040609137056379e-01
5.025380710659897998e-01
5.177664974619289318e-01
5.837563451776649481e-01
4.822335025380710682e-01
5.583756345177665059e-01
4.619289340101522812e-01
5.228426395939086424e-01
4.873096446700507789e-01
5.329949238578680637e-01
5.126903553299492211e-01
5.583756345177665059e-01
5.177664974619289318e-01
4.619289340101522812e-01
4.873096446700507789e-01
5.279187817258883531e-01
5.685279187817259272e-01
5.431472081218273740e-01
5.482233502538070846e-01
4.720812182741117025e-01
4.822335025380710682e-01
5.736040609137056379e-01
5.736040609137056379e-01
5.025380710659897998e-01
5.380710659898476633e-01
4.771573604060913576e-01
4.974619289340101447e-01
5.076142131979695105e-01
5.177664974619289318e-01
4.923857868020304340e-01
5.431472081218273740e-01
5.076142131979695105e-01
5.025380710659897998e-01
5.177664974619289318e-01
4.923857868020304340e-01
5.076142131979695105e-01
5.532994923857867953e-01
5.583756345177665059e-01
4.517766497461929154e-01
5.126903553299492211e-01
4.822335025380710682e-01
5.482233502538070846e-01
5.279187817258883531e-01
5.177664974619289318e-01
5.025380710659897998e-01
5.126903553299492211e-01
4.923857868020304340e-01
4.873096446700507789e-01
5.126903553299492211e-01
4.670050761421319918e-01
5.279187817258883531e-01
5.228426395939086424e-01
5.126903553299492211e-01
4.619289340101522812e-01
5.431472081218273740e-01
4.517766497461929154e-01
5.177664974619289318e-01
5.329949238578680637e-01
4.873096446700507789e-01
5.532994923857867953e-01
5.228426395939086424e-01
5.482233502538070846e-01
4.974619289340101447e-01
5.025380710659897998e-01
5.126903553299492211e-01
5.685279187817259272e-01
5.025380710659897998e-01
5.786802030456852375e-01
5.076142131979695105e-01
4.720812182741117025e-01
5.329949238578680637e-01
4.873096446700507789e-01
4.720812182741117025e-01
4.974619289340101447e-01
4.923857868020304340e-01
4.974619289340101447e-01
4.416243654822334941e-01
4.974619289340101447e-01
5.126903553299492211e-01
5.025380710659897998e-01
5.177664974619289318e-01
4.670050761421319918e-01
5.228426395939086424e-01
5.076142131979695105e-01
4.923857868020304340e-01
5.431472081218273740e-01
5.025380710659897998e-01
4.873096446700507789e-01
5.076142131979695105e-01
5.380710659898476633e-01
5.279187817258883531e-01
4.923857868020304340e-01
4.873096446700507789e-01
4.416243654822334941e-01
4.720812182741117025e-01
4.619289340101522812e-01
4.771573604060913576e-01
4.974619289340101447e-01
4.720812182741117025e-01
4.619289340101522812e-01
4.670050761421319918e-01
5.126903553299492211e-01
4.771573604060913576e-01
4.974619289340101447e-01
4.822335025380710682e-01
4.873096446700507789e-01
4.822335025380710682e-01
5.076142131979695105e-01
4.974619289340101447e-01
4.619289340101522812e-01
4.923857868020304340e-01
5.076142131979695105e-01
5.532994923857867953e-01
5.380710659898476633e-01
4.873096446700507789e-01
4.873096446700507789e-01
4.619289340101522812e-01
4.314720812182741283e-01
4.568527918781725705e-01
4.568527918781725705e-01
4.213197969543147070e-01
4.263959390862944177e-01
4.670050761421319918e-01
4.517766497461929154e-01
4.873096446700507789e-01
4.771573604060913576e-01
4.213197969543147070e-01
4.365482233502537834e-01
5.279187817258883531e-01
4.314720812182741283e-01
4.619289340101522812e-01
5.025380710659897998e-01
5.634517766497462166e-01
5.025380710659897998e-01
5.025380710659897998e-01
4.517766497461929154e-01
4.923857868020304340e-01
5.076142131979695105e-01
4.720812182741117025e-01
4.517766497461929154e-01
4.619289340101522812e-01
4.263959390862944177e-01
4.213197969543147070e-01
4.568527918781725705e-01
4.771573604060913576e-01
4.670050761421319918e-01
4.467005076142132047e-01
4.365482233502537834e-01
4.568527918781725705e-01
5.076142131979695105e-01
4.467005076142132047e-01
4.720812182741117025e-01
4.822335025380710682e-01
4.467005076142132047e-01
4.568527918781725705e-01
4.619289340101522812e-01
4.162436548223350519e-01
4.467005076142132047e-01
4.873096446700507789e-01
5.126903553299492211e-01
4.923857868020304340e-01
4.517766497461929154e-01
4.314720812182741283e-01
4.670050761421319918e-01
4.568527918781725705e-01
4.517766497461929154e-01
4.670050761421319918e-01
