1.000000000000000000e+00
8.416739830260462352e-01
8.214808311384255157e-01
7.688030436055018901e-01
7.544629792215393760e-01
7.187591454492244791e-01
7.038337723148960778e-01
6.804214223002633677e-01
6.625695054141059748e-01
6.435469710272168076e-01
6.441322797775826947e-01
6.101843722563652372e-01
5.976002341235001625e-01
5.791630084869768824e-01
5.683347966052092470e-01
5.589698565993561630e-01
5.460930640913082001e-01
5.449224465905765369e-01
5.545800409716125090e-01
5.376060872110037803e-01
5.220954053263096029e-01
5.147790459467369573e-01
5.033655253146034347e-01
5.098039215686274161e-01
5.112671934445419675e-01
4.784899034240561733e-01
4.767339771729587339e-01
4.623939127889962197e-01
4.568334796605209025e-01
4.544922446590576315e-01
4.404448346502780054e-01
4.460052677787532671e-01
4.351770558969856872e-01
4.351770558969856872e-01
4.281533508925958187e-01
4.252268071407667716e-01
4.231782265144863886e-01
4.261047702663154912e-01
4.064969271290606034e-01
4.082528533801580428e-01
3.915715539947322021e-01
3.944980977465613048e-01
3.810359964881475103e-01
3.669885864793678842e-01
3.778167983611355196e-01
3.664032777290020526e-01
3.514779045946737068e-01
3.336259877085162584e-01
3.345039508340649781e-01
3.298214808311384361e-01
3.233830845771144546e-01
3.178226514486391374e-01
3.140181445712613151e-01
3.239683933274802308e-01
3.233830845771144546e-01
3.148961076968100903e-01
3.026046239391279036e-01
3.134328358208955390e-01
3.052385133157740627e-01
2.917764120573602682e-01
2.961662276851038667e-01
2.961662276851038667e-01
2.920690664325431563e-01
2.920690664325431563e-01
2.686567164179104461e-01
2.788996195493122499e-01
2.748024582967515395e-01
2.756804214223002591e-01
2.721685689201053804e-01
2.721685689201053804e-01
2.666081357916300631e-01
2.715832601697395488e-01
2.625109745390693528e-01
2.660228270412642870e-01
2.613403570383377450e-01
2.572431957857769791e-01
2.464149839040093715e-01
2.417325139010828294e-01
2.458296751536435398e-01
2.364647351477904558e-01
2.326602282704126334e-01
2.385133157740708110e-01
2.376353526485220913e-01
2.405618964003511939e-01
2.288557213930348389e-01
2.420251682762657175e-01
2.244659057652911849e-01
2.306116476441322782e-01
2.250512145156570165e-01
2.136376938835235495e-01
2.215393620134621100e-01
2.183201638864500915e-01
2.156862745098039325e-01
2.145156570090722969e-01
2.153936201346210166e-01
2.051507170032191851e-01
2.001755926251097550e-01
2.101258413813286430e-01
2.022241732513901102e-01
2.022241732513901102e-01
1.896400351185250355e-01
2.001755926251097550e-01
1.966637401229148485e-01
1.940298507462686617e-01
1.911033069944395590e-01
1.896400351185250355e-01
1.846649107404155776e-01
1.858355282411472131e-01
1.799824407374890356e-01
1.878841088674275683e-01
1.793971319871232040e-01
1.861281826163301012e-01
1.820310213637693908e-01
1.796897863623061198e-01
1.770558969856599330e-01
1.697395376060872041e-01
1.747146619841966619e-01
1.638864501024290266e-01
1.764705882352941291e-01
1.782265144863915685e-01
1.767632426104770171e-01
1.641791044776119424e-01
1.723734269827333909e-01
1.694468832309042883e-01
1.723734269827333909e-01
1.641791044776119424e-01
1.679836113549897647e-01
1.653497219783435779e-01
1.638864501024290266e-01
1.641791044776119424e-01
1.597892888498683162e-01
1.568627450980392135e-01
1.633011413520632227e-01
1.548141644717588583e-01
1.562774363476734096e-01
1.518876207199297557e-01
1.518876207199297557e-01
1.474978050921861294e-01
1.457418788410886623e-01
1.375475563359672138e-01
1.445712613403570268e-01
1.480831138425519333e-01
1.460345332162715781e-01
1.331577407082235875e-01
1.381328650863330454e-01
1.372549019607843257e-01
1.296458882060286810e-01
1.278899619549312139e-01
1.360842844600526902e-01
1.343283582089552231e-01
1.357916300848697744e-01
1.363769388352355783e-01
1.299385425812115968e-01
1.308165057067603165e-01
1.240854550775534054e-01
1.273046532045654100e-01
1.311091600819432323e-01
1.331577407082235875e-01
1.354989757096868586e-01
1.281826163301141297e-01
1.311091600819432323e-01
1.281826163301141297e-01
1.275973075797483258e-01
1.281826163301141297e-01
1.299385425812115968e-01
1.243781094527363212e-01
1.270119988293824942e-01
1.360842844600526902e-01
1.267193444541995784e-01
1.287679250804799613e-01
1.199882938249926811e-01
1.237928007023705035e-01
1.264266900790166903e-01
1.243781094527363212e-01
1.258413813286508587e-01
1.258413813286508587e-01
1.255487269534679429e-01
1.205736025753584989e-01
1.164764413227977746e-01
1.126719344454199523e-01
1.188176763242610456e-01
1.153058238220661391e-01
1.208662569505414147e-01
1.196956394498097792e-01
1.138425519461516017e-01
1.123792800702370503e-01
1.065261925665788728e-01
1.088674275680421438e-01
1.135498975709686859e-01
1.065261925665788728e-01
1.044776119402985037e-01
1.079894644424934103e-01
1.044776119402985037e-01
1.056482294410301392e-01
9.891717881182324201e-02
1.097453906935908635e-01
1.068188469417617747e-01
1.074041556921275925e-01
1.041849575651156018e-01
1.056482294410301392e-01
1.132572431957857839e-01
1.047702663154814196e-01
1.068188469417617747e-01
1.079894644424934103e-01
1.103306994439566813e-01
1.041849575651156018e-01
1.047702663154814196e-01
1.024290313140181485e-01
1.009657594381035972e-01
1.009657594381035972e-01
1.012584138132865130e-01
1.009657594381035972e-01
9.452736318407960192e-02
9.335674568334796641e-02
9.979514193737196170e-02
9.130816505706759734e-02
9.716125256072578875e-02
1.012584138132865130e-01
9.277143693298214866e-02
8.896693005560432632e-02
8.955223880597014408e-02
8.077260755048287777e-02
8.633304067895815337e-02
8.779631255487269081e-02
8.691834942932397112e-02
9.072285630670177958e-02
8.925958443078724214e-02
8.516242317822651786e-02
8.486976880304360205e-02
8.662569505414105531e-02
8.633304067895815337e-02
8.457711442786070011e-02
8.662569505414105531e-02
8.282118817676324685e-02
8.311384255194614878e-02
9.013754755633596183e-02
8.252853380158033103e-02
7.989464442493415808e-02
8.311384255194614878e-02
7.696810067310506931e-02
8.252853380158033103e-02
8.545507755340941980e-02
7.199297629499561146e-02
7.696810067310506931e-02
7.989464442493415808e-02
8.633304067895815337e-02
8.047995317529997583e-02
7.843137254901960675e-02
7.609013754755633574e-02
8.428446005267778429e-02
7.638279192273925156e-02
7.813871817383670482e-02
8.047995317529997583e-02
7.784606379865378900e-02
7.609013754755633574e-02
7.872402692420252257e-02
7.316359379572724697e-02
7.667544629792215349e-02
7.609013754755633574e-02
8.047995317529997583e-02
8.018729880011706002e-02
7.462686567164178442e-02
7.052970441908106014e-02
7.287093942054433116e-02
7.491952004682470023e-02
7.287093942054433116e-02
6.965174129353234045e-02
6.906643254316652270e-02
7.082235879426397596e-02
7.462686567164178442e-02
7.901668129938542451e-02
7.228563067017851340e-02
6.848112379280070494e-02
6.789581504243488719e-02
6.789581504243488719e-02
6.438396254023998067e-02
6.994439566871524239e-02
6.965174129353234045e-02
6.584723441615451811e-02
6.584723441615451811e-02
7.199297629499561146e-02
6.935908691834942463e-02
6.526192566578870036e-02
6.584723441615451811e-02
6.116476441322797608e-02
6.409130816505706485e-02
6.292069066432542934e-02
6.379865378987416291e-02
6.438396254023998067e-02
6.877377816798360688e-02
6.877377816798360688e-02
6.818846941761778913e-02
6.731050629206906943e-02
6.321334503950834516e-02
6.467661691542288260e-02
7.082235879426397596e-02
6.204272753877670271e-02
6.731050629206906943e-02
6.438396254023998067e-02
6.087211003804506720e-02
6.613988879133743393e-02
6.672519754170325168e-02
6.701785191688615362e-02
6.613988879133743393e-02
6.760316066725197137e-02
6.438396254023998067e-02
6.438396254023998067e-02
6.262803628914252740e-02
6.613988879133743393e-02
6.613988879133743393e-02
6.526192566578870036e-02
6.204272753877670271e-02
6.204272753877670271e-02
5.794556628621597844e-02
5.882352941176470507e-02
5.999414691249634057e-02
6.555458004097161617e-02
6.028680128767924945e-02
6.409130816505706485e-02
6.028680128767924945e-02
6.145741878841088496e-02
5.736025753585016068e-02
6.175007316359379383e-02
5.706760316066725180e-02
6.057945566286215833e-02
6.555458004097161617e-02
6.116476441322797608e-02
6.057945566286215833e-02
6.438396254023998067e-02
5.999414691249634057e-02
5.853087503658179619e-02
5.648229441030143405e-02
5.736025753585016068e-02
5.736025753585016068e-02
6.028680128767924945e-02
6.262803628914252740e-02
6.057945566286215833e-02
5.940883816213052282e-02
5.209247878255780090e-02
5.765291191103306956e-02
5.414105940883816304e-02
5.794556628621597844e-02
5.560433128475270742e-02
5.765291191103306956e-02
5.121451565700907427e-02
5.677494878548434293e-02
5.355575065847234528e-02
5.882352941176470507e-02
5.501902253438688967e-02
5.618964003511852517e-02
5.706760316066725180e-02
5.706760316066725180e-02
5.794556628621597844e-02
5.414105940883816304e-02
5.443371378402107191e-02
5.531167690956979854e-02
5.736025753585016068e-02
5.267778753292361865e-02
5.179982440737489202e-02
5.297044190810652753e-02
5.267778753292361865e-02
6.057945566286215833e-02
5.765291191103306956e-02
5.414105940883816304e-02
5.531167690956979854e-02
5.472636815920398079e-02
5.384840503365525416e-02
5.326309628328943641e-02
5.443371378402107191e-02
5.765291191103306956e-02
5.882352941176470507e-02
5.355575065847234528e-02
5.062920690664325651e-02
5.677494878548434293e-02
5.589698565993561630e-02
5.033655253146034764e-02
4.916593503072871213e-02
5.238513315774070978e-02
5.267778753292361865e-02
4.916593503072871213e-02
5.033655253146034764e-02
5.297044190810652753e-02
5.004389815627743876e-02
4.741000877963125887e-02
5.033655253146034764e-02
4.945858940591162101e-02
5.179982440737489202e-02
4.975124378109452988e-02
5.004389815627743876e-02
5.238513315774070978e-02
5.238513315774070978e-02
5.062920690664325651e-02
5.355575065847234528e-02
5.062920690664325651e-02
4.741000877963125887e-02
4.887328065554580325e-02
4.594673690371670755e-02
4.770266315481416775e-02
5.062920690664325651e-02
4.799531752999707662e-02
4.682470002926543418e-02
