1.000000000000000000e+00
8.338617628408370175e-01
8.097653772986683762e-01
7.723525681674064947e-01
7.311350665821179096e-01
7.425491439441977981e-01
7.355738744451489897e-01
6.854787571337983554e-01
6.689917564996828991e-01
6.804058338617627877e-01
6.563094483195941464e-01
6.601141407736208500e-01
6.417247939124920419e-01
6.531388712745719305e-01
6.119213696892834564e-01
6.334812935954343693e-01
6.201648700063411290e-01
6.068484464172478887e-01
5.979708306911858395e-01
5.751426759670259514e-01
5.757767913760304390e-01
5.643627140139505505e-01
5.567533291058972544e-01
5.592897907419149828e-01
5.409004438807862858e-01
5.244134432466709406e-01
5.440710209258085017e-01
5.320228281547241256e-01
5.263157894736841813e-01
5.149017121116042928e-01
5.168040583386176445e-01
5.275840202916930455e-01
5.199746353836398605e-01
4.787571337983512754e-01
4.692454026632847386e-01
4.546607482561826341e-01
4.597336715282181463e-01
4.768547875713379791e-01
4.533925174381737699e-01
4.610019023462270105e-01
4.470513633481293381e-01
4.514901712111604182e-01
4.407102092580849617e-01
4.552948636651870662e-01
4.489537095751426898e-01
4.438807863031071776e-01
4.331008243500317212e-01
4.273937856689917769e-01
4.090044388078630244e-01
4.147114774889029687e-01
4.273937856689917769e-01
4.102726696258718886e-01
4.331008243500317212e-01
4.318325935320228015e-01
4.210526315789473450e-01
4.134432466708941045e-01
4.058338617628408640e-01
4.128091312618896724e-01
4.026632847178186481e-01
3.956880152187698396e-01
3.982244768547875680e-01
3.950538998097653520e-01
3.836398224476854635e-01
3.906150919467343274e-01
4.039315155358275122e-01
3.893468611287254078e-01
3.677869372225744948e-01
3.639822447685479023e-01
3.557387444514901742e-01
3.639822447685479023e-01
3.589093214965123901e-01
3.449587824984147177e-01
3.538363982244768779e-01
3.430564362714014215e-01
3.392517438173747735e-01
3.436905516804058536e-01
3.322764743183259095e-01
3.360811667723525575e-01
3.291058972733037491e-01
3.284717818642993170e-01
3.310082435003170453e-01
3.272035510462903973e-01
3.164235890932149409e-01
3.176918199112238606e-01
3.183259353202282926e-01
3.265694356372859652e-01
3.164235890932149409e-01
3.221306277742549407e-01
3.050095117311350523e-01
3.094483195941661324e-01
2.980342422320862439e-01
2.923272035510462996e-01
3.157894736842105088e-01
3.005707038681039722e-01
3.043753963221306202e-01
3.050095117311350523e-01
2.929613189600507317e-01
3.126188966391883484e-01
2.821813570069752752e-01
3.056436271401394844e-01
2.974001268230818118e-01
2.910589727330374354e-01
2.821813570069752752e-01
2.783766645529486272e-01
2.935954343690551638e-01
2.764743183259353310e-01
2.809131261889664111e-01
2.840837032339885715e-01
2.720355104629042509e-01
2.942295497780595959e-01
2.809131261889664111e-01
2.752060875079264668e-01
2.777425491439441951e-01
2.707672796448953867e-01
2.815472415979708432e-01
2.492073557387444460e-01
2.473050095117311220e-01
2.555485098287888501e-01
2.574508560558021464e-01
2.675967025998731708e-01
2.574508560558021464e-01
2.536461636017754984e-01
2.530120481927710663e-01
2.365250475586556655e-01
2.396956246036778815e-01
2.365250475586556655e-01
2.320862396956246132e-01
2.352568167406468014e-01
2.409638554216867457e-01
2.143310082435003205e-01
2.327203551046290453e-01
2.282815472415979652e-01
2.314521242866201534e-01
2.282815472415979652e-01
2.232086239695624530e-01
2.320862396956246132e-01
2.225745085605580209e-01
2.162333544705136446e-01
2.257450856055802091e-01
2.238427393785669128e-01
2.200380469245402648e-01
2.238427393785669128e-01
2.194039315155358327e-01
2.054533925174381603e-01
2.219403931515535888e-01
2.010145846544071080e-01
2.213062777425491567e-01
2.124286620164869965e-01
2.111604311984781324e-01
2.117945466074825644e-01
2.175015852885225087e-01
2.124286620164869965e-01
2.194039315155358327e-01
2.117945466074825644e-01
2.098922003804692404e-01
2.086239695624603763e-01
2.162333544705136446e-01
2.105263157894736725e-01
1.997463538363982161e-01
2.067216233354470523e-01
2.130627774254914286e-01
2.067216233354470523e-01
2.098922003804692404e-01
2.029169308814204320e-01
2.035510462904248641e-01
2.073557387444514843e-01
1.984781230183893519e-01
2.022828154724159722e-01
1.959416613823715958e-01
1.984781230183893519e-01
2.022828154724159722e-01
1.870640456563094356e-01
1.934051997463538397e-01
1.959416613823715958e-01
2.022828154724159722e-01
1.934051997463538397e-01
1.953075459733671637e-01
2.010145846544071080e-01
1.959416613823715958e-01
1.832593532022828153e-01
1.813570069752694913e-01
1.915028535193405157e-01
1.794546607482561951e-01
1.959416613823715958e-01
1.953075459733671637e-01
1.870640456563094356e-01
1.718452758402029268e-01
1.800887761572606272e-01
1.794546607482561951e-01
1.775523145212428711e-01
1.724793912492073589e-01
1.705770450221940349e-01
1.693088142041851707e-01
1.769181991122384390e-01
1.775523145212428711e-01
1.610653138871274703e-01
1.775523145212428711e-01
1.832593532022828153e-01
1.769181991122384390e-01
1.845275840202916795e-01
1.769181991122384390e-01
1.750158528852251150e-01
1.762840837032339791e-01
1.718452758402029268e-01
1.743817374762206829e-01
1.642358909321496585e-01
1.699429296131896028e-01
1.667723525681674146e-01
1.585288522511097142e-01
1.572606214331008223e-01
1.712111604311984669e-01
1.648700063411540906e-01
1.743817374762206829e-01
1.496512365250475540e-01
1.610653138871274703e-01
1.655041217501585227e-01
1.680405833861762788e-01
1.636017755231451987e-01
1.610653138871274703e-01
1.585288522511097142e-01
1.610653138871274703e-01
1.642358909321496585e-01
1.521876981610653101e-01
1.610653138871274703e-01
1.553582752060874983e-01
1.591629676601141463e-01
1.515535827520608780e-01
1.471147748890297979e-01
1.452124286620164739e-01
1.553582752060874983e-01
1.502853519340519861e-01
1.439441978440076098e-01
1.521876981610653101e-01
1.534559289790742020e-01
1.261889663918833171e-01
1.445783132530120418e-01
1.357006975269499094e-01
1.382371591629676655e-01
1.357006975269499094e-01
1.299936588459099651e-01
1.426759670259987456e-01
1.376030437539632334e-01
1.363348129359543415e-01
1.439441978440076098e-01
1.344324667089410175e-01
1.369689283449587736e-01
1.376030437539632334e-01
1.337983512999365854e-01
1.388712745719720976e-01
1.363348129359543415e-01
1.318960050729232614e-01
1.369689283449587736e-01
1.223842739378566968e-01
1.439441978440076098e-01
1.401395053899809895e-01
1.445783132530120418e-01
1.369689283449587736e-01
1.274571972098922090e-01
1.331642358909321533e-01
1.369689283449587736e-01
1.242866201648700070e-01
1.306277742549143972e-01
1.312618896639188293e-01
1.350665821179454773e-01
1.236525047558655610e-01
1.280913126188966411e-01
1.236525047558655610e-01
1.198478123018389407e-01
1.274571972098922090e-01
1.217501585288522509e-01
1.312618896639188293e-01
1.185795814838300627e-01
1.223842739378566968e-01
1.198478123018389407e-01
1.293595434369055053e-01
1.223842739378566968e-01
1.109701965757767944e-01
1.084337349397590383e-01
1.173113506658211846e-01
1.217501585288522509e-01
1.211160431198478188e-01
1.255548509828788850e-01
1.192136968928344948e-01
1.116043119847812265e-01
1.116043119847812265e-01
1.135066582117945505e-01
1.135066582117945505e-01
1.046290424857324042e-01
1.065313887127457143e-01
1.122384273937856725e-01
9.955611921369689199e-02
1.001902346227013380e-01
1.046290424857324042e-01
1.008243500317057700e-01
9.701965757767913590e-02
9.955611921369689199e-02
1.058972733037412822e-01
1.020925808497146481e-01
1.001902346227013380e-01
9.638554216867470381e-02
9.828788839568801394e-02
9.448319594166137980e-02
1.033608116677235261e-01
9.511731135066582576e-02
9.511731135066582576e-02
9.131261889663919162e-02
9.575142675967025785e-02
9.448319594166137980e-02
9.194673430564362371e-02
1.020925808497146481e-01
1.033608116677235261e-01
1.033608116677235261e-01
9.511731135066582576e-02
9.511731135066582576e-02
9.511731135066582576e-02
8.750792644261255748e-02
9.638554216867470381e-02
9.067850348763474566e-02
8.623969562460367944e-02
9.384908053265694772e-02
8.497146480659480139e-02
8.687381103360811152e-02
8.180088776157259933e-02
9.828788839568801394e-02
8.941027266962586761e-02
7.545973367152822298e-02
8.243500317057704529e-02
8.180088776157259933e-02
7.609384908053265506e-02
8.560558021559923347e-02
8.370323398858592334e-02
7.419150285351934493e-02
8.623969562460367944e-02
8.433734939759035543e-02
8.116677235256816725e-02
7.736207989854153311e-02
8.053265694356373516e-02
8.180088776157259933e-02
8.814204185161698957e-02
7.926442612555485712e-02
7.799619530754597907e-02
7.228915662650602092e-02
8.433734939759035543e-02
8.687381103360811152e-02
7.609384908053265506e-02
8.180088776157259933e-02
8.497146480659480139e-02
8.370323398858592334e-02
7.989854153455928920e-02
7.863031071655041115e-02
8.180088776157259933e-02
6.911857958148383274e-02
7.863031071655041115e-02
7.482561826252377701e-02
7.355738744451489897e-02
7.672796448953710102e-02
7.609384908053265506e-02
7.228915662650602092e-02
7.672796448953710102e-02
7.672796448953710102e-02
7.545973367152822298e-02
7.482561826252377701e-02
7.926442612555485712e-02
6.975269499048826483e-02
6.975269499048826483e-02
6.721623335447050873e-02
7.228915662650602092e-02
7.102092580849714287e-02
7.102092580849714287e-02
7.609384908053265506e-02
7.038681039949271079e-02
7.355738744451489897e-02
7.736207989854153311e-02
6.848446417247938678e-02
6.721623335447050873e-02
7.292327203551046688e-02
7.482561826252377701e-02
7.799619530754597907e-02
7.292327203551046688e-02
8.243500317057704529e-02
7.863031071655041115e-02
7.292327203551046688e-02
7.292327203551046688e-02
6.975269499048826483e-02
7.419150285351934493e-02
7.609384908053265506e-02
6.975269499048826483e-02
7.672796448953710102e-02
7.292327203551046688e-02
7.419150285351934493e-02
7.102092580849714287e-02
6.785034876347495469e-02
7.038681039949271079e-02
6.975269499048826483e-02
7.355738744451489897e-02
6.658211794546607665e-02
7.165504121750158883e-02
6.721623335447050873e-02
6.721623335447050873e-02
7.355738744451489897e-02
6.911857958148383274e-02
