1.000000000000000000e+00
8.289410637278390448e-01
7.755150934355534709e-01
7.570675610924771926e-01
7.160996645903210389e-01
6.808816482989937802e-01
6.607570675610924260e-01
6.461427886919022257e-01
6.149976042165787860e-01
5.958313368471490623e-01
5.816962146621945662e-01
5.754671777671298560e-01
5.491135601341639028e-01
5.397700047915668931e-01
5.213224724484906147e-01
5.261140392908481012e-01
5.009583133684715195e-01
4.880210828941063950e-01
4.956875898418782733e-01
4.707714422616195438e-01
4.738859607091518988e-01
4.710110206037373959e-01
4.458552946813608142e-01
4.242932438907522918e-01
4.195016770483948054e-01
4.195016770483948054e-01
4.132726401533301508e-01
4.010541447053186381e-01
3.948251078102539280e-01
3.852419741255390662e-01
3.845232390991854543e-01
3.775754671777671323e-01
3.818878773358888590e-01
3.598466698610445769e-01
3.655965500718735273e-01
3.543363679923334786e-01
3.375658840440824426e-01
3.418782942022041138e-01
3.251078102539530224e-01
3.368471490177287753e-01
3.243890752275994105e-01
3.296597987541926011e-01
3.263057019645423940e-01
3.064206995687590029e-01
3.011499760421658123e-01
3.071394345951126148e-01
3.004312410158121449e-01
2.877335888835649280e-01
2.908481073310972831e-01
2.846190704360325729e-01
2.759942501197891751e-01
2.815045519885002179e-01
2.815045519885002179e-01
2.707235265931959844e-01
2.613799712505989192e-01
2.640153330138955701e-01
2.656923814087206459e-01
2.623382846190704387e-01
2.539530426449448930e-01
2.580258744609487120e-01
2.501197891710589261e-01
2.383804504072831731e-01
2.446094873023478555e-01
2.328701485385721026e-01
2.410158121705797685e-01
2.410158121705797685e-01
2.290368950646861634e-01
2.345471969333972340e-01
2.151413512218495472e-01
2.230474365117393332e-01
2.187350263536176342e-01
2.074748442740776133e-01
2.086727359846669849e-01
2.158600862482031590e-01
2.034020124580737943e-01
1.954959271681840083e-01
1.969333972208912320e-01
2.034020124580737943e-01
1.962146621945376201e-01
1.890273119310014460e-01
1.998083373263057072e-01
1.976521322472448439e-01
1.952563488260661284e-01
1.811212266411116323e-01
1.770483948251078132e-01
1.739338763775754582e-01
1.787254432199329168e-01
1.859127934834690909e-01
1.804024916147580204e-01
1.703402012458073711e-01
1.672256827982750438e-01
1.765692381408720535e-01
1.729755630091039664e-01
1.643507426928605686e-01
1.724964063248682344e-01
1.708193579300431308e-01
1.660277910876856722e-01
1.650694777192141804e-01
1.602779108768567218e-01
1.576425491135601265e-01
1.550071873502635311e-01
1.586008624820316182e-01
1.566842357450886347e-01
1.530905606133205477e-01
1.528509822712026955e-01
1.499760421657882203e-01
1.533301389554384275e-01
1.528509822712026955e-01
1.435074269286056581e-01
1.538092956396741873e-01
1.439865836128413901e-01
1.403929084810733030e-01
1.461427886919022534e-01
1.418303785337805545e-01
1.408720651653090628e-01
1.396741734547196911e-01
1.437470052707235380e-01
1.332055582175371289e-01
1.293723047436511620e-01
1.425491135601341663e-01
1.298514614278869217e-01
1.284139913751796702e-01
1.332055582175371289e-01
1.363200766650694840e-01
1.267369429803545666e-01
1.217057977958792558e-01
1.252994729276473429e-01
1.188308576904647806e-01
1.226641111643507476e-01
1.169142309535217972e-01
1.094873023478677571e-01
1.078102539530426396e-01
1.104456157163392488e-01
1.128413991375179642e-01
1.102060373742213689e-01
1.106851940584571148e-01
1.027791087685673149e-01
1.121226641111643524e-01
1.042165788212745525e-01
1.140392908481073359e-01
1.075706756109247736e-01
1.008624820316243453e-01
1.049353138476281783e-01
1.013416387158600912e-01
1.037374221370388067e-01
1.056540488739817901e-01
9.535218016291327481e-02
9.918543363679922786e-02
9.990416866315285360e-02
9.798754192620987014e-02
9.702922855773837840e-02
9.535218016291327481e-02
9.511260182079539494e-02
9.535218016291327481e-02
8.960229995208433829e-02
8.672735984666986309e-02
8.720651653090560895e-02
9.080019166267369601e-02
9.223766171538093361e-02
8.241494968854815029e-02
8.552946813608049148e-02
8.265452803066603016e-02
8.672735984666986309e-02
8.816482989937710069e-02
8.792525155725922081e-02
8.217537134643028429e-02
8.505031145184475949e-02
7.954000958313368896e-02
7.906085289889794310e-02
8.385241974125538789e-02
8.073790129372304669e-02
8.433157642549113375e-02
8.217537134643028429e-02
7.666506947771921376e-02
8.121705797795879256e-02
7.714422616195495963e-02
7.930043124101580909e-02
7.283181600383324683e-02
7.331097268806899270e-02
7.810253953042645136e-02
7.642549113560134777e-02
7.474844274077623030e-02
7.331097268806899270e-02
7.426928605654048443e-02
7.187350263536176898e-02
7.450886439865836430e-02
7.307139434595112670e-02
7.379012937230473856e-02
7.043603258265453138e-02
7.067561092477239737e-02
7.307139434595112670e-02
7.402970771442261844e-02
6.995687589841878551e-02
7.355055103018687257e-02
7.235265931959751484e-02
6.995687589841878551e-02
6.851940584571154791e-02
7.426928605654048443e-02
6.947771921418303964e-02
6.947771921418303964e-02
7.211308097747963497e-02
7.019645424053665150e-02
6.995687589841878551e-02
6.756109247724005618e-02
6.732151413512219018e-02
7.331097268806899270e-02
7.067561092477239737e-02
7.043603258265453138e-02
7.187350263536176898e-02
6.516530905606132684e-02
7.402970771442261844e-02
6.923814087206515977e-02
6.468615237182558098e-02
6.492573071394346085e-02
6.732151413512219018e-02
6.229036895064685858e-02
6.588404408241495258e-02
6.636320076665069845e-02
6.276952563488261139e-02
6.181121226641111965e-02
6.133205558217537379e-02
6.229036895064685858e-02
5.941542884523239032e-02
5.869669381887877152e-02
5.869669381887877152e-02
5.390512697652131979e-02
6.205079060852898565e-02
6.468615237182558098e-02
6.276952563488261139e-02
6.276952563488261139e-02
5.893627216099664445e-02
5.534259702922855739e-02
6.013416387158600912e-02
5.678006708193579499e-02
5.654048873981792206e-02
5.845711547676089859e-02
5.510301868711068446e-02
5.031145184475323273e-02
5.294681360804983500e-02
5.438428366075706566e-02
5.390512697652131979e-02
5.126976521322472446e-02
5.606133205558217619e-02
5.414470531863919273e-02
5.582175371346430326e-02
5.486344034499281153e-02
5.414470531863919273e-02
5.318639195016770793e-02
5.606133205558217619e-02
5.174892189746047033e-02
5.246765692381408913e-02
5.079060852898897860e-02
5.150934355534259740e-02
4.911356013416387500e-02
4.719693339722089154e-02
4.983229516051748687e-02
4.911356013416387500e-02
4.815524676569238327e-02
4.719693339722089154e-02
4.839482510781025620e-02
4.911356013416387500e-02
4.504072831816003514e-02
4.599904168663152687e-02
5.126976521322472446e-02
5.150934355534259740e-02
4.911356013416387500e-02
4.767609008145663740e-02
4.695735505510301860e-02
4.599904168663152687e-02
4.480114997604216914e-02
4.456157163392429621e-02
4.432199329180642328e-02
4.671777671298514567e-02
4.288452323909918568e-02
4.048873981792046328e-02
4.264494489698131274e-02
4.432199329180642328e-02
4.384283660757067741e-02
4.072831816003832928e-02
4.360325826545280448e-02
4.048873981792046328e-02
4.000958313368471742e-02
3.569717297556301155e-02
3.953042644944897155e-02
4.384283660757067741e-02
4.120747484427407514e-02
4.408241494968855034e-02
4.456157163392429621e-02
4.575946334451365394e-02
4.312410158121705861e-02
4.024916147580259035e-02
3.929084810733109862e-02
4.504072831816003514e-02
4.120747484427407514e-02
4.096789650215620221e-02
4.240536655486343981e-02
4.384283660757067741e-02
4.072831816003832928e-02
3.905126976521322568e-02
4.168663152850982101e-02
4.096789650215620221e-02
3.881169142309535275e-02
3.569717297556301155e-02
4.000958313368471742e-02
4.048873981792046328e-02
3.713464302827024222e-02
3.833253473885960688e-02
3.641590800191662342e-02
3.569717297556301155e-02
4.048873981792046328e-02
3.713464302827024222e-02
3.665548634403449635e-02
3.953042644944897155e-02
3.665548634403449635e-02
3.857211308097747982e-02
3.402012458073790102e-02
3.449928126497364689e-02
3.953042644944897155e-02
3.713464302827024222e-02
3.761379971250598808e-02
3.977000479156684448e-02
3.641590800191662342e-02
3.354096789650215515e-02
3.761379971250598808e-02
3.449928126497364689e-02
3.521801629132726569e-02
3.593675131768088449e-02
3.425970292285577395e-02
3.425970292285577395e-02
3.473885960709151982e-02
3.593675131768088449e-02
3.665548634403449635e-02
3.497843794920939275e-02
3.306181121226640929e-02
3.330138955438428222e-02
3.378054623862002809e-02
3.066602779108768689e-02
3.378054623862002809e-02
3.258265452803066342e-02
3.402012458073790102e-02
3.066602779108768689e-02
3.138476281744130569e-02
3.114518447532342929e-02
3.330138955438428222e-02
3.402012458073790102e-02
3.090560613320555983e-02
3.473885960709151982e-02
3.258265452803066342e-02
3.042644944896981396e-02
2.707235265931959636e-02
3.018687110685194103e-02
3.282223287014853635e-02
3.162434115955917863e-02
2.850982271202683396e-02
3.018687110685194103e-02
3.042644944896981396e-02
2.898897939626257636e-02
2.707235265931959636e-02
2.827024436990896103e-02
2.874940105414470690e-02
2.683277431720172343e-02
2.874940105414470690e-02
2.683277431720172343e-02
2.731193100143746930e-02
2.731193100143746930e-02
2.659319597508385397e-02
2.467656923814087050e-02
2.707235265931959636e-02
2.803066602779108810e-02
2.803066602779108810e-02
2.563488260661236223e-02
2.874940105414470690e-02
2.563488260661236223e-02
2.779108768567321516e-02
2.779108768567321516e-02
2.874940105414470690e-02
3.042644944896981396e-02
2.635361763296598103e-02
2.659319597508385397e-02
2.707235265931959636e-02
2.563488260661236223e-02
2.419741255390512810e-02
2.563488260661236223e-02
2.731193100143746930e-02
2.707235265931959636e-02
2.515572592237661637e-02
2.683277431720172343e-02
2.850982271202683396e-02
2.683277431720172343e-02
2.635361763296598103e-02
2.683277431720172343e-02
2.755150934355534223e-02
2.467656923814087050e-02
2.587446094873023517e-02
2.587446094873023517e-02
2.635361763296598103e-02
2.515572592237661637e-02
2.419741255390512810e-02
2.156205079060852930e-02
2.132247244849065637e-02
2.515572592237661637e-02
