1.000000000000000000e+00
8.482084690553746142e-01
7.967426710097720299e-01
7.530944625407166582e-01
7.309446254071660931e-01
7.107491856677524700e-01
7.153094462540716680e-01
6.736156351791531272e-01
6.840390879478827069e-01
6.625407166123779001e-01
6.332247557003257699e-01
6.169381107491856975e-01
6.052117263843648232e-01
6.097719869706840212e-01
6.228013029315960791e-01
6.110749185667752048e-01
6.026058631921824560e-01
5.830618892508143691e-01
5.459283387622150263e-01
5.576547231270357896e-01
5.550488599348534224e-01
5.543973941368077751e-01
5.446254071661237317e-01
5.342019543973941520e-01
5.394136807817589974e-01
4.983713355048859928e-01
4.990228013029315846e-01
5.198697068403909105e-01
5.146579804560260651e-01
5.159609120521172487e-01
4.944625407166123865e-01
4.729641693811074687e-01
5.003257328990228237e-01
4.605863192182410581e-01
4.671009771986970871e-01
4.573289902280130437e-01
4.605863192182410581e-01
4.390879478827361404e-01
4.442996742671009858e-01
4.364820846905537732e-01
4.384364820846905486e-01
4.345276872964169423e-01
4.332247557003257588e-01
3.954397394136807686e-01
4.345276872964169423e-01
4.143322475570032637e-01
4.136807817589576719e-01
3.804560260586319353e-01
3.837133550488599498e-01
3.941368078175895850e-01
3.908794788273615706e-01
3.876221498371335561e-01
3.811074918566775271e-01
3.960912052117263604e-01
3.778501628664495127e-01
3.837133550488599498e-01
3.785016286644951045e-01
3.824104234527687107e-01
3.732899022801303146e-01
3.778501628664495127e-01
3.915309446254071624e-01
3.771986970684039209e-01
3.791530944625406963e-01
3.693811074918566528e-01
3.530944625407166360e-01
3.289902280130292955e-01
3.719869706840390755e-01
3.615635179153094403e-01
3.517915309446253969e-01
3.511400651465798051e-01
3.543973941368078195e-01
3.478827361563517906e-01
3.348534201954397327e-01
3.517915309446253969e-01
3.374592833876221554e-01
3.289902280130292955e-01
3.263843648208469284e-01
3.413680781758957616e-01
3.511400651465798051e-01
3.315960912052117182e-01
3.459283387622149597e-01
3.400651465798045781e-01
3.289902280130292955e-01
3.387622149837133390e-01
3.400651465798045781e-01
3.283387622149837037e-01
3.211726384364820830e-01
3.394136807817589307e-01
3.153094462540716458e-01
3.218241042345276748e-01
3.140065146579804622e-01
3.100977198697068560e-01
3.107491856677524478e-01
3.205211726384364912e-01
3.094462540716612642e-01
2.996742671009772208e-01
2.912052117263843609e-01
3.042345276872964188e-01
2.925081433224755445e-01
3.107491856677524478e-01
3.003257328990228125e-01
3.166123778501628849e-01
2.996742671009772208e-01
3.016286644951139961e-01
2.912052117263843609e-01
2.762214983713355276e-01
2.925081433224755445e-01
2.925081433224755445e-01
2.899022801302931773e-01
2.807817589576547257e-01
2.853420195439739238e-01
2.833876221498371484e-01
2.671009771986970760e-01
2.657980456026058369e-01
2.618892508143322306e-01
2.657980456026058369e-01
2.768729641693811194e-01
2.697068403908794987e-01
2.716612377850162741e-01
2.671009771986970760e-01
2.690553745928338514e-01
2.677524429967426678e-01
2.521172638436481872e-01
2.631921824104234697e-01
2.684039087947882596e-01
2.612377850162866388e-01
2.677524429967426678e-01
2.456026058631921860e-01
2.501628664495114118e-01
2.579804560260586244e-01
2.534201954397394263e-01
2.566775244299674408e-01
2.527687296416938345e-01
2.625407166123778224e-01
2.586319218241042162e-01
2.553745928338762017e-01
2.547231270358306099e-01
2.475570032573289891e-01
2.384364820846905653e-01
2.201954397394136898e-01
2.397394136807817488e-01
2.397394136807817488e-01
2.488599348534202005e-01
2.547231270358306099e-01
2.299674267100977332e-01
2.534201954397394263e-01
2.403908794788273684e-01
2.449511400651465665e-01
2.325732899022801281e-01
2.299674267100977332e-01
2.273615635179153105e-01
2.371335504885993539e-01
2.325732899022801281e-01
2.299674267100977332e-01
2.332247557003257199e-01
2.286644951140065218e-01
2.286644951140065218e-01
2.403908794788273684e-01
2.364820846905537344e-01
2.254071661237785074e-01
2.182410423452768866e-01
2.312703583061889168e-01
2.364820846905537344e-01
2.175895765472312671e-01
2.136807817589576608e-01
2.201954397394136898e-01
2.201954397394136898e-01
2.214983713355048733e-01
2.156351791530944639e-01
2.286644951140065218e-01
2.201954397394136898e-01
2.013029315960911947e-01
2.065146579804560123e-01
2.071661237785016318e-01
2.091205211726384350e-01
2.045602605863192092e-01
2.071661237785016318e-01
2.097719869706840268e-01
2.097719869706840268e-01
2.052117263843648287e-01
2.104234527687296463e-01
2.084690553745928432e-01
2.091205211726384350e-01
2.032573289902280256e-01
2.084690553745928432e-01
1.902280130293159677e-01
1.980456026058631802e-01
1.967426710097719966e-01
2.019543973941368142e-01
2.045602605863192092e-01
2.026058631921824060e-01
2.175895765472312671e-01
2.026058631921824060e-01
1.869706840390879532e-01
2.026058631921824060e-01
2.039087947882736174e-01
2.000000000000000111e-01
2.006514657980456029e-01
2.013029315960911947e-01
2.026058631921824060e-01
1.817589576547231356e-01
1.882736156351791645e-01
1.921824104234527708e-01
1.902280130293159677e-01
1.921824104234527708e-01
1.902280130293159677e-01
1.732899022801303035e-01
1.850162866449511501e-01
1.876221498371335450e-01
1.902280130293159677e-01
1.882736156351791645e-01
1.863192182410423337e-01
1.993485342019543916e-01
2.019543973941368142e-01
1.921824104234527708e-01
1.986970684039087998e-01
1.908794788273615595e-01
1.817589576547231356e-01
1.758957654723126984e-01
1.843648208469055305e-01
1.804560260586319242e-01
1.771986970684039098e-01
1.758957654723126984e-01
1.713355048859934726e-01
1.758957654723126984e-01
1.745928338762214871e-01
1.687296416938110777e-01
1.791530944625407129e-01
1.824104234527687274e-01
1.713355048859934726e-01
1.654723127035830632e-01
1.654723127035830632e-01
1.732899022801303035e-01
1.648208469055374714e-01
1.726384364820846840e-01
1.719869706840390922e-01
1.713355048859934726e-01
1.732899022801303035e-01
1.765472312703583180e-01
1.811074918566775160e-01
1.752442996742671066e-01
1.622149837133550487e-01
1.674267100977198663e-01
1.732899022801303035e-01
1.732899022801303035e-01
1.817589576547231356e-01
1.791530944625407129e-01
1.674267100977198663e-01
1.680781758957654859e-01
1.700325732899022890e-01
1.778501628664495016e-01
1.798045602605863325e-01
1.915309446254071790e-01
1.785016286644951211e-01
1.700325732899022890e-01
1.654723127035830632e-01
1.693811074918566695e-01
1.609120521172638374e-01
1.732899022801303035e-01
1.667752442996742746e-01
1.602605863192182456e-01
1.680781758957654859e-01
1.778501628664495016e-01
1.752442996742671066e-01
1.732899022801303035e-01
1.771986970684039098e-01
1.739413680781758953e-01
1.713355048859934726e-01
1.648208469055374714e-01
1.739413680781758953e-01
1.589576547231270343e-01
1.726384364820846840e-01
1.732899022801303035e-01
1.654723127035830632e-01
1.615635179153094569e-01
1.537459283387622166e-01
1.557003257328990198e-01
1.576547231270358229e-01
1.596091205211726261e-01
1.635179153094462601e-01
1.667752442996742746e-01
1.570032573289902311e-01
1.543973941368078084e-01
1.517915309446254135e-01
1.537459283387622166e-01
1.511400651465797940e-01
1.687296416938110777e-01
1.504885993485342022e-01
1.368078175895765525e-01
1.589576547231270343e-01
1.433224755700325814e-01
1.504885993485342022e-01
1.504885993485342022e-01
1.504885993485342022e-01
1.446254071661237650e-01
1.511400651465797940e-01
1.498371335504886104e-01
1.557003257328990198e-01
1.537459283387622166e-01
1.394136807817589474e-01
1.459283387622149764e-01
1.504885993485342022e-01
1.543973941368078084e-01
1.576547231270358229e-01
1.433224755700325814e-01
1.622149837133550487e-01
1.576547231270358229e-01
1.609120521172638374e-01
1.511400651465797940e-01
1.465798045602605959e-01
1.511400651465797940e-01
1.498371335504886104e-01
1.478827361563517795e-01
1.491856677524429908e-01
1.387622149837133556e-01
1.426710097719869619e-01
1.446254071661237650e-01
1.517915309446254135e-01
1.355048859934853411e-01
1.400651465798045670e-01
1.322475570032573267e-01
1.452768729641693846e-01
1.387622149837133556e-01
1.400651465798045670e-01
1.413680781758957783e-01
1.381107491856677638e-01
1.407166123778501587e-01
1.374592833876221443e-01
1.348534201954397493e-01
1.309446254071661153e-01
1.465798045602605959e-01
1.381107491856677638e-01
1.231270358306188889e-01
1.420195439739413701e-01
1.387622149837133556e-01
1.224755700325732832e-01
1.433224755700325814e-01
1.179153094462540713e-01
1.361563517915309329e-01
1.289902280130293122e-01
1.394136807817589474e-01
1.211726384364820858e-01
1.270358306188925090e-01
1.368078175895765525e-01
1.270358306188925090e-01
1.309446254071661153e-01
1.250814332247557059e-01
1.335504885993485380e-01
1.322475570032573267e-01
1.250814332247557059e-01
1.257328990228012977e-01
1.309446254071661153e-01
1.342019543973941298e-01
1.361563517915309329e-01
1.296416938110749317e-01
1.322475570032573267e-01
1.335504885993485380e-01
1.420195439739413701e-01
1.368078175895765525e-01
1.400651465798045670e-01
1.348534201954397493e-01
1.270358306188925090e-01
1.335504885993485380e-01
1.270358306188925090e-01
1.394136807817589474e-01
1.231270358306188889e-01
1.315960912052117349e-01
1.342019543973941298e-01
1.335504885993485380e-01
1.361563517915309329e-01
1.361563517915309329e-01
1.283387622149837204e-01
1.276872964169381008e-01
1.296416938110749317e-01
1.192182410423452826e-01
1.328990228013029185e-01
1.426710097719869619e-01
1.387622149837133556e-01
1.328990228013029185e-01
1.387622149837133556e-01
1.315960912052117349e-01
1.250814332247557059e-01
1.368078175895765525e-01
1.205211726384364801e-01
1.289902280130293122e-01
1.270358306188925090e-01
1.244299674267101002e-01
1.205211726384364801e-01
1.328990228013029185e-01
1.198697068403908744e-01
1.342019543973941298e-01
1.309446254071661153e-01
1.315960912052117349e-01
1.342019543973941298e-01
1.342019543973941298e-01
1.348534201954397493e-01
1.335504885993485380e-01
1.283387622149837204e-01
1.244299674267101002e-01
1.205211726384364801e-01
1.348534201954397493e-01
