1.000000000000000000e+00
8.669334667333666866e-01
8.264132066033016422e-01
8.119059529764882654e-01
8.141570785392696630e-01
7.906453226613306962e-01
7.773886943471736144e-01
7.611305652826413359e-01
7.496248124062031559e-01
7.433716858429214591e-01
7.281140570285142832e-01
7.123561780890445005e-01
7.193596798399199965e-01
6.988494247123562264e-01
6.910955477738869313e-01
6.793396698349174478e-01
6.665832916458228619e-01
6.625812906453226736e-01
6.540770385192595793e-01
6.355677838919460143e-01
6.380690345172586042e-01
6.318159079539770184e-01
6.340670335167584160e-01
6.270635317658829200e-01
6.290645322661330141e-01
6.043021510755377523e-01
5.942971485742871707e-01
6.100550275137568423e-01
5.937968984492245639e-01
5.865432716358178755e-01
5.805402701350674821e-01
5.770385192596297896e-01
5.567783891945973229e-01
5.565282641320660195e-01
5.285142571285642576e-01
5.490245122561280278e-01
5.377688844422211512e-01
5.322661330665332535e-01
5.330165082541270527e-01
5.250125062531265652e-01
5.290145072536268644e-01
5.162581290645322785e-01
5.180090045022511802e-01
5.047523761880940985e-01
5.007503751875937992e-01
4.977488744372186025e-01
4.907453726863431620e-01
4.887443721860930679e-01
4.717358679339669902e-01
4.692346173086543448e-01
4.729864932466232852e-01
4.744872436218108835e-01
4.587293646823411564e-01
4.659829914957479002e-01
4.494747373686843184e-01
4.452226113056528267e-01
4.517258629314657159e-01
4.419709854927463821e-01
4.392196098049024333e-01
4.282141070535267491e-01
4.254627313656828558e-01
4.314657328664331937e-01
4.139569784892446203e-01
4.284642321160580525e-01
4.189594797398699111e-01
3.979489744872436452e-01
3.909454727363682047e-01
4.009504752376187864e-01
4.067033516758379319e-01
4.032016008004001839e-01
3.869434717358679610e-01
3.899449724862431021e-01
3.811905952976488154e-01
3.886943471735868072e-01
3.854427213606803626e-01
3.814407203601800633e-01
3.774387193596798196e-01
3.849424712356178113e-01
3.689344672336167807e-01
3.841920960480240121e-01
3.764382191095547725e-01
3.759379689844922212e-01
3.579289644822410965e-01
3.676838419209604858e-01
3.579289644822410965e-01
3.619309654827413958e-01
3.544272136068034040e-01
3.566783391695848016e-01
3.599299649824912462e-01
3.499249624812406090e-01
3.416708354177088736e-01
3.344172086043021297e-01
3.419209604802401214e-01
3.424212106053026727e-01
3.399199599799899718e-01
3.361680840420210314e-01
3.284142071035517918e-01
3.371685842921460785e-01
3.356678339169584802e-01
3.276638319159579926e-01
3.326663331665832835e-01
3.111555777888944663e-01
3.219109554777388471e-01
3.251625812906453472e-01
3.159079539769885092e-01
3.136568284142071117e-01
3.099049524762381158e-01
3.186593296648324025e-01
3.074037018509254704e-01
2.978989494747373845e-01
2.993996998499249829e-01
3.011505752876438291e-01
3.079039519759880217e-01
3.069034517258629191e-01
3.034017008504252266e-01
2.906453226613306406e-01
2.948974487243621878e-01
2.948974487243621878e-01
2.933966983491745895e-01
2.881440720360179952e-01
2.918959479739869911e-01
2.863931965982991490e-01
2.831415707853927044e-01
2.768884442221110631e-01
2.851425712856427985e-01
2.803901950975487556e-01
2.716358179089544689e-01
2.671335667833916738e-01
2.708854427213606697e-01
2.708854427213606697e-01
2.668834417208604259e-01
2.666333166583291781e-01
2.673836918459229772e-01
2.613806903451725838e-01
2.573786893446723401e-01
2.551275637818909425e-01
2.638819409704852292e-01
2.546273136568283912e-01
2.603801900950475368e-01
2.626313156578289343e-01
2.558779389694847417e-01
2.543771885942971434e-01
2.446223111555777818e-01
2.416208104052026129e-01
2.353676838419209716e-01
2.498749374687343761e-01
2.443721860930465339e-01
2.378689344672336170e-01
2.391195597798899397e-01
2.278639319659829798e-01
2.408704352176088137e-01
2.441220610305152583e-01
2.376188094047023414e-01
2.383691845922961405e-01
2.456228114057028566e-01
2.336168084042020976e-01
2.308654327163581765e-01
2.321160580290144992e-01
2.291145572786393303e-01
2.238619309654827361e-01
2.313656828414207001e-01
2.261130565282641336e-01
2.266133066533266571e-01
2.293646823411705782e-01
2.238619309654827361e-01
2.203601800900450158e-01
2.163581790895447721e-01
2.233616808404202125e-01
2.146073036518259258e-01
2.173586793396698469e-01
2.213606803401700907e-01
2.136068034017008510e-01
2.161080540270134964e-01
2.091045522761380560e-01
2.101050525262631308e-01
2.078539269634817332e-01
2.138569284642321267e-01
2.118559279639820048e-01
2.061030515257628870e-01
2.096048024012006072e-01
2.106053026513256543e-01
2.046023011505752887e-01
2.043521760880440130e-01
1.990995497748874465e-01
2.053526763381690878e-01
2.018509254627313676e-01
2.053526763381690878e-01
1.923461730865432817e-01
1.925962981490745296e-01
2.008504252126062928e-01
1.900950475237618842e-01
1.948474237118559271e-01
1.910955477738869313e-01
1.968484242121060490e-01
1.948474237118559271e-01
1.905952976488244077e-01
1.875937968984492110e-01
1.895947973986993607e-01
1.868434217108554396e-01
1.873436718359179631e-01
1.913456728364182069e-01
1.915957978989494825e-01
1.830915457728864437e-01
1.853426713356678412e-01
1.875937968984492110e-01
1.855927963981990891e-01
1.855927963981990891e-01
1.875937968984492110e-01
1.858429214607303648e-01
1.828414207103551681e-01
1.820910455227613689e-01
1.840920460230115185e-01
1.758379189594797276e-01
1.795897948974487235e-01
1.790895447723862000e-01
1.768384192096048024e-01
1.785892946473236487e-01
1.775887943971986016e-01
1.718359179589794838e-01
1.718359179589794838e-01
1.675837918959479644e-01
1.738369184592296057e-01
1.765882941470735268e-01
1.723361680840420074e-01
1.678339169584792401e-01
1.693346673336668384e-01
1.678339169584792401e-01
1.680840420210105157e-01
1.723361680840420074e-01
1.640820410205102442e-01
1.525762881440720364e-01
1.580790395197598786e-01
1.570785392696348037e-01
1.608304152076037996e-01
1.590795397698849534e-01
1.530765382691345600e-01
1.550775387693846818e-01
1.548274137068534340e-01
1.558279139569784810e-01
1.525762881440720364e-01
1.580790395197598786e-01
1.553276638319159575e-01
1.525762881440720364e-01
1.530765382691345600e-01
1.470735367683841943e-01
1.515757878939469616e-01
1.540770385192596348e-01
1.523261630815407608e-01
1.540770385192596348e-01
1.473236618309154700e-01
1.568284142071035558e-01
1.420710355177588757e-01
1.455727863931965960e-01
1.500750375187593910e-01
1.503251625812906389e-01
1.458229114557278716e-01
1.438219109554777497e-01
1.438219109554777497e-01
1.468234117058529187e-01
1.393196598299149547e-01
1.393196598299149547e-01
1.380690345172586320e-01
1.375687843921961084e-01
1.350675337668834353e-01
1.323161580790395142e-01
1.318159079539769907e-01
1.298149074537268688e-01
1.350675337668834353e-01
1.330665332666333134e-01
1.330665332666333134e-01
1.293146573286643453e-01
1.348174087043521874e-01
1.323161580790395142e-01
1.368184092046023093e-01
1.345672836418209117e-01
1.298149074537268688e-01
1.355677838919459866e-01
1.263131565782891486e-01
1.345672836418209117e-01
1.280640320160079948e-01
1.250625312656328258e-01
1.325662831415707898e-01
1.298149074537268688e-01
1.295647823911955931e-01
1.320660330165082663e-01
1.295647823911955931e-01
1.298149074537268688e-01
1.238119059529764893e-01
1.240620310155077510e-01
1.198099049524762316e-01
1.233116558279139519e-01
1.283141570785392704e-01
1.235617808904452275e-01
1.280640320160079948e-01
1.203101550775387690e-01
1.248124062031015502e-01
1.280640320160079948e-01
1.188094047023511707e-01
1.230615307653826901e-01
1.195597798899449699e-01
1.190595297648824463e-01
1.185592796398199089e-01
1.160580290145072496e-01
1.223111555777888909e-01
1.213106553276638300e-01
1.160580290145072496e-01
1.185592796398199089e-01
1.180590295147573854e-01
1.120560280140070059e-01
1.150575287643821887e-01
1.160580290145072496e-01
1.105552776388194075e-01
1.135567783891946042e-01
1.125562781390695294e-01
1.130565282641320668e-01
1.080540270135067482e-01
1.165582791395697870e-01
1.118059029514757441e-01
1.098049024512256083e-01
1.153076538269134504e-01
1.068034017008504255e-01
1.125562781390695294e-01
1.103051525762881457e-01
1.098049024512256083e-01
1.078039019509754864e-01
1.055527763881941028e-01
1.055527763881941028e-01
1.075537768884442247e-01
1.080540270135067482e-01
1.053026513256628272e-01
1.073036518259129629e-01
1.103051525762881457e-01
1.083041520760380239e-01
1.103051525762881457e-01
1.040520260130065044e-01
1.100550275137568840e-01
1.098049024512256083e-01
1.035517758879439670e-01
1.093046523261630848e-01
1.045522761380690280e-01
1.018009004502251069e-01
1.013006503251625834e-01
1.048024012006003036e-01
1.063031515757878881e-01
1.070535267633816873e-01
1.028014007003501817e-01
1.020510255127563826e-01
1.023011505752876443e-01
9.879939969984992409e-02
9.879939969984992409e-02
1.000500250125062468e-01
9.454727363681840469e-02
9.629814907453726480e-02
9.929964982491246150e-02
1.045522761380690280e-01
9.354677338669334374e-02
9.529764882441220386e-02
9.454727363681840469e-02
9.479739869934968033e-02
9.354677338669334374e-02
9.804902451225612492e-02
9.579789894947474127e-02
9.429714857428714292e-02
9.304652326163082021e-02
8.479239619809904316e-02
9.079539769884942269e-02
9.679839919959980221e-02
9.554777388694346563e-02
9.579789894947474127e-02
9.329664832416208198e-02
9.429714857428714292e-02
9.654827413706854045e-02
9.004502251125562351e-02
8.379189594797398222e-02
9.179589794897448363e-02
8.979489744872436174e-02
9.329664832416208198e-02
8.929464732366182433e-02
9.004502251125562351e-02
8.954477238619309998e-02
8.804402201100550163e-02
8.504252126063031880e-02
8.554277138569284233e-02
8.254127063531765951e-02
8.429214607303651963e-02
9.204602301150575927e-02
8.679339669834917892e-02
8.604302151075537974e-02
9.079539769884942269e-02
8.504252126063031880e-02
8.654327163581790328e-02
8.629314657328664151e-02
8.529264632316158057e-02
8.154077038519259857e-02
8.429214607303651963e-02
8.229114557278639774e-02
7.703851925962981739e-02
8.204102051025512210e-02
7.728864432216107916e-02
7.753876938469234092e-02
8.429214607303651963e-02
