1.000000000000000000e+00
8.834612700628052817e-01
8.757850662944870468e-01
8.199581297976273886e-01
8.283321702721563318e-01
8.004187020237264472e-01
7.801814375436147975e-01
7.466852756454989137e-01
7.341242149337054990e-01
7.110956036287509052e-01
7.055129099790649061e-01
6.957431960921144354e-01
6.775994417306350215e-01
7.110956036287509052e-01
6.789951151430565490e-01
6.775994417306350215e-01
6.636427076064200792e-01
6.587578506629448993e-01
6.231681786461967798e-01
6.203768318213538357e-01
6.252616887648290156e-01
6.127006280530356008e-01
6.217725052337752523e-01
6.050244242847173659e-01
5.868806699232379520e-01
5.847871598046057162e-01
5.540823447313328876e-01
5.826936496859734804e-01
5.617585484996511225e-01
5.471039776692253609e-01
5.687369155617585381e-01
5.610607117934403032e-01
5.589672016748080674e-01
5.436147941381717086e-01
5.254710397766922947e-01
5.205861828332170038e-01
5.157013258897418240e-01
5.338450802512212379e-01
5.191905094207955873e-01
5.317515701325890021e-01
5.143056524773202964e-01
5.101186322400558248e-01
4.815073272854152320e-01
4.759246336357292329e-01
4.535938590369853474e-01
4.675505931612002897e-01
4.591765526866713465e-01
4.487090020935101120e-01
4.563852058618283469e-01
4.410327983251919326e-01
4.417306350314026409e-01
4.445219818562456404e-01
4.389392882065596413e-01
4.221912072575017549e-01
4.361479413817166972e-01
4.103279832519190484e-01
4.249825540823447545e-01
4.075366364270760489e-01
4.256803907885554628e-01
4.096301465457082847e-01
4.242847173761339907e-01
4.159106769016050476e-01
3.845080251221213996e-01
3.935799023028611066e-01
3.879972086531751629e-01
3.838101884159106914e-01
3.789253314724354560e-01
3.970690858339148699e-01
4.019539427773901052e-01
3.872993719469643992e-01
3.649685973482205137e-01
3.733426378227494569e-01
3.838101884159106914e-01
3.803210048848569280e-01
3.747383112351709844e-01
3.845080251221213996e-01
3.593859036985345701e-01
3.845080251221213996e-01
3.607815771109560421e-01
3.663642707606419857e-01
3.740404745289602206e-01
3.482205163991625718e-01
3.175157013258897432e-01
3.342637822749476850e-01
3.440334961618981002e-01
3.412421493370551562e-01
3.349616189811583933e-01
3.440334961618981002e-01
3.279832519190509221e-01
3.356594556873691571e-01
3.363572923935799208e-01
3.140265177948360353e-01
3.126308443824145078e-01
3.091416608513608000e-01
3.217027215631542147e-01
3.265875785066294501e-01
3.251919050942079781e-01
3.342637822749476850e-01
3.147243545010467436e-01
3.154221912072575074e-01
2.930914166085136219e-01
3.126308443824145078e-01
3.112351709699930358e-01
2.896022330774598585e-01
2.923935799023028581e-01
3.056524773203070366e-01
2.958827634333566214e-01
3.091416608513608000e-01
2.889043963712491503e-01
2.742498255408234442e-01
2.700628053035589726e-01
2.868108862526169145e-01
2.735519888346126804e-01
2.756454989532449162e-01
2.756454989532449162e-01
2.714584787159804447e-01
2.763433356594556800e-01
2.623866015352407377e-01
2.623866015352407377e-01
2.735519888346126804e-01
2.561060711793440303e-01
2.637822749476622652e-01
2.372644801116538804e-01
2.379623168178646164e-01
2.616887648290300294e-01
2.575017445917655023e-01
2.630844382414515015e-01
2.407536636427076160e-01
2.630844382414515015e-01
2.595952547103977937e-01
2.414515003489183520e-01
2.449406838799720876e-01
2.575017445917655023e-01
2.456385205861828236e-01
2.442428471737613516e-01
2.526168876482903225e-01
2.309839497557571453e-01
2.505233775296580867e-01
2.442428471737613516e-01
2.477320307048150871e-01
2.295882763433356732e-01
2.316817864619679090e-01
2.302861130495464093e-01
2.351709699930216446e-01
2.456385205861828236e-01
2.379623168178646164e-01
2.372644801116538804e-01
2.288904396371249095e-01
2.442428471737613516e-01
2.226099092812282021e-01
2.330774598743893811e-01
2.267969295184926737e-01
2.365666434054431166e-01
2.302861130495464093e-01
2.302861130495464093e-01
2.247034193998604379e-01
2.198185624563852025e-01
2.330774598743893811e-01
2.128401953942777314e-01
2.191207257501744665e-01
2.170272156315422307e-01
2.281926029309141735e-01
2.219120725750174383e-01
2.281926029309141735e-01
2.260990928122819377e-01
2.184228890439637027e-01
2.281926029309141735e-01
2.072575017445917600e-01
2.016748080949057886e-01
2.212142358688067023e-01
2.072575017445917600e-01
2.191207257501744665e-01
2.051639916259595242e-01
2.177250523377529667e-01
2.051639916259595242e-01
2.009769713886950526e-01
2.072575017445917600e-01
1.967899511514305533e-01
1.960921144452198173e-01
1.946964410327983175e-01
1.960921144452198173e-01
2.044661549197487882e-01
1.912072575017445819e-01
1.919050942079553457e-01
1.905094207955338459e-01
1.870202372644801103e-01
1.884159106769016101e-01
1.800418702023726392e-01
1.974877878576413170e-01
1.849267271458478745e-01
1.974877878576413170e-01
1.772505233775296674e-01
1.793440334961619032e-01
1.849267271458478745e-01
1.758548499651081676e-01
1.674808094905791966e-01
1.814375436147941389e-01
1.786461967899511394e-01
1.765526866713189036e-01
1.856245638520586105e-01
1.898115840893231099e-01
1.786461967899511394e-01
1.779483600837404034e-01
1.758548499651081676e-01
1.786461967899511394e-01
1.758548499651081676e-01
1.814375436147941389e-01
1.521284019539427823e-01
1.821353803210048750e-01
1.772505233775296674e-01
1.814375436147941389e-01
1.598046057222609895e-01
1.605024424284717255e-01
1.632937892533147251e-01
1.863224005582693743e-01
1.772505233775296674e-01
1.793440334961619032e-01
1.786461967899511394e-01
1.688764829030006964e-01
1.632937892533147251e-01
1.681786461967899604e-01
1.716678297278436960e-01
1.528262386601535183e-01
1.646894626657362248e-01
1.577110956036287537e-01
1.674808094905791966e-01
1.577110956036287537e-01
1.625959525471039890e-01
1.765526866713189036e-01
1.632937892533147251e-01
1.632937892533147251e-01
1.667829727843684606e-01
1.591067690160502535e-01
1.632937892533147251e-01
1.451500348918353112e-01
1.667829727843684606e-01
1.674808094905791966e-01
1.542219120725750181e-01
1.625959525471039890e-01
1.591067690160502535e-01
1.591067690160502535e-01
1.507327285415212825e-01
1.612002791346824893e-01
1.514305652477320185e-01
1.367759944173063402e-01
1.507327285415212825e-01
1.444521981856245751e-01
1.430565247732030754e-01
1.423586880669923116e-01
1.381716678297278400e-01
1.395673412421493398e-01
1.416608513607815756e-01
1.360781577110956042e-01
1.360781577110956042e-01
1.430565247732030754e-01
1.395673412421493398e-01
1.444521981856245751e-01
1.409630146545708396e-01
1.374738311235171040e-01
1.444521981856245751e-01
1.318911374738311326e-01
1.277041172365666333e-01
1.242149337055129116e-01
1.249127704117236615e-01
1.235170969993021617e-01
1.284019539427773970e-01
1.137473831123517048e-01
1.332868108862526046e-01
1.332868108862526046e-01
1.318911374738311326e-01
1.207257501744591760e-01
1.311933007676203689e-01
1.158408932309839545e-01
1.353803210048848682e-01
1.318911374738311326e-01
1.318911374738311326e-01
1.360781577110956042e-01
1.172365666434054404e-01
1.193300767620376901e-01
1.179344033496161903e-01
1.186322400558269402e-01
1.214235868806699259e-01
1.137473831123517048e-01
1.102581995812979831e-01
1.102581995812979831e-01
1.172365666434054404e-01
9.979064898813677642e-02
1.311933007676203689e-01
1.228192602930914118e-01
1.137473831123517048e-01
1.067690160502442476e-01
1.144452198185624547e-01
1.130495464061409688e-01
1.256106071179343975e-01
1.137473831123517048e-01
1.088625261688764834e-01
1.102581995812979831e-01
1.242149337055129116e-01
1.367759944173063402e-01
1.228192602930914118e-01
1.221214235868806758e-01
1.193300767620376901e-01
1.221214235868806758e-01
1.095603628750872333e-01
1.158408932309839545e-01
1.186322400558269402e-01
1.214235868806699259e-01
1.095603628750872333e-01
1.081646894626657335e-01
1.109560362875087192e-01
1.102581995812979831e-01
1.109560362875087192e-01
1.060711793440334977e-01
1.025819958129797621e-01
1.046755059316119979e-01
1.039776692254012619e-01
1.032798325191905120e-01
1.144452198185624547e-01
1.053733426378227478e-01
1.123517096999302189e-01
1.130495464061409688e-01
1.095603628750872333e-01
1.095603628750872333e-01
1.095603628750872333e-01
1.067690160502442476e-01
9.979064898813677642e-02
1.039776692254012619e-01
1.032798325191905120e-01
1.018841591067690122e-01
1.039776692254012619e-01
1.004884856943475263e-01
9.979064898813677642e-02
1.011863224005582762e-01
9.769713886950454063e-02
9.769713886950454063e-02
9.839497557571527664e-02
9.979064898813677642e-02
9.699930216329379074e-02
9.420795533845080505e-02
9.769713886950454063e-02
8.443824145150034821e-02
8.862526168876483368e-02
9.071877180739706947e-02
9.979064898813677642e-02
1.074668527564549836e-01
9.630146545708304084e-02
9.769713886950454063e-02
1.039776692254012619e-01
9.839497557571527664e-02
8.722958827634333390e-02
9.560362875087229095e-02
1.032798325191905120e-01
9.909281228192602653e-02
9.630146545708304084e-02
8.932309839497556969e-02
9.490579204466155494e-02
9.490579204466155494e-02
9.630146545708304084e-02
8.374040474528959832e-02
8.234473133286811242e-02
9.630146545708304084e-02
9.420795533845080505e-02
9.351011863224005516e-02
9.490579204466155494e-02
9.351011863224005516e-02
8.234473133286811242e-02
8.513607815771109810e-02
9.141660851360781936e-02
9.071877180739706947e-02
8.443824145150034821e-02
9.351011863224005516e-02
9.281228192602930527e-02
8.792742498255408379e-02
8.722958827634333390e-02
8.513607815771109810e-02
8.862526168876483368e-02
8.234473133286811242e-02
8.583391486392184799e-02
8.234473133286811242e-02
8.094905792044661264e-02
7.815771109560362695e-02
8.862526168876483368e-02
7.955338450802512673e-02
7.885554780181437684e-02
7.536636427076064126e-02
7.466852756454989137e-02
7.885554780181437684e-02
7.745987438939287706e-02
7.885554780181437684e-02
8.094905792044661264e-02
8.374040474528959832e-02
9.071877180739706947e-02
8.234473133286811242e-02
7.955338450802512673e-02
7.327285415212840547e-02
8.164689462665736253e-02
8.653175157013258401e-02
7.187718073970690569e-02
7.815771109560362695e-02
8.025122121423586274e-02
8.374040474528959832e-02
