1.000000000000000000e+00
8.218078829360396798e-01
7.967901817323578273e-01
7.481708756195420973e-01
7.309417040358744400e-01
6.993155534576350751e-01
6.863346707576115646e-01
6.591928251121076388e-01
6.641491621430257730e-01
6.344111399575170784e-01
6.216662733065848601e-01
6.089214066556525307e-01
5.834316733537880939e-01
5.742270474392258128e-01
5.671465659664857162e-01
5.515695067264574369e-01
5.383526079773424122e-01
5.263157894736841813e-01
5.225395326882228408e-01
5.119188104791125848e-01
5.036582487609156944e-01
4.930375265518055494e-01
4.826528203917866411e-01
4.703799858390370625e-01
4.687278734953976844e-01
4.481944772244512709e-01
4.375737550153410704e-01
4.387538352607977532e-01
4.245928723153174489e-01
4.276610809535048574e-01
4.019353316025489620e-01
4.085437809771064188e-01
4.045315081425536752e-01
3.901345291479820787e-01
3.795138069388718227e-01
3.825820155770592312e-01
3.851781921170639444e-01
3.849421760679725968e-01
3.764455983006844697e-01
3.596884588151994522e-01
3.547321217842813179e-01
3.493037526551805438e-01
3.471796082133585259e-01
3.467075761151758306e-01
3.393910785933443308e-01
3.365588860042482700e-01
3.318385650224215389e-01
3.273542600896860999e-01
3.219258909605853258e-01
3.141373613405711862e-01
3.101250885060183871e-01
3.141373613405711862e-01
3.122492329478404605e-01
3.063488317205569911e-01
2.976162379041774608e-01
3.054047675241916560e-01
3.065848477696483387e-01
2.933679490205333695e-01
2.877035638423413033e-01
2.917158366768940470e-01
2.926599008732593821e-01
2.881755959405239431e-01
2.905357564314373642e-01
2.877035638423413033e-01
2.716544725041302732e-01
2.796790181732357605e-01
2.704743922586735905e-01
2.681142317677602249e-01
2.565494453622846338e-01
2.579655416568326642e-01
2.433325466131696924e-01
2.473448194477224360e-01
2.487609157422704664e-01
2.504130280859098168e-01
2.407363700731649792e-01
2.442766108095350552e-01
2.449846589568090705e-01
2.357800330422468726e-01
2.400283219258909639e-01
2.357800330422468726e-01
2.261033750295020073e-01
2.272834552749586901e-01
2.322397923058767966e-01
2.265754071276846748e-01
2.230351663913145988e-01
2.192589096058532028e-01
2.268114231767760225e-01
2.249232947840453245e-01
2.102902997403823526e-01
2.159546849185744744e-01
2.157186688694831267e-01
2.034458343167335481e-01
2.159546849185744744e-01
2.041538824640075633e-01
2.095822515931083374e-01
1.975454330894500787e-01
1.954212886476280331e-01
1.947132405003540179e-01
1.973094170403587311e-01
2.006136417276374873e-01
1.944772244512626980e-01
1.996695775312721244e-01
1.930611281567146675e-01
1.947132405003540179e-01
1.810243096530564089e-01
1.954212886476280331e-01
1.944772244512626980e-01
1.909369837148926219e-01
1.937691763039886828e-01
1.848005664385178326e-01
1.892848713712532438e-01
1.817323578003304241e-01
1.798442294075997261e-01
1.779561010148690003e-01
1.758319565730469547e-01
1.822043898985130916e-01
1.729997639839509216e-01
1.803162615057823936e-01
1.777200849657776804e-01
1.711116355912201958e-01
1.814963417512390764e-01
1.739438281803162567e-01
1.689874911493981502e-01
1.694595232475808455e-01
1.711116355912201958e-01
1.675713948548501198e-01
1.734717960821335891e-01
1.659192825112107694e-01
1.597828652348359801e-01
1.661552985603020893e-01
1.609629454802926629e-01
1.593108331366532848e-01
1.593108331366532848e-01
1.588388010384706173e-01
1.614349775784753305e-01
1.581307528911966021e-01
1.590748170875619649e-01
1.475100306820863738e-01
1.503422232711824347e-01
1.517583195657304651e-01
1.527023837620958280e-01
1.524663677130044803e-01
1.522303516639131327e-01
1.472740146329950539e-01
1.477460467311777215e-01
1.439697899457162977e-01
1.401935331602549017e-01
1.420816615529855997e-01
1.434977578475336302e-01
1.350011800802454476e-01
1.383054047675242038e-01
1.423176776020769474e-01
1.371253245220674932e-01
1.359452442766108105e-01
1.269766344111399603e-01
1.340571158838801125e-01
1.246164739202265809e-01
1.312249232947840516e-01
1.283927307056879907e-01
1.314609393438753715e-01
1.246164739202265809e-01
1.307528911966013563e-01
1.288647628038706583e-01
1.236724097238612180e-01
1.189520887420344591e-01
1.203681850365824896e-01
1.234363936747698842e-01
1.201321689874911558e-01
1.246164739202265809e-01
1.137597356620250189e-01
1.191881047911257929e-01
1.132877035638423374e-01
1.217842813311305200e-01
1.163559122020297321e-01
1.092754307292895938e-01
1.109275430729289580e-01
1.163559122020297321e-01
1.147037998583903678e-01
1.083313665329242448e-01
1.097474628274722613e-01
1.128156714656596699e-01
1.097474628274722613e-01
1.104555109747462766e-01
1.116355912202029732e-01
1.147037998583903678e-01
1.036110455510974721e-01
1.083313665329242448e-01
1.057351899929195177e-01
1.005428369129100774e-01
1.033750295020061383e-01
1.073873023365588819e-01
1.014869011092754264e-01
1.064432381401935329e-01
1.069152702383762144e-01
1.000708048147273960e-01
9.676658012744866755e-02
1.014869011092754264e-01
1.021949492565494416e-01
9.983478876563606219e-02
9.605853198017465233e-02
9.181024309653056104e-02
9.582251593108331855e-02
9.889072456927071320e-02
9.440641963653528812e-02
9.818267642199669798e-02
9.511446778380930334e-02
9.511446778380930334e-02
9.535048383290063712e-02
9.535048383290063712e-02
8.708992211470380218e-02
8.921406655652584783e-02
8.827000236016048496e-02
9.440641963653528812e-02
8.756195421288646974e-02
8.827000236016048496e-02
8.850601840925183261e-02
8.260561718196837711e-02
8.425772952560774132e-02
8.661789001652112074e-02
8.614585791833845319e-02
8.000944064196365002e-02
8.260561718196837711e-02
8.142553693651168045e-02
8.284163323105971088e-02
8.307764928015104466e-02
8.048147274014633146e-02
8.236960113287702945e-02
8.378569742742505988e-02
7.599716780741090638e-02
7.528911966013689117e-02
7.882936039650696725e-02
7.812131224923295203e-02
7.528911966013689117e-02
7.764928015105027059e-02
7.552513570922822495e-02
7.552513570922822495e-02
7.953740854378098246e-02
8.213358508378569567e-02
8.048147274014633146e-02
8.402171347651640754e-02
7.906537644559830103e-02
7.977342459287231624e-02
7.599716780741090638e-02
8.331366532924239232e-02
7.340099126740617930e-02
7.741326410195893681e-02
7.316497521831484552e-02
7.505310361104555739e-02
7.646919990559357394e-02
7.505310361104555739e-02
7.623318385650224016e-02
7.056879867831011843e-02
6.797262213830540523e-02
7.363700731649752695e-02
7.363700731649752695e-02
7.104083077649279987e-02
7.363700731649752695e-02
6.915270238376210188e-02
7.009676658012745087e-02
7.009676658012745087e-02
6.820863818739673901e-02
6.702855794194005623e-02
6.537644559830067814e-02
6.797262213830540523e-02
6.891668633467075422e-02
6.466839745102666293e-02
6.773660608921407145e-02
6.915270238376210188e-02
6.396034930375266159e-02
6.891668633467075422e-02
6.868067028557942044e-02
6.136417276374793450e-02
6.561246164739202580e-02
6.278026905829596493e-02
6.372433325466131393e-02
5.994807646919990407e-02
6.584847769648335958e-02
6.348831720556998015e-02
6.820863818739673901e-02
6.160018881283927522e-02
6.419636535284399537e-02
6.584847769648335958e-02
6.348831720556998015e-02
5.947604437101722957e-02
6.065612461647391929e-02
5.900401227283455508e-02
6.325230115647864637e-02
5.994807646919990407e-02
5.876799622374321436e-02
5.924002832192588885e-02
6.160018881283927522e-02
5.451970734009913000e-02
6.207222091102194972e-02
5.853198017465187364e-02
5.971206042010857029e-02
6.089214066556526000e-02
6.160018881283927522e-02
5.994807646919990407e-02
5.711588388010385015e-02
5.994807646919990407e-02
5.971206042010857029e-02
5.829596412556053986e-02
5.971206042010857029e-02
5.782393202737785842e-02
5.853198017465187364e-02
6.230823696011329044e-02
5.664385178192116871e-02
5.735189992919518392e-02
5.971206042010857029e-02
5.924002832192588885e-02
5.805994807646919914e-02
5.569978758555581971e-02
5.758791597828652464e-02
5.333962709464243335e-02
5.357564314373377407e-02
5.451970734009913000e-02
5.357564314373377407e-02
5.994807646919990407e-02
5.593580363464715349e-02
5.758791597828652464e-02
5.805994807646919914e-02
5.451970734009913000e-02
5.617181968373849421e-02
5.617181968373849421e-02
5.853198017465187364e-02
5.546377153646447900e-02
5.711588388010385015e-02
5.711588388010385015e-02
5.451970734009913000e-02
5.310361104555109957e-02
5.569978758555581971e-02
5.168751475100306914e-02
5.121548265282039464e-02
5.546377153646447900e-02
5.286759499645975885e-02
4.956337030918102349e-02
4.932735426008968277e-02
5.475572338919046378e-02
4.909133821099834899e-02
5.168751475100306914e-02
5.027141845645503870e-02
5.263157894736841813e-02
4.814727401463299306e-02
4.885532216190700827e-02
5.121548265282039464e-02
4.767524191645031856e-02
4.696719376917630334e-02
5.050743450554637942e-02
4.956337030918102349e-02
4.649516167099362884e-02
4.696719376917630334e-02
4.625914562190228813e-02
4.696719376917630334e-02
4.389898513098890870e-02
4.602312957281095435e-02
4.720320981826764406e-02
4.602312957281095435e-02
5.003540240736369799e-02
4.578711352371961363e-02
4.696719376917630334e-02
4.932735426008968277e-02
4.767524191645031856e-02
4.271890488553221898e-02
4.649516167099362884e-02
4.696719376917630334e-02
4.791125796554165928e-02
4.437101722917158320e-02
4.389898513098890870e-02
4.625914562190228813e-02
4.602312957281095435e-02
4.389898513098890870e-02
4.673117772008496262e-02
4.649516167099362884e-02
4.602312957281095435e-02
5.027141845645503870e-02
4.696719376917630334e-02
4.814727401463299306e-02
4.460703327826292391e-02
4.673117772008496262e-02
4.413500118008024248e-02
4.578711352371961363e-02
4.484304932735425769e-02
4.342695303280623420e-02
4.555109747462827291e-02
4.389898513098890870e-02
4.059476044371017334e-02
4.555109747462827291e-02
4.248288883644087827e-02
3.917866414916214290e-02
4.224687278734953755e-02
4.248288883644087827e-02
4.366296908189756798e-02
4.248288883644087827e-02
4.059476044371017334e-02
4.012272834552749884e-02
4.083077649280150712e-02
4.035874439461883262e-02
3.847061600188812769e-02
4.177484068916686305e-02
3.469435921642671783e-02
3.894264810007080219e-02
