1.000000000000000000e+00
8.229729729729730048e-01
8.121621621621621934e-01
7.824324324324324342e-01
7.547297297297297369e-01
7.452702702702702631e-01
7.027027027027027417e-01
7.391891891891891886e-01
6.479729729729729604e-01
6.459459459459458985e-01
6.209459459459459874e-01
6.391891891891892108e-01
6.162162162162162504e-01
6.094594594594594517e-01
6.202702702702702631e-01
6.236486486486486625e-01
6.155405405405405261e-01
5.885135135135135531e-01
5.966216216216215784e-01
5.898648648648648907e-01
5.540540540540540571e-01
5.648648648648648685e-01
5.378378378378377844e-01
5.472972972972972583e-01
5.439189189189189699e-01
5.364864864864864469e-01
5.081081081081081363e-01
5.067567567567567988e-01
5.121621621621621490e-01
5.094594594594594739e-01
4.966216216216216006e-01
5.060810810810810745e-01
4.736486486486486402e-01
4.858108108108107892e-01
4.655405405405405594e-01
4.736486486486486402e-01
4.770270270270270396e-01
4.810810810810811078e-01
4.743243243243243090e-01
4.689189189189189033e-01
4.702702702702702964e-01
4.493243243243243423e-01
4.479729729729729493e-01
4.364864864864864691e-01
4.587837837837837607e-01
4.520270270270270174e-01
4.304054054054053946e-01
4.229729729729729826e-01
4.432432432432432678e-01
4.297297297297297258e-01
4.175675675675675769e-01
4.155405405405405150e-01
4.148648648648648463e-01
4.094594594594594406e-01
4.114864864864865024e-01
3.993243243243242979e-01
4.081081081081081030e-01
4.040540540540540349e-01
4.060810810810810967e-01
3.925675675675675547e-01
3.844594594594594739e-01
3.993243243243242979e-01
3.979729729729729604e-01
3.777027027027026751e-01
3.817567567567567433e-01
3.783783783783783994e-01
3.756756756756756688e-01
3.716216216216216006e-01
3.729729729729729937e-01
3.939189189189188922e-01
3.641891891891891886e-01
3.621621621621621823e-01
3.628378378378378510e-01
3.601351351351351204e-01
3.574324324324324453e-01
3.547297297297297147e-01
3.608108108108107892e-01
3.675675675675675880e-01
3.466216216216216339e-01
3.668918918918919192e-01
3.540540540540540460e-01
3.479729729729729715e-01
3.506756756756757021e-01
3.547297297297297147e-01
3.587837837837837829e-01
3.554054054054053835e-01
3.472972972972973027e-01
3.614864864864865135e-01
3.364864864864864913e-01
3.486486486486486402e-01
3.398648648648648907e-01
3.398648648648648907e-01
3.445945945945945721e-01
3.222972972972972805e-01
3.527027027027027084e-01
3.304054054054054168e-01
3.277027027027026862e-01
3.351351351351351537e-01
3.283783783783783550e-01
3.250000000000000111e-01
3.310810810810810856e-01
3.290540540540540793e-01
3.310810810810810856e-01
3.155405405405405372e-01
3.094594594594594628e-01
3.114864864864864691e-01
3.277027027027026862e-01
3.283783783783783550e-01
3.270270270270270174e-01
3.324324324324324231e-01
3.128378378378378621e-01
3.020270270270270507e-01
3.101351351351351315e-01
3.114864864864864691e-01
3.033783783783783883e-01
3.168918918918918748e-01
3.108108108108108003e-01
3.067567567567567322e-01
3.155405405405405372e-01
3.135135135135135309e-01
3.243243243243243423e-01
2.959459459459459207e-01
2.939189189189189144e-01
2.770270270270270285e-01
2.898648648648648463e-01
2.783783783783783661e-01
2.986486486486486513e-01
2.851351351351351093e-01
2.763513513513513598e-01
2.824324324324324342e-01
2.918918918918919081e-01
2.891891891891891775e-01
2.891891891891891775e-01
2.878378378378378399e-01
2.986486486486486513e-01
2.871621621621621712e-01
2.945945945945945832e-01
3.013513513513513264e-01
3.006756756756756577e-01
2.918918918918919081e-01
2.817567567567567655e-01
3.020270270270270507e-01
2.999999999999999889e-01
2.966216216216216450e-01
2.858108108108108336e-01
2.925675675675675769e-01
2.817567567567567655e-01
2.716216216216216228e-01
2.729729729729729604e-01
2.979729729729729826e-01
2.898648648648648463e-01
2.729729729729729604e-01
2.675675675675675547e-01
2.702702702702702853e-01
2.648648648648648796e-01
2.790540540540540349e-01
2.736486486486486291e-01
2.817567567567567655e-01
2.851351351351351093e-01
2.750000000000000222e-01
2.716216216216216228e-01
2.648648648648648796e-01
2.702702702702702853e-01
2.662162162162162171e-01
2.655405405405405483e-01
2.716216216216216228e-01
2.790540540540540349e-01
2.790540540540540349e-01
2.736486486486486291e-01
2.567567567567567433e-01
2.783783783783783661e-01
2.716216216216216228e-01
2.695945945945946165e-01
2.668918918918918859e-01
2.621621621621621490e-01
2.587837837837838051e-01
2.702702702702702853e-01
2.540540540540540682e-01
2.614864864864864802e-01
2.756756756756756910e-01
2.777027027027026973e-01
2.608108108108108114e-01
2.790540540540540349e-01
2.783783783783783661e-01
2.621621621621621490e-01
2.628378378378378177e-01
2.695945945945946165e-01
2.817567567567567655e-01
2.851351351351351093e-01
2.689189189189188922e-01
2.750000000000000222e-01
2.790540540540540349e-01
2.695945945945946165e-01
2.560810810810810745e-01
2.729729729729729604e-01
2.689189189189188922e-01
2.729729729729729604e-01
2.695945945945946165e-01
2.716216216216216228e-01
2.750000000000000222e-01
2.689189189189188922e-01
2.621621621621621490e-01
2.702702702702702853e-01
2.709459459459459540e-01
2.554054054054054057e-01
2.635135135135134865e-01
2.493243243243243312e-01
2.675675675675675547e-01
2.500000000000000000e-01
2.527027027027026751e-01
2.675675675675675547e-01
2.641891891891892108e-01
2.689189189189188922e-01
2.702702702702702853e-01
2.790540540540540349e-01
2.689189189189188922e-01
2.614864864864864802e-01
2.486486486486486625e-01
2.736486486486486291e-01
2.439189189189189255e-01
2.560810810810810745e-01
2.628378378378378177e-01
2.567567567567567433e-01
2.466216216216216284e-01
2.635135135135134865e-01
2.479729729729729659e-01
2.527027027027026751e-01
2.628378378378378177e-01
2.297297297297297425e-01
2.540540540540540682e-01
2.493243243243243312e-01
2.614864864864864802e-01
2.506756756756756688e-01
2.533783783783783994e-01
2.574324324324324120e-01
2.581081081081080808e-01
2.635135135135134865e-01
2.533783783783783994e-01
2.412162162162162227e-01
2.391891891891891886e-01
2.371621621621621545e-01
2.445945945945945943e-01
2.513513513513513375e-01
2.520270270270270063e-01
2.493243243243243312e-01
2.554054054054054057e-01
2.466216216216216284e-01
2.506756756756756688e-01
2.479729729729729659e-01
2.479729729729729659e-01
2.500000000000000000e-01
2.418918918918918914e-01
2.418918918918918914e-01
2.412162162162162227e-01
2.560810810810810745e-01
2.459459459459459596e-01
2.621621621621621490e-01
2.418918918918918914e-01
2.513513513513513375e-01
2.560810810810810745e-01
2.412162162162162227e-01
2.412162162162162227e-01
2.452702702702702631e-01
2.378378378378378510e-01
2.405405405405405539e-01
2.290540540540540460e-01
2.351351351351351482e-01
2.486486486486486625e-01
2.391891891891891886e-01
2.290540540540540460e-01
2.398648648648648574e-01
2.432432432432432567e-01
2.479729729729729659e-01
2.398648648648648574e-01
2.432432432432432567e-01
2.506756756756756688e-01
2.297297297297297425e-01
2.459459459459459596e-01
2.432432432432432567e-01
2.425675675675675602e-01
2.418918918918918914e-01
2.412162162162162227e-01
2.439189189189189255e-01
2.310810810810810800e-01
2.351351351351351482e-01
2.371621621621621545e-01
2.304054054054054113e-01
2.324324324324324453e-01
2.263513513513513431e-01
2.479729729729729659e-01
2.337837837837837829e-01
2.472972972972972971e-01
2.378378378378378510e-01
2.472972972972972971e-01
2.290540540540540460e-01
2.398648648648648574e-01
2.344594594594594517e-01
2.452702702702702631e-01
2.452702702702702631e-01
2.412162162162162227e-01
2.304054054054054113e-01
2.452702702702702631e-01
2.425675675675675602e-01
2.250000000000000056e-01
2.331081081081081141e-01
2.209459459459459374e-01
2.351351351351351482e-01
2.317567567567567488e-01
2.337837837837837829e-01
2.378378378378378510e-01
2.182432432432432345e-01
2.432432432432432567e-01
2.209459459459459374e-01
2.439189189189189255e-01
2.277027027027027084e-01
2.439189189189189255e-01
2.351351351351351482e-01
2.310810810810810800e-01
2.310810810810810800e-01
2.250000000000000056e-01
2.310810810810810800e-01
2.358108108108108170e-01
2.310810810810810800e-01
2.378378378378378510e-01
2.317567567567567488e-01
2.358108108108108170e-01
2.391891891891891886e-01
2.418918918918918914e-01
2.371621621621621545e-01
2.337837837837837829e-01
2.358108108108108170e-01
2.331081081081081141e-01
2.209459459459459374e-01
2.243243243243243368e-01
2.324324324324324453e-01
2.425675675675675602e-01
2.351351351351351482e-01
2.445945945945945943e-01
2.358108108108108170e-01
2.182432432432432345e-01
2.222972972972973027e-01
2.405405405405405539e-01
2.189189189189189311e-01
2.391891891891891886e-01
2.317567567567567488e-01
2.472972972972972971e-01
2.385135135135135198e-01
2.195945945945945998e-01
2.195945945945945998e-01
2.317567567567567488e-01
2.331081081081081141e-01
2.250000000000000056e-01
2.202702702702702686e-01
2.236486486486486402e-01
2.317567567567567488e-01
2.236486486486486402e-01
2.182432432432432345e-01
2.283783783783783772e-01
2.297297297297297425e-01
2.283783783783783772e-01
2.344594594594594517e-01
2.236486486486486402e-01
2.310810810810810800e-01
2.243243243243243368e-01
2.236486486486486402e-01
2.162162162162162282e-01
2.351351351351351482e-01
2.297297297297297425e-01
2.195945945945945998e-01
2.263513513513513431e-01
2.168918918918918970e-01
2.304054054054054113e-01
2.202702702702702686e-01
2.202702702702702686e-01
2.094594594594594572e-01
2.222972972972973027e-01
2.222972972972973027e-01
2.283783783783783772e-01
2.250000000000000056e-01
2.222972972972973027e-01
2.317567567567567488e-01
2.148648648648648629e-01
2.263513513513513431e-01
2.317567567567567488e-01
2.418918918918918914e-01
2.243243243243243368e-01
2.297297297297297425e-01
2.277027027027027084e-01
2.216216216216216339e-01
2.222972972972973027e-01
2.202702702702702686e-01
2.182432432432432345e-01
2.317567567567567488e-01
2.412162162162162227e-01
2.337837837837837829e-01
2.195945945945945998e-01
2.243243243243243368e-01
2.250000000000000056e-01
2.060810810810810856e-01
2.344594594594594517e-01
2.141891891891891941e-01
