1.000000000000000000e+00
9.266547406082289440e-01
9.248658318425759806e-01
9.141323792486583111e-01
8.962432915921287879e-01
8.855098389982111184e-01
8.640429338103756685e-01
8.837209302325581550e-01
8.998211091234347148e-01
8.944543828264758245e-01
8.407871198568872551e-01
8.944543828264758245e-01
8.550983899821109624e-01
8.801431127012522282e-01
8.783542039355992648e-01
8.389982110912342916e-01
8.568872987477638148e-01
8.747763864042933379e-01
8.729874776386403745e-01
8.533094812164579990e-01
8.175313059033989527e-01
8.640429338103756685e-01
8.622540250447227050e-01
8.479427549194991087e-01
8.157423971377459893e-01
8.157423971377459893e-01
8.193202146690519161e-01
8.282647584973166222e-01
8.622540250447227050e-01
8.318425760286225490e-01
8.085867620751341356e-01
8.318425760286225490e-01
8.479427549194991087e-01
7.996422182468694295e-01
8.121645796064400624e-01
7.799642218246869430e-01
8.067978533094811722e-01
7.942754919499105393e-01
8.425760286225402185e-01
7.942754919499105393e-01
8.533094812164579990e-01
7.960644007155635027e-01
8.300536672629695856e-01
8.193202146690519161e-01
8.175313059033989527e-01
7.781753130590339795e-01
8.050089445438283198e-01
8.139534883720930258e-01
7.835420393559928698e-01
7.656529516994633466e-01
7.853309481216458332e-01
7.441860465116278966e-01
8.050089445438283198e-01
7.924865831842575759e-01
7.871198568872987966e-01
7.674418604651163101e-01
7.370304114490161540e-01
7.710196779964222369e-01
7.924865831842575759e-01
7.853309481216458332e-01
7.763864042933810161e-01
7.674418604651163101e-01
7.298747763864043003e-01
7.674418604651163101e-01
7.745974955277280527e-01
7.584973166368514930e-01
7.298747763864043003e-01
7.745974955277280527e-01
7.996422182468694295e-01
7.692307692307692735e-01
7.602862254025044564e-01
7.620751341681574198e-01
7.620751341681574198e-01
7.781753130590339795e-01
7.763864042933810161e-01
7.638640429338103832e-01
7.745974955277280527e-01
8.032200357781753564e-01
7.334525939177102272e-01
7.119856887298747772e-01
7.316636851520572637e-01
7.280858676207513369e-01
7.262969588550983735e-01
7.298747763864043003e-01
7.406082289803219698e-01
7.406082289803219698e-01
7.728085867620750893e-01
7.441860465116278966e-01
7.728085867620750893e-01
7.495527728085867869e-01
7.334525939177102272e-01
7.084078711985688503e-01
7.531305903398927137e-01
6.958855098389982174e-01
7.048300536672629235e-01
7.280858676207513369e-01
7.101967799642218138e-01
7.370304114490161540e-01
7.423971377459749332e-01
7.209302325581394832e-01
7.155635062611807040e-01
7.101967799642218138e-01
7.549194991055455661e-01
7.710196779964222369e-01
7.245080500894454101e-01
7.119856887298747772e-01
7.495527728085867869e-01
7.674418604651163101e-01
7.495527728085867869e-01
6.958855098389982174e-01
7.101967799642218138e-01
7.119856887298747772e-01
7.137745974955277406e-01
7.155635062611807040e-01
7.531305903398927137e-01
7.155635062611807040e-01
7.710196779964222369e-01
7.513416815742397503e-01
7.370304114490161540e-01
7.370304114490161540e-01
7.137745974955277406e-01
7.513416815742397503e-01
7.656529516994633466e-01
7.799642218246869430e-01
7.245080500894454101e-01
6.833631484794275845e-01
7.388193202146690064e-01
7.423971377459749332e-01
7.227191413237924467e-01
7.066189624329158869e-01
7.155635062611807040e-01
7.495527728085867869e-01
7.137745974955277406e-01
6.976744186046511809e-01
7.316636851520572637e-01
7.513416815742397503e-01
6.851520572450805480e-01
7.209302325581394832e-01
7.477638640429338235e-01
6.815742397137746211e-01
7.549194991055455661e-01
6.762075134168157309e-01
6.958855098389982174e-01
7.173524150268336674e-01
6.762075134168157309e-01
7.084078711985688503e-01
6.869409660107334004e-01
6.833631484794275845e-01
7.191413237924866309e-01
7.066189624329158869e-01
6.654740608228980614e-01
7.173524150268336674e-01
6.905187835420393272e-01
7.012522361359571077e-01
6.726296958855098040e-01
6.583184257602862077e-01
7.066189624329158869e-01
6.923076923076922906e-01
6.976744186046511809e-01
6.815742397137746211e-01
6.708407871198568406e-01
6.851520572450805480e-01
6.672629695885510248e-01
6.672629695885510248e-01
6.905187835420393272e-01
6.762075134168157309e-01
6.726296958855098040e-01
6.869409660107334004e-01
6.636851520572450980e-01
6.726296958855098040e-01
6.475849731663685382e-01
6.475849731663685382e-01
6.601073345259391711e-01
6.708407871198568406e-01
7.030411449016100711e-01
6.404293381037566846e-01
6.690518783542039882e-01
6.583184257602862077e-01
7.012522361359571077e-01
6.833631484794275845e-01
6.547406082289802809e-01
6.565295169946332443e-01
6.833631484794275845e-01
6.690518783542039882e-01
6.654740608228980614e-01
6.493738819320215017e-01
6.332737030411449419e-01
6.654740608228980614e-01
6.672629695885510248e-01
6.851520572450805480e-01
6.493738819320215017e-01
6.601073345259391711e-01
7.048300536672629235e-01
6.332737030411449419e-01
6.529516994633273175e-01
6.547406082289802809e-01
6.422182468694096480e-01
6.726296958855098040e-01
6.690518783542039882e-01
6.386404293381037212e-01
5.992844364937388590e-01
6.386404293381037212e-01
6.654740608228980614e-01
6.350626118067979053e-01
6.511627906976744651e-01
6.511627906976744651e-01
6.618962432915921346e-01
6.368515205724507577e-01
6.404293381037566846e-01
6.457960644007155748e-01
6.261180679785330883e-01
6.207513416815741980e-01
6.511627906976744651e-01
6.350626118067979053e-01
6.314847942754919785e-01
6.243291592128801248e-01
6.672629695885510248e-01
6.332737030411449419e-01
6.207513416815741980e-01
6.404293381037566846e-01
6.493738819320215017e-01
6.457960644007155748e-01
6.171735241502683822e-01
6.171735241502683822e-01
6.171735241502683822e-01
6.243291592128801248e-01
6.350626118067979053e-01
6.118067978533094919e-01
6.207513416815741980e-01
6.457960644007155748e-01
6.404293381037566846e-01
6.744186046511627675e-01
6.583184257602862077e-01
6.243291592128801248e-01
6.118067978533094919e-01
6.493738819320215017e-01
6.654740608228980614e-01
6.118067978533094919e-01
6.243291592128801248e-01
6.422182468694096480e-01
6.332737030411449419e-01
6.118067978533094919e-01
6.314847942754919785e-01
6.118067978533094919e-01
6.135957066189624554e-01
6.243291592128801248e-01
6.010733452593918225e-01
6.279069767441860517e-01
6.118067978533094919e-01
6.100178890876565285e-01
6.279069767441860517e-01
6.153846153846154188e-01
5.939177101967799688e-01
6.314847942754919785e-01
6.100178890876565285e-01
6.296958855098390151e-01
6.118067978533094919e-01
5.778175313059034091e-01
6.046511627906976383e-01
6.332737030411449419e-01
6.171735241502683822e-01
6.118067978533094919e-01
6.279069767441860517e-01
6.386404293381037212e-01
6.225402504472271614e-01
5.849731663685151517e-01
6.064400715563506017e-01
6.028622540250446749e-01
6.243291592128801248e-01
6.046511627906976383e-01
5.992844364937388590e-01
5.509838998211090688e-01
6.457960644007155748e-01
6.082289803220035651e-01
6.010733452593918225e-01
6.100178890876565285e-01
6.118067978533094919e-01
5.921288014311270054e-01
6.010733452593918225e-01
6.135957066189624554e-01
5.599284436493738859e-01
5.957066189624329322e-01
6.118067978533094919e-01
5.867620751341681151e-01
6.118067978533094919e-01
5.921288014311270054e-01
6.028622540250446749e-01
6.225402504472271614e-01
6.118067978533094919e-01
5.778175313059034091e-01
5.778175313059034091e-01
5.849731663685151517e-01
5.939177101967799688e-01
5.635062611806798127e-01
5.813953488372093359e-01
6.082289803220035651e-01
6.064400715563506017e-01
5.652951699463327762e-01
6.082289803220035651e-01
6.171735241502683822e-01
5.885509838998210785e-01
5.796064400715563725e-01
5.992844364937388590e-01
5.885509838998210785e-01
5.957066189624329322e-01
6.082289803220035651e-01
5.903398926654740420e-01
5.617173524150268493e-01
5.992844364937388590e-01
5.527728085867620322e-01
5.849731663685151517e-01
5.867620751341681151e-01
5.527728085867620322e-01
5.706618962432915554e-01
6.028622540250446749e-01
5.939177101967799688e-01
6.010733452593918225e-01
6.135957066189624554e-01
5.921288014311270054e-01
5.760286225402504456e-01
5.706618962432915554e-01
5.581395348837209225e-01
5.670840787119857396e-01
5.706618962432915554e-01
6.028622540250446749e-01
5.456171735241502896e-01
5.831842576028622993e-01
5.867620751341681151e-01
5.974955277280858956e-01
5.527728085867620322e-01
5.813953488372093359e-01
5.724508050089445188e-01
5.849731663685151517e-01
5.456171735241502896e-01
5.438282647584973262e-01
5.831842576028622993e-01
5.545617173524149957e-01
5.635062611806798127e-01
5.796064400715563725e-01
5.813953488372093359e-01
5.563506261180679591e-01
5.402504472271913993e-01
5.402504472271913993e-01
6.100178890876565285e-01
5.617173524150268493e-01
6.028622540250446749e-01
5.885509838998210785e-01
5.796064400715563725e-01
5.903398926654740420e-01
5.921288014311270054e-01
5.456171735241502896e-01
5.742397137745974822e-01
5.760286225402504456e-01
5.438282647584973262e-01
5.939177101967799688e-01
5.670840787119857396e-01
5.474060822898032530e-01
6.189624329159212346e-01
5.706618962432915554e-01
5.366726296958854725e-01
5.491949910554562164e-01
6.010733452593918225e-01
5.474060822898032530e-01
5.957066189624329322e-01
5.617173524150268493e-01
5.796064400715563725e-01
5.313059033989266933e-01
5.831842576028622993e-01
5.205724508050089128e-01
5.742397137745974822e-01
5.330948121645796567e-01
5.635062611806798127e-01
5.491949910554562164e-01
5.796064400715563725e-01
5.581395348837209225e-01
5.688729874776385920e-01
5.652951699463327762e-01
6.189624329159212346e-01
5.491949910554562164e-01
5.026833631484793896e-01
5.402504472271913993e-01
5.670840787119857396e-01
5.563506261180679591e-01
5.241502683363148396e-01
6.207513416815741980e-01
5.724508050089445188e-01
5.635062611806798127e-01
5.366726296958854725e-01
5.742397137745974822e-01
5.688729874776385920e-01
5.957066189624329322e-01
5.778175313059034091e-01
5.867620751341681151e-01
5.831842576028622993e-01
5.366726296958854725e-01
5.402504472271913993e-01
5.509838998211090688e-01
5.384615384615384359e-01
5.491949910554562164e-01
5.706618962432915554e-01
5.563506261180679591e-01
