1.000000000000000000e+00
7.875324675324675283e-01
7.387012987012987475e-01
6.815584415584415856e-01
6.758441558441558028e-01
6.192207792207792272e-01
5.948051948051947813e-01
5.625974025974026516e-01
5.335064935064934843e-01
5.236363636363636775e-01
5.018181818181818299e-01
4.779220779220779147e-01
4.753246753246753165e-01
4.836363636363636420e-01
4.285714285714285476e-01
4.114285714285714213e-01
4.342857142857142749e-01
4.119480519480519520e-01
3.984415584415584299e-01
3.761038961038961070e-01
3.589610389610389807e-01
3.594805194805194559e-01
3.553246753246753209e-01
3.610389610389610482e-01
3.548051948051947901e-01
3.345454545454545348e-01
2.987012987012986898e-01
3.137662337662337486e-01
3.028571428571428803e-01
2.877922077922077659e-01
2.753246753246753054e-01
2.727272727272727071e-01
2.680519480519480413e-01
2.649350649350649123e-01
2.576623376623376482e-01
2.649350649350649123e-01
2.706493506493506396e-01
2.592207792207792405e-01
2.529870129870129825e-01
2.550649350649350500e-01
2.441558441558441539e-01
2.425974025974025894e-01
2.306493506493506596e-01
2.353246753246753253e-01
2.249350649350649323e-01
2.337662337662337608e-01
2.093506493506493427e-01
2.135064935064935054e-01
2.119480519480519409e-01
2.145454545454545392e-01
2.166233766233766345e-01
1.937662337662337531e-01
2.140259740259740362e-01
1.838961038961038907e-01
1.958441558441558483e-01
1.776623376623376604e-01
1.797402597402597280e-01
1.761038961038960959e-01
1.766233766233766267e-01
1.735064935064934977e-01
1.844155844155844215e-01
1.750649350649350622e-01
1.667532467532467644e-01
1.532467532467532423e-01
1.480519480519480457e-01
1.615584415584415678e-01
1.579220779220779358e-01
1.553246753246753376e-01
1.454545454545454475e-01
1.387012987012987142e-01
1.418181818181818155e-01
1.438961038961038830e-01
1.444155844155844137e-01
1.387012987012987142e-01
1.314285714285714224e-01
1.319480519480519531e-01
1.366233766233766189e-01
1.444155844155844137e-01
1.345454545454545514e-01
1.251948051948051921e-01
1.262337662337662259e-01
1.319480519480519531e-01
1.303896103896103886e-01
1.262337662337662259e-01
1.210389610389610432e-01
1.163636363636363635e-01
1.210389610389610432e-01
1.148051948051947990e-01
1.153246753246753298e-01
1.179220779220779280e-01
1.080519480519480519e-01
1.153246753246753298e-01
1.163636363636363635e-01
1.132467532467532484e-01
1.064935064935064873e-01
1.111688311688311670e-01
1.018181818181818216e-01
1.137662337662337653e-01
1.054545454545454536e-01
9.402597402597402676e-02
1.023376623376623384e-01
1.023376623376623384e-01
1.116883116883116839e-01
1.049350649350649367e-01
1.075324675324675350e-01
9.662337662337662503e-02
9.870129870129870642e-02
9.974025974025974017e-02
8.311688311688311681e-02
9.714285714285714191e-02
8.727272727272727959e-02
9.662337662337662503e-02
8.103896103896103542e-02
8.831168831168831335e-02
8.623376623376623196e-02
9.038961038961039474e-02
8.727272727272727959e-02
9.506493506493506052e-02
8.987012987012986398e-02
9.142857142857142849e-02
8.727272727272727959e-02
9.610389610389610815e-02
8.207792207792208306e-02
7.480519480519480513e-02
8.363636363636363369e-02
7.428571428571428825e-02
6.909090909090909172e-02
7.324675324675324062e-02
7.844155844155843715e-02
7.636363636363636964e-02
7.584415584415583889e-02
7.272727272727272374e-02
6.857142857142857484e-02
7.012987012987012547e-02
6.597402597402597657e-02
6.909090909090909172e-02
6.753246753246752720e-02
6.597402597402597657e-02
7.012987012987012547e-02
6.545454545454545969e-02
6.857142857142857484e-02
6.805194805194805796e-02
6.389610389610389518e-02
6.493506493506492894e-02
6.077922077922078004e-02
5.506493506493506662e-02
6.649350649350649345e-02
6.077922077922078004e-02
6.129870129870129691e-02
6.649350649350649345e-02
6.805194805194805796e-02
5.922077922077922246e-02
6.025974025974026316e-02
5.662337662337662419e-02
5.818181818181818177e-02
6.025974025974026316e-02
5.818181818181818177e-02
5.350649350649350905e-02
5.194805194805195148e-02
5.870129870129869865e-02
5.922077922077922246e-02
5.454545454545454281e-02
5.298701298701298523e-02
5.246753246753246835e-02
5.454545454545454281e-02
5.662337662337662419e-02
5.818181818181818177e-02
5.714285714285714107e-02
5.818181818181818177e-02
5.402597402597402593e-02
5.662337662337662419e-02
5.246753246753246835e-02
4.987012987012987009e-02
5.506493506493506662e-02
4.935064935064935321e-02
4.779220779220779564e-02
4.311688311688311598e-02
5.142857142857142766e-02
4.779220779220779564e-02
5.246753246753246835e-02
4.623376623376623112e-02
5.194805194805195148e-02
4.363636363636363980e-02
4.571428571428571425e-02
4.363636363636363980e-02
4.467532467532467355e-02
5.038961038961038696e-02
4.467532467532467355e-02
3.896103896103896014e-02
4.103896103896104153e-02
4.259740259740259910e-02
4.311688311688311598e-02
4.415584415584415667e-02
4.259740259740259910e-02
4.259740259740259910e-02
4.571428571428571425e-02
4.779220779220779564e-02
4.311688311688311598e-02
4.883116883116882939e-02
4.623376623376623112e-02
4.779220779220779564e-02
4.207792207792207528e-02
4.363636363636363980e-02
4.519480519480519737e-02
4.363636363636363980e-02
4.155844155844155841e-02
3.948051948051948395e-02
4.415584415584415667e-02
4.623376623376623112e-02
4.363636363636363980e-02
3.740259740259740256e-02
4.675324675324675494e-02
3.896103896103896014e-02
4.051948051948051771e-02
3.584415584415584499e-02
4.155844155844155841e-02
4.155844155844155841e-02
3.896103896103896014e-02
3.480519480519480430e-02
4.207792207792207528e-02
4.000000000000000083e-02
3.532467532467532811e-02
3.428571428571428742e-02
2.909090909090909088e-02
3.636363636363636187e-02
3.428571428571428742e-02
3.584415584415584499e-02
3.532467532467532811e-02
3.792207792207791944e-02
3.428571428571428742e-02
4.051948051948051771e-02
2.389610389610389782e-02
3.324675324675324672e-02
3.272727272727272985e-02
3.012987012987013158e-02
3.064935064935064846e-02
3.376623376623376360e-02
3.428571428571428742e-02
3.324675324675324672e-02
3.220779220779220603e-02
2.961038961038961123e-02
3.220779220779220603e-02
2.701298701298701296e-02
3.532467532467532811e-02
3.116883116883116880e-02
3.064935064935064846e-02
2.649350649350649262e-02
3.116883116883116880e-02
2.597402597402597574e-02
2.389610389610389782e-02
2.701298701298701296e-02
3.272727272727272985e-02
2.909090909090909088e-02
2.493506493506493504e-02
2.493506493506493504e-02
2.597402597402597574e-02
2.961038961038961123e-02
3.064935064935064846e-02
2.909090909090909088e-02
3.272727272727272985e-02
3.064935064935064846e-02
3.220779220779220603e-02
3.376623376623376360e-02
3.012987012987013158e-02
2.493506493506493504e-02
3.324675324675324672e-02
2.649350649350649262e-02
2.597402597402597574e-02
2.805194805194805366e-02
3.220779220779220603e-02
2.701298701298701296e-02
3.220779220779220603e-02
2.545454545454545539e-02
3.064935064935064846e-02
2.701298701298701296e-02
2.441558441558441470e-02
2.389610389610389782e-02
2.545454545454545539e-02
3.168831168831168915e-02
2.649350649350649262e-02
2.545454545454545539e-02
2.701298701298701296e-02
2.597402597402597574e-02
2.337662337662337747e-02
2.649350649350649262e-02
2.961038961038961123e-02
2.701298701298701296e-02
2.701298701298701296e-02
2.337662337662337747e-02
2.025974025974025886e-02
2.649350649350649262e-02
2.441558441558441470e-02
1.922077922077922163e-02
2.441558441558441470e-02
2.181818181818181990e-02
2.181818181818181990e-02
2.025974025974025886e-02
1.818181818181818094e-02
2.181818181818181990e-02
2.337662337662337747e-02
2.337662337662337747e-02
1.766233766233766406e-02
1.714285714285714371e-02
2.285714285714285712e-02
2.077922077922077920e-02
2.233766233766233678e-02
1.766233766233766406e-02
2.285714285714285712e-02
2.389610389610389782e-02
1.766233766233766406e-02
1.662337662337662336e-02
1.558441558441558440e-02
1.402597402597402683e-02
1.610389610389610301e-02
1.818181818181818094e-02
1.818181818181818094e-02
1.090909090909090995e-02
1.454545454545454544e-02
1.454545454545454544e-02
1.038961038961038960e-02
9.350649350649350641e-03
1.246753246753246752e-02
1.558441558441558440e-02
1.142857142857142856e-02
1.558441558441558440e-02
1.506493506493506579e-02
1.974025974025974198e-02
1.558441558441558440e-02
1.506493506493506579e-02
1.506493506493506579e-02
1.350649350649350648e-02
1.402597402597402683e-02
1.870129870129870128e-02
1.038961038961038960e-02
1.298701298701298787e-02
1.506493506493506579e-02
1.402597402597402683e-02
1.454545454545454544e-02
1.610389610389610301e-02
1.194805194805194891e-02
1.454545454545454544e-02
1.038961038961038960e-02
9.870129870129870989e-03
1.142857142857142856e-02
9.870129870129870989e-03
1.402597402597402683e-02
1.038961038961038960e-02
1.246753246753246752e-02
1.402597402597402683e-02
1.142857142857142856e-02
1.246753246753246752e-02
1.142857142857142856e-02
1.298701298701298787e-02
1.298701298701298787e-02
1.090909090909090995e-02
1.142857142857142856e-02
1.142857142857142856e-02
1.298701298701298787e-02
1.038961038961038960e-02
1.246753246753246752e-02
1.038961038961038960e-02
1.246753246753246752e-02
1.038961038961038960e-02
1.038961038961038960e-02
1.194805194805194891e-02
9.350649350649350641e-03
1.350649350649350648e-02
1.298701298701298787e-02
9.350649350649350641e-03
9.350649350649350641e-03
1.038961038961038960e-02
9.350649350649350641e-03
1.402597402597402683e-02
1.142857142857142856e-02
1.246753246753246752e-02
9.350649350649350641e-03
1.298701298701298787e-02
1.350649350649350648e-02
1.298701298701298787e-02
1.246753246753246752e-02
1.350649350649350648e-02
1.246753246753246752e-02
1.298701298701298787e-02
1.350649350649350648e-02
1.090909090909090995e-02
1.090909090909090995e-02
1.350649350649350648e-02
1.298701298701298787e-02
1.714285714285714371e-02
1.350649350649350648e-02
1.350649350649350648e-02
1.142857142857142856e-02
1.506493506493506579e-02
1.246753246753246752e-02
1.350649350649350648e-02
1.454545454545454544e-02
1.090909090909090995e-02
1.194805194805194891e-02
1.194805194805194891e-02
9.870129870129870989e-03
1.038961038961038960e-02
