1.000000000000000000e+00
8.241758241758241343e-01
7.527472527472527375e-01
7.472527472527472625e-01
6.648351648351648047e-01
7.087912087912088266e-01
6.923076923076922906e-01
6.593406593406593297e-01
6.758241758241758657e-01
6.208791208791208938e-01
6.868131868131868156e-01
5.769230769230768718e-01
5.219780219780220110e-01
5.824175824175824578e-01
5.934065934065934078e-01
6.263736263736263687e-01
6.318681318681318437e-01
6.098901098901099438e-01
5.494505494505494969e-01
6.318681318681318437e-01
5.824175824175824578e-01
6.758241758241758657e-01
6.318681318681318437e-01
5.274725274725274859e-01
6.208791208791208938e-01
6.483516483516483797e-01
6.868131868131868156e-01
6.703296703296702796e-01
6.153846153846154188e-01
5.879120879120879328e-01
5.824175824175824578e-01
6.318681318681318437e-01
5.659340659340659219e-01
6.263736263736263687e-01
5.714285714285713969e-01
5.824175824175824578e-01
5.824175824175824578e-01
5.604395604395604469e-01
4.945054945054945250e-01
5.659340659340659219e-01
5.329670329670329609e-01
5.164835164835165360e-01
5.384615384615384359e-01
5.439560439560439109e-01
5.879120879120879328e-01
6.153846153846154188e-01
5.274725274725274859e-01
5.604395604395604469e-01
5.879120879120879328e-01
5.384615384615384359e-01
4.890109890109889945e-01
5.384615384615384359e-01
6.098901098901099438e-01
5.824175824175824578e-01
5.659340659340659219e-01
5.769230769230768718e-01
5.109890109890109500e-01
4.890109890109889945e-01
5.274725274725274859e-01
5.109890109890109500e-01
4.945054945054945250e-01
5.824175824175824578e-01
4.835164835164835195e-01
4.725274725274725141e-01
4.450549450549450281e-01
3.901098901098901117e-01
5.109890109890109500e-01
4.780219780219780445e-01
4.725274725274725141e-01
4.505494505494505586e-01
4.285714285714285476e-01
5.164835164835165360e-01
4.395604395604395531e-01
4.670329670329670391e-01
4.670329670329670391e-01
5.274725274725274859e-01
4.890109890109889945e-01
4.505494505494505586e-01
4.670329670329670391e-01
4.175824175824175977e-01
4.285714285714285476e-01
4.175824175824175977e-01
4.395604395604395531e-01
3.901098901098901117e-01
3.406593406593406703e-01
3.901098901098901117e-01
4.285714285714285476e-01
4.395604395604395531e-01
4.120879120879120672e-01
3.461538461538461453e-01
3.736263736263736313e-01
4.175824175824175977e-01
3.516483516483516758e-01
4.395604395604395531e-01
3.956043956043955867e-01
3.681318681318681563e-01
3.461538461538461453e-01
3.571428571428571508e-01
3.571428571428571508e-01
3.791208791208791062e-01
3.736263736263736313e-01
4.175824175824175977e-01
4.340659340659340781e-01
4.010989010989011172e-01
3.846153846153846367e-01
3.956043956043955867e-01
4.285714285714285476e-01
4.010989010989011172e-01
4.230769230769230727e-01
3.736263736263736313e-01
3.681318681318681563e-01
3.131868131868131844e-01
4.065934065934065922e-01
3.516483516483516758e-01
3.516483516483516758e-01
3.846153846153846367e-01
3.736263736263736313e-01
3.626373626373626258e-01
3.351648351648351398e-01
3.956043956043955867e-01
3.846153846153846367e-01
2.857142857142856984e-01
3.626373626373626258e-01
3.076923076923077094e-01
3.571428571428571508e-01
3.571428571428571508e-01
3.736263736263736313e-01
3.956043956043955867e-01
3.681318681318681563e-01
3.351648351648351398e-01
3.296703296703296648e-01
3.791208791208791062e-01
3.406593406593406703e-01
2.692307692307692180e-01
2.967032967032967039e-01
3.241758241758241899e-01
3.076923076923077094e-01
3.076923076923077094e-01
3.076923076923077094e-01
3.571428571428571508e-01
3.406593406593406703e-01
3.571428571428571508e-01
3.791208791208791062e-01
3.571428571428571508e-01
3.681318681318681563e-01
3.076923076923077094e-01
3.351648351648351398e-01
3.296703296703296648e-01
3.076923076923077094e-01
2.802197802197802234e-01
3.406593406593406703e-01
3.296703296703296648e-01
3.461538461538461453e-01
3.186813186813186594e-01
2.582417582417582680e-01
3.131868131868131844e-01
3.681318681318681563e-01
2.967032967032967039e-01
3.186813186813186594e-01
2.967032967032967039e-01
2.637362637362637430e-01
3.406593406593406703e-01
3.186813186813186594e-01
2.417582417582417598e-01
3.076923076923077094e-01
3.131868131868131844e-01
2.857142857142856984e-01
2.472527472527472625e-01
2.637362637362637430e-01
2.637362637362637430e-01
2.582417582417582680e-01
2.747252747252747485e-01
2.582417582417582680e-01
3.076923076923077094e-01
2.967032967032967039e-01
3.131868131868131844e-01
3.296703296703296648e-01
3.021978021978021789e-01
3.076923076923077094e-01
2.857142857142856984e-01
3.076923076923077094e-01
3.076923076923077094e-01
2.692307692307692180e-01
2.857142857142856984e-01
2.802197802197802234e-01
2.692307692307692180e-01
2.527472527472527375e-01
3.131868131868131844e-01
2.912087912087912289e-01
2.637362637362637430e-01
3.186813186813186594e-01
3.076923076923077094e-01
3.131868131868131844e-01
3.461538461538461453e-01
3.076923076923077094e-01
2.637362637362637430e-01
3.461538461538461453e-01
3.461538461538461453e-01
2.857142857142856984e-01
2.802197802197802234e-01
2.472527472527472625e-01
3.021978021978021789e-01
2.692307692307692180e-01
2.692307692307692180e-01
2.417582417582417598e-01
2.802197802197802234e-01
3.296703296703296648e-01
2.967032967032967039e-01
2.857142857142856984e-01
2.582417582417582680e-01
2.747252747252747485e-01
3.076923076923077094e-01
2.747252747252747485e-01
2.472527472527472625e-01
2.582417582417582680e-01
2.912087912087912289e-01
3.186813186813186594e-01
3.076923076923077094e-01
2.747252747252747485e-01
2.307692307692307820e-01
3.021978021978021789e-01
2.802197802197802234e-01
2.912087912087912289e-01
2.857142857142856984e-01
2.802197802197802234e-01
2.692307692307692180e-01
2.747252747252747485e-01
2.307692307692307820e-01
2.582417582417582680e-01
2.527472527472527375e-01
2.472527472527472625e-01
2.307692307692307820e-01
2.692307692307692180e-01
2.197802197802197766e-01
2.417582417582417598e-01
2.582417582417582680e-01
2.087912087912087988e-01
2.472527472527472625e-01
2.582417582417582680e-01
2.197802197802197766e-01
2.912087912087912289e-01
2.912087912087912289e-01
2.802197802197802234e-01
3.076923076923077094e-01
2.692307692307692180e-01
3.021978021978021789e-01
2.307692307692307820e-01
2.087912087912087988e-01
2.857142857142856984e-01
2.637362637362637430e-01
3.021978021978021789e-01
2.527472527472527375e-01
2.197802197802197766e-01
2.637362637362637430e-01
2.637362637362637430e-01
2.362637362637362570e-01
2.692307692307692180e-01
2.692307692307692180e-01
2.637362637362637430e-01
2.527472527472527375e-01
2.857142857142856984e-01
3.131868131868131844e-01
2.912087912087912289e-01
2.802197802197802234e-01
3.076923076923077094e-01
2.857142857142856984e-01
3.021978021978021789e-01
3.296703296703296648e-01
2.582417582417582680e-01
2.912087912087912289e-01
2.637362637362637430e-01
2.637362637362637430e-01
2.472527472527472625e-01
2.362637362637362570e-01
2.362637362637362570e-01
2.582417582417582680e-01
2.472527472527472625e-01
3.076923076923077094e-01
2.582417582417582680e-01
2.967032967032967039e-01
2.857142857142856984e-01
2.582417582417582680e-01
2.747252747252747485e-01
2.692307692307692180e-01
2.637362637362637430e-01
2.747252747252747485e-01
2.912087912087912289e-01
2.637362637362637430e-01
2.912087912087912289e-01
2.692307692307692180e-01
2.087912087912087988e-01
2.527472527472527375e-01
2.857142857142856984e-01
2.252747252747252793e-01
2.362637362637362570e-01
2.197802197802197766e-01
2.582417582417582680e-01
2.087912087912087988e-01
2.197802197802197766e-01
2.032967032967032961e-01
2.142857142857142738e-01
1.923076923076923184e-01
2.032967032967032961e-01
2.527472527472527375e-01
2.472527472527472625e-01
2.692307692307692180e-01
2.032967032967032961e-01
2.252747252747252793e-01
2.142857142857142738e-01
2.527472527472527375e-01
2.252747252747252793e-01
2.472527472527472625e-01
2.582417582417582680e-01
2.582417582417582680e-01
2.307692307692307820e-01
2.802197802197802234e-01
2.417582417582417598e-01
2.252747252747252793e-01
2.197802197802197766e-01
2.032967032967032961e-01
2.197802197802197766e-01
2.637362637362637430e-01
2.087912087912087988e-01
2.692307692307692180e-01
2.197802197802197766e-01
2.362637362637362570e-01
2.197802197802197766e-01
2.142857142857142738e-01
2.197802197802197766e-01
2.747252747252747485e-01
2.252747252747252793e-01
2.307692307692307820e-01
2.802197802197802234e-01
3.021978021978021789e-01
2.252747252747252793e-01
2.857142857142856984e-01
2.472527472527472625e-01
2.197802197802197766e-01
2.692307692307692180e-01
2.582417582417582680e-01
2.637362637362637430e-01
1.978021978021977934e-01
2.197802197802197766e-01
2.032967032967032961e-01
2.252747252747252793e-01
2.197802197802197766e-01
1.923076923076923184e-01
2.417582417582417598e-01
2.747252747252747485e-01
2.362637362637362570e-01
2.197802197802197766e-01
2.252747252747252793e-01
2.087912087912087988e-01
2.142857142857142738e-01
2.087912087912087988e-01
2.032967032967032961e-01
1.923076923076923184e-01
2.307692307692307820e-01
2.362637362637362570e-01
2.362637362637362570e-01
1.923076923076923184e-01
2.252747252747252793e-01
2.362637362637362570e-01
2.087912087912087988e-01
2.472527472527472625e-01
2.362637362637362570e-01
2.362637362637362570e-01
2.417582417582417598e-01
2.307692307692307820e-01
2.032967032967032961e-01
1.978021978021977934e-01
2.362637362637362570e-01
2.197802197802197766e-01
2.362637362637362570e-01
1.923076923076923184e-01
2.032967032967032961e-01
2.142857142857142738e-01
2.142857142857142738e-01
2.197802197802197766e-01
2.197802197802197766e-01
2.032967032967032961e-01
1.703296703296703352e-01
2.197802197802197766e-01
1.978021978021977934e-01
2.087912087912087988e-01
2.582417582417582680e-01
1.978021978021977934e-01
2.197802197802197766e-01
2.032967032967032961e-01
1.923076923076923184e-01
2.417582417582417598e-01
2.307692307692307820e-01
2.252747252747252793e-01
2.252747252747252793e-01
2.747252747252747485e-01
2.582417582417582680e-01
2.087912087912087988e-01
2.142857142857142738e-01
2.142857142857142738e-01
2.142857142857142738e-01
2.087912087912087988e-01
