1.000000000000000000e+00
8.839712918660287411e-01
8.648325358851675082e-01
8.247607655502392499e-01
8.104066985645933530e-01
7.936602870813397326e-01
7.825956937799043445e-01
7.637559808612439660e-01
7.500000000000000000e-01
7.446172248803827332e-01
7.514952153110048272e-01
7.159090909090909394e-01
7.153110047846890085e-01
7.129186602870812850e-01
6.880980861244019309e-01
6.842105263157894912e-01
6.877990430622009654e-01
6.722488038277512068e-01
6.761363636363636465e-01
6.779306220095693281e-01
6.549043062200956555e-01
6.614832535885167841e-01
6.581937799043062753e-01
6.456339712918660600e-01
6.444377990430621983e-01
6.372607655502392499e-01
6.327751196172248793e-01
6.258971291866028963e-01
6.133373205741626810e-01
6.130382775119617156e-01
6.022727272727272929e-01
6.121411483253588193e-01
6.127392344497607501e-01
5.816387559808612329e-01
5.825358851674641292e-01
5.828349282296650946e-01
5.840311004784688453e-01
5.882177033492822504e-01
5.693779904306219830e-01
5.726674641148324918e-01
5.720693779904306719e-01
5.627990430622009654e-01
5.630980861244019309e-01
5.574162679425836986e-01
5.562200956937799479e-01
5.430622009569378017e-01
5.358851674641148533e-01
5.331937799043062753e-01
5.230263157894736725e-01
5.308014354066985518e-01
5.197368421052631637e-01
5.239234449760765688e-01
5.209330143540670255e-01
5.086722488038277756e-01
5.104665071770334572e-01
5.053827751196172668e-01
5.125598086124402153e-01
4.967105263157894912e-01
4.988038277511961938e-01
4.796650717703349054e-01
4.925239234449760861e-01
4.847488038277512068e-01
4.623205741626794096e-01
4.727870813397129224e-01
4.874401913875597847e-01
4.808612440191387671e-01
4.769736842105263275e-01
4.638157894736842368e-01
4.766746411483253620e-01
4.724880382775119569e-01
4.614234449760765688e-01
4.527511961722487932e-01
4.706937799043062198e-01
4.650119617224880431e-01
4.515550239234449870e-01
4.536483253588516895e-01
4.497607655502392499e-01
4.401913875598086334e-01
4.458732057416268102e-01
4.342105263157894912e-01
4.509569377990430561e-01
4.395933014354067025e-01
4.476674641148325473e-01
4.395933014354067025e-01
4.291267942583731898e-01
4.297248803827751207e-01
4.243421052631579093e-01
4.291267942583731898e-01
4.204545454545454697e-01
4.377990430622009654e-01
4.171650717703349054e-01
4.177631578947368363e-01
4.297248803827751207e-01
4.207535885167464351e-01
4.075956937799042890e-01
4.126794258373205904e-01
4.189593301435406425e-01
4.072966507177033235e-01
4.019138755980861122e-01
4.052033492822966765e-01
4.058014354066985518e-01
4.081937799043062198e-01
4.022129186602870776e-01
3.941387559808612329e-01
4.010167464114832714e-01
4.084928229665071853e-01
4.096889952153109915e-01
4.034090909090908839e-01
3.989234449760765688e-01
4.019138755980861122e-01
4.043062200956937802e-01
3.902511961722487932e-01
3.884569377990430561e-01
3.944377990430621983e-01
3.839712918660286856e-01
3.738038277511961938e-01
3.797846889952153360e-01
3.788875598086124397e-01
3.800837320574162459e-01
3.747009569377990346e-01
3.738038277511961938e-01
3.860645933014353881e-01
3.833732057416268102e-01
3.633373205741626810e-01
3.714114832535885258e-01
3.654306220095693836e-01
3.714114832535885258e-01
3.558612440191387671e-01
3.696172248803827887e-01
3.603468899521531377e-01
3.660287081339713144e-01
3.567583732057416079e-01
3.588516746411483105e-01
3.537679425837320646e-01
3.543660287081339955e-01
3.564593301435406425e-01
3.513755980861243966e-01
3.373205741626794096e-01
3.495813397129186595e-01
3.552631578947368363e-01
3.516746411483253620e-01
3.433014354066985518e-01
3.403110047846890085e-01
3.286483253588516895e-01
3.358253588516746380e-01
3.247607655502392499e-01
3.280502392344497586e-01
3.355263157894736725e-01
3.274521531100478278e-01
3.199760765550239139e-01
3.190789473684210731e-01
3.268540669856459524e-01
3.202751196172248793e-01
3.376196172248803751e-01
3.247607655502392499e-01
3.220693779904306164e-01
3.286483253588516895e-01
3.268540669856459524e-01
3.223684210526315819e-01
3.187799043062201076e-01
3.256578947368420907e-01
3.193779904306219830e-01
3.187799043062201076e-01
3.160885167464114742e-01
3.202751196172248793e-01
3.032296650717703490e-01
3.089114832535885258e-01
3.050239234449760861e-01
3.101076555023923320e-01
2.915669856459330300e-01
2.984449760765550130e-01
2.933612440191387671e-01
2.951555023923445042e-01
3.005382775119617156e-01
2.879784688995215558e-01
2.924641148325358708e-01
2.966507177033492759e-01
2.891746411483253620e-01
2.900717703349282028e-01
2.897727272727272929e-01
2.981459330143540476e-01
2.990430622009569439e-01
2.879784688995215558e-01
2.909688995215310992e-01
2.897727272727272929e-01
2.843899521531100261e-01
2.858851674641148533e-01
2.924641148325358708e-01
2.879784688995215558e-01
2.939593301435406425e-01
2.754186602870813405e-01
2.849880382775119569e-01
2.799043062200957110e-01
2.808014354066985518e-01
2.897727272727272929e-01
2.831937799043062198e-01
2.819976076555024136e-01
2.840909090909091161e-01
2.748205741626794096e-01
2.802033492822966765e-01
2.781100478468899739e-01
2.834928229665071853e-01
2.813995215311004827e-01
2.825956937799042890e-01
2.775119617224880431e-01
2.727272727272727071e-01
2.808014354066985518e-01
2.694377990430621983e-01
2.721291866028708317e-01
2.796052631578947456e-01
2.790071770334928147e-01
2.757177033492823059e-01
2.643540669856459524e-01
2.772129186602870776e-01
2.688397129186602674e-01
2.730263157894736725e-01
2.772129186602870776e-01
2.637559808612440215e-01
2.772129186602870776e-01
2.778110047846890085e-01
2.715311004784689008e-01
2.658492822966507241e-01
2.664473684210526550e-01
2.688397129186602674e-01
2.685406698564593575e-01
2.819976076555024136e-01
2.664473684210526550e-01
2.796052631578947456e-01
2.673444976076554958e-01
2.682416267942583921e-01
2.640550239234449870e-01
2.819976076555024136e-01
2.583732057416268102e-01
2.664473684210526550e-01
2.538875598086124397e-01
2.631578947368420907e-01
2.601674641148325473e-01
2.541866028708134051e-01
2.526913875598086334e-01
2.514952153110047717e-01
2.643540669856459524e-01
2.694377990430621983e-01
2.610645933014353881e-01
2.673444976076554958e-01
2.625598086124402153e-01
2.559808612440191422e-01
2.598684210526315819e-01
2.526913875598086334e-01
2.670454545454545303e-01
2.511961722488038062e-01
2.625598086124402153e-01
2.580741626794258448e-01
2.520933014354067025e-01
2.583732057416268102e-01
2.565789473684210731e-01
2.634569377990430561e-01
2.541866028708134051e-01
2.583732057416268102e-01
2.538875598086124397e-01
2.637559808612440215e-01
2.589712918660286856e-01
2.565789473684210731e-01
2.476076555023923320e-01
2.520933014354067025e-01
2.562799043062201076e-01
2.440191387559808578e-01
2.550837320574162459e-01
2.508971291866028963e-01
2.479066985645932975e-01
2.356459330143540754e-01
2.428229665071770238e-01
2.428229665071770238e-01
2.452153110047846918e-01
2.440191387559808578e-01
2.428229665071770238e-01
2.440191387559808578e-01
2.434210526315789547e-01
2.350478468899521445e-01
2.332535885167464074e-01
2.380382775119617156e-01
2.461124401913875603e-01
2.344497607655502414e-01
2.413277511961722521e-01
2.449162679425837263e-01
2.395334928229665150e-01
2.395334928229665150e-01
2.446172248803827887e-01
2.464114832535885258e-01
2.497009569377990346e-01
2.437200956937798924e-01
2.404306220095693836e-01
2.491028708133971314e-01
2.443181818181818232e-01
2.428229665071770238e-01
2.473086124401913943e-01
2.470095693779904289e-01
2.482057416267942629e-01
2.395334928229665150e-01
2.386363636363636465e-01
2.317583732057416357e-01
2.446172248803827887e-01
2.392344497607655496e-01
2.371411483253588470e-01
2.356459330143540754e-01
2.392344497607655496e-01
2.299641148325358986e-01
2.335526315789473728e-01
2.269736842105263275e-01
2.299641148325358986e-01
2.332535885167464074e-01
2.233851674641148255e-01
2.227870813397129224e-01
2.326555023923445042e-01
2.209928229665071853e-01
2.227870813397129224e-01
2.233851674641148255e-01
2.248803827751196249e-01
2.287679425837320646e-01
2.257775119617224935e-01
2.263755980861243966e-01
2.248803827751196249e-01
2.290669856459330023e-01
2.188995215311004827e-01
2.248803827751196249e-01
2.194976076555023858e-01
2.260765550239234312e-01
2.245813397129186595e-01
2.251794258373205626e-01
2.290669856459330023e-01
2.254784688995215280e-01
2.188995215311004827e-01
2.165071770334928147e-01
2.215909090909090884e-01
2.230861244019138878e-01
2.242822966507176941e-01
2.123205741626794374e-01
2.206937799043062198e-01
2.239832535885167564e-01
2.212918660287081229e-01
2.135167464114832436e-01
2.203947368421052544e-01
2.114234449760765688e-01
2.236842105263157909e-01
2.138157894736842091e-01
2.168062200956937802e-01
2.090311004784689008e-01
2.138157894736842091e-01
2.126196172248803751e-01
2.105263157894736725e-01
2.123205741626794374e-01
2.129186602870813405e-01
2.078349282296650669e-01
2.120215311004784720e-01
2.138157894736842091e-01
2.105263157894736725e-01
2.162081339712918771e-01
2.045454545454545581e-01
2.084330143540669977e-01
2.051435406698564612e-01
2.045454545454545581e-01
2.024521531100478555e-01
2.054425837320574266e-01
2.027511961722487932e-01
2.132177033492823059e-01
2.009569377990430561e-01
2.090311004784689008e-01
2.036483253588516618e-01
2.099282296650717694e-01
2.105263157894736725e-01
2.111244019138756034e-01
2.123205741626794374e-01
2.108253588516746380e-01
2.111244019138756034e-01
2.018540669856459246e-01
2.162081339712918771e-01
2.081339712918660323e-01
2.051435406698564612e-01
2.042464114832535926e-01
1.955741626794258448e-01
1.994617224880382844e-01
2.024521531100478555e-01
1.973684210526315819e-01
1.943779904306220108e-01
1.925837320574162737e-01
1.961722488038277479e-01
2.033492822966507241e-01
1.940789473684210453e-01
1.955741626794258448e-01
2.027511961722487932e-01
2.036483253588516618e-01
1.994617224880382844e-01
1.973684210526315819e-01
2.093301435406698663e-01
1.949760765550239139e-01
1.952751196172248793e-01
1.907894736842105365e-01
1.895933014354067025e-01
1.967703349282296788e-01
1.913875598086124397e-01
1.937799043062201076e-01
1.913875598086124397e-01
