1.000000000000000000e+00
8.135011441647597152e-01
7.303585049580473276e-01
6.945080091533181177e-01
6.704805491990846189e-01
6.205186880244087932e-01
6.098398169336384234e-01
5.724637681159420177e-01
5.598779557589625977e-01
5.530129672006102171e-01
5.400457665903890536e-01
5.190694126620900573e-01
5.007627765064835978e-01
5.080091533180778329e-01
4.622425629290617954e-01
4.774980930587338079e-01
4.523264683447749679e-01
4.382151029748283522e-01
4.321128909229595694e-01
4.431731502669717937e-01
4.252479023646071887e-01
4.244851258581235909e-01
3.943554538520213648e-01
3.985507246376811530e-01
3.886346300533943809e-01
3.726163234172387706e-01
3.680396643783371280e-01
3.707093821510297760e-01
3.718535469107551727e-01
3.550724637681159646e-01
3.352402745995423095e-01
3.306636155606407224e-01
3.276125095347063310e-01
3.279938977879481299e-01
3.329519450800915159e-01
3.291380625476735267e-01
3.115942028985507206e-01
3.100686498855835249e-01
3.043478260869565410e-01
3.001525553012966974e-01
2.829900839054156902e-01
2.772692601067887064e-01
2.871853546910755339e-01
2.784134248665141032e-01
2.772692601067887064e-01
2.715484363081617225e-01
2.524790236460717208e-01
2.681159420289855322e-01
2.608695652173912971e-01
2.555301296720061122e-01
2.532418001525553186e-01
2.490465293668955027e-01
2.528604118993135197e-01
2.425629290617848932e-01
2.528604118993135197e-01
2.421815408085430943e-01
2.372234935163997083e-01
2.303585049580472999e-01
2.387490465293669040e-01
2.307398932112890988e-01
2.242562929061784893e-01
2.299771167048055009e-01
2.421815408085430943e-01
2.353165522501906859e-01
2.326468344774980934e-01
2.200610221205187012e-01
2.250190694126620872e-01
2.185354691075514777e-01
2.173913043478260809e-01
2.154843630816170863e-01
1.967963386727688835e-01
2.044241037376048897e-01
1.864988558352402848e-01
2.036613272311212919e-01
1.868802440884820837e-01
1.899313501144164751e-01
1.819221967963386699e-01
1.891685736079328772e-01
1.857360793287566869e-01
1.903127383676582740e-01
1.811594202898550721e-01
1.792524790236460774e-01
1.906941266209000729e-01
1.708619374523264733e-01
1.723874904652936690e-01
1.723874904652936690e-01
1.762013729977116583e-01
1.754385964912280604e-01
1.781083142639206807e-01
1.674294431731502553e-01
1.601830663615560757e-01
1.605644546147978746e-01
1.632341723874904671e-01
1.609458428680396735e-01
1.624713958810068692e-01
1.598016781083142768e-01
1.639969488939740649e-01
1.659038901601830596e-01
1.647597254004576628e-01
1.590389016018306512e-01
1.552250190694126619e-01
1.498855835240274492e-01
1.460717009916094600e-01
1.502669717772692481e-01
1.460717009916094600e-01
1.384439359267734537e-01
1.392067124332570516e-01
1.392067124332570516e-01
1.468344774980930578e-01
1.350114416475972634e-01
1.365369946605644591e-01
1.365369946605644591e-01
1.414950419527078451e-01
1.498855835240274492e-01
1.380625476735316548e-01
1.331045003813882410e-01
1.357742181540808613e-01
1.353928299008390623e-01
1.449275362318840632e-01
1.403508771929824483e-01
1.319603356216628443e-01
1.361556064073226602e-01
1.331045003813882410e-01
1.285278413424866539e-01
1.311975591151792464e-01
1.319603356216628443e-01
1.228070175438596423e-01
1.231884057971014551e-01
1.254767353165522625e-01
1.289092295957284529e-01
1.235697940503432540e-01
1.350114416475972634e-01
1.167048054919908456e-01
1.189931350114416531e-01
1.224256292906178434e-01
1.205186880244088488e-01
1.205186880244088488e-01
1.277650648360030561e-01
1.220442410373760445e-01
1.243325705568268519e-01
1.266209000762776593e-01
1.277650648360030561e-01
1.250953470633104636e-01
1.216628527841342455e-01
1.159420289855072478e-01
1.186117467581998541e-01
1.170861937452326446e-01
1.083142639206712415e-01
1.189931350114416531e-01
1.186117467581998541e-01
1.102212051868802500e-01
1.155606407322654489e-01
1.128909229595728425e-01
1.197559115179252509e-01
1.075514874141876437e-01
1.048817696414950373e-01
1.083142639206712415e-01
1.083142639206712415e-01
1.029748283752860427e-01
9.877955758962624067e-02
1.056445461479786491e-01
1.041189931350114395e-01
1.041189931350114395e-01
1.106025934401220490e-01
1.014492753623188470e-01
1.048817696414950373e-01
1.029748283752860427e-01
1.098398169336384372e-01
1.052631578947368363e-01
1.090770404271548394e-01
9.916094584286803959e-02
1.025934401220442438e-01
1.064073226544622469e-01
9.877955758962624067e-02
1.022120518688024449e-01
1.037376048817696406e-01
9.839816933638444174e-02
9.344012204424104184e-02
9.229595728451563119e-02
9.038901601830663657e-02
8.771929824561403022e-02
9.954233409610983851e-02
9.344012204424104184e-02
9.916094584286803959e-02
9.763539282990084389e-02
1.022120518688024449e-01
9.382151029748284077e-02
9.496567505720823754e-02
1.006864988558352353e-01
9.534706331045003647e-02
9.649122807017543324e-02
9.305873379099924292e-02
9.496567505720823754e-02
9.191456903127383227e-02
8.886346300533944087e-02
8.504958047292143775e-02
8.466819221967963882e-02
7.971014492753622505e-02
8.352402745995422817e-02
8.466819221967963882e-02
8.428680396643783990e-02
8.848207475209764195e-02
8.009153318077803785e-02
7.971014492753622505e-02
8.047292143401983677e-02
8.276125095347063032e-02
8.390541571319602709e-02
7.856598016781082827e-02
7.780320366132723042e-02
7.398932112890922730e-02
7.932875667429442612e-02
7.513348588863462407e-02
7.246376811594203160e-02
6.979405034324942525e-02
7.398932112890922730e-02
7.437070938215102622e-02
7.246376811594203160e-02
7.742181540808543150e-02
7.437070938215102622e-02
7.742181540808543150e-02
7.589626239511823580e-02
7.475209763539282515e-02
7.704042715484363257e-02
7.932875667429442612e-02
8.428680396643783990e-02
7.704042715484363257e-02
7.551487414187643687e-02
8.199847444698703247e-02
7.513348588863462407e-02
7.856598016781082827e-02
6.941266209000762633e-02
7.971014492753622505e-02
7.398932112890922730e-02
7.170099160945843375e-02
7.093821510297482202e-02
7.742181540808543150e-02
6.826849733028222955e-02
7.437070938215102622e-02
7.704042715484363257e-02
7.818459191456902935e-02
7.627765064836003472e-02
7.627765064836003472e-02
8.009153318077803785e-02
7.360793287566742837e-02
7.856598016781082827e-02
6.941266209000762633e-02
7.170099160945843375e-02
7.208237986270023268e-02
7.360793287566742837e-02
7.360793287566742837e-02
7.475209763539282515e-02
7.322654462242562945e-02
7.246376811594203160e-02
7.398932112890922730e-02
6.788710907704043063e-02
6.788710907704043063e-02
6.750572082379863170e-02
7.513348588863462407e-02
6.826849733028222955e-02
7.131960335621663483e-02
7.246376811594203160e-02
6.903127383676582740e-02
7.055682684973302310e-02
6.674294431731501998e-02
6.598016781083142213e-02
7.513348588863462407e-02
6.674294431731501998e-02
6.712433257055683278e-02
6.903127383676582740e-02
6.903127383676582740e-02
6.941266209000762633e-02
6.750572082379863170e-02
6.979405034324942525e-02
6.216628527841342594e-02
6.445461479786422643e-02
6.674294431731501998e-02
6.788710907704043063e-02
6.483600305110602535e-02
6.445461479786422643e-02
6.445461479786422643e-02
6.102212051868802223e-02
6.483600305110602535e-02
6.140350877192982115e-02
6.331045003813882965e-02
6.559877955758962320e-02
6.369183829138062858e-02
6.712433257055683278e-02
6.445461479786422643e-02
6.292906178489703073e-02
6.216628527841342594e-02
6.559877955758962320e-02
6.598016781083142213e-02
6.292906178489703073e-02
6.178489702517162702e-02
6.064073226544622330e-02
6.369183829138062858e-02
6.331045003813882965e-02
6.636155606407322105e-02
6.140350877192982115e-02
6.445461479786422643e-02
6.445461479786422643e-02
6.445461479786422643e-02
5.911517925247902067e-02
5.873379099923722174e-02
6.064073226544622330e-02
5.491990846681921862e-02
5.911517925247902067e-02
5.568268497330282341e-02
5.987795575896262545e-02
5.949656750572082653e-02
6.178489702517162702e-02
6.025934401220442438e-02
5.911517925247902067e-02
5.377574370709382184e-02
5.797101449275362389e-02
6.025934401220442438e-02
5.797101449275362389e-02
5.911517925247902067e-02
6.559877955758962320e-02
6.445461479786422643e-02
6.140350877192982115e-02
5.720823798627002604e-02
5.682684973302822018e-02
5.568268497330282341e-02
6.025934401220442438e-02
5.797101449275362389e-02
6.483600305110602535e-02
5.987795575896262545e-02
5.682684973302822018e-02
5.453852021357741969e-02
5.644546147978642125e-02
5.568268497330282341e-02
6.025934401220442438e-02
5.797101449275362389e-02
5.644546147978642125e-02
5.797101449275362389e-02
5.949656750572082653e-02
5.758962623951182497e-02
5.949656750572082653e-02
5.644546147978642125e-02
5.949656750572082653e-02
5.835240274599542282e-02
5.491990846681921862e-02
5.758962623951182497e-02
5.949656750572082653e-02
6.254767353165523180e-02
5.644546147978642125e-02
5.644546147978642125e-02
5.225019069412661921e-02
5.568268497330282341e-02
5.148741418764302136e-02
5.415713196033562077e-02
5.568268497330282341e-02
5.644546147978642125e-02
5.301296720061022399e-02
5.415713196033562077e-02
4.919908466819222087e-02
5.606407322654462233e-02
5.263157894736841813e-02
5.682684973302822018e-02
5.263157894736841813e-02
5.263157894736841813e-02
5.148741418764302136e-02
5.415713196033562077e-02
4.919908466819222087e-02
5.186880244088482028e-02
5.453852021357741969e-02
5.530129672006102448e-02
5.377574370709382184e-02
5.339435545385202292e-02
5.682684973302822018e-02
4.767353165522501823e-02
4.805491990846681716e-02
5.225019069412661921e-02
5.186880244088482028e-02
4.919908466819222087e-02
5.301296720061022399e-02
5.377574370709382184e-02
5.339435545385202292e-02
5.186880244088482028e-02
4.767353165522501823e-02
5.225019069412661921e-02
4.843630816170861608e-02
5.110602593440122243e-02
5.072463768115942351e-02
4.919908466819222087e-02
5.034324942791761764e-02
4.881769641495042195e-02
4.767353165522501823e-02
4.691075514874142038e-02
5.034324942791761764e-02
4.462242562929061990e-02
4.538520213577421775e-02
4.996186117467581872e-02
5.148741418764302136e-02
5.301296720061022399e-02
4.881769641495042195e-02
4.691075514874142038e-02
3.928299008390541414e-02
4.309687261632341726e-02
4.919908466819222087e-02
