1.000000000000000000e+00
7.849206349206349076e-01
7.182539682539682557e-01
6.857142857142857206e-01
6.658730158730158388e-01
6.273809523809523725e-01
6.198412698412698596e-01
5.896825396825396970e-01
5.761904761904761418e-01
5.563492063492063711e-01
5.563492063492063711e-01
5.067460317460317221e-01
5.095238095238094900e-01
4.888888888888888729e-01
4.904761904761904545e-01
4.726190476190476053e-01
4.571428571428571286e-01
4.460317460317460569e-01
4.448412698412698152e-01
4.341269841269841390e-01
4.297619047619047894e-01
4.257936507936507797e-01
3.964285714285714080e-01
3.888888888888888951e-01
3.972222222222221988e-01
3.686507936507936734e-01
3.650793650793650591e-01
3.476190476190476053e-01
3.678571428571428825e-01
3.575396825396825462e-01
3.527777777777778012e-01
3.488095238095237915e-01
3.317460317460317332e-01
3.285714285714285698e-01
3.238095238095238249e-01
3.273809523809523836e-01
3.095238095238095344e-01
2.932539682539682668e-01
3.111111111111111160e-01
3.027777777777777568e-01
2.900793650793651035e-01
3.023809523809523614e-01
3.023809523809523614e-01
2.976190476190476164e-01
2.876984126984126755e-01
2.857142857142856984e-01
2.853174603174603030e-01
2.753968253968254176e-01
2.714285714285714080e-01
2.726190476190475942e-01
2.682539682539682446e-01
2.706349206349206171e-01
2.527777777777777679e-01
2.488095238095238138e-01
2.460317460317460181e-01
2.500000000000000000e-01
2.412698412698412731e-01
2.432539682539682502e-01
2.420634920634920639e-01
2.325396825396825462e-01
2.194444444444444420e-01
2.301587301587301460e-01
2.376984126984126866e-01
2.361111111111111049e-01
2.273809523809523780e-01
2.230158730158730285e-01
2.123015873015872967e-01
2.154761904761904878e-01
2.087301587301587380e-01
2.134920634920634830e-01
2.087301587301587380e-01
1.996031746031746157e-01
1.940476190476190521e-01
2.011904761904761973e-01
1.880952380952380931e-01
1.845238095238095344e-01
1.976190476190476109e-01
2.003968253968254065e-01
1.988095238095237971e-01
1.952380952380952384e-01
1.900793650793650702e-01
1.880952380952380931e-01
1.861111111111111160e-01
1.841269841269841390e-01
1.821428571428571341e-01
1.742063492063491981e-01
1.797619047619047616e-01
1.678571428571428437e-01
1.753968253968253843e-01
1.710317460317460347e-01
1.714285714285714302e-01
1.658730158730158666e-01
1.686507936507936622e-01
1.579365079365079305e-01
1.638888888888888895e-01
1.527777777777777901e-01
1.575396825396825351e-01
1.646825396825396803e-01
1.642857142857142849e-01
1.496031746031745990e-01
1.555555555555555580e-01
1.638888888888888895e-01
1.579365079365079305e-01
1.496031746031745990e-01
1.531746031746031855e-01
1.579365079365079305e-01
1.527777777777777901e-01
1.476190476190476220e-01
1.551587301587301626e-01
1.440476190476190355e-01
1.424603174603174538e-01
1.416666666666666630e-01
1.404761904761904767e-01
1.357142857142857040e-01
1.392857142857142905e-01
1.384920634920634996e-01
1.412698412698412676e-01
1.404761904761904767e-01
1.305555555555555636e-01
1.357142857142857040e-01
1.289682539682539819e-01
1.337301587301587269e-01
1.226190476190476136e-01
1.333333333333333315e-01
1.277777777777777679e-01
1.250000000000000000e-01
1.329365079365079361e-01
1.297619047619047727e-01
1.313492063492063544e-01
1.329365079365079361e-01
1.293650793650793773e-01
1.325396825396825407e-01
1.253968253968253954e-01
1.293650793650793773e-01
1.178571428571428548e-01
1.297619047619047727e-01
1.226190476190476136e-01
1.230158730158730090e-01
1.214285714285714274e-01
1.246031746031746046e-01
1.301587301587301682e-01
1.210317460317460320e-01
1.210317460317460320e-01
1.174603174603174593e-01
1.154761904761904823e-01
1.063492063492063461e-01
1.099206349206349187e-01
1.162698412698412731e-01
1.182539682539682502e-01
1.138888888888888867e-01
1.067460317460317415e-01
1.075396825396825462e-01
1.134920634920634913e-01
1.071428571428571369e-01
1.123015873015873051e-01
1.142857142857142821e-01
1.099206349206349187e-01
1.083333333333333370e-01
1.115079365079365142e-01
1.091269841269841279e-01
1.055555555555555552e-01
1.063492063492063461e-01
1.126984126984127005e-01
1.043650793650793690e-01
9.761904761904761918e-02
9.880952380952380543e-02
1.027777777777777735e-01
1.003968253968254010e-01
1.039682539682539736e-01
9.801587301587301460e-02
9.642857142857143293e-02
9.920634920634920084e-02
9.523809523809523281e-02
1.015873015873015872e-01
9.246031746031746490e-02
9.960317460317459626e-02
9.404761904761904656e-02
9.603174603174603752e-02
9.246031746031746490e-02
9.523809523809523281e-02
9.126984126984126477e-02
9.523809523809523281e-02
8.849206349206349687e-02
9.246031746031746490e-02
9.166666666666666019e-02
9.325396825396825573e-02
8.690476190476190133e-02
8.690476190476190133e-02
8.849206349206349687e-02
8.769841269841269216e-02
8.888888888888889228e-02
9.484126984126983739e-02
8.888888888888889228e-02
8.531746031746031966e-02
8.690476190476190133e-02
8.333333333333332871e-02
7.420634920634920639e-02
8.730158730158729674e-02
9.126984126984126477e-02
8.333333333333332871e-02
8.373015873015872412e-02
7.936507936507936067e-02
8.690476190476190133e-02
7.460317460317460181e-02
8.293650793650793329e-02
8.571428571428571508e-02
7.738095238095238360e-02
7.658730158730159276e-02
7.738095238095238360e-02
7.777777777777777901e-02
8.412698412698413342e-02
7.539682539682539264e-02
7.460317460317460181e-02
7.142857142857142461e-02
7.579365079365078806e-02
7.460317460317460181e-02
7.777777777777777901e-02
7.460317460317460181e-02
7.182539682539682002e-02
7.023809523809523836e-02
6.984126984126984294e-02
6.865079365079365670e-02
6.349206349206348854e-02
6.944444444444444753e-02
7.460317460317460181e-02
7.738095238095238360e-02
7.380952380952381098e-02
6.904761904761905211e-02
7.023809523809523836e-02
6.547619047619047949e-02
6.190476190476190688e-02
6.468253968253968866e-02
6.587301587301587491e-02
6.190476190476190688e-02
7.142857142857142461e-02
6.309523809523809312e-02
6.031746031746031828e-02
6.428571428571427937e-02
6.428571428571427937e-02
6.666666666666666574e-02
6.587301587301587491e-02
5.793650793650793884e-02
6.507936507936508408e-02
5.595238095238095483e-02
6.150793650793650452e-02
6.111111111111110911e-02
6.031746031746031828e-02
6.111111111111110911e-02
6.309523809523809312e-02
6.150793650793650452e-02
5.833333333333333426e-02
6.269841269841269771e-02
6.269841269841269771e-02
6.666666666666666574e-02
6.111111111111110911e-02
6.269841269841269771e-02
6.031746031746031828e-02
6.388888888888888395e-02
6.468253968253968866e-02
5.793650793650793884e-02
6.111111111111110911e-02
6.111111111111110911e-02
6.547619047619047949e-02
5.515873015873015706e-02
6.349206349206348854e-02
6.349206349206348854e-02
5.873015873015872967e-02
5.634920634920635024e-02
5.833333333333333426e-02
5.952380952380952051e-02
6.230158730158730229e-02
5.793650793650793884e-02
6.349206349206348854e-02
5.714285714285714107e-02
5.476190476190476164e-02
5.238095238095238221e-02
6.190476190476190688e-02
5.793650793650793884e-02
5.595238095238095483e-02
5.158730158730158444e-02
5.079365079365079361e-02
5.753968253968253649e-02
5.158730158730158444e-02
5.436507936507936622e-02
4.285714285714285754e-02
4.920634920634920501e-02
4.920634920634920501e-02
5.039682539682539819e-02
5.039682539682539819e-02
5.555555555555555247e-02
4.841269841269841417e-02
5.238095238095238221e-02
5.119047619047618902e-02
5.515873015873015706e-02
4.920634920634920501e-02
4.682539682539682557e-02
5.000000000000000278e-02
5.436507936507936622e-02
4.960317460317460042e-02
4.960317460317460042e-02
4.801587301587301876e-02
5.238095238095238221e-02
5.000000000000000278e-02
5.396825396825397081e-02
5.198412698412698679e-02
4.801587301587301876e-02
5.357142857142856845e-02
5.476190476190476164e-02
4.920634920634920501e-02
4.920634920634920501e-02
5.039682539682539819e-02
5.714285714285714107e-02
5.793650793650793884e-02
5.119047619047618902e-02
4.603174603174603474e-02
5.198412698412698679e-02
5.238095238095238221e-02
4.444444444444444614e-02
4.603174603174603474e-02
4.841269841269841417e-02
4.801587301587301876e-02
4.642857142857143016e-02
4.960317460317460042e-02
4.404761904761905073e-02
4.365079365079364837e-02
4.682539682539682557e-02
4.444444444444444614e-02
4.523809523809523697e-02
4.603174603174603474e-02
4.404761904761905073e-02
4.880952380952380959e-02
4.880952380952380959e-02
4.801587301587301876e-02
4.761904761904761640e-02
4.285714285714285754e-02
4.682539682539682557e-02
4.801587301587301876e-02
4.126984126984126894e-02
4.007936507936508269e-02
4.484126984126984156e-02
4.563492063492063239e-02
4.603174603174603474e-02
4.603174603174603474e-02
4.484126984126984156e-02
4.563492063492063239e-02
4.722222222222222099e-02
4.682539682539682557e-02
4.087301587301587352e-02
4.365079365079364837e-02
4.206349206349206671e-02
4.563492063492063239e-02
3.849206349206349409e-02
4.126984126984126894e-02
4.642857142857143016e-02
4.246031746031746212e-02
3.928571428571428492e-02
3.888888888888888951e-02
3.888888888888888951e-02
4.087301587301587352e-02
3.849206349206349409e-02
4.523809523809523697e-02
3.928571428571428492e-02
4.325396825396825295e-02
4.047619047619047811e-02
4.682539682539682557e-02
4.285714285714285754e-02
4.166666666666666435e-02
3.928571428571428492e-02
4.484126984126984156e-02
4.007936507936508269e-02
3.809523809523809867e-02
4.126984126984126894e-02
4.206349206349206671e-02
4.007936507936508269e-02
3.928571428571428492e-02
4.047619047619047811e-02
3.928571428571428492e-02
4.047619047619047811e-02
4.007936507936508269e-02
3.888888888888888951e-02
3.690476190476190549e-02
3.611111111111110772e-02
4.285714285714285754e-02
4.365079365079364837e-02
4.166666666666666435e-02
3.809523809523809867e-02
3.769841269841269632e-02
3.809523809523809867e-02
3.492063492063492147e-02
3.571428571428571230e-02
3.809523809523809867e-02
3.849206349206349409e-02
3.888888888888888951e-02
3.968253968253968034e-02
4.087301587301587352e-02
3.531746031746031689e-02
3.373015873015872829e-02
3.769841269841269632e-02
4.285714285714285754e-02
3.769841269841269632e-02
3.769841269841269632e-02
