1.000000000000000000e+00
8.871627146361406036e-01
8.143908421913328421e-01
8.479149632052330743e-01
8.217497955846280178e-01
7.825020441537203775e-01
7.996729354047424909e-01
7.890433360588716694e-01
7.816843826655764937e-01
7.792313982011447315e-01
7.399836467702370912e-01
7.547015535568274425e-01
7.252657399836467400e-01
7.350776778413736778e-01
7.408013082583809750e-01
7.448896156991006157e-01
7.219950940310710941e-01
6.974652493867539160e-01
6.950122649223221538e-01
7.179067865903515644e-01
7.301717089125102644e-01
7.269010629599346185e-01
6.958299264104660375e-01
6.950122649223221538e-01
7.195421095666394429e-01
7.023712183156173294e-01
6.713000817661488595e-01
7.056418642681929754e-01
6.680294358135732136e-01
6.336876533115289867e-01
6.443172526573998082e-01
6.753883892068683892e-01
6.753883892068683892e-01
6.614881439084219217e-01
6.533115290269828623e-01
6.263286999182338111e-01
6.312346688470973355e-01
6.410466067048241623e-01
6.410466067048241623e-01
6.238757154538021599e-01
6.287816843826655733e-01
6.181520850367947517e-01
6.124284546197874546e-01
6.222403924775142814e-01
6.107931316434995761e-01
6.140637775960752220e-01
6.132461161079313383e-01
5.968928863450531086e-01
5.805396565821749899e-01
5.911692559280458115e-01
5.780866721177432277e-01
5.936222403924774627e-01
5.772690106295993440e-01
5.617334423548651090e-01
5.821749795584627574e-01
5.977105478331971034e-01
5.617334423548651090e-01
5.658217497955846387e-01
5.870809484873262818e-01
5.486508585445625252e-01
5.633687653311528765e-01
5.551921504497138171e-01
5.568274734260015846e-01
5.470155355682747578e-01
5.502861815208504037e-01
5.560098119378577008e-01
5.322976287816844065e-01
5.502861815208504037e-01
5.429272281275552281e-01
5.527391659852820549e-01
5.519215044971381712e-01
5.461978740801308740e-01
5.331152902698282903e-01
5.355682747342600525e-01
5.118560915780866472e-01
5.331152902698282903e-01
5.192150449713818228e-01
5.290269828291087606e-01
5.339329517579721740e-01
5.461978740801308740e-01
5.380212591986917037e-01
5.118560915780866472e-01
5.241210139002453472e-01
5.216680294358135850e-01
5.429272281275552281e-01
5.143090760425184094e-01
5.249386753883892309e-01
5.543744889615699334e-01
5.020441537203598203e-01
5.110384300899427634e-01
4.946852003270645892e-01
5.012264922322158256e-01
5.314799672935405228e-01
5.085854456255110012e-01
4.865085854456255299e-01
5.036794766966475878e-01
4.963205233033524122e-01
4.922322158626328825e-01
4.816026165167620610e-01
4.930498773507767662e-01
4.905968928863450595e-01
4.897792313982011203e-01
5.134914145543745256e-01
4.914145543744889433e-01
4.742436631234668853e-01
4.865085854456255299e-01
4.848732624693377069e-01
4.955028618152085285e-01
4.587080948487326504e-01
4.488961569910057126e-01
4.807849550286181772e-01
4.595257563368765341e-01
4.660670482420278260e-01
4.529844644317252422e-01
4.644317252657400030e-01
4.562551103843008882e-01
4.497138184791496518e-01
4.587080948487326504e-01
4.497138184791496518e-01
4.399018806214227140e-01
4.456255110384300666e-01
4.734260016353230016e-01
4.570727718724448274e-01
4.562551103843008882e-01
4.521668029435813585e-01
4.546197874080130652e-01
4.529844644317252422e-01
4.210956663941128331e-01
4.202780049059689493e-01
4.587080948487326504e-01
4.349959116925593006e-01
4.497138184791496518e-01
4.505314799672935355e-01
4.243663123466884790e-01
4.456255110384300666e-01
4.521668029435813585e-01
4.546197874080130652e-01
4.513491414554374748e-01
4.423548650858544762e-01
4.210956663941128331e-01
4.399018806214227140e-01
4.341782502044153613e-01
4.129190515126737737e-01
4.178250204415371871e-01
4.194603434178250101e-01
4.333605887162714776e-01
4.153720359771054804e-01
4.104660670482420115e-01
4.374488961569910073e-01
4.235486508585445398e-01
4.219133278822567723e-01
4.088307440719541885e-01
3.924775143090760698e-01
4.096484055600981278e-01
4.096484055600981278e-01
4.047424366312346589e-01
4.129190515126737737e-01
3.990188062142273062e-01
4.096484055600981278e-01
4.161896974652493641e-01
3.949304987735077765e-01
4.096484055600981278e-01
3.982011447260834225e-01
4.129190515126737737e-01
3.957481602616516603e-01
3.802125919869174253e-01
4.063777596075224818e-01
3.622240392477514281e-01
3.826655764513491320e-01
3.556827473426001363e-01
3.753066230580539564e-01
3.826655764513491320e-01
3.679476696647587808e-01
3.916598528209321306e-01
4.096484055600981278e-01
3.785772690106296023e-01
3.875715453802126009e-01
3.605887162714636052e-01
3.875715453802126009e-01
3.916598528209321306e-01
3.532297628781684296e-01
3.712183156173344267e-01
3.949304987735077765e-01
3.736713000817661334e-01
3.736713000817661334e-01
3.630417007358953119e-01
3.622240392477514281e-01
3.581357318070318985e-01
3.810302534750613090e-01
3.728536385936222497e-01
3.515944399018806066e-01
3.712183156173344267e-01
3.581357318070318985e-01
3.843008994276369550e-01
3.843008994276369550e-01
3.671300081766148971e-01
3.499591169255927836e-01
3.614063777596075444e-01
3.515944399018806066e-01
3.483237939493049606e-01
3.507767784137367229e-01
3.401471790678659013e-01
3.605887162714636052e-01
3.630417007358953119e-01
3.426001635322976080e-01
3.393295175797220176e-01
3.319705641864268419e-01
3.524121013900245458e-01
3.409648405560097850e-01
3.679476696647587808e-01
3.556827473426001363e-01
3.761242845461978956e-01
3.507767784137367229e-01
3.450531479967293702e-01
3.409648405560097850e-01
3.393295175797220176e-01
3.515944399018806066e-01
3.393295175797220176e-01
3.311529026982829027e-01
3.385118560915780783e-01
3.286999182338511960e-01
3.327882256745707257e-01
3.278822567457072568e-01
3.409648405560097850e-01
3.246116107931316663e-01
3.254292722812755501e-01
3.442354865085854310e-01
3.213409648405560204e-01
3.426001635322976080e-01
3.524121013900245458e-01
3.401471790678659013e-01
3.360588716271463716e-01
3.237939493049877271e-01
3.319705641864268419e-01
3.172526573998364907e-01
3.139820114472608448e-01
3.221586263286999041e-01
3.336058871627146094e-01
3.254292722812755501e-01
3.098937040065413151e-01
3.205233033524120811e-01
2.984464431725265543e-01
3.074407195421095529e-01
3.295175797219950797e-01
3.049877350776778462e-01
3.098937040065413151e-01
3.107113654946851988e-01
3.147996729354047285e-01
3.286999182338511960e-01
3.139820114472608448e-01
3.213409648405560204e-01
3.041700735895339069e-01
3.074407195421095529e-01
3.197056418642681974e-01
3.164349959116925515e-01
3.115290269828290826e-01
3.098937040065413151e-01
3.107113654946851988e-01
3.066230580539656692e-01
3.025347506132461395e-01
3.164349959116925515e-01
3.000817661488143773e-01
3.049877350776778462e-01
3.066230580539656692e-01
3.270645952575633730e-01
2.976287816843826706e-01
3.049877350776778462e-01
3.066230580539656692e-01
2.894521668029435557e-01
3.058053965658217299e-01
2.837285363859362031e-01
3.008994276369583165e-01
3.180703188879803744e-01
2.943581357318070246e-01
3.098937040065413151e-01
3.000817661488143773e-01
2.845461978740801423e-01
3.033524121013900232e-01
2.820932134096483801e-01
2.722812755519214978e-01
3.156173344235486677e-01
3.025347506132461395e-01
2.951757972199509639e-01
2.829108748977923193e-01
2.845461978740801423e-01
2.722812755519214978e-01
2.771872444807849667e-01
2.837285363859362031e-01
2.796402289452166734e-01
3.033524121013900232e-01
2.820932134096483801e-01
2.747342600163532045e-01
2.804578904333606126e-01
2.992641046606704935e-01
2.869991823385118490e-01
2.976287816843826706e-01
3.041700735895339069e-01
2.886345053147996720e-01
2.886345053147996720e-01
3.074407195421095529e-01
2.804578904333606126e-01
2.861815208503679653e-01
2.869991823385118490e-01
2.829108748977923193e-01
2.820932134096483801e-01
2.763695829926410275e-01
2.869991823385118490e-01
2.837285363859362031e-01
2.935404742436631409e-01
2.837285363859362031e-01
2.943581357318070246e-01
2.861815208503679653e-01
2.722812755519214978e-01
2.935404742436631409e-01
2.919051512673753179e-01
2.698282910874897911e-01
2.714636140637776140e-01
2.837285363859362031e-01
2.878168438266557883e-01
2.780049059689288504e-01
2.747342600163532045e-01
2.739165985282093208e-01
2.869991823385118490e-01
2.739165985282093208e-01
2.804578904333606126e-01
2.763695829926410275e-01
2.722812755519214978e-01
2.755519215044971437e-01
2.673753066230580289e-01
2.780049059689288504e-01
2.886345053147996720e-01
2.910874897792313787e-01
2.747342600163532045e-01
2.788225674570727897e-01
2.755519215044971437e-01
2.853638593622240260e-01
2.812755519215044964e-01
2.755519215044971437e-01
2.608340147179067925e-01
2.739165985282093208e-01
2.681929681112019681e-01
2.641046606704824384e-01
2.706459525756336748e-01
2.616516762060506762e-01
2.820932134096483801e-01
2.796402289452166734e-01
2.861815208503679653e-01
2.812755519215044964e-01
2.771872444807849667e-01
2.583810302534750858e-01
2.624693376941946155e-01
2.755519215044971437e-01
2.755519215044971437e-01
2.919051512673753179e-01
2.624693376941946155e-01
2.747342600163532045e-01
2.820932134096483801e-01
2.665576451349141451e-01
2.534750613246116169e-01
2.436631234668847068e-01
2.412101390024529723e-01
2.502044153720359709e-01
2.624693376941946155e-01
2.632869991823384992e-01
2.706459525756336748e-01
2.534750613246116169e-01
2.624693376941946155e-01
2.477514309076042642e-01
2.673753066230580289e-01
2.641046606704824384e-01
2.608340147179067925e-01
2.575633687653311465e-01
2.567457072771872628e-01
2.583810302534750858e-01
2.526573998364676776e-01
2.681929681112019681e-01
2.542927228127555006e-01
2.673753066230580289e-01
2.690106295993458518e-01
2.551103843008994398e-01
2.510220768601799102e-01
2.624693376941946155e-01
2.518397383483237939e-01
2.534750613246116169e-01
2.452984464431725298e-01
2.281275551921504441e-01
2.493867538838920594e-01
2.575633687653311465e-01
2.403924775143090886e-01
2.452984464431725298e-01
2.428454619787407953e-01
2.338511856091577967e-01
2.207686017988552685e-01
2.305805396565821785e-01
2.240392477514309144e-01
2.330335241210139130e-01
2.428454619787407953e-01
2.248569092395748259e-01
2.461161079313164413e-01
2.256745707277187374e-01
2.330335241210139130e-01
