1.000000000000000000e+00
8.550646551724138122e-01
8.135775862068965747e-01
8.011853448275861878e-01
7.893318965517240882e-01
7.753232758620689502e-01
7.726293103448276245e-01
7.241379310344827624e-01
7.570043103448276245e-01
7.015086206896551380e-01
7.262931034482759118e-01
7.106681034482759118e-01
7.192887931034482873e-01
7.128232758620689502e-01
6.831896551724138122e-01
6.756465517241379004e-01
6.891163793103448620e-01
6.707974137931034253e-01
6.654094827586206629e-01
6.799568965517240882e-01
6.686422413793103869e-01
6.578663793103448620e-01
6.368534482758620996e-01
6.514008620689655249e-01
6.470905172413793371e-01
6.492456896551723755e-01
6.357758620689655249e-01
6.158405172413793371e-01
6.163793103448276245e-01
6.056034482758620996e-01
5.996767241379310498e-01
6.018318965517240882e-01
6.314655172413793371e-01
5.942887931034482873e-01
6.077586206896551380e-01
5.985991379310344751e-01
5.840517241379310498e-01
6.131465517241379004e-01
5.851293103448276245e-01
5.845905172413793371e-01
5.824353448275861878e-01
5.560344827586206629e-01
5.646551724137931494e-01
5.657327586206896131e-01
5.576508620689655249e-01
5.350215517241379004e-01
5.603448275862068506e-01
5.452586206896551380e-01
5.517241379310344751e-01
5.409482758620689502e-01
5.301724137931034253e-01
5.188577586206896131e-01
5.425646551724138122e-01
5.264008620689655249e-01
5.339439655172413257e-01
5.237068965517240882e-01
5.140086206896551380e-01
5.188577586206896131e-01
5.113146551724138122e-01
5.360991379310344751e-01
5.360991379310344751e-01
5.172413793103448620e-01
4.973060344827586188e-01
5.075431034482759118e-01
5.398706896551723755e-01
5.107758620689655249e-01
5.064655172413793371e-01
5.199353448275861878e-01
5.102370689655172376e-01
5.043103448275861878e-01
5.102370689655172376e-01
5.096982758620689502e-01
5.075431034482759118e-01
4.762931034482758563e-01
4.816810344827586188e-01
5.043103448275861878e-01
4.838362068965517127e-01
4.870689655172413812e-01
4.881465517241379559e-01
4.859913793103448065e-01
5.000000000000000000e-01
4.843750000000000000e-01
4.811422413793103314e-01
4.709051724137930939e-01
4.838362068965517127e-01
4.768318965517241437e-01
4.730603448275861878e-01
4.827586206896551935e-01
4.789870689655172376e-01
4.639008620689655249e-01
4.628232758620689502e-01
4.504310344827586188e-01
4.639008620689655249e-01
4.773706896551724310e-01
4.531250000000000000e-01
4.488146551724138122e-01
4.655172413793103314e-01
4.493534482758620441e-01
4.762931034482758563e-01
4.471982758620689502e-01
4.692887931034482873e-01
4.531250000000000000e-01
4.455818965517241437e-01
4.493534482758620441e-01
4.348060344827586188e-01
4.267241379310344751e-01
4.342672413793103314e-01
4.170258620689655249e-01
4.348060344827586188e-01
4.170258620689655249e-01
4.369612068965517127e-01
4.342672413793103314e-01
4.175646551724138122e-01
4.143318965517241437e-01
4.148706896551724310e-01
4.396551724137930939e-01
4.348060344827586188e-01
4.558189655172413812e-01
4.175646551724138122e-01
4.283405172413793371e-01
4.283405172413793371e-01
4.283405172413793371e-01
4.089439655172413812e-01
4.035560344827586188e-01
4.019396551724138122e-01
4.110991379310344751e-01
4.014008620689655249e-01
4.132543103448275690e-01
3.992456896551724310e-01
4.132543103448275690e-01
3.987068965517241437e-01
3.857758620689655249e-01
3.884698275862069061e-01
3.917025862068965747e-01
4.067887931034482873e-01
3.960129310344827624e-01
3.890086206896551935e-01
3.868534482758620441e-01
3.863146551724138122e-01
3.949353448275861878e-01
3.997844827586206629e-01
3.906250000000000000e-01
3.917025862068965747e-01
3.830818965517241437e-01
3.701508620689655249e-01
3.917025862068965747e-01
3.728448275862069061e-01
3.776939655172413812e-01
3.873922413793103314e-01
3.836206896551724310e-01
3.820043103448275690e-01
3.981681034482758563e-01
3.900862068965517127e-01
3.674568965517241437e-01
3.653017241379310498e-01
3.755387931034482873e-01
3.755387931034482873e-01
3.900862068965517127e-01
3.658405172413793371e-01
3.755387931034482873e-01
3.884698275862069061e-01
3.863146551724138122e-01
3.766163793103448065e-01
3.739224137931034253e-01
3.776939655172413812e-01
3.846982758620689502e-01
3.787715517241379559e-01
3.577586206896551935e-01
3.744612068965517127e-01
3.523706896551724310e-01
3.674568965517241437e-01
3.669181034482758563e-01
3.642241379310344751e-01
3.733836206896551935e-01
3.884698275862069061e-01
3.744612068965517127e-01
3.550646551724138122e-01
3.658405172413793371e-01
3.631465517241379559e-01
3.636853448275861878e-01
3.642241379310344751e-01
3.582974137931034253e-01
3.701508620689655249e-01
3.685344827586206629e-01
3.674568965517241437e-01
3.453663793103448065e-01
3.507543103448275690e-01
3.529094827586206629e-01
3.545258620689655249e-01
3.485991379310344751e-01
3.399784482758620441e-01
3.464439655172413812e-01
3.480603448275861878e-01
3.550646551724138122e-01
3.469827586206896686e-01
3.534482758620689502e-01
3.432112068965517127e-01
3.566810344827586188e-01
3.545258620689655249e-01
3.512931034482758563e-01
3.485991379310344751e-01
3.491379310344827624e-01
3.636853448275861878e-01
3.426724137931034253e-01
3.539870689655172376e-01
3.545258620689655249e-01
3.351293103448275690e-01
3.507543103448275690e-01
3.405172413793103314e-01
3.362068965517241437e-01
3.485991379310344751e-01
3.442887931034482873e-01
3.453663793103448065e-01
3.389008620689655249e-01
3.308189655172413812e-01
3.286637931034482873e-01
3.367456896551724310e-01
3.329741379310344751e-01
3.302801724137930939e-01
3.491379310344827624e-01
3.254310344827586188e-01
3.275862068965517127e-01
3.168103448275861878e-01
3.345905172413793371e-01
3.270474137931034253e-01
3.270474137931034253e-01
3.248922413793103314e-01
3.065732758620689502e-01
3.141163793103448065e-01
3.318965517241379559e-01
3.157327586206896686e-01
3.114224137931034253e-01
3.195043103448275690e-01
3.038793103448275690e-01
3.119612068965517127e-01
3.168103448275861878e-01
3.098060344827586188e-01
3.076508620689655249e-01
3.130387931034482873e-01
3.081896551724138122e-01
3.098060344827586188e-01
2.947198275862069061e-01
3.135775862068965747e-01
3.119612068965517127e-01
3.119612068965517127e-01
2.995689655172413812e-01
2.920258620689655249e-01
3.022629310344827624e-01
2.898706896551724310e-01
3.141163793103448065e-01
3.103448275862069061e-01
3.001077586206896686e-01
2.974137931034482873e-01
3.044181034482758563e-01
2.974137931034482873e-01
2.909482758620689502e-01
2.957974137931034253e-01
2.914870689655172376e-01
2.990301724137930939e-01
2.963362068965517127e-01
2.952586206896551935e-01
2.914870689655172376e-01
3.065732758620689502e-01
3.006465517241379559e-01
2.974137931034482873e-01
2.920258620689655249e-01
2.914870689655172376e-01
2.957974137931034253e-01
2.904094827586206629e-01
2.995689655172413812e-01
2.871767241379310498e-01
2.957974137931034253e-01
3.001077586206896686e-01
2.882543103448275690e-01
2.936422413793103314e-01
2.834051724137930939e-01
2.828663793103448065e-01
2.790948275862069061e-01
2.828663793103448065e-01
2.817887931034482873e-01
2.817887931034482873e-01
2.979525862068965747e-01
2.871767241379310498e-01
2.855603448275861878e-01
2.855603448275861878e-01
2.957974137931034253e-01
2.780172413793103314e-01
2.920258620689655249e-01
2.807112068965517127e-01
2.877155172413793371e-01
2.839439655172413812e-01
2.817887931034482873e-01
2.796336206896551935e-01
2.785560344827586188e-01
2.871767241379310498e-01
2.860991379310344751e-01
2.731681034482758563e-01
2.742456896551724310e-01
2.812500000000000000e-01
2.898706896551724310e-01
2.860991379310344751e-01
2.855603448275861878e-01
2.785560344827586188e-01
2.742456896551724310e-01
2.850215517241379559e-01
2.742456896551724310e-01
2.801724137931034253e-01
2.737068965517241437e-01
2.704741379310344751e-01
2.796336206896551935e-01
2.753232758620689502e-01
2.817887931034482873e-01
2.790948275862069061e-01
2.812500000000000000e-01
2.780172413793103314e-01
2.650862068965517127e-01
2.699353448275861878e-01
2.688577586206896686e-01
2.726293103448275690e-01
2.731681034482758563e-01
2.607758620689655249e-01
2.715517241379310498e-01
2.672413793103448065e-01
2.737068965517241437e-01
2.812500000000000000e-01
2.812500000000000000e-01
2.764008620689655249e-01
2.645474137931034253e-01
2.737068965517241437e-01
2.688577586206896686e-01
2.640086206896551935e-01
2.650862068965517127e-01
2.683189655172413812e-01
2.742456896551724310e-01
2.661637931034482873e-01
2.677801724137930939e-01
2.672413793103448065e-01
2.683189655172413812e-01
2.553879310344827624e-01
2.591594827586206629e-01
2.548491379310344751e-01
2.629310344827586188e-01
2.559267241379310498e-01
2.596982758620689502e-01
2.532327586206896686e-01
2.656250000000000000e-01
2.602370689655172376e-01
2.559267241379310498e-01
2.683189655172413812e-01
2.564655172413793371e-01
2.478448275862069061e-01
2.650862068965517127e-01
2.640086206896551935e-01
2.688577586206896686e-01
2.623922413793103314e-01
2.613146551724138122e-01
2.526939655172413812e-01
2.500000000000000000e-01
2.489224137931034531e-01
2.586206896551724310e-01
2.564655172413793371e-01
2.408405172413793094e-01
2.602370689655172376e-01
2.570043103448275690e-01
2.521551724137930939e-01
2.467672413793103314e-01
2.532327586206896686e-01
2.462284482758620718e-01
2.532327586206896686e-01
2.478448275862069061e-01
2.467672413793103314e-01
2.505387931034482873e-01
2.419181034482758563e-01
2.419181034482758563e-01
2.370689655172413812e-01
2.419181034482758563e-01
2.526939655172413812e-01
2.500000000000000000e-01
2.413793103448275967e-01
2.451508620689655249e-01
2.526939655172413812e-01
2.553879310344827624e-01
2.473060344827586188e-01
2.376077586206896686e-01
2.397629310344827624e-01
2.440732758620689780e-01
2.268318965517241437e-01
2.376077586206896686e-01
2.343750000000000000e-01
2.413793103448275967e-01
2.289870689655172376e-01
2.403017241379310220e-01
2.397629310344827624e-01
2.322198275862069061e-01
2.386853448275862155e-01
2.397629310344827624e-01
2.435344827586206906e-01
2.403017241379310220e-01
2.403017241379310220e-01
2.408405172413793094e-01
2.370689655172413812e-01
