1.000000000000000000e+00
8.009101251422070522e-01
7.545506257110352610e-01
7.030716723549488290e-01
6.865756541524459244e-01
6.715017064846416917e-01
6.660978384527872498e-01
6.359499431171785622e-01
6.100682593856655567e-01
6.018202502844141044e-01
5.742320819112628483e-01
5.642775881683731454e-01
5.531854379977246827e-01
5.241751990898748659e-01
5.261660978384528065e-01
4.908987485779294779e-01
4.832195676905574611e-01
4.630261660978384763e-01
4.567690557451649647e-01
4.550625711035267140e-01
4.422639362912400562e-01
4.266211604095563326e-01
4.206484641638225108e-01
4.007394766780432160e-01
3.919226393629123839e-01
3.794084186575654161e-01
3.839590443686006771e-01
3.703071672354948940e-01
3.515358361774744145e-01
3.535267349260523551e-01
3.501137656427759093e-01
3.438566552901023976e-01
3.395904436860068265e-01
3.341865756541524402e-01
3.361774744027303807e-01
3.344709897610921301e-01
3.245164960182024827e-01
3.171217292377702113e-01
3.122866894197952048e-01
3.156996587030716506e-01
3.057451649601820032e-01
3.134243458475540201e-01
3.060295790671217486e-01
2.895335608646188996e-01
2.866894197952218337e-01
2.881114903299203389e-01
2.753128555176336811e-01
2.781569965870306915e-01
2.738907849829351759e-01
2.707622298065984201e-01
2.704778156996587302e-01
2.650739476678043438e-01
2.627986348122867133e-01
2.428896473265073908e-01
2.497155858930602823e-01
2.454493742889647390e-01
2.500000000000000000e-01
2.320819112627986458e-01
2.372013651877133145e-01
2.309442548350398305e-01
2.300910125142207052e-01
2.369169510807735968e-01
2.306598407281001128e-01
2.238339021615472213e-01
2.255403868031854442e-01
2.312286689419795205e-01
2.158703071672354867e-01
2.030716723549488012e-01
2.124573378839590410e-01
2.070534698521046546e-01
2.133105802047781663e-01
2.059158134243458393e-01
2.073378839590443723e-01
2.005119453924914807e-01
1.905574516496018334e-01
1.911262798634812410e-01
1.962457337883959096e-01
1.874288964732650775e-01
1.996587030716723554e-01
1.970989761092150072e-01
1.968145620022753173e-01
1.828782707622298165e-01
1.860068259385665446e-01
1.797497155858930606e-01
1.834470989761092241e-01
1.877133105802047675e-01
1.746302616609783920e-01
1.703640500568828209e-01
1.757679180887372072e-01
1.692263936291240056e-01
1.777588168373151201e-01
1.803185437997724683e-01
1.655290102389078422e-01
1.638225255972696193e-01
1.658134243458475598e-01
1.726393629124004514e-01
1.632536973833902116e-01
1.598407281001137659e-01
1.578498293515358253e-01
1.604095563139931735e-01
1.567121729237770100e-01
1.524459613196814667e-01
1.552901023890785048e-01
1.501706484641638362e-01
1.496018202502844008e-01
1.453356086461888574e-01
1.441979522184300422e-01
1.424914675767918193e-01
1.390784982935153458e-01
1.447667804323094498e-01
1.379408418657565305e-01
1.282707622298066008e-01
1.305460750853242313e-01
1.359499431171786177e-01
1.422070534698521016e-01
1.319681456200227643e-01
1.285551763367462907e-01
1.299772468714448237e-01
1.282707622298066008e-01
1.311149032992036390e-01
1.268486916951080679e-01
1.296928327645051060e-01
1.240045506257110297e-01
1.234357224118316221e-01
1.174630261660978420e-01
1.140500568828213823e-01
1.200227531285551763e-01
1.146188850967007899e-01
1.140500568828213823e-01
1.140500568828213823e-01
1.094994311717861213e-01
1.163253697383390267e-01
1.100682593856655289e-01
1.129124004550625671e-01
1.168941979522184343e-01
1.089306029579067137e-01
1.083617747440273060e-01
1.126279863481228632e-01
1.157565415244596191e-01
1.140500568828213823e-01
1.126279863481228632e-01
1.123435722411831594e-01
1.080773606370876022e-01
1.066552901023890831e-01
1.060864618885096755e-01
1.026734926052332159e-01
1.023890784982935120e-01
1.055176336746302679e-01
9.982935153583617771e-02
1.052332195676905641e-01
1.043799772468714387e-01
1.072241183162684908e-01
1.021046643913538082e-01
9.755403868031854719e-02
9.840728100113765864e-02
1.043799772468714387e-01
1.015358361774744006e-01
9.926052332195677008e-02
9.670079635949943575e-02
9.641638225255973194e-02
9.613196814562002812e-02
9.613196814562002812e-02
8.987485779294653032e-02
9.442548350398179136e-02
9.015927189988623414e-02
8.646188850967008455e-02
8.219567690557451345e-02
8.759954493742889980e-02
8.560864618885097310e-02
8.589306029579067692e-02
8.304891922639362489e-02
8.020477815699658675e-02
8.162684869169510582e-02
8.532423208191126929e-02
8.134243458475540201e-02
7.508532423208191808e-02
8.162684869169510582e-02
7.679180887372014097e-02
7.508532423208191808e-02
8.105802047781569819e-02
8.162684869169510582e-02
8.191126279863480963e-02
7.736063708759954860e-02
6.968145620022753173e-02
7.821387940841866004e-02
7.337883959044368132e-02
8.077360637087599438e-02
7.650739476678043716e-02
7.508532423208191808e-02
7.081911262798634699e-02
7.337883959044368132e-02
6.939704209328782791e-02
6.655290102389078977e-02
6.882821387940842028e-02
6.456200227531284919e-02
6.001137656427758815e-02
6.712172923777019740e-02
5.972696245733788434e-02
5.802047781569966145e-02
6.399317406143344156e-02
6.285551763367462630e-02
6.939704209328782791e-02
5.489192263936291255e-02
5.887372013651877289e-02
5.602957906712172781e-02
5.830489192263936526e-02
6.740614334470990121e-02
5.546075085324232018e-02
6.029579067121729197e-02
5.887372013651877289e-02
5.432309442548350492e-02
5.489192263936291255e-02
5.602957906712172781e-02
5.290102389078498585e-02
5.830489192263936526e-02
5.887372013651877289e-02
6.029579067121729197e-02
5.034129692832764458e-02
6.200227531285551485e-02
5.375426621160409729e-02
5.887372013651877289e-02
6.029579067121729197e-02
5.119453924914675602e-02
5.631399317406143162e-02
5.233219567690557128e-02
5.631399317406143162e-02
5.602957906712172781e-02
5.403868031854380111e-02
5.858930602957906908e-02
5.062571103526734839e-02
5.517633674630261637e-02
5.631399317406143162e-02
5.375426621160409729e-02
5.005688282138794076e-02
5.119453924914675602e-02
5.346985210466439348e-02
5.375426621160409729e-02
4.948805460750853313e-02
5.147895335608645984e-02
5.005688282138794076e-02
5.432309442548350492e-02
4.550625711035267279e-02
5.403868031854380111e-02
5.204778156996586747e-02
4.948805460750853313e-02
4.607508532423208042e-02
5.034129692832764458e-02
5.062571103526734839e-02
4.977246871444823695e-02
5.091012514220705221e-02
4.778156996587031025e-02
5.034129692832764458e-02
4.607508532423208042e-02
4.664391353811148805e-02
4.266211604095563464e-02
4.237770193401592389e-02
4.692832764505119186e-02
4.095563139931740482e-02
4.294653014789533846e-02
4.379977246871444990e-02
4.095563139931740482e-02
4.209328782707622008e-02
4.493742889647326516e-02
4.408418657565415372e-02
4.038680318543799719e-02
4.379977246871444990e-02
4.550625711035267279e-02
4.180887372013651626e-02
4.351535836177474609e-02
4.379977246871444990e-02
4.095563139931740482e-02
4.607508532423208042e-02
4.237770193401592389e-02
4.152445961319681245e-02
4.237770193401592389e-02
4.237770193401592389e-02
4.180887372013651626e-02
3.896473265073947811e-02
4.152445961319681245e-02
4.237770193401592389e-02
4.010238907849829337e-02
3.924914675767918193e-02
4.266211604095563464e-02
4.152445961319681245e-02
4.607508532423208042e-02
4.465301478953356135e-02
4.635949943117178423e-02
4.379977246871444990e-02
3.953356086461888574e-02
4.266211604095563464e-02
4.152445961319681245e-02
4.209328782707622008e-02
4.323094425483504227e-02
3.924914675767918193e-02
4.266211604095563464e-02
3.811149032992036667e-02
3.868031854379977430e-02
3.981797497155858956e-02
3.725824800910124829e-02
3.924914675767918193e-02
4.209328782707622008e-02
3.924914675767918193e-02
3.754266211604095904e-02
4.010238907849829337e-02
4.323094425483504227e-02
4.010238907849829337e-02
4.180887372013651626e-02
3.555176336746302540e-02
3.469852104664391396e-02
3.697383390216154447e-02
3.811149032992036667e-02
3.668941979522184066e-02
3.839590443686007049e-02
3.782707622298066286e-02
3.811149032992036667e-02
3.612059158134243303e-02
3.498293515358361777e-02
3.754266211604095904e-02
3.498293515358361777e-02
3.868031854379977430e-02
3.868031854379977430e-02
3.612059158134243303e-02
4.152445961319681245e-02
3.953356086461888574e-02
3.697383390216154447e-02
3.782707622298066286e-02
3.924914675767918193e-02
3.526734926052332159e-02
3.754266211604095904e-02
4.010238907849829337e-02
4.237770193401592389e-02
3.754266211604095904e-02
3.868031854379977430e-02
3.583617747440272921e-02
3.612059158134243303e-02
3.868031854379977430e-02
3.725824800910124829e-02
3.668941979522184066e-02
3.640500568828213684e-02
3.668941979522184066e-02
3.583617747440272921e-02
3.612059158134243303e-02
3.725824800910124829e-02
3.555176336746302540e-02
3.668941979522184066e-02
3.640500568828213684e-02
3.185437997724686887e-02
3.697383390216154447e-02
3.583617747440272921e-02
3.270762229806598725e-02
3.213879408418657269e-02
3.213879408418657269e-02
3.498293515358361777e-02
3.384527872582480251e-02
3.213879408418657269e-02
3.242320819112627650e-02
2.787258248009101200e-02
3.327645051194539488e-02
3.583617747440272921e-02
2.844141069397041963e-02
3.526734926052332159e-02
3.043230944254834980e-02
2.986348122866894217e-02
3.384527872582480251e-02
3.014789533560864598e-02
3.441410693970421014e-02
3.128555176336746124e-02
2.872582480091012344e-02
3.270762229806598725e-02
3.100113765642775743e-02
2.872582480091012344e-02
2.957906712172923835e-02
2.929465301478953454e-02
2.730375426621160437e-02
2.872582480091012344e-02
2.957906712172923835e-02
2.957906712172923835e-02
3.356086461888509870e-02
3.185437997724686887e-02
2.929465301478953454e-02
3.156996587030716506e-02
2.986348122866894217e-02
2.531285551763367420e-02
2.901023890784983073e-02
2.531285551763367420e-02
3.014789533560864598e-02
3.156996587030716506e-02
2.872582480091012344e-02
2.957906712172923835e-02
2.730375426621160437e-02
2.730375426621160437e-02
2.616609783845278564e-02
2.531285551763367420e-02
2.701934015927190055e-02
2.559726962457337801e-02
2.701934015927190055e-02
2.588168373151308183e-02
2.275312855517633640e-02
2.360637087599544784e-02
2.019340159271899859e-02
2.645051194539249292e-02
