1.000000000000000000e+00
8.314049586776859346e-01
7.933884297520661377e-01
7.637866265965439494e-01
7.459053343350864340e-01
7.173553719008264329e-01
6.918106686701728236e-01
6.829451540195341508e-01
6.619083395942899628e-01
6.437265214124717749e-01
6.249436513899323531e-01
6.118707738542449315e-01
5.998497370398196971e-01
5.888805409466566498e-01
5.746055597295266493e-01
5.723516153268218831e-01
5.561232156273478999e-01
5.489105935386927593e-01
5.483095416979714143e-01
5.340345604808415247e-01
5.187077385424493370e-01
5.119459053343350385e-01
5.030803906836964767e-01
4.850488354620586251e-01
4.946656649135988126e-01
4.832456799398948122e-01
4.737791134485349609e-01
4.670172802404207180e-01
4.554470323065364368e-01
4.426746806912096321e-01
4.420736288504883427e-01
4.305033809166040615e-01
4.339594290007512956e-01
4.223891810668670144e-01
4.198347107438016312e-01
4.213373403456048272e-01
4.078136739293763968e-01
3.896318557475582089e-01
3.854244928625094047e-01
3.804658151765589746e-01
3.762584522915101704e-01
3.741547708489857405e-01
3.651389932381667869e-01
3.645379413974455529e-01
3.670924117205108805e-01
3.666416228399699273e-01
3.561232156273478333e-01
3.507137490608565056e-01
3.472577009767092160e-01
3.385424492862509349e-01
3.358377160030052710e-01
3.296769346356123176e-01
3.313298271975957943e-01
3.164537941397445597e-01
3.242674680691209343e-01
3.214124718256949897e-01
3.161532682193839427e-01
3.116453794139744660e-01
3.107438016528925595e-01
3.202103681442524663e-01
3.056348610067618488e-01
2.994740796393688953e-01
3.030803906836964656e-01
3.041322314049586528e-01
3.020285499624342784e-01
2.921111945905334184e-01
2.949661908339594185e-01
2.829451540195341841e-01
2.785875281743050436e-01
2.782870022539444266e-01
2.757325319308790434e-01
2.716754320060105199e-01
2.674680691209616601e-01
2.623591284748309493e-01
2.649135987978963325e-01
2.587528174305033790e-01
2.602554470323065194e-01
2.555972952667167619e-01
2.558978211870773789e-01
2.518407212622088553e-01
2.479338842975206680e-01
2.461307287753568829e-01
2.434259954921111913e-01
2.419233658903080508e-01
2.432757325319308828e-01
2.423741547708489763e-01
2.434259954921111913e-01
2.375657400450788825e-01
2.455296769346356212e-01
2.404207362885048826e-01
2.353117956423741441e-01
2.333583771600300505e-01
2.280991735537190035e-01
2.262960180315552183e-01
2.270473328324567885e-01
2.225394440270473395e-01
2.220886551465063863e-01
2.133734034560480775e-01
2.124718256949661987e-01
2.162283996994740776e-01
2.058602554470323198e-01
2.018031555221637963e-01
2.021036814425244132e-01
1.983471074380165344e-01
1.939894815927873661e-01
2.013523666416228430e-01
1.936889556724267492e-01
1.890308039068369639e-01
1.908339594290007490e-01
1.888805409466566554e-01
1.899323816679188703e-01
1.836213373403456084e-01
1.795642374154770848e-01
1.839218632607062254e-01
1.839218632607062254e-01
1.806160781367392998e-01
1.819684447783621317e-01
1.840721262208865616e-01
1.816679188580015147e-01
1.797145003756573933e-01
1.734034560480841591e-01
1.743050338091660378e-01
1.706987227648384675e-01
1.725018782870022527e-01
1.762584522915101315e-01
1.712997746055597292e-01
1.627347858752817567e-01
1.657400450788880653e-01
1.708489857250187760e-01
1.628850488354620651e-01
1.639368895567242801e-01
1.655897821187077290e-01
1.678437265214124674e-01
1.642374154770848971e-01
1.574755822689707097e-01
1.597295266716754203e-01
1.600300525920360650e-01
1.606311044327573267e-01
1.556724267468069245e-01
1.493613824192336625e-01
1.457550713749060922e-01
1.507137490608564945e-01
1.496619083395942795e-01
1.447032306536438773e-01
1.504132231404958775e-01
1.495116453794139710e-01
1.388429752066115686e-01
1.466566491359879709e-01
1.425995492111194474e-01
1.395942900075131388e-01
1.412471825694966154e-01
1.474079639368895689e-01
1.419984973703981856e-01
1.370398196844477834e-01
1.406461307287753537e-01
1.376408715251690451e-01
1.332832456799399046e-01
1.344853493613824280e-01
1.326821938392186429e-01
1.307287753568745214e-01
1.295266716754319980e-01
1.253193087903831660e-01
1.302779864763335960e-01
1.281743050338091661e-01
1.295266716754319980e-01
1.262208865514650724e-01
1.250187828700225490e-01
1.205108940646130722e-01
1.215627347858752871e-01
1.236664162283997032e-01
1.218632607062359180e-01
1.214124718256949648e-01
1.129977460555973007e-01
1.248685199098422266e-01
1.169045830202855019e-01
1.167543200601051795e-01
1.123966942148760390e-01
1.149511645379413943e-01
1.123966942148760390e-01
1.120961682945154081e-01
1.134485349361382400e-01
1.096919609316303473e-01
1.151014274981217167e-01
1.102930127723516091e-01
1.178061607813673944e-01
1.114951164537941464e-01
1.145003756574004550e-01
1.081893313298271930e-01
1.102930127723516091e-01
1.125469571750563474e-01
1.087903831705484547e-01
1.068369646882043611e-01
1.053343350864012068e-01
1.048835462058602536e-01
1.014274981217129917e-01
1.038317054845980525e-01
1.044327573253193142e-01
1.006761833208114215e-01
1.002253944402704683e-01
1.011269722013523609e-01
1.030803906836964684e-01
9.992486851990983743e-02
1.051840721262208844e-01
1.054845980465815153e-01
1.009767092411720524e-01
1.018782870022539450e-01
1.026296018031555290e-01
9.887302779864763635e-02
9.601803155522163624e-02
1.003756574004507907e-01
9.616829451540195861e-02
9.556724267468069689e-02
9.586776859504132775e-02
9.481592787377911280e-02
9.451540195341848194e-02
9.541697971450037452e-02
9.331329827197595850e-02
9.646882043576258947e-02
9.451540195341848194e-02
9.541697971450037452e-02
9.812171299774605226e-02
9.451540195341848194e-02
9.301277235161532764e-02
8.955672426746806580e-02
9.075882794891058925e-02
8.685199098422238806e-02
8.519909842223891139e-02
8.625093914350112634e-02
8.610067618332081785e-02
8.655146506386175720e-02
8.549962434259955613e-02
8.655146506386175720e-02
8.700225394440271043e-02
8.790383170548460301e-02
8.640120210368144871e-02
8.534936138241923376e-02
8.084147257700977085e-02
8.519909842223891139e-02
8.219383921863260278e-02
8.534936138241923376e-02
8.234410217881292515e-02
8.399699474079638795e-02
8.144252441773103257e-02
8.444778362133734118e-02
8.429752066115701881e-02
7.858752817430503246e-02
7.798647633358377074e-02
8.309541697971449536e-02
7.993989481592787827e-02
8.129226145755071020e-02
8.174305033809166343e-02
7.948910593538692504e-02
7.798647633358377074e-02
8.129226145755071020e-02
7.783621337340346225e-02
8.009015777610818676e-02
7.843726521412472397e-02
8.009015777610818676e-02
7.843726521412472397e-02
7.738542449286250902e-02
7.693463561232156966e-02
7.783621337340346225e-02
7.468069120961683127e-02
7.302779864763335460e-02
7.287753568745304611e-02
7.197595792637115353e-02
7.453042824943650890e-02
7.122464312546956944e-02
7.422990232907587804e-02
7.242674680691209288e-02
7.152516904583020030e-02
6.867017280240421406e-02
6.851990984222389169e-02
6.716754320060104588e-02
7.122464312546956944e-02
6.836964688204356932e-02
7.032306536438767686e-02
7.212622088655146202e-02
7.302779864763335460e-02
6.536438767843726072e-02
6.566491359879789158e-02
6.566491359879789158e-02
6.957175056348610664e-02
6.701728024042073739e-02
6.431254695717505965e-02
6.746806912096167674e-02
6.416228399699473728e-02
6.716754320060104588e-02
6.070623591284748238e-02
6.596543951915852244e-02
6.641622839969947567e-02
6.461307287753569051e-02
6.446280991735536814e-02
6.776859504132230760e-02
6.130728775356874410e-02
6.671675432006010653e-02
6.491359879789632137e-02
6.190833959429000583e-02
6.115702479338842867e-02
5.890308039068369722e-02
6.461307287753569051e-02
6.386175807663410642e-02
5.995492111194590523e-02
5.905334335086401265e-02
5.845229151014275093e-02
6.160781367392937496e-02
5.785123966942148921e-02
6.085649887302779781e-02
6.025544703230653609e-02
6.010518407212622066e-02
6.356123215627347556e-02
6.055597295266716695e-02
6.115702479338842867e-02
6.311044327573253621e-02
6.040570999248685152e-02
5.770097670924117378e-02
5.890308039068369722e-02
5.995492111194590523e-02
5.905334335086401265e-02
5.905334335086401265e-02
5.785123966942148921e-02
5.755071374906085835e-02
5.875281743050338179e-02
5.950413223140495894e-02
6.010518407212622066e-02
5.664913598797896577e-02
5.409466566491359651e-02
5.649887302779865034e-02
5.800150262960180464e-02
5.800150262960180464e-02
5.454545454545454281e-02
5.439519158527422737e-02
5.484598046581517367e-02
5.018782870022539533e-02
5.770097670924117378e-02
5.304282494365138850e-02
5.229151014274981135e-02
5.063861758076634162e-02
5.364387678437265022e-02
5.093914350112697248e-02
5.634861006761833491e-02
5.544703230653643539e-02
4.988730277986476447e-02
5.244177310293012678e-02
5.184072126220886506e-02
5.664913598797896577e-02
4.973703981968444904e-02
4.928625093914350275e-02
4.853493613824192560e-02
4.673178061607813349e-02
4.628099173553718720e-02
5.018782870022539533e-02
4.883546205860255646e-02
4.928625093914350275e-02
4.733283245679940215e-02
4.613072877535687177e-02
4.688204357625844892e-02
4.898572501878287189e-02
5.003756574004507990e-02
4.793388429752066388e-02
4.522915101427497919e-02
4.988730277986476447e-02
5.003756574004507990e-02
4.823441021788129474e-02
4.793388429752066388e-02
4.808414725770097931e-02
4.748309541697971758e-02
4.838467317806161017e-02
4.733283245679940215e-02
4.658151765589781806e-02
4.823441021788129474e-02
4.763335837716003301e-02
4.838467317806161017e-02
4.583020285499624091e-02
4.988730277986476447e-02
4.718256949661908672e-02
4.658151765589781806e-02
4.973703981968444904e-02
4.763335837716003301e-02
4.567993989481592548e-02
4.477836213373403290e-02
4.628099173553718720e-02
4.552967693463561005e-02
4.793388429752066388e-02
4.432757325319308661e-02
4.507888805409466376e-02
4.417731029301277118e-02
4.312546957175056317e-02
4.552967693463561005e-02
4.312546957175056317e-02
4.613072877535687177e-02
4.417731029301277118e-02
4.628099173553718720e-02
4.643125469571750263e-02
4.537941397445529462e-02
4.492862509391434833e-02
4.492862509391434833e-02
4.718256949661908672e-02
4.537941397445529462e-02
4.598046581517655634e-02
4.372652141247182489e-02
