1.000000000000000000e+00
7.969561324977618710e-01
7.147717099373321892e-01
6.841539838854073796e-01
6.435094001790510054e-01
6.250671441360787783e-01
5.894359892569381865e-01
5.666965085049239237e-01
5.367949865711727497e-01
5.287376902417189051e-01
5.145926589077887137e-01
4.970456580125335866e-01
4.870188003581020775e-01
4.682184422560429771e-01
4.467323187108325766e-01
4.418979409131602587e-01
4.234556848701879761e-01
4.048343777976723401e-01
3.987466427931960489e-01
3.942703670546105488e-01
3.815577439570277396e-01
3.772605192479856484e-01
3.706356311548791305e-01
3.606087735004476214e-01
3.575649059982095035e-01
3.373321396598030208e-01
3.351835273052820030e-01
3.410922112802148853e-01
3.271262309758281028e-01
3.101163831692032025e-01
2.895255147717099575e-01
3.004476275738585667e-01
2.841539838854073574e-01
2.737690241718889750e-01
2.811101163831691840e-01
2.703670546105639838e-01
2.601611459265890658e-01
2.513876454789615300e-01
2.590868397493285569e-01
2.522829006266786300e-01
2.458370635631154932e-01
2.392121754700089475e-01
2.367054610564010841e-01
2.367054610564010841e-01
2.268576544315129839e-01
2.207699194270366927e-01
2.227394807520143294e-01
2.076991942703670657e-01
2.157564905998209381e-01
2.161145926589077837e-01
2.048343777976723290e-01
2.017905102954342111e-01
1.982094897045658111e-01
1.926589077887197743e-01
1.930170098478066198e-01
1.856759176365264108e-01
1.926589077887197743e-01
1.849597135183527197e-01
1.815577439570277563e-01
1.794091316025067107e-01
1.811996418979409107e-01
1.700984780662488927e-01
1.740376007162041105e-01
1.632945389435989381e-01
1.650850492390331381e-01
1.672336615935541559e-01
1.627573858549686558e-01
1.598925693822739469e-01
1.589973142345568469e-01
1.563115487914055468e-01
1.500447627573858467e-01
1.570277529095792379e-01
1.550581915846016012e-01
1.536257833482542468e-01
1.516562220232766378e-01
1.414503133393016920e-01
1.389435989256938286e-01
1.416293643688451287e-01
1.369740376007161919e-01
1.351835273052819919e-01
1.387645478961503920e-01
1.299910474485228284e-01
1.319606087735004374e-01
1.332139659803043830e-01
1.308863025962399285e-01
1.290957923008057284e-01
1.206803939122649966e-01
1.208594449418084193e-01
1.213965980304386738e-01
1.187108325872873738e-01
1.122649955237242647e-01
1.185317815577439510e-01
1.128021486123545192e-01
1.154879140555058192e-01
1.156669650850492420e-01
1.133393017009847875e-01
1.094001790510295419e-01
1.101163831692032191e-01
1.081468218442256102e-01
1.072515666965085102e-01
1.034914950760966873e-01
1.015219337511190645e-01
1.040286481647269418e-01
1.011638316920322328e-01
1.004476275738585556e-01
9.615040286481647824e-02
9.883616830796776442e-02
9.829901521933750996e-02
1.018800358102059100e-01
9.722470904207698716e-02
9.418084153983885543e-02
9.221128021486123261e-02
9.203222918531780983e-02
8.952551477170993255e-02
9.006266786034020089e-02
9.006266786034020089e-02
8.630259623992837803e-02
9.561324977618620991e-02
8.773500447627573251e-02
8.093106535362577791e-02
8.021486123545210067e-02
8.343777976723365519e-02
8.200537153088630071e-02
8.093106535362577791e-02
7.717099373321396893e-02
7.949865711727842343e-02
8.218442256042972349e-02
7.824529991047449173e-02
7.609668755595344614e-02
7.287376902417189162e-02
7.878245299910474619e-02
7.914055505819157788e-02
7.484333034914951444e-02
7.358997314234556886e-02
7.376902417188899164e-02
7.144136078782452326e-02
7.341092211280214608e-02
7.520143240823634612e-02
7.108325872873769158e-02
6.732318710832586872e-02
7.215756490599821438e-02
7.036705461056401434e-02
6.965085049239033710e-02
6.427931960608773698e-02
6.606982990152193702e-02
6.589077887197851424e-02
6.195165622202327554e-02
6.320501342882721418e-02
5.980304386750223689e-02
6.123545210384959830e-02
5.622202327663384375e-02
5.729632945389435961e-02
5.962399283795882104e-02
6.069829901521933690e-02
5.514771709937332095e-02
5.783348254252462101e-02
5.675917636526409821e-02
5.496866606982989817e-02
5.872873769024172103e-02
5.926589077887197549e-02
5.586392121754699819e-02
5.944494180841539827e-02
5.550581915846015957e-02
5.747538048343778239e-02
5.837063563115488241e-02
5.443151298119964371e-02
5.586392121754699819e-02
5.371530886302595953e-02
5.282005371530886645e-02
5.210384959713518227e-02
5.102954341987466641e-02
5.156669650850492087e-02
5.425246195165622093e-02
5.568487018800358235e-02
5.389435989256938231e-02
5.496866606982989817e-02
5.013428827215756639e-02
5.353625783348254369e-02
5.389435989256938231e-02
4.744852282900626633e-02
4.798567591763652773e-02
4.852282900626678913e-02
4.512085944494181183e-02
4.153983885407341176e-02
4.959713518352730499e-02
4.762757385854968911e-02
4.637421665174575047e-02
4.333034914950761179e-02
4.333034914950761179e-02
4.440465532676812765e-02
4.153983885407341176e-02
3.957027752909578894e-02
3.849597135183527308e-02
4.046553267681288896e-02
3.957027752909578894e-02
4.315129811996418902e-02
4.153983885407341176e-02
3.706356311548791166e-02
3.706356311548791166e-02
3.813786929274843446e-02
3.885407341092211170e-02
4.100268576544315036e-02
4.046553267681288896e-02
3.777976723366159584e-02
4.386750223813786626e-02
3.724261414503133444e-02
4.064458370635631174e-02
4.153983885407341176e-02
4.118173679498657314e-02
3.312444046553267990e-02
3.957027752909578894e-02
3.813786929274843446e-02
3.777976723366159584e-02
3.473589973142345716e-02
3.670546105640107304e-02
3.670546105640107304e-02
3.670546105640107304e-02
3.455684870188003438e-02
3.563115487914055718e-02
3.330349149507609574e-02
3.008057296329453775e-02
3.133393017009847986e-02
3.527305282005371856e-02
3.401969561324977298e-02
3.258728737690241850e-02
3.545210384959713440e-02
3.222918531781557988e-02
3.025962399283796053e-02
2.990152193375111844e-02
3.348254252461951852e-02
3.151298119964189570e-02
3.401969561324977298e-02
2.685765443151297976e-02
2.954341987466427982e-02
2.739480752014324116e-02
2.864816472694717980e-02
2.918531781557744120e-02
3.115487914055505708e-02
2.882721575649059911e-02
2.793196060877349909e-02
2.864816472694717980e-02
2.846911369740376049e-02
2.721575649059982185e-02
2.685765443151297976e-02
2.506714413607878320e-02
2.542524619516562182e-02
2.614145031333930252e-02
2.685765443151297976e-02
2.596239928379588321e-02
2.506714413607878320e-02
2.488809310653536389e-02
2.846911369740376049e-02
3.008057296329453775e-02
2.721575649059982185e-02
2.578334825425246044e-02
2.560429722470904113e-02
2.703670546105640254e-02
2.667860340196956045e-02
2.345568487018800247e-02
2.560429722470904113e-02
2.775290957923007978e-02
2.506714413607878320e-02
2.614145031333930252e-02
2.417188898836168318e-02
2.685765443151297976e-02
2.435094001790510249e-02
2.452999104744852180e-02
2.793196060877349909e-02
2.667860340196956045e-02
2.739480752014324116e-02
2.721575649059982185e-02
2.363473589973142178e-02
2.488809310653536389e-02
2.524619516562220251e-02
2.578334825425246044e-02
2.309758281110116385e-02
2.488809310653536389e-02
2.220232766338406383e-02
2.256042972247090592e-02
2.327663384064458316e-02
1.951656222023276724e-02
2.256042972247090592e-02
2.005371530886302517e-02
2.238137869292748314e-02
2.076991942703670588e-02
2.327663384064458316e-02
2.256042972247090592e-02
2.184422560429722521e-02
2.273948075201432523e-02
2.076991942703670588e-02
2.005371530886302517e-02
2.184422560429722521e-02
1.897940913160250584e-02
2.202327663384064452e-02
1.969561324977618655e-02
1.951656222023276724e-02
1.862130707251566722e-02
2.076991942703670588e-02
1.933751119068934793e-02
1.862130707251566722e-02
2.094897045658012519e-02
2.059086839749328657e-02
1.987466427931960586e-02
1.951656222023276724e-02
1.844225604297224791e-02
1.844225604297224791e-02
1.700984780662488649e-02
1.951656222023276724e-02
1.700984780662488649e-02
1.593554162936436716e-02
1.808415398388540582e-02
1.933751119068934793e-02
1.772605192479856720e-02
1.700984780662488649e-02
1.862130707251566722e-02
1.808415398388540582e-02
1.683079677708146718e-02
1.611459265890778994e-02
1.790510295434198651e-02
1.629364368845120925e-02
1.504028648164726888e-02
1.611459265890778994e-02
1.504028648164726888e-02
1.826320501342882860e-02
1.736794986571172858e-02
1.521933751119068992e-02
1.539838854073410923e-02
1.629364368845120925e-02
1.342882721575648988e-02
1.432408236347358990e-02
1.307072515666965126e-02
1.504028648164726888e-02
1.450313339301700921e-02
1.629364368845120925e-02
1.378692927484333024e-02
1.521933751119068992e-02
1.575649059982094785e-02
1.521933751119068992e-02
1.486123545210384957e-02
1.665174574753804787e-02
1.557743957027752854e-02
1.486123545210384957e-02
1.557743957027752854e-02
1.378692927484333024e-02
1.378692927484333024e-02
1.289167412712623022e-02
1.468218442256043026e-02
1.521933751119068992e-02
1.486123545210384957e-02
1.521933751119068992e-02
1.468218442256043026e-02
1.396598030438674955e-02
1.486123545210384957e-02
1.432408236347358990e-02
1.450313339301700921e-02
1.432408236347358990e-02
1.253357206803939160e-02
1.217547000895255124e-02
1.235452103849597055e-02
1.235452103849597055e-02
1.217547000895255124e-02
1.253357206803939160e-02
1.414503133393017059e-02
1.324977618621307057e-02
1.253357206803939160e-02
1.271262309758281091e-02
1.181736794986571089e-02
1.271262309758281091e-02
1.450313339301700921e-02
1.271262309758281091e-02
1.396598030438674955e-02
1.486123545210384957e-02
1.504028648164726888e-02
1.324977618621307057e-02
1.324977618621307057e-02
1.235452103849597055e-02
1.235452103849597055e-02
1.307072515666965126e-02
1.271262309758281091e-02
1.128021486123545296e-02
1.396598030438674955e-02
1.181736794986571089e-02
1.414503133393017059e-02
1.253357206803939160e-02
1.324977618621307057e-02
1.307072515666965126e-02
1.307072515666965126e-02
1.342882721575648988e-02
1.414503133393017059e-02
1.181736794986571089e-02
1.199641897940913193e-02
1.253357206803939160e-02
1.199641897940913193e-02
1.217547000895255124e-02
1.020590868397493363e-02
1.092211280214861260e-02
1.217547000895255124e-02
1.432408236347358990e-02
1.092211280214861260e-02
1.235452103849597055e-02
1.020590868397493363e-02
