1.000000000000000000e+00
8.112276372609500408e-01
7.300020563438206489e-01
6.929878675714579161e-01
6.545342381246144203e-01
6.493933785728973618e-01
6.142298992391528323e-01
5.983960518198643275e-01
5.642607443964631209e-01
5.622044005757762530e-01
5.330043183220234404e-01
5.161422989923915017e-01
4.883816574131194521e-01
4.822126259510590152e-01
4.696689286448694212e-01
4.632942628007402641e-01
4.546576187538556302e-01
4.402632120090478884e-01
4.273082459387209653e-01
4.104462266090890266e-01
4.003701418877236295e-01
3.917334978408389956e-01
3.833024881760230262e-01
3.878264445815340355e-01
3.736376722187949584e-01
3.635615874974295614e-01
3.551305778326135920e-01
3.477277400781410566e-01
3.532798683939954998e-01
3.442319555829734812e-01
3.320995270409212163e-01
3.170882171499074809e-01
3.135924326547398500e-01
3.066008636644046992e-01
3.012543697306189761e-01
2.957022414147645328e-01
2.829529097265062743e-01
2.796627596134073634e-01
2.741106312975529757e-01
2.652683528685996217e-01
2.656796216327370064e-01
2.574542463499897016e-01
2.494345054493111169e-01
2.519021180341353139e-01
2.447049146617314430e-01
2.451161834258687999e-01
2.375077112893275721e-01
2.313386798272671074e-01
2.194118856672835627e-01
2.274316265679621751e-01
2.198231544314209474e-01
2.163273699362533442e-01
2.185893481390088489e-01
2.132428542052231257e-01
2.052231133045445133e-01
1.988484474604153840e-01
1.961752004935225224e-01
2.009047912811021963e-01
1.980259099321406424e-01
1.895949002673247008e-01
1.918568784700802055e-01
1.850709438618136915e-01
1.823976968949208299e-01
1.823976968949208299e-01
1.895949002673247008e-01
1.770512029611351068e-01
1.710878058811433344e-01
1.770512029611351068e-01
1.694427308245938790e-01
1.647131400370141774e-01
1.686201932963191374e-01
1.614229899239152666e-01
1.614229899239152666e-01
1.556652272259921865e-01
1.628624305983960574e-01
1.601891836315031958e-01
1.494961957639317218e-01
1.480567550894509588e-01
1.507300020563438203e-01
1.490849269997943649e-01
1.472342175611762172e-01
1.478511207073822664e-01
1.449722393584207403e-01
1.422989923915278510e-01
1.377750359860168694e-01
1.334567139625745524e-01
1.316060045239564047e-01
1.223524573308657215e-01
1.287271231749948508e-01
1.270820481184453954e-01
1.239975323874151769e-01
1.213242854205223153e-01
1.237918980053464985e-01
1.244088011515525338e-01
1.217355541846596723e-01
1.291383919391322355e-01
1.198848447460415384e-01
1.184454040715607614e-01
1.184454040715607614e-01
1.182397696894920830e-01
1.190623072177668107e-01
1.155665227225992214e-01
1.067242442936458952e-01
1.026115566522722566e-01
1.075467818219206229e-01
1.093974912605387567e-01
1.059017067653711675e-01
1.077524162039893013e-01
1.081636849681266721e-01
1.096031256426074491e-01
1.017890191239975289e-01
1.017890191239975289e-01
1.011721159777914936e-01
9.993830968537939508e-02
9.870450339296731046e-02
9.911577215710466737e-02
9.603125642607443502e-02
9.829323462882993967e-02
1.013777503598601720e-01
1.001439440674480735e-01
9.788196586469258276e-02
9.479745013366235040e-02
9.274110631297552421e-02
9.315237507711289500e-02
8.369319350195353335e-02
9.006785934608266264e-02
8.760024676125847953e-02
8.554390294057166721e-02
8.677770923298375183e-02
8.760024676125847953e-02
8.574953732264034567e-02
8.163684968126670716e-02
7.999177462471725175e-02
8.225375282747275640e-02
8.060867777092330100e-02
8.369319350195353335e-02
7.772979642196174710e-02
7.814106518609911789e-02
7.629035574748098403e-02
8.245938720954143486e-02
7.937487147851120250e-02
7.752416203989306864e-02
7.485091507300020708e-02
7.608472136541229169e-02
7.629035574748098403e-02
7.300020563438207322e-02
7.402837754472547938e-02
7.670162451161834094e-02
7.341147439851943013e-02
7.443964630886283629e-02
7.443964630886283629e-02
7.443964630886283629e-02
7.320584001645075167e-02
6.888751799300843470e-02
7.156076495990129627e-02
6.991568990335184086e-02
7.073822743162656856e-02
6.950442113921447007e-02
6.888751799300843470e-02
6.477483035163479619e-02
6.539173349784084543e-02
6.950442113921447007e-02
6.683117417232160851e-02
6.806498046473370700e-02
6.456919596956611773e-02
6.395229282336006849e-02
6.210158338474192768e-02
6.292412091301666233e-02
5.716635821509356147e-02
6.025087394612379382e-02
6.230721776681061308e-02
6.086777709232983613e-02
5.840016450750565302e-02
5.778326136129961071e-02
5.778326136129961071e-02
5.675508945095619762e-02
5.778326136129961071e-02
5.654945506888751916e-02
5.572691754061279146e-02
5.511001439440674221e-02
5.511001439440674221e-02
5.860579888957433842e-02
5.120296113510178909e-02
5.305367057371992295e-02
5.490438001233806375e-02
5.531564877647542761e-02
5.120296113510178909e-02
5.284803619165124450e-02
4.935225169648365523e-02
4.832407978614024213e-02
4.996915484268969754e-02
5.346493933785728681e-02
5.140859551717046755e-02
5.634382068681883377e-02
5.634382068681883377e-02
5.449311124820069990e-02
5.284803619165124450e-02
5.284803619165124450e-02
5.367057371992597220e-02
5.202549866337651679e-02
5.654945506888751916e-02
4.976352046062101908e-02
5.305367057371992295e-02
4.976352046062101908e-02
5.058605798889574678e-02
5.264240180958255910e-02
5.058605798889574678e-02
4.359448899856056131e-02
4.565083281924738057e-02
4.482829529097265286e-02
4.544519843717869517e-02
4.565083281924738057e-02
4.852971416820892753e-02
4.976352046062101908e-02
4.441702652683528901e-02
4.318322023442319746e-02
4.791281102200287828e-02
4.236068270614846976e-02
4.318322023442319746e-02
4.297758585235451206e-02
4.256631708821714821e-02
4.544519843717869517e-02
4.009870450339296510e-02
4.092124203166769281e-02
4.482829529097265286e-02
4.297758585235451206e-02
4.256631708821714821e-02
4.194941394201110590e-02
4.133251079580505666e-02
4.523956405511001672e-02
4.215504832407978436e-02
4.647337034752210827e-02
4.585646720131605902e-02
4.277195147028583361e-02
4.441702652683528901e-02
4.523956405511001672e-02
4.071560764959901435e-02
4.236068270614846976e-02
4.236068270614846976e-02
4.277195147028583361e-02
4.215504832407978436e-02
4.050997326753032896e-02
3.989307012132428665e-02
3.680855439029405429e-02
4.215504832407978436e-02
3.763109191856878200e-02
3.783672630063746739e-02
3.865926382891219509e-02
3.824799506477483124e-02
3.660292000822537584e-02
3.989307012132428665e-02
4.277195147028583361e-02
3.742545753650010354e-02
3.680855439029405429e-02
3.475221056960723504e-02
3.804236068270614585e-02
3.927616697511823740e-02
3.454657618753855658e-02
3.413530742340119273e-02
3.680855439029405429e-02
3.598601686201932659e-02
3.269586674892042272e-02
3.228459798478305887e-02
3.310713551305778657e-02
3.721982315443141814e-02
3.022825416409623614e-02
3.269586674892042272e-02
3.680855439029405429e-02
3.619165124408801198e-02
3.434094180546987118e-02
3.413530742340119273e-02
3.742545753650010354e-02
3.207896360271437347e-02
3.413530742340119273e-02
3.434094180546987118e-02
3.249023236685173732e-02
3.269586674892042272e-02
3.125642607443964577e-02
3.166769483857700962e-02
2.899444787168414459e-02
2.981698539995887229e-02
3.187332922064569501e-02
3.002261978202755421e-02
2.940571663582150844e-02
3.002261978202755421e-02
3.125642607443964577e-02
3.166769483857700962e-02
2.940571663582150844e-02
2.920008225375282651e-02
2.899444787168414459e-02
2.447049146617314569e-02
2.920008225375282651e-02
2.632120090479127955e-02
3.146206045650833116e-02
3.351840427719515042e-02
2.837754472547809881e-02
2.817191034340941688e-02
2.858317910754678073e-02
2.858317910754678073e-02
2.940571663582150844e-02
2.858317910754678073e-02
2.796627596134073496e-02
2.714373843306600725e-02
2.385358831996709991e-02
2.714373843306600725e-02
2.590993214065391570e-02
2.755500719720337111e-02
2.714373843306600725e-02
2.488176023031050954e-02
2.817191034340941688e-02
2.858317910754678073e-02
2.878881348961546266e-02
2.611556652272259763e-02
2.611556652272259763e-02
2.940571663582150844e-02
2.755500719720337111e-02
2.878881348961546266e-02
2.920008225375282651e-02
3.022825416409623614e-02
2.755500719720337111e-02
2.632120090479127955e-02
2.693810405099732533e-02
2.755500719720337111e-02
2.981698539995887229e-02
2.673246966892864340e-02
2.405922270203578184e-02
2.467612584824182762e-02
2.467612584824182762e-02
2.714373843306600725e-02
2.323668517376105414e-02
2.611556652272259763e-02
2.673246966892864340e-02
2.632120090479127955e-02
2.858317910754678073e-02
2.447049146617314569e-02
2.488176023031050954e-02
2.529302899444787339e-02
2.344231955582973606e-02
2.447049146617314569e-02
2.261978202755500836e-02
2.159161011721159873e-02
2.282541640962369028e-02
2.323668517376105414e-02
2.508739461237919147e-02
2.159161011721159873e-02
2.261978202755500836e-02
2.035780382479950718e-02
2.220851326341764451e-02
2.179724449928028066e-02
2.179724449928028066e-02
2.076907258893687103e-02
1.830146000411268792e-02
2.076907258893687103e-02
2.056343820686818910e-02
1.953526629652477947e-02
1.974090067859346140e-02
1.809582562204400599e-02
1.850709438618136984e-02
1.953526629652477947e-02
1.994653506066214332e-02
2.097470697100555295e-02
2.097470697100555295e-02
1.994653506066214332e-02
1.994653506066214332e-02
1.994653506066214332e-02
1.871272876825005177e-02
1.830146000411268792e-02
1.891836315031873370e-02
2.138597573514291680e-02
1.974090067859346140e-02
2.200287888134896258e-02
2.015216944273082525e-02
2.076907258893687103e-02
2.015216944273082525e-02
1.912399753238741562e-02
2.035780382479950718e-02
1.871272876825005177e-02
1.891836315031873370e-02
2.076907258893687103e-02
2.138597573514291680e-02
2.097470697100555295e-02
2.138597573514291680e-02
2.035780382479950718e-02
1.912399753238741562e-02
2.118034135307423488e-02
2.076907258893687103e-02
2.015216944273082525e-02
1.789019123997532407e-02
1.932963191445609755e-02
1.912399753238741562e-02
1.994653506066214332e-02
1.974090067859346140e-02
1.768455685790664214e-02
1.850709438618136984e-02
2.097470697100555295e-02
1.789019123997532407e-02
1.830146000411268792e-02
1.891836315031873370e-02
1.727328809376927829e-02
1.912399753238741562e-02
1.891836315031873370e-02
