1.000000000000000000e+00
8.193226749183427637e-01
7.756575554409489426e-01
7.613890321471549205e-01
7.197868317001890892e-01
7.041430290527763702e-01
6.713082344851297734e-01
6.695891352931063745e-01
6.465532061199931180e-01
6.152656008251675690e-01
6.135465016331442811e-01
6.063262850266459836e-01
5.903386625408285626e-01
5.765858690046415935e-01
5.752105896510228966e-01
5.563004985387657308e-01
5.609420663572287635e-01
5.358432181536875172e-01
5.294825511432009746e-01
5.312016503352243735e-01
5.057589822932783141e-01
4.944129276259240369e-01
5.062747120508853671e-01
4.806601340897369568e-01
4.799724944129276083e-01
4.748151968368574671e-01
4.631253223310984879e-01
4.431837717036272717e-01
4.409489427539969308e-01
4.418084923500085748e-01
4.418084923500085748e-01
4.344163658243080373e-01
4.244455905105724569e-01
4.100051572975760839e-01
4.170534639848719194e-01
4.139590854392298236e-01
4.060512291559222886e-01
4.026130307718755463e-01
4.005501117414475010e-01
3.835310297404160296e-01
3.955647240845796553e-01
3.957366340037820063e-01
3.826714801444043301e-01
3.795771015987622343e-01
3.684029568506102525e-01
3.694344163658243030e-01
3.718411552346570503e-01
3.517276946879834831e-01
3.629018394361354649e-01
3.470861268695203949e-01
3.524153343647928316e-01
3.402097301014268549e-01
3.329895134949286684e-01
3.223310985043836840e-01
3.274883960804538252e-01
3.288636754340725221e-01
3.243940175348117849e-01
3.106412239986247048e-01
3.230187381811930325e-01
3.176895306859205959e-01
3.073749355337803135e-01
3.037648272305312203e-01
3.037648272305312203e-01
2.963727007048306827e-01
2.986075296544610791e-01
2.927625924015815895e-01
2.891524840983324962e-01
2.991232594120680766e-01
2.924187725631768875e-01
2.864019253910950469e-01
2.872614749871067463e-01
2.764311500773594665e-01
2.822760873302389562e-01
2.757435104005501181e-01
2.764311500773594665e-01
2.802131682998109108e-01
2.790097988653945094e-01
2.760873302389547645e-01
2.674918342788378811e-01
2.611311672683513940e-01
2.599277978339349926e-01
2.602716176723396946e-01
2.571772391266975988e-01
2.578648788035069472e-01
2.533952209042461545e-01
2.527075812274368061e-01
2.509884820354134627e-01
2.566615093690906013e-01
2.492693828433900638e-01
2.401581571256661551e-01
2.444559051057245969e-01
2.466907340553549932e-01
2.429087158329035490e-01
2.355165893072030392e-01
2.368918686608217361e-01
2.286401925391094991e-01
2.386109678528451072e-01
2.348289496303936630e-01
2.327660305999656176e-01
2.250300842358604059e-01
2.337974901151796403e-01
2.298435619735258728e-01
2.308750214887398955e-01
2.277806429430978274e-01
2.221076156094206611e-01
2.238267148014440322e-01
2.197008767405879415e-01
2.253739040742650801e-01
2.202166064981949389e-01
2.200446965789926157e-01
2.074952724772219370e-01
2.133402097301014266e-01
2.150593089221247978e-01
2.092143716692453081e-01
2.162626783565411714e-01
2.050885336083892174e-01
2.095581915076499824e-01
2.105896510228640328e-01
2.056042633659962149e-01
2.102458311844593308e-01
2.013065153859377732e-01
1.961492178098676320e-01
2.009626955475330989e-01
2.033694344163658185e-01
2.025098848203541468e-01
1.946020285370465841e-01
2.016503352243424474e-01
1.990716864363073768e-01
1.928829293450232130e-01
1.911638301529998418e-01
1.930548392642255362e-01
1.925391095066185387e-01
1.861784424961320239e-01
1.849750730617156502e-01
1.872099020113460466e-01
1.880694516073577460e-01
1.870379920921437233e-01
1.853188929001203245e-01
1.860065325769297007e-01
1.878975416881553950e-01
1.868660821729413724e-01
1.770672167784081152e-01
1.798177754856455091e-01
1.805054151624548853e-01
1.767233969400034410e-01
1.798177754856455091e-01
1.768953068592057642e-01
1.784424961320268122e-01
1.703627299295169262e-01
1.693312704143029035e-01
1.658930720302561335e-01
1.672683513838748581e-01
1.689874505758982293e-01
1.695031803335052545e-01
1.686436307374935550e-01
1.607357744541860201e-01
1.650335224342444618e-01
1.660649819494584845e-01
1.626267835654117144e-01
1.629706034038163887e-01
1.610795942925906943e-01
1.590166752621626212e-01
1.636582430806257649e-01
1.634863331614234139e-01
1.631425133230187396e-01
1.591885851813649722e-01
1.612515042117930175e-01
1.578133058277462475e-01
1.526560082516761341e-01
1.473268007564036419e-01
1.442324222107615739e-01
1.490458999484270131e-01
1.407942238267148038e-01
1.481863503524153414e-01
1.555784768781158789e-01
1.471548908372013187e-01
1.502492693828433867e-01
1.459515214027849450e-01
1.528279181708784573e-01
1.481863503524153414e-01
1.535155578476878058e-01
1.533436479284854825e-01
1.492178098676293641e-01
1.480144404332129904e-01
1.511088189788550862e-01
1.514526388172597604e-01
1.449200618875709223e-01
1.407942238267148038e-01
1.445762420491662481e-01
1.437166924531545487e-01
1.407942238267148038e-01
1.402784940691077786e-01
1.402784940691077786e-01
1.354650163314423117e-01
1.352931064122399885e-01
1.358088361698470137e-01
1.392470345538937559e-01
1.328863675434072411e-01
1.323706377858002436e-01
1.359807460890493369e-01
1.373560254426680338e-01
1.347773766546329632e-01
1.352931064122399885e-01
1.380436651194773823e-01
1.318549080281932184e-01
1.344335568162282890e-01
1.320268179473955694e-01
1.296200790785628221e-01
1.316829981089908952e-01
1.275571600481347767e-01
1.308234485129791957e-01
1.277290699673371277e-01
1.409661337459171271e-01
1.297919889977651731e-01
1.239470517448856834e-01
1.270414302905277515e-01
1.334020973010142663e-01
1.239470517448856834e-01
1.236032319064810092e-01
1.239470517448856834e-01
1.270414302905277515e-01
1.256661509369090546e-01
1.261818806945160798e-01
1.186178442496132052e-01
1.198212136840295650e-01
1.239470517448856834e-01
1.222279525528622984e-01
1.184459343304108681e-01
1.151796458655664490e-01
1.220560426336599613e-01
1.236032319064810092e-01
1.241189616640880206e-01
1.193054839264225536e-01
1.223998624720646355e-01
1.201650335224342392e-01
1.193054839264225536e-01
1.170706549767921573e-01
1.174144748151968315e-01
1.168987450575898202e-01
1.083032490974729228e-01
1.168987450575898202e-01
1.117414474815196790e-01
1.108818978855079934e-01
1.124290871583290413e-01
1.119133574007220161e-01
1.081313391782705857e-01
1.131167268351383898e-01
1.070998796630565630e-01
1.096785284510916336e-01
1.077875193398659115e-01
1.101942582086986450e-01
1.088189788550799342e-01
1.139762764311500753e-01
1.091627986934846084e-01
1.070998796630565630e-01
1.064122399862472007e-01
1.093347086126869455e-01
1.101942582086986450e-01
1.036616812790097930e-01
1.040055011174144811e-01
1.110538078047103305e-01
1.072717895822589002e-01
1.060684201478425265e-01
1.074436995014612373e-01
1.046931407942238296e-01
1.038335911982121301e-01
1.031459515214027817e-01
1.019425820869864219e-01
1.043493209558191553e-01
1.022864019253910961e-01
1.012549424101770734e-01
1.043493209558191553e-01
1.021144920061887590e-01
1.015987622485817476e-01
9.592573491490459514e-02
9.884820354134433995e-02
9.661337459171394360e-02
9.661337459171394360e-02
9.712910434932095494e-02
9.936393329895135129e-02
1.010830324909747224e-01
9.884820354134433995e-02
9.884820354134433995e-02
9.403472580367887301e-02
9.867629362214200284e-02
9.712910434932095494e-02
9.523809523809523281e-02
9.369090596527419879e-02
9.248753653085782511e-02
9.334708612686952456e-02
9.111225717723912820e-02
9.626955475330926937e-02
9.231562661165548800e-02
8.664259927797833549e-02
9.145607701564380243e-02
9.351899604607186167e-02
9.197180677325081377e-02
9.179989685404847666e-02
8.698641911638300972e-02
9.369090596527419879e-02
8.647068935877599838e-02
9.248753653085782511e-02
9.111225717723912820e-02
8.784596871239470917e-02
8.818978855079938339e-02
8.956506790441808030e-02
8.767405879319237205e-02
8.647068935877599838e-02
8.354822073233625357e-02
8.853360838920405762e-02
8.664259927797833549e-02
8.509541000515730147e-02
8.715832903558534683e-02
9.025270758122744263e-02
9.162798693484613954e-02
8.647068935877599838e-02
8.354822073233625357e-02
8.664259927797833549e-02
8.733023895478769782e-02
8.612686952037132415e-02
8.801787863159704628e-02
8.561113976276431281e-02
8.475159016675262724e-02
8.492350008595496436e-02
8.423586040914560202e-02
8.406395048994326491e-02
8.251676121712223089e-02
8.543922984356197570e-02
7.942238267148014896e-02
8.561113976276431281e-02
8.423586040914560202e-02
8.337631081313391646e-02
8.543922984356197570e-02
8.457968024755029013e-02
8.509541000515730147e-02
8.320440089393157934e-02
8.182912154031288243e-02
8.492350008595496436e-02
8.234485129791989377e-02
8.131339178270585721e-02
7.787519339865910106e-02
8.114148186350352010e-02
7.770328347945676395e-02
8.320440089393157934e-02
8.165721162111053144e-02
8.045384218669417165e-02
8.079766202509884587e-02
7.959429259068248608e-02
8.561113976276431281e-02
8.268867113632456800e-02
8.286058105552690511e-02
8.303249097472924223e-02
8.234485129791989377e-02
8.062575210589650876e-02
7.684373388344507838e-02
8.303249097472924223e-02
7.667182396424274127e-02
7.718755372184975261e-02
7.890665291387312374e-02
7.512463469142169337e-02
7.684373388344507838e-02
7.649991404504040415e-02
7.770328347945676395e-02
7.787519339865910106e-02
7.701564380264741549e-02
7.718755372184975261e-02
8.028193226749183453e-02
7.529654461062403048e-02
7.907856283307547474e-02
8.131339178270585721e-02
7.254598590338662278e-02
7.753137356025442684e-02
7.495272477221935625e-02
7.323362558019597124e-02
7.581227436823104182e-02
7.890665291387312374e-02
7.512463469142169337e-02
7.237407598418428567e-02
7.082688671136325165e-02
7.409317517620767068e-02
7.598418428743337893e-02
7.288980574179129701e-02
7.013924703455388932e-02
7.065497679216091453e-02
7.392126525700533357e-02
7.185834622657727433e-02
6.962351727694687797e-02
7.082688671136325165e-02
6.945160735774454086e-02
7.031115695375622643e-02
7.065497679216091453e-02
6.910778751933986663e-02
6.738868832731648162e-02
6.584149905449544760e-02
7.031115695375622643e-02
6.773250816572115585e-02
6.859205776173285529e-02
6.893587760013752952e-02
6.790441808492350684e-02
6.996733711535155220e-02
6.842014784253051818e-02
