1.000000000000000000e+00
6.971046770601336817e-01
7.104677060133630651e-01
6.993318485523385419e-01
6.770601336302894957e-01
6.636971046770601124e-01
6.414253897550111772e-01
5.812917594654788411e-01
6.258351893095768226e-01
5.790645879732739809e-01
6.525612472160355892e-01
5.545657015590200745e-01
6.213808463251669911e-01
5.723830734966592892e-01
5.523385300668151032e-01
5.590200445434297949e-01
5.278396436525611968e-01
5.790645879732739809e-01
5.345211581291759995e-01
5.612472160356347661e-01
5.679287305122494578e-01
5.501113585746102430e-01
5.679287305122494578e-01
5.122494432071269532e-01
5.167037861915367847e-01
5.233853006681514763e-01
5.612472160356347661e-01
5.211581291759465051e-01
5.144766146993318134e-01
4.988864142538975699e-01
5.167037861915367847e-01
5.033407572383074013e-01
5.367483296213808597e-01
5.322939866369710282e-01
5.033407572383074013e-01
4.899777282850779625e-01
4.966592427616926542e-01
5.345211581291759995e-01
5.233853006681514763e-01
4.988864142538975699e-01
5.033407572383074013e-01
5.100222717149220930e-01
5.100222717149220930e-01
4.922048997772828782e-01
4.922048997772828782e-01
4.632516703786191403e-01
4.922048997772828782e-01
4.966592427616926542e-01
4.922048997772828782e-01
4.699331848552338320e-01
4.476614699331848413e-01
4.476614699331848413e-01
4.387527839643652339e-01
4.476614699331848413e-01
5.033407572383074013e-01
4.721603563474387477e-01
4.699331848552338320e-01
3.942093541202672524e-01
4.610244988864142801e-01
4.075723830734966358e-01
4.231625835189309348e-01
4.298440979955456820e-01
4.498886414253897570e-01
4.031180400890868598e-01
4.253897550111358505e-01
4.031180400890868598e-01
3.919821826280623367e-01
4.120267260579064672e-01
4.187082405345211589e-01
3.964365256124721681e-01
4.187082405345211589e-01
4.008908685968819441e-01
4.209354120267260746e-01
4.120267260579064672e-01
4.498886414253897570e-01
3.897550111358574765e-01
3.763919821826280376e-01
3.964365256124721681e-01
3.942093541202672524e-01
3.830734966592427848e-01
3.964365256124721681e-01
4.231625835189309348e-01
4.097995545657015515e-01
3.652561247216035700e-01
3.496659242761692710e-01
3.897550111358574765e-01
3.897550111358574765e-01
4.164810690423162431e-01
4.031180400890868598e-01
3.786191536748329534e-01
4.031180400890868598e-01
4.031180400890868598e-01
3.919821826280623367e-01
3.608017817371937386e-01
4.031180400890868598e-01
3.897550111358574765e-01
3.585746102449888784e-01
3.919821826280623367e-01
3.697104677060133460e-01
3.986636971046770839e-01
4.031180400890868598e-01
3.786191536748329534e-01
3.630289532293986543e-01
3.563474387527839626e-01
3.875278396436525608e-01
3.697104677060133460e-01
3.763919821826280376e-01
3.674832962138084858e-01
3.630289532293986543e-01
3.496659242761692710e-01
3.452115812917594395e-01
3.853006681514476450e-01
3.385300668151447478e-01
3.496659242761692710e-01
3.429844097995545793e-01
3.452115812917594395e-01
3.964365256124721681e-01
3.964365256124721681e-01
3.964365256124721681e-01
3.585746102449888784e-01
3.830734966592427848e-01
3.986636971046770839e-01
3.585746102449888784e-01
3.697104677060133460e-01
3.207126948775055886e-01
3.608017817371937386e-01
3.763919821826280376e-01
3.919821826280623367e-01
3.763919821826280376e-01
3.741648106904231774e-01
3.853006681514476450e-01
3.719376391982182617e-01
3.474387527839643552e-01
3.363028953229398876e-01
3.585746102449888784e-01
3.741648106904231774e-01
3.518930957683741867e-01
3.786191536748329534e-01
3.875278396436525608e-01
3.340757238307349719e-01
3.273942093541202802e-01
3.407572383073496636e-01
3.474387527839643552e-01
3.407572383073496636e-01
3.741648106904231774e-01
3.763919821826280376e-01
3.518930957683741867e-01
3.719376391982182617e-01
3.340757238307349719e-01
3.273942093541202802e-01
3.652561247216035700e-01
3.518930957683741867e-01
3.095768374164810655e-01
3.563474387527839626e-01
3.652561247216035700e-01
3.407572383073496636e-01
3.652561247216035700e-01
3.363028953229398876e-01
3.006681514476614581e-01
3.608017817371937386e-01
3.407572383073496636e-01
3.251670378619153645e-01
3.518930957683741867e-01
3.518930957683741867e-01
3.496659242761692710e-01
3.095768374164810655e-01
3.385300668151447478e-01
3.363028953229398876e-01
3.184855233853006728e-01
3.207126948775055886e-01
2.962138084632516821e-01
3.296213808463251405e-01
3.207126948775055886e-01
3.474387527839643552e-01
3.207126948775055886e-01
2.783964365256124673e-01
3.162583518930957571e-01
3.184855233853006728e-01
3.140311804008908414e-01
3.073496659242761497e-01
3.006681514476614581e-01
3.340757238307349719e-01
3.340757238307349719e-01
2.917594654788418507e-01
3.140311804008908414e-01
2.806236080178173831e-01
2.850779510022271590e-01
3.095768374164810655e-01
3.340757238307349719e-01
3.073496659242761497e-01
3.118040089086859812e-01
3.140311804008908414e-01
3.051224944320712895e-01
2.873051224944320747e-01
2.739420935412026914e-01
2.917594654788418507e-01
3.118040089086859812e-01
2.873051224944320747e-01
3.006681514476614581e-01
2.939866369710467664e-01
3.051224944320712895e-01
2.850779510022271590e-01
2.962138084632516821e-01
2.939866369710467664e-01
2.717149220489977757e-01
2.761692650334075516e-01
2.806236080178173831e-01
3.006681514476614581e-01
3.184855233853006728e-01
2.984409799554565978e-01
2.828507795100222988e-01
2.895322939866369905e-01
2.739420935412026914e-01
2.850779510022271590e-01
2.338530066815144859e-01
2.739420935412026914e-01
2.939866369710467664e-01
2.895322939866369905e-01
2.895322939866369905e-01
2.672605790645879997e-01
2.895322939866369905e-01
2.984409799554565978e-01
2.761692650334075516e-01
2.717149220489977757e-01
2.717149220489977757e-01
2.962138084632516821e-01
2.873051224944320747e-01
2.672605790645879997e-01
2.962138084632516821e-01
2.873051224944320747e-01
2.917594654788418507e-01
2.873051224944320747e-01
2.672605790645879997e-01
2.739420935412026914e-01
2.516703786191537007e-01
2.895322939866369905e-01
2.783964365256124673e-01
2.472160356347438692e-01
2.405345211581291776e-01
2.828507795100222988e-01
2.605790645879732526e-01
2.561247216035634766e-01
2.561247216035634766e-01
2.672605790645879997e-01
2.628062360801781683e-01
2.694877505567928599e-01
2.694877505567928599e-01
2.405345211581291776e-01
2.516703786191537007e-01
2.516703786191537007e-01
2.650334075723830840e-01
2.494432071269487849e-01
2.427616926503340655e-01
2.293986636971046822e-01
2.160356347438752711e-01
2.316258351893095702e-01
2.383073496659242896e-01
2.427616926503340655e-01
2.204899777282850748e-01
2.227171492204899905e-01
2.383073496659242896e-01
2.227171492204899905e-01
2.227171492204899905e-01
2.204899777282850748e-01
2.115812917594654674e-01
2.427616926503340655e-01
2.494432071269487849e-01
2.204899777282850748e-01
2.338530066815144859e-01
2.628062360801781683e-01
2.516703786191537007e-01
2.494432071269487849e-01
2.739420935412026914e-01
2.561247216035634766e-01
2.405345211581291776e-01
2.271714922048997665e-01
2.182628062360801868e-01
2.383073496659242896e-01
2.360801781737193739e-01
2.494432071269487849e-01
2.427616926503340655e-01
2.405345211581291776e-01
2.227171492204899905e-01
2.316258351893095702e-01
2.271714922048997665e-01
2.717149220489977757e-01
2.182628062360801868e-01
2.271714922048997665e-01
2.048997772828507757e-01
2.227171492204899905e-01
2.650334075723830840e-01
2.204899777282850748e-01
2.138084632516703831e-01
2.650334075723830840e-01
2.538975501113585609e-01
2.650334075723830840e-01
2.316258351893095702e-01
2.360801781737193739e-01
2.405345211581291776e-01
2.405345211581291776e-01
2.138084632516703831e-01
2.650334075723830840e-01
2.249443207126948785e-01
2.316258351893095702e-01
2.338530066815144859e-01
2.338530066815144859e-01
2.026726057906458878e-01
2.048997772828507757e-01
2.227171492204899905e-01
2.338530066815144859e-01
2.182628062360801868e-01
2.182628062360801868e-01
2.138084632516703831e-01
2.182628062360801868e-01
2.293986636971046822e-01
2.182628062360801868e-01
2.383073496659242896e-01
2.138084632516703831e-01
2.650334075723830840e-01
2.383073496659242896e-01
2.516703786191537007e-01
2.516703786191537007e-01
2.293986636971046822e-01
2.383073496659242896e-01
2.449888641425389813e-01
2.405345211581291776e-01
2.026726057906458878e-01
2.071269487750556915e-01
2.004454342984409720e-01
2.271714922048997665e-01
2.383073496659242896e-01
2.160356347438752711e-01
2.249443207126948785e-01
2.160356347438752711e-01
2.093541202672605794e-01
1.982182628062360841e-01
2.227171492204899905e-01
2.249443207126948785e-01
2.204899777282850748e-01
2.360801781737193739e-01
2.160356347438752711e-01
2.182628062360801868e-01
2.204899777282850748e-01
2.182628062360801868e-01
2.138084632516703831e-01
2.227171492204899905e-01
2.071269487750556915e-01
2.182628062360801868e-01
2.249443207126948785e-01
2.048997772828507757e-01
2.160356347438752711e-01
2.071269487750556915e-01
2.138084632516703831e-01
2.293986636971046822e-01
2.293986636971046822e-01
2.227171492204899905e-01
1.893095768374164767e-01
2.182628062360801868e-01
2.249443207126948785e-01
1.870824053452115887e-01
1.937639198218262804e-01
1.959910913140311683e-01
2.182628062360801868e-01
2.316258351893095702e-01
2.293986636971046822e-01
2.160356347438752711e-01
2.271714922048997665e-01
1.982182628062360841e-01
2.449888641425389813e-01
2.338530066815144859e-01
2.026726057906458878e-01
2.115812917594654674e-01
2.071269487750556915e-01
2.093541202672605794e-01
2.115812917594654674e-01
1.982182628062360841e-01
1.915367483296213924e-01
1.915367483296213924e-01
2.204899777282850748e-01
1.982182628062360841e-01
2.026726057906458878e-01
1.870824053452115887e-01
1.714922048997772897e-01
2.071269487750556915e-01
1.826280623608017850e-01
1.670378619153674860e-01
2.204899777282850748e-01
2.093541202672605794e-01
2.004454342984409720e-01
2.004454342984409720e-01
1.959910913140311683e-01
1.870824053452115887e-01
1.826280623608017850e-01
1.848552338530066730e-01
1.848552338530066730e-01
1.937639198218262804e-01
1.759465478841870933e-01
1.559020044543429906e-01
1.915367483296213924e-01
1.804008908685968693e-01
1.581291759465478786e-01
