1.000000000000000000e+00
8.162535748331744001e-01
7.781220209723546111e-01
7.273593898951382641e-01
7.185414680648236629e-01
6.892278360343183641e-01
6.620591039084843255e-01
6.527645376549093825e-01
6.475214489990467337e-01
6.151096282173498242e-01
5.979504289799809635e-01
5.786463298379408426e-01
5.662535748331744001e-01
5.483794089609151934e-01
5.579122974261201406e-01
5.455195424213536981e-01
5.316968541468064524e-01
5.336034318398474863e-01
5.207340324118208130e-01
4.961868446139180433e-01
4.823641563393708531e-01
4.609151572926596940e-01
4.694947569113441244e-01
4.537654909437559558e-01
4.506673021925643452e-01
4.304099142040038184e-01
4.435176358436606070e-01
4.318398474737845660e-01
4.170638703527168589e-01
4.068160152526215656e-01
4.022878932316492073e-01
3.994280266920877120e-01
3.932316491897044908e-01
3.863203050524308679e-01
3.853670162059104065e-01
3.765490943755958053e-01
3.646329837940895935e-01
3.496186844613918265e-01
3.479504289799809080e-01
3.484270734032411942e-01
3.348427073403241194e-01
3.450905624404194683e-01
3.274547187797902659e-01
3.362726406101048671e-01
3.260247855100095182e-01
3.224499523355576769e-01
3.095805529075310036e-01
3.191134413727359509e-01
3.067206863679695084e-01
3.014775977121067485e-01
3.017159199237369194e-01
2.979027645376549072e-01
2.964728312678741595e-01
2.924213536701620320e-01
2.876549094375595583e-01
2.845567206863679477e-01
2.781220209723546111e-01
2.724022878932316760e-01
2.805052430886558756e-01
2.702573879885605268e-01
2.740705433746425390e-01
2.595328884652049473e-01
2.690657769304098945e-01
2.485700667302192524e-01
2.573879885605338536e-01
2.502383222116301154e-01
2.528598665395614953e-01
2.337940896091515730e-01
2.407054337464251681e-01
2.385605338417540466e-01
2.321258341277407100e-01
2.295042897998093301e-01
2.256911344137273456e-01
2.321258341277407100e-01
2.280743565300286102e-01
2.306959008579599624e-01
2.204480457578646413e-01
2.147283126787416507e-01
2.166348903717826568e-01
2.178265014299332614e-01
2.137750238322211616e-01
2.001906577693040867e-01
2.049571020019065881e-01
2.099618684461391771e-01
2.030505243088655820e-01
2.018589132507149775e-01
1.885128693994280180e-01
2.009056244041944606e-01
1.916110581506196286e-01
1.961391801715919869e-01
1.913727359389895133e-01
1.846997140133460336e-01
1.823164918970447967e-01
1.787416587225929554e-01
1.749285033365109709e-01
1.775500476644423231e-01
1.713536701620591018e-01
1.818398474737845660e-01
1.801715919923737030e-01
1.713536701620591018e-01
1.680171591992373759e-01
1.689704480457578650e-01
1.606291706387035223e-01
1.696854146806482388e-01
1.696854146806482388e-01
1.582459485224022855e-01
1.570543374642516810e-01
1.639656816015252483e-01
1.582459485224022855e-01
1.606291706387035223e-01
1.534795042897998119e-01
1.556244041944709333e-01
1.520495710200190642e-01
1.456148713060057276e-01
1.506196377502383166e-01
1.446615824594852107e-01
1.508579599618684597e-01
1.441849380362249800e-01
1.487130600571973382e-01
1.487130600571973382e-01
1.415633937082936000e-01
1.458531935176358429e-01
1.363203050524308957e-01
1.458531935176358429e-01
1.396568160152526217e-01
1.346520495710200327e-01
1.410867492850333693e-01
1.418017159199237431e-01
1.363203050524308957e-01
1.303622497616777898e-01
1.325071496663489112e-01
1.344137273593898896e-01
1.348903717826501480e-01
1.375119161105815002e-01
1.356053384175405219e-01
1.327454718779790266e-01
1.370352716873212695e-01
1.339370829361296589e-01
1.270257387988560638e-01
1.241658722592945685e-01
1.222592945662535763e-01
1.260724499523355469e-01
1.351286939942802634e-01
1.229742612011439501e-01
1.208293612964728286e-01
1.165395614871305996e-01
1.201143946615824548e-01
1.208293612964728286e-01
1.177311725452812180e-01
1.186844613918017211e-01
1.155862726406101104e-01
1.117731172545281260e-01
1.172545281220209734e-01
1.146329837940896074e-01
1.148713060057197366e-01
1.115347950428979967e-01
1.115347950428979967e-01
1.084366062917063861e-01
1.108198284080076229e-01
1.120114394661582413e-01
1.029551954242135386e-01
1.051000953288846462e-01
1.036701620591039125e-01
1.020019065776930356e-01
1.012869399428026757e-01
1.036701620591039125e-01
1.008102955195424172e-01
1.003336510962821726e-01
1.055767397521449047e-01
9.485224022878932515e-02
9.842707340324118037e-02
9.747378455672069120e-02
1.020019065776930356e-01
9.509056244041944050e-02
9.890371782650142496e-02
9.771210676835080655e-02
9.961868446139179878e-02
9.675881792183031738e-02
9.556720686367969897e-02
9.223069590085795910e-02
9.699714013346043273e-02
9.556720686367969897e-02
9.461391801715919592e-02
9.080076263107721146e-02
8.794089609151573006e-02
8.913250714966634847e-02
9.056244041944709611e-02
9.103908484270734069e-02
9.175405147759771451e-02
8.817921830314585929e-02
8.698760724499522701e-02
9.103908484270734069e-02
8.627264061010486706e-02
8.508102955195424866e-02
8.722592945662535624e-02
8.079122974261200574e-02
8.555767397521449324e-02
8.293612964728312720e-02
8.317445185891325643e-02
8.436606291706387484e-02
8.436606291706387484e-02
8.412774070543374560e-02
8.555767397521449324e-02
7.912297426120114274e-02
7.507149666348904293e-02
7.316491897044805071e-02
7.411820781696853988e-02
7.602478551000953211e-02
7.721639656816015052e-02
7.673975214489990593e-02
7.626310772163966134e-02
7.840800762631076892e-02
7.507149666348904293e-02
7.435653002859866911e-02
7.149666348903717383e-02
6.863679694947569243e-02
7.483317445185891370e-02
7.554814108674928752e-02
7.673975214489990593e-02
7.030505243088655543e-02
7.125834127740705848e-02
7.530981887511915829e-02
7.268827454718779224e-02
7.554814108674928752e-02
7.530981887511915829e-02
7.054337464251668466e-02
7.244995233555767689e-02
7.054337464251668466e-02
6.530028598665395256e-02
6.244041944709247116e-02
6.673021925643470020e-02
6.553860819828408180e-02
6.220209723546234193e-02
6.124880838894185275e-02
6.410867492850333416e-02
6.553860819828408180e-02
6.434699714013346339e-02
6.839847473784556320e-02
6.768350810295518938e-02
6.601525262154432638e-02
6.077216396568160123e-02
6.077216396568160123e-02
5.719733079122974601e-02
5.910390848427073129e-02
6.077216396568160123e-02
5.910390848427073129e-02
5.981887511916110511e-02
5.910390848427073129e-02
5.695900857959961677e-02
5.719733079122974601e-02
6.267874165872258652e-02
6.029551954242135664e-02
6.387035271687321880e-02
5.791229742612011289e-02
5.791229742612011289e-02
5.767397521448999059e-02
5.838894184938036441e-02
5.386081982840800614e-02
5.552907530981887607e-02
5.409914204003812843e-02
5.505243088655862455e-02
5.076263107721639550e-02
5.791229742612011289e-02
5.672068636796949448e-02
5.815061963775023518e-02
5.981887511916110511e-02
5.529075309818875378e-02
5.433746425166825766e-02
5.719733079122974601e-02
5.481410867492850225e-02
5.910390848427073129e-02
5.576739752144899837e-02
5.791229742612011289e-02
5.529075309818875378e-02
5.719733079122974601e-02
5.886558627264060900e-02
5.600571973307912066e-02
5.529075309818875378e-02
5.171591992373689162e-02
5.433746425166825766e-02
5.266920877025738773e-02
5.505243088655862455e-02
5.147759771210676932e-02
4.957102001906577710e-02
5.338417540514776155e-02
5.386081982840800614e-02
5.052430886558627321e-02
5.219256434699714314e-02
5.004766444232602168e-02
5.123927550047664703e-02
4.837940896091515869e-02
4.623450905624404417e-02
5.123927550047664703e-02
5.028598665395615092e-02
4.647283126787416646e-02
4.766444232602478487e-02
4.456625357483317423e-02
4.385128693994280041e-02
4.575786463298379264e-02
4.408960915157292965e-02
4.313632030505243353e-02
4.385128693994280041e-02
4.313632030505243353e-02
4.575786463298379264e-02
4.742612011439466257e-02
4.194470924690180819e-02
4.623450905624404417e-02
4.623450905624404417e-02
4.528122020972354805e-02
4.504289799809342576e-02
4.194470924690180819e-02
4.218303145853193742e-02
4.122974261201144131e-02
4.313632030505243353e-02
4.361296472831267812e-02
4.122974261201144131e-02
4.146806482364156360e-02
4.313632030505243353e-02
4.146806482364156360e-02
3.813155386081983067e-02
4.218303145853193742e-02
4.075309818875118978e-02
4.194470924690180819e-02
4.122974261201144131e-02
4.027645376549094519e-02
4.075309818875118978e-02
3.836987607244995296e-02
3.908484270734032678e-02
3.813155386081983067e-02
3.813155386081983067e-02
3.646329837940896074e-02
3.813155386081983067e-02
3.717826501429933456e-02
3.979980934223069367e-02
3.932316491897044908e-02
3.693994280266920532e-02
3.979980934223069367e-02
3.860819828408007526e-02
3.455672068636796851e-02
3.813155386081983067e-02
3.693994280266920532e-02
3.574833174451858692e-02
4.027645376549094519e-02
3.717826501429933456e-02
3.503336510962822004e-02
3.860819828408007526e-02
3.288846520495709858e-02
3.241182078169685399e-02
3.288846520495709858e-02
3.527168732125834233e-02
3.574833174451858692e-02
3.503336510962822004e-02
3.551000953288846462e-02
3.455672068636796851e-02
3.574833174451858692e-02
3.670162059103908303e-02
3.670162059103908303e-02
3.789323164918970144e-02
3.574833174451858692e-02
3.455672068636796851e-02
3.408007626310772392e-02
3.265014299332697628e-02
3.527168732125834233e-02
3.503336510962822004e-02
4.003813155386082290e-02
3.431839847473784622e-02
4.027645376549094519e-02
3.455672068636796851e-02
3.241182078169685399e-02
3.241182078169685399e-02
3.431839847473784622e-02
3.169685414680648017e-02
3.479504289799809080e-02
3.360343183984747240e-02
3.122020972354623558e-02
3.265014299332697628e-02
3.265014299332697628e-02
3.074356530028598752e-02
3.217349857006673169e-02
3.360343183984747240e-02
3.479504289799809080e-02
2.955195424213536565e-02
3.074356530028598752e-02
3.265014299332697628e-02
3.169685414680648017e-02
3.431839847473784622e-02
3.288846520495709858e-02
3.098188751191610982e-02
3.241182078169685399e-02
3.241182078169685399e-02
3.169685414680648017e-02
3.002859866539561370e-02
3.169685414680648017e-02
3.336510962821735010e-02
3.122020972354623558e-02
2.836034318398474724e-02
3.169685414680648017e-02
2.979027645376549141e-02
3.026692087702573947e-02
3.217349857006673169e-02
2.812202097235462495e-02
