1.000000000000000000e+00
8.292204150308468691e-01
7.865956253505328455e-01
7.450925406618059688e-01
7.035894559730790920e-01
6.859226023555804463e-01
6.679753224901850972e-01
6.374088614694335408e-01
6.062815479528883555e-01
6.006730229949522881e-01
5.779584969153113150e-01
5.816040381379696811e-01
5.779584969153113150e-01
5.496354458777341634e-01
5.563656758272573777e-01
5.092540661805945446e-01
5.213123948401570118e-01
4.837352776219854267e-01
4.960740325294447639e-01
4.775659001682557303e-01
4.584969153112731233e-01
4.556926528323050896e-01
4.416713404374649210e-01
4.254066180594503477e-01
4.209197980931015382e-01
4.147504206393718418e-01
4.102636006730229767e-01
3.990465507571508419e-01
4.004486819966348587e-01
3.883903533370723360e-01
3.998878295008412853e-01
3.903533370723499818e-01
3.749298934380257964e-01
3.757711721817161843e-01
3.833426808749298975e-01
3.642736960179472905e-01
3.415591699383062063e-01
3.578238923163208351e-01
3.460459899046550714e-01
3.353897924845765655e-01
3.300616937745373125e-01
3.230510375771172282e-01
3.135165451486259247e-01
3.300616937745373125e-01
3.258553000560852619e-01
3.171620863712843463e-01
3.118339876612450934e-01
3.121144139091419079e-01
3.104318564217610765e-01
2.992148065058889417e-01
2.885586090858104358e-01
2.983735277621985538e-01
2.986539540100953682e-01
3.028603477285474188e-01
2.849130678631520142e-01
2.815479528883903515e-01
2.762198541783510986e-01
2.756590016825574696e-01
2.683679192372406264e-01
2.669657879977566095e-01
2.638810992708917613e-01
2.529444756029164409e-01
2.605159842961300987e-01
2.456533931575995422e-01
2.333146382501402050e-01
2.417274256870443061e-01
2.389231632080762724e-01
2.406057206954571037e-01
2.296690970274817833e-01
2.380818844643858567e-01
2.316320807627594014e-01
2.282669657879977665e-01
2.263039820527201484e-01
2.159282108805384293e-01
2.100392596747055474e-01
2.072349971957375137e-01
2.111609646662927775e-01
2.117218171620863787e-01
2.055524397083567101e-01
2.052720134604598956e-01
1.954570947840717776e-01
1.926528323051037439e-01
1.996634885025238282e-01
1.943353897924845752e-01
1.890072910824453223e-01
1.918115535614133560e-01
1.769489624228827718e-01
1.803140773976444067e-01
1.803140773976444067e-01
1.791923724060572043e-01
1.828379136287156537e-01
1.710600112170499176e-01
1.819966348850252380e-01
1.876051598429613054e-01
1.805945036455412211e-01
1.805945036455412211e-01
1.836791923724060693e-01
1.819966348850252380e-01
1.775098149186764007e-01
1.688166012338754851e-01
1.699383062254627152e-01
1.671340437464946815e-01
1.620863712843522153e-01
1.556365675827257322e-01
1.637689287717330466e-01
1.559169938306225467e-01
1.629276500280426310e-01
1.601233875490745973e-01
1.545148625911385298e-01
1.676948962422882827e-01
1.570386988222097491e-01
1.632080762759394177e-01
1.615255187885586141e-01
1.550757150869321310e-01
1.592821088053841816e-01
1.547952888390353443e-01
1.525518788558609118e-01
1.503084688726864793e-01
1.559169938306225467e-01
1.550757150869321310e-01
1.550757150869321310e-01
1.519910263600673106e-01
1.472237801458216588e-01
1.483454851374088612e-01
1.441390914189568107e-01
1.402131239484015746e-01
1.407739764441951758e-01
1.393718452047111589e-01
1.388109927089175577e-01
1.430173864273696083e-01
1.424565339315760071e-01
1.365675827257431252e-01
1.289960740325294397e-01
1.354458777341559228e-01
1.348850252383623216e-01
1.264722378014582205e-01
1.250701065619742036e-01
1.295569265283230409e-01
1.287156477846326530e-01
1.228266965787997711e-01
1.144139091418956838e-01
1.197420078519349368e-01
1.158160403813797007e-01
1.144139091418956838e-01
1.163768928771733019e-01
1.085249579360628158e-01
1.149747616376892850e-01
1.088053841839596164e-01
1.203028603477285519e-01
1.146943353897924844e-01
1.149747616376892850e-01
1.085249579360628158e-01
1.068424004486819984e-01
1.121704991587212513e-01
1.029164329781267484e-01
1.020751542344363466e-01
1.071228266965787990e-01
1.076836791923724002e-01
1.045989904655075659e-01
1.045989904655075659e-01
1.037577117218171641e-01
1.113292204150308495e-01
1.009534492428491304e-01
9.983174425126191409e-02
1.023555804823331472e-01
1.017947279865395460e-01
1.079641054402692146e-01
1.040381379697139647e-01
9.983174425126191409e-02
1.062815479528883972e-01
1.001121704991587147e-01
1.043185642176107653e-01
1.074032529444755996e-01
9.282108805384184369e-02
9.450364554122266114e-02
9.983174425126191409e-02
9.646662927650027919e-02
1.023555804823331472e-01
9.534492428491306293e-02
9.254066180594504309e-02
8.889512058328659372e-02
9.478407178911946174e-02
8.749298934380257686e-02
8.637128435221536060e-02
8.973639932697700938e-02
8.749298934380257686e-02
8.917554683118339431e-02
9.057767807066741117e-02
9.282108805384184369e-02
8.132361189007290825e-02
7.964105440269209080e-02
8.861469433538979312e-02
8.917554683118339431e-02
8.805384183959619193e-02
8.216489063376332391e-02
8.272574312955692510e-02
8.272574312955692510e-02
8.945597307908020879e-02
8.440830061693774256e-02
8.188446438586652332e-02
7.823892316320807394e-02
7.767807066741447275e-02
7.795849691531127335e-02
7.599551318003365530e-02
7.627593942793045589e-02
8.188446438586652332e-02
7.122826696578800354e-02
6.954570947840717221e-02
7.066741446999438847e-02
6.786315199102635476e-02
7.627593942793045589e-02
7.206954570947840533e-02
6.842400448681996983e-02
7.010656197420078728e-02
7.178911946158160473e-02
6.674144699943915238e-02
7.122826696578800354e-02
6.561974200785193612e-02
6.870443073471677042e-02
6.982613572630398668e-02
6.618059450364553731e-02
6.618059450364553731e-02
6.477846326416152045e-02
5.860908581043185878e-02
6.618059450364553731e-02
6.590016825574873671e-02
6.702187324733595297e-02
5.832865956253505124e-02
6.618059450364553731e-02
6.449803701626471986e-02
6.702187324733595297e-02
6.169377453729669308e-02
6.533931575995513552e-02
6.393718452047111866e-02
6.225462703309029427e-02
5.973079080201906810e-02
5.580482333146382506e-02
6.533931575995513552e-02
6.001121704991586869e-02
5.384183959618620008e-02
5.356141334828939948e-02
5.468311833987661574e-02
5.916993830622545997e-02
6.001121704991586869e-02
6.309590577678070300e-02
6.225462703309029427e-02
6.141334828939988555e-02
5.916993830622545997e-02
5.748738081884464252e-02
6.113292204150308495e-02
5.664610207515423379e-02
6.169377453729669308e-02
6.421761076836791926e-02
6.309590577678070300e-02
5.804823331463825065e-02
5.159842961301177450e-02
5.888951205832865937e-02
5.356141334828939948e-02
5.103757711721817331e-02
5.916993830622545997e-02
5.720695457094784192e-02
5.019629837352776458e-02
5.187885586090858203e-02
5.608524957936062566e-02
5.159842961301177450e-02
5.075715086932136577e-02
5.075715086932136577e-02
5.440269209197980821e-02
4.935501962983735585e-02
4.963544587773415645e-02
5.075715086932136577e-02
5.075715086932136577e-02
4.963544587773415645e-02
4.935501962983735585e-02
4.430734716769489656e-02
5.103757711721817331e-02
4.823331463825013959e-02
5.356141334828939948e-02
5.215928210880538263e-02
4.963544587773415645e-02
5.300056085249579135e-02
5.103757711721817331e-02
4.711160964666293027e-02
4.514862591138530529e-02
4.767246214245653146e-02
5.047672462142456518e-02
5.187885586090858203e-02
4.627033090297252155e-02
4.935501962983735585e-02
4.458777341559169716e-02
4.655075715086932214e-02
4.683118339876612274e-02
4.514862591138530529e-02
4.598990465507571401e-02
4.879416713404374772e-02
4.458777341559169716e-02
5.047672462142456518e-02
5.159842961301177450e-02
4.823331463825013959e-02
4.795288839035333900e-02
4.542905215928210588e-02
4.655075715086932214e-02
4.711160964666293027e-02
4.458777341559169716e-02
4.430734716769489656e-02
4.206393718452047098e-02
4.514862591138530529e-02
4.991587212563095705e-02
4.318564217610768030e-02
4.262478968031407911e-02
4.234436343241727158e-02
4.038137969713965353e-02
4.402692091979809597e-02
4.402692091979809597e-02
4.262478968031407911e-02
4.122265844083006225e-02
4.010095344924284599e-02
4.767246214245653146e-02
4.430734716769489656e-02
4.346606842400448784e-02
4.374649467190128843e-02
3.982052720134604540e-02
3.337072349971957619e-02
3.897924845765563667e-02
3.869882220975883608e-02
3.897924845765563667e-02
4.010095344924284599e-02
4.178351093662367038e-02
3.925967470555243727e-02
3.897924845765563667e-02
3.673583847448121109e-02
3.701626472237801169e-02
4.010095344924284599e-02
3.897924845765563667e-02
3.785754346606842735e-02
3.897924845765563667e-02
3.337072349971957619e-02
3.393157599551317738e-02
3.309029725182276865e-02
3.393157599551317738e-02
3.196859226023555933e-02
3.589455973079080237e-02
3.393157599551317738e-02
3.365114974761637678e-02
3.785754346606842735e-02
3.757711721817161982e-02
3.449242849130678551e-02
3.561413348289400177e-02
3.785754346606842735e-02
3.645541222658441050e-02
3.393157599551317738e-02
3.813796971396522795e-02
3.897924845765563667e-02
3.505328098710039364e-02
3.477285473920358611e-02
3.701626472237801169e-02
3.757711721817161982e-02
3.645541222658441050e-02
3.841839596186202854e-02
3.280987100392596806e-02
3.477285473920358611e-02
3.337072349971957619e-02
3.337072349971957619e-02
3.309029725182276865e-02
3.477285473920358611e-02
3.309029725182276865e-02
3.421200224340998491e-02
3.785754346606842735e-02
3.869882220975883608e-02
3.617498597868760296e-02
3.505328098710039364e-02
3.729669097027481922e-02
3.701626472237801169e-02
3.533370723499719424e-02
3.449242849130678551e-02
3.505328098710039364e-02
3.365114974761637678e-02
3.813796971396522795e-02
3.617498597868760296e-02
3.280987100392596806e-02
3.252944475602916746e-02
3.112731351654514714e-02
3.028603477285473841e-02
3.168816601233875180e-02
3.084688726864834654e-02
3.337072349971957619e-02
3.168816601233875180e-02
3.449242849130678551e-02
3.280987100392596806e-02
3.449242849130678551e-02
3.645541222658441050e-02
3.365114974761637678e-02
3.309029725182276865e-02
2.888390353337072503e-02
3.224901850813235993e-02
2.972518227706113375e-02
3.112731351654514714e-02
3.224901850813235993e-02
2.636006730229949538e-02
3.000560852495793435e-02
2.972518227706113375e-02
