1.000000000000000000e+00
9.246861924686192724e-01
8.907949790794978950e-01
8.920502092050208720e-01
8.669456066945606665e-01
8.460251046025104582e-01
8.430962343096234379e-01
8.481171548117154568e-01
8.317991631799163121e-01
8.138075313807531241e-01
7.987447698744769564e-01
7.941422594142258928e-01
7.928870292887029159e-01
7.882845188284518523e-01
7.811715481171548348e-01
7.966527196652719578e-01
8.012552301255230214e-01
7.849372384937238767e-01
7.841004184100418550e-01
7.979079497907949348e-01
7.786610878661087698e-01
7.598326359832635601e-01
7.585774058577405832e-01
7.401673640167364399e-01
7.359832635983263316e-01
7.447698744769873924e-01
7.510460251046024993e-01
7.200836820083682532e-01
7.447698744769873924e-01
7.284518828451882477e-01
7.288702928870293141e-01
7.221757322175732519e-01
7.150627615062761233e-01
7.213389121338912302e-01
7.267782426778243154e-01
7.029288702928869759e-01
7.083682008368200611e-01
7.121338912133891030e-01
7.066945606694560178e-01
6.970711297071129353e-01
7.033472803347280422e-01
7.008368200836819772e-01
7.016736401673639989e-01
7.020920502092050652e-01
7.046025104602510192e-01
6.807531380753137906e-01
6.928870292887029381e-01
6.832635983263598556e-01
6.652719665271966676e-01
6.694560669456066648e-01
6.476987447698744349e-01
6.652719665271966676e-01
6.690376569037657095e-01
6.732217573221757068e-01
6.669456066945607109e-01
6.606694560669456040e-01
6.464435146443514579e-01
6.506276150627614552e-01
6.460251046025105026e-01
6.435146443514644377e-01
6.468619246861924132e-01
6.246861924686192280e-01
6.343096234309623105e-01
6.225941422594142294e-01
6.255230125523012497e-01
6.267782426778242266e-01
6.276150627615062483e-01
6.205020920502092308e-01
6.217573221757322077e-01
6.004184100418410441e-01
6.205020920502092308e-01
6.251046025104602943e-01
5.907949790794979616e-01
6.020920502092049764e-01
5.983263598326359345e-01
6.054393305439330630e-01
5.861924686192468981e-01
5.899581589958159400e-01
5.937238493723849819e-01
6.079497907949791280e-01
5.887029288702928520e-01
5.694560669456066870e-01
5.891213389121339183e-01
5.820083682008367898e-01
5.719665271966527520e-01
5.845188284518828548e-01
5.711297071129707303e-01
5.803347280334728575e-01
5.719665271966527520e-01
5.895397489539748737e-01
5.573221757322175396e-01
5.631799163179915801e-01
5.677824267782426437e-01
5.748953974895397723e-01
5.623430962343096695e-01
5.686192468619246654e-01
5.702928870292887087e-01
5.589958158995815829e-01
5.635983263598326465e-01
5.669456066945606221e-01
5.594142259414226492e-01
5.673640167364016884e-01
5.610878661087865815e-01
5.397489539748954179e-01
5.543933054393305193e-01
5.476987447698744571e-01
5.338912133891213774e-01
5.476987447698744571e-01
5.497907949790794557e-01
5.460251046025104138e-01
5.405857740585774396e-01
5.410041841004183949e-01
5.401673640167363732e-01
5.251046025104602055e-01
5.330543933054393557e-01
5.280334728033472258e-01
5.317991631799162677e-01
5.259414225941422272e-01
5.213389121338911636e-01
5.305439330543932908e-01
5.142259414225941461e-01
5.041841004184099972e-01
5.087866108786610608e-01
5.033472803347280866e-01
5.087866108786610608e-01
5.158995815899581894e-01
5.154811715481171230e-01
5.025104602510460650e-01
5.087866108786610608e-01
5.096234309623430825e-01
5.087866108786610608e-01
5.033472803347280866e-01
5.041841004184099972e-01
5.037656903765690419e-01
5.133891213389121244e-01
4.995815899581589892e-01
4.966527196652719689e-01
4.895397489539748959e-01
4.937238493723849486e-01
4.857740585774058539e-01
4.916317991631798945e-01
5.071129707112970175e-01
4.933054393305439378e-01
4.820083682008368120e-01
4.933054393305439378e-01
5.004184100418409553e-01
4.970711297071129797e-01
5.037656903765690419e-01
4.966527196652719689e-01
4.899581589958159067e-01
4.874476987447698972e-01
4.924686192468619161e-01
4.790794979079497917e-01
4.836820083682008553e-01
4.824267782426778228e-01
5.020920502092049986e-01
4.866108786610878756e-01
4.799163179916318134e-01
4.782426778242677701e-01
4.715481171548117079e-01
4.799163179916318134e-01
4.652719665271966565e-01
4.665271966527196890e-01
4.652719665271966565e-01
4.661087866108786781e-01
4.740585774058577173e-01
4.728033472803347403e-01
4.740585774058577173e-01
4.602510460251045821e-01
4.623430962343096362e-01
4.732217573221757512e-01
4.589958158995816051e-01
4.598326359832635712e-01
4.506276150627614996e-01
4.523012552301255429e-01
4.577405857740585726e-01
4.602510460251045821e-01
4.447698744769874590e-01
4.447698744769874590e-01
4.443514644351464482e-01
4.347280334728033657e-01
4.389121338912133630e-01
4.468619246861924577e-01
4.539748953974895307e-01
4.527196652719665537e-01
4.577405857740585726e-01
4.451882845188284699e-01
4.246861924686192724e-01
4.225941422594142183e-01
4.334728033472803332e-01
4.301255230125523021e-01
4.435146443514644266e-01
4.276150627615062927e-01
4.280334728033473035e-01
4.393305439330543738e-01
4.376569037656903860e-01
4.317991631799163454e-01
4.351464435146443765e-01
4.305439330543933130e-01
4.167364016736401777e-01
4.175732217573221994e-01
4.108786610878660817e-01
4.234309623430962399e-01
4.150627615062761344e-01
4.347280334728033657e-01
4.313807531380753346e-01
4.230125523012552291e-01
4.196652719665271980e-01
4.230125523012552291e-01
4.171548117154811885e-01
4.175732217573221994e-01
4.129707112970711358e-01
4.221757322175732074e-01
4.133891213389121466e-01
4.112970711297070925e-01
4.271966527196652819e-01
4.133891213389121466e-01
4.117154811715481033e-01
4.029288702928870425e-01
4.012552301255229992e-01
4.033472803347280533e-01
4.263598326359832602e-01
4.100418410041841155e-01
4.138075313807531574e-01
4.209205020920502305e-01
4.041841004184100195e-01
4.112970711297070925e-01
4.020920502092050208e-01
4.142259414225941683e-01
4.033472803347280533e-01
4.004184100418409775e-01
4.025104602510460317e-01
4.020920502092050208e-01
4.012552301255229992e-01
3.991631799163180006e-01
4.121338912133891141e-01
4.066945606694560844e-01
3.983263598326359789e-01
4.016736401673640100e-01
4.004184100418409775e-01
3.991631799163180006e-01
4.025104602510460317e-01
3.912133891213389059e-01
3.970711297071129464e-01
3.744769874476987503e-01
3.953974895397489586e-01
3.882845188284518856e-01
3.895397489539749181e-01
3.832635983263598112e-01
3.933054393305439600e-01
3.895397489539749181e-01
3.899581589958158734e-01
3.728033472803347070e-01
3.891213389121339072e-01
3.895397489539749181e-01
3.832635983263598112e-01
3.887029288702928964e-01
3.807531380753138017e-01
3.707112970711297084e-01
3.794979079497907692e-01
3.882845188284518856e-01
3.991631799163180006e-01
3.928870292887029492e-01
3.937238493723849153e-01
3.769874476987447598e-01
3.912133891213389059e-01
3.928870292887029492e-01
3.878661087866108748e-01
3.698744769874476868e-01
3.866108786610878423e-01
3.673640167364016773e-01
3.711297071129707192e-01
3.937238493723849153e-01
3.728033472803347070e-01
3.794979079497907692e-01
3.836820083682008220e-01
3.761506276150627381e-01
3.753138075313807720e-01
3.836820083682008220e-01
3.824267782426778450e-01
3.807531380753138017e-01
3.907949790794978950e-01
3.753138075313807720e-01
3.753138075313807720e-01
3.878661087866108748e-01
3.786610878661088031e-01
3.748953974895397612e-01
3.887029288702928964e-01
3.803347280334727909e-01
3.677824267782426881e-01
3.711297071129707192e-01
3.552301255230125299e-01
3.644351464435146570e-01
3.686192468619247098e-01
3.682008368200836990e-01
3.589958158995815718e-01
3.535564853556485421e-01
3.732217573221757179e-01
3.602510460251046043e-01
3.598326359832635934e-01
3.702928870292886976e-01
3.548117154811715745e-01
3.707112970711297084e-01
3.661087866108786448e-01
3.702928870292886976e-01
3.606694560669456151e-01
3.677824267782426881e-01
3.698744769874476868e-01
3.640167364016736462e-01
3.543933054393305637e-01
3.581589958158996057e-01
3.694560669456066759e-01
3.481171548117154568e-01
3.577405857740585948e-01
3.774058577405857706e-01
3.619246861924685921e-01
3.635983263598326354e-01
3.615062761506276368e-01
3.623430962343096029e-01
3.493723849372384893e-01
3.506276150627615218e-01
3.531380753138075312e-01
3.414225941422593946e-01
3.531380753138075312e-01
3.523012552301255096e-01
3.644351464435146570e-01
3.631799163179916246e-01
3.518828451882844988e-01
3.456066945606694474e-01
3.673640167364016773e-01
3.640167364016736462e-01
3.527196652719665204e-01
3.581589958158996057e-01
3.577405857740585948e-01
3.552301255230125299e-01
3.435146443514644488e-01
3.418410041841004054e-01
3.435146443514644488e-01
3.485355648535564677e-01
3.485355648535564677e-01
3.468619246861924799e-01
3.372384937238493974e-01
3.481171548117154568e-01
3.372384937238493974e-01
3.539748953974895529e-01
3.443514644351464704e-01
3.464435146443514690e-01
3.447698744769874257e-01
3.405857740585774285e-01
3.418410041841004054e-01
3.560669456066945515e-01
3.401673640167364177e-01
3.430962343096234379e-01
3.410041841004183838e-01
3.422594142259414163e-01
3.460251046025104582e-01
3.426778242677824271e-01
3.393305439330543960e-01
3.389121338912133852e-01
3.443514644351464704e-01
3.527196652719665204e-01
3.263598326359832824e-01
3.476987447698745015e-01
3.297071129707113135e-01
3.447698744769874257e-01
3.355648535564853541e-01
3.242677824267782283e-01
3.288702928870292919e-01
3.217573221757322188e-01
3.397489539748954068e-01
3.343096234309623216e-01
3.317991631799163121e-01
3.347280334728033324e-01
3.535564853556485421e-01
3.355648535564853541e-01
3.334728033472803554e-01
3.456066945606694474e-01
3.271966527196652486e-01
3.230125523012552513e-01
3.230125523012552513e-01
3.376569037656903527e-01
3.364016736401673757e-01
3.276150627615062594e-01
3.263598326359832824e-01
3.326359832635983338e-01
3.334728033472803554e-01
3.276150627615062594e-01
3.288702928870292919e-01
3.234309623430962066e-01
3.209205020920501972e-01
3.251046025104602499e-01
3.163179916317991891e-01
3.196652719665272202e-01
3.184100418410041877e-01
3.192468619246862094e-01
3.338912133891213663e-01
3.217573221757322188e-01
3.192468619246862094e-01
3.112970711297071147e-01
3.255230125523012608e-01
3.334728033472803554e-01
