1.000000000000000000e+00
8.581253183902191051e-01
7.985226693835965062e-01
7.809475292919001443e-01
7.656647987773815833e-01
7.445236882322975314e-01
7.269485481406011695e-01
7.131940906775343647e-01
7.019867549668874496e-01
6.956189505858380029e-01
6.630157921548650579e-01
6.653082017320427477e-01
6.497707590422822088e-01
6.426388181355068285e-01
6.158940397350993745e-01
6.220071319409067323e-01
6.067244014263881713e-01
6.069791136016301492e-01
5.980641874681609238e-01
5.761589403973509382e-01
5.728476821192053370e-01
5.629139072847682002e-01
5.593479368313805100e-01
5.568008150789607313e-01
5.448293428425878826e-01
5.277636271013754765e-01
5.331125827814569007e-01
5.287824758023433880e-01
5.298013245033112995e-01
5.124808965868568045e-01
5.104431991849210926e-01
5.096790626591951590e-01
4.946510443199184648e-01
4.918492103922567638e-01
4.798777381558838595e-01
4.752929190015282579e-01
4.615384615384615641e-01
4.533876719307182723e-01
4.717269485481406233e-01
4.513499745287824494e-01
4.536423841059602502e-01
4.482934284258787705e-01
4.454915944982170140e-01
4.546612328069281617e-01
4.274070300560366964e-01
4.363219561895058662e-01
4.261334691798268071e-01
4.228222109016810948e-01
4.253693326541008735e-01
4.133978604177279692e-01
4.116148751910341241e-01
4.070300560366785780e-01
4.121242995415180799e-01
4.001528273051451756e-01
4.004075394803871535e-01
3.955680081507896295e-01
3.963321446765155631e-01
3.988792664289352863e-01
3.894549159449821607e-01
3.963321446765155631e-01
3.835965359144167253e-01
3.790117167600611237e-01
3.604177279673968504e-01
3.644931227712684407e-01
3.604177279673968504e-01
3.578706062149770717e-01
3.599083036169128946e-01
3.560876209882832266e-01
3.474274070300560346e-01
3.558329088130412488e-01
3.415690269994905992e-01
3.520122261844116363e-01
3.415690269994905992e-01
3.436067244014263666e-01
3.321446765155374181e-01
3.242485990830361597e-01
3.267957208354559384e-01
3.311258278145695622e-01
3.186449312277127022e-01
3.135506877228731448e-01
3.140601120733571006e-01
3.217014773306163811e-01
3.171166581762608350e-01
3.160978094752929235e-01
3.056546102903718864e-01
3.099847172694854547e-01
3.064187468160978201e-01
3.003056546102903512e-01
3.097300050942435323e-01
2.990320937340804619e-01
3.043810494141619971e-01
2.913907284768211814e-01
2.977585328578706281e-01
2.992868059093224398e-01
2.987773815588385395e-01
2.911360163015792035e-01
2.837493632195619009e-01
2.880794701986754691e-01
2.987773815588385395e-01
2.845134997452878345e-01
2.842587875700458566e-01
2.819663779928680558e-01
2.776362710137544321e-01
2.829852266938359673e-01
2.845134997452878345e-01
2.809475292919001443e-01
2.763627101375445982e-01
2.753438614365766868e-01
2.773815588385124542e-01
2.651553744268976276e-01
2.659195109526235612e-01
2.692307692307692180e-01
2.638818135506877383e-01
2.659195109526235612e-01
2.544574630667346127e-01
2.618441161487519153e-01
2.603158430973000481e-01
2.524197656647987897e-01
2.475802343352012103e-01
2.473255221599592324e-01
2.519103413143148340e-01
2.536933265410086791e-01
2.514009169638308783e-01
2.440142638818135479e-01
2.409577177789098412e-01
2.457972491085073929e-01
2.447784004075394815e-01
2.353540499235863559e-01
2.338257768721344887e-01
2.348446255731024002e-01
2.226184411614875180e-01
2.361181864493122895e-01
2.300050942435048484e-01
2.345899133978604223e-01
2.320427916454406436e-01
2.279673968415690255e-01
2.244014263881813631e-01
2.305145185939888042e-01
2.213448802852776287e-01
2.142129393785023039e-01
2.221090168110035623e-01
2.185430463576158999e-01
2.238920020376974074e-01
2.210901681100356508e-01
2.139582272032603261e-01
2.180336220071319442e-01
2.159959246051961212e-01
2.096281202241467023e-01
2.111563932755985695e-01
2.078451349974528850e-01
2.126846663270504367e-01
2.131940906775343925e-01
2.091186958736627743e-01
2.142129393785023039e-01
2.083545593479368407e-01
2.032603158430973112e-01
1.994396332144676431e-01
2.037697401935812669e-01
2.157412124299541434e-01
2.106469689251146138e-01
2.119205298013245031e-01
2.126846663270504367e-01
2.022414671421293997e-01
2.083545593479368407e-01
2.070809984717269514e-01
2.052980132450331063e-01
2.027508914926133554e-01
2.004584819154355546e-01
1.979113601630158037e-01
2.042791645440651949e-01
1.996943453897096210e-01
1.907794192562404512e-01
1.910341314314824290e-01
1.933265410086602021e-01
1.963830871115639365e-01
1.963830871115639365e-01
1.864493122771268552e-01
1.991849210392256653e-01
1.923076923076923184e-01
1.882322975038206725e-01
1.933265410086602021e-01
1.915435557819663848e-01
2.009679062659195103e-01
1.915435557819663848e-01
1.889964340295466061e-01
1.895058583800305618e-01
1.946001018848700914e-01
1.897605705552725397e-01
1.826286296484971872e-01
1.816097809475293035e-01
1.772796739684156797e-01
1.805909322465613920e-01
1.816097809475293035e-01
1.805909322465613920e-01
1.721854304635761501e-01
1.724401426388181280e-01
1.734589913397860395e-01
1.800815078960774362e-01
1.816097809475293035e-01
1.816097809475293035e-01
1.803362200713194141e-01
1.737137035150280173e-01
1.772796739684156797e-01
1.877228731533367168e-01
1.826286296484971872e-01
1.760061130922058181e-01
1.747325522159959288e-01
1.739684156902699952e-01
1.775343861436576576e-01
1.701477330616403549e-01
1.721854304635761501e-01
1.754966887417218624e-01
1.726948548140601059e-01
1.775343861436576576e-01
1.653082017320428032e-01
1.670911869587366205e-01
1.686194600101884877e-01
1.678553234844625541e-01
1.602139582272032736e-01
1.658176260825267312e-01
1.612328069281711573e-01
1.594498217014773400e-01
1.599592460519612958e-01
1.642893530310748917e-01
1.665817626082526648e-01
1.660723382577687091e-01
1.681100356597045320e-01
1.579215486500254728e-01
1.576668364747834949e-01
1.655629139072847811e-01
1.635252165053489581e-01
1.619969434538970909e-01
1.627610799796230245e-01
1.579215486500254728e-01
1.589403973509933843e-01
1.632705043301069803e-01
1.500254712175241867e-01
1.579215486500254728e-01
1.556291390728476720e-01
1.591951095262353622e-01
1.538461538461538547e-01
1.484971981660723472e-01
1.467142129393785022e-01
1.505348955680081424e-01
1.558838512480896499e-01
1.528273051451859432e-01
1.487519103413143251e-01
1.518084564442180318e-01
1.495160468670402309e-01
1.454406520631686128e-01
1.500254712175241867e-01
1.541008660213958326e-01
1.462047885888945464e-01
1.472236372898624579e-01
1.446765155374426792e-01
1.406011207335710611e-01
1.360163015792154872e-01
1.418746816097809504e-01
1.388181355068772160e-01
1.418746816097809504e-01
1.400916963830871054e-01
1.380539989811513102e-01
1.446765155374426792e-01
1.370351502801833987e-01
1.347427407030055979e-01
1.377992868059093323e-01
1.403464085583290832e-01
1.375445746306673545e-01
1.352521650534895536e-01
1.324503311258278249e-01
1.306673458991339798e-01
1.301579215486500241e-01
1.357615894039735094e-01
1.347427407030055979e-01
1.278655119714722233e-01
1.258278145695364281e-01
1.273560876209882953e-01
1.324503311258278249e-01
1.314314824248599134e-01
1.271013754457463174e-01
1.311767702496179355e-01
1.242995415180845609e-01
1.276107997962302731e-01
1.271013754457463174e-01
1.260825267447784059e-01
1.268466632705043395e-01
1.242995415180845609e-01
1.273560876209882953e-01
1.283749363219561790e-01
1.217524197656647961e-01
1.311767702496179355e-01
1.230259806418746854e-01
1.283749363219561790e-01
1.263372389200203838e-01
1.265919510952623617e-01
1.240448293428425830e-01
1.237901171676006051e-01
1.258278145695364281e-01
1.220071319409067739e-01
1.306673458991339798e-01
1.197147223637289870e-01
1.260825267447784059e-01
1.227712684666327075e-01
1.268466632705043395e-01
1.197147223637289870e-01
1.276107997962302731e-01
1.197147223637289870e-01
1.227712684666327075e-01
1.194600101884870091e-01
1.186958736627610755e-01
1.166581762608252665e-01
1.158940397350993329e-01
1.169128884360672443e-01
1.184411614875190977e-01
1.232806928171166633e-01
1.199694345389709649e-01
1.186958736627610755e-01
1.171676006113092222e-01
1.166581762608252665e-01
1.133469179826795681e-01
1.151299032093734132e-01
1.079979623025980606e-01
1.123280692817116705e-01
1.118186449312277148e-01
1.097809475292919057e-01
1.141110545084055017e-01
1.143657666836474796e-01
1.128374936321956123e-01
1.100356597045338836e-01
1.128374936321956123e-01
1.141110545084055017e-01
1.141110545084055017e-01
1.151299032093734132e-01
1.054508405501782958e-01
1.133469179826795681e-01
1.087620988283239942e-01
1.166581762608252665e-01
1.151299032093734132e-01
1.105450840550178254e-01
1.057055527254202737e-01
1.151299032093734132e-01
1.082526744778400385e-01
1.151299032093734132e-01
1.110545084055017812e-01
1.092715231788079500e-01
1.138563423331635238e-01
1.136016301579215459e-01
1.118186449312277148e-01
1.141110545084055017e-01
1.107997962302598033e-01
1.123280692817116705e-01
1.138563423331635238e-01
1.105450840550178254e-01
1.113092205807437590e-01
1.105450840550178254e-01
1.087620988283239942e-01
1.077432501273560828e-01
1.097809475292919057e-01
1.051961283749363180e-01
1.107997962302598033e-01
1.067244014263881852e-01
1.008660213958227220e-01
1.013754457463066777e-01
1.113092205807437590e-01
1.013754457463066777e-01
1.095262353540499278e-01
1.062149770759042294e-01
1.072338257768721409e-01
1.006113092205807441e-01
1.072338257768721409e-01
1.026490066225165532e-01
1.062149770759042294e-01
9.831889964340295718e-02
1.067244014263881852e-01
1.039225674987264425e-01
1.051961283749363180e-01
1.067244014263881852e-01
9.933774834437085477e-02
9.908303616912889078e-02
9.831889964340295718e-02
9.933774834437085477e-02
1.013754457463066777e-01
9.755476311767702358e-02
1.023942944472745753e-01
1.046867040244523622e-01
1.031584309730005089e-01
9.933774834437085477e-02
1.054508405501782958e-01
1.026490066225165532e-01
1.023942944472745753e-01
9.831889964340295718e-02
9.806418746816097931e-02
9.806418746816097931e-02
9.551706571574121452e-02
9.806418746816097931e-02
9.347936831380540545e-02
9.730005094243504571e-02
9.933774834437085477e-02
1.003565970453387662e-01
9.882832399388691291e-02
1.016301579215486556e-01
