1.000000000000000000e+00
8.908058528062895443e-01
8.621969862415373997e-01
8.595763267088883941e-01
8.392662153308582118e-01
8.193928805416029748e-01
8.078183009390697000e-01
7.927495086263376400e-01
7.650141952391351641e-01
7.619567591177113242e-01
7.523476741646647481e-01
7.433937540947804790e-01
7.326927276697968727e-01
7.335662808473465413e-01
7.254859139550120517e-01
7.195894300065516225e-01
7.014632015723957226e-01
6.994977069229089128e-01
6.850840794933391598e-01
6.818082550775278472e-01
6.656475212928587570e-01
6.649923564096964501e-01
6.538545533959380096e-01
6.433719152653417650e-01
6.337628303122953000e-01
6.213146975322122456e-01
6.162917667613015960e-01
6.141078838174274246e-01
6.077746232801921611e-01
5.977287617383708618e-01
6.007861978597947017e-01
5.881196767853242857e-01
5.846254640751256115e-01
5.802576981873771578e-01
5.638785761083205950e-01
5.651889058746450978e-01
5.608211399868967550e-01
5.426949115527407441e-01
5.501201135619130378e-01
5.219480235859358386e-01
5.295916138894954939e-01
5.337409914828564750e-01
5.180170342869622191e-01
5.169250928150250779e-01
4.972701463201572580e-01
5.046953483293294962e-01
4.894081677222100746e-01
4.953046516706704483e-01
4.933391570211836386e-01
4.839484603625245906e-01
4.771784232365145484e-01
4.813278008298755295e-01
4.607993011574579856e-01
4.577418650360340902e-01
4.647302904564315496e-01
4.518453810875737164e-01
4.557763703865472804e-01
4.485695566717624039e-01
4.457305088447259256e-01
4.487879449661498210e-01
4.335007643590303439e-01
4.457305088447259256e-01
4.300065516488316142e-01
4.293513867656693628e-01
4.245468442891460747e-01
4.245468442891460747e-01
4.166848656911989468e-01
4.127538763922253828e-01
4.182135837519109223e-01
4.094780519764140703e-01
4.022712382616291937e-01
3.900414937759336120e-01
3.992138021402052983e-01
3.928805416029700903e-01
3.810875737060493429e-01
3.751910897575889692e-01
3.889495523039965263e-01
3.743175365800393006e-01
3.808691854116619258e-01
3.791220790565625887e-01
3.675474994540292584e-01
3.730072068137147978e-01
3.754094780519763863e-01
3.793404673509500058e-01
3.668923345708670070e-01
3.666739462764795898e-01
3.616510155055688847e-01
3.592487442673072962e-01
3.620877920943437189e-01
3.417776807163135921e-01
3.476741646647739659e-01
3.465822231928368802e-01
3.492028827254859413e-01
3.507316007861978613e-01
3.441799519545752362e-01
3.413409041275387579e-01
3.398121860668268379e-01
3.367547499454029425e-01
3.282376064642935076e-01
3.260537235204192807e-01
3.297663245250054831e-01
3.225595108102205510e-01
3.278008298755186734e-01
3.214675693382834654e-01
3.166630268617602328e-01
3.138239790347237546e-01
3.053068355536143197e-01
3.118584843852369448e-01
3.074907184974885466e-01
3.022493994321904243e-01
2.998471281939287802e-01
3.039965057872898169e-01
2.893644900633325912e-01
2.989735750163791117e-01
3.037781174929023997e-01
2.998471281939287802e-01
3.059620004367765711e-01
2.998471281939287802e-01
3.033413409041275655e-01
2.935138676566936278e-01
2.970080803668923575e-01
2.908932081240445666e-01
2.922035378903690694e-01
2.869622188250710026e-01
2.832496178204848003e-01
2.821576763485477146e-01
2.858702773531338615e-01
2.817208997597728803e-01
2.832496178204848003e-01
2.742956977506005867e-01
2.736405328674382798e-01
2.718934265123389427e-01
2.688359903909150472e-01
2.690543786853024644e-01
2.679624372133653787e-01
2.649050010919414833e-01
2.635946713256169249e-01
2.651233893863289004e-01
2.587901288490936924e-01
2.526752566062459016e-01
2.509281502511465645e-01
2.559510810220572141e-01
2.524568683118584844e-01
2.537671980781829872e-01
2.544223629613452942e-01
2.533304214894081530e-01
2.474339375409478070e-01
2.465603843633981107e-01
2.472155492465603899e-01
2.404455121205503476e-01
2.430661716531993810e-01
2.356409696440270873e-01
2.332386984057654433e-01
2.336754749945403054e-01
2.303996505787289928e-01
2.282157676348547659e-01
2.247215549246560362e-01
2.325835335226031919e-01
2.321467569338283576e-01
2.282157676348547659e-01
2.303996505787289928e-01
2.170779646210962976e-01
2.172963529154837425e-01
2.218825070976195579e-01
2.240663900414937848e-01
2.210089539200698894e-01
2.183882943874208282e-01
2.194802358593579417e-01
2.181699060930334111e-01
2.144573050884472643e-01
2.120550338501856202e-01
2.175147412098711597e-01
2.155492465603843499e-01
2.142389167940598471e-01
2.127101987333478994e-01
2.105263157894736725e-01
2.105263157894736725e-01
2.155492465603843499e-01
2.116182572614107860e-01
2.089975977287617248e-01
1.974230181262284223e-01
1.974230181262284223e-01
2.055033850185629951e-01
1.967678532430661709e-01
1.904345927058309629e-01
2.006988425420397348e-01
2.026643371915265446e-01
1.939288054160296926e-01
1.972046298318410051e-01
1.972046298318410051e-01
1.943655820048045546e-01
1.921816990609303277e-01
1.937104171216422754e-01
1.930552522384800240e-01
1.956759117711290574e-01
1.913081458833806592e-01
1.806071194583970252e-01
1.886874863507315980e-01
1.858484385236951197e-01
1.875955448787944846e-01
1.788600131032976603e-01
1.875955448787944846e-01
1.865036034068573989e-01
1.893426512338938494e-01
1.886874863507315980e-01
1.768945184538108784e-01
1.777680716313605469e-01
1.799519545752347738e-01
1.854116619349202855e-01
1.790784013976850775e-01
1.762393535706486269e-01
1.788600131032976603e-01
1.718715876829002009e-01
1.760209652762611821e-01
1.790784013976850775e-01
1.716531993885127838e-01
1.692509281502511398e-01
1.611705612579165670e-01
1.659751037344398272e-01
1.635728324961782110e-01
1.699060930334134190e-01
1.701244813278008361e-01
1.705612579165756704e-01
1.655383271456649930e-01
1.679405983839266092e-01
1.670670452063769407e-01
1.679405983839266092e-01
1.723083642716750352e-01
1.616073378466914290e-01
1.635728324961782110e-01
1.664118803232146893e-01
1.592050666084297850e-01
1.655383271456649930e-01
1.607337846691417327e-01
1.631360559074033767e-01
1.620441144354662633e-01
1.589866783140423678e-01
1.572395719589430030e-01
1.548373007206813590e-01
1.467569338283468139e-01
1.541821358375191076e-01
1.526534177768071598e-01
1.500327582441581264e-01
1.565844070757807516e-01
1.506879231273203779e-01
1.498143699497706816e-01
1.539637475431316904e-01
1.515614763048700464e-01
1.487224284778335959e-01
1.502511465385455436e-01
1.498143699497706816e-01
1.537453592487442733e-01
1.478488753002838996e-01
1.471937104171216482e-01
1.522166411880323256e-01
1.452282157676348662e-01
1.504695348329329607e-01
1.561476304870058895e-01
1.482856518890587338e-01
1.592050666084297850e-01
1.539637475431316904e-01
1.471937104171216482e-01
1.500327582441581264e-01
1.461017689451845347e-01
1.504695348329329607e-01
1.568027953701681687e-01
1.452282157676348662e-01
1.436994977069229185e-01
1.408604498798864402e-01
1.406420615854990230e-01
1.354007425202009285e-01
1.423891679405983879e-01
1.463201572395719519e-01
1.397685084079493267e-01
1.395501201135619096e-01
1.454466040620222833e-01
1.367110722865254313e-01
1.384581786416247962e-01
1.284123170998034413e-01
1.305962000436776682e-01
1.286307053941908585e-01
1.316881415156147539e-01
1.268835990390914936e-01
1.329984712819392845e-01
1.327800829875518673e-01
1.303778117492902511e-01
1.334352478707141187e-01
1.277571522166411899e-01
1.288490936885783034e-01
1.299410351605153890e-01
1.334352478707141187e-01
1.358375191089757628e-01
1.305962000436776682e-01
1.290674819829657205e-01
1.299410351605153890e-01
1.336536361651015636e-01
1.305962000436776682e-01
1.220790565625682472e-01
1.310329766324525025e-01
1.284123170998034413e-01
1.305962000436776682e-01
1.297226468661279719e-01
1.338720244594889808e-01
1.264468224503166593e-01
1.329984712819392845e-01
1.222974448569556644e-01
1.286307053941908585e-01
1.281939288054160242e-01
1.255732692727669908e-01
1.227342214457305125e-01
1.240445512120550292e-01
1.174929023804324041e-01
1.240445512120550292e-01
1.277571522166411899e-01
1.218606682681808301e-01
1.255732692727669908e-01
1.255732692727669908e-01
1.229526097401179296e-01
1.231709980345053468e-01
1.238261629176676121e-01
1.266652107447040765e-01
1.214238916794059819e-01
1.198951736186940342e-01
1.170561257916575698e-01
1.164009609084953045e-01
1.124699716095217267e-01
1.150906311421707739e-01
1.146538545533959397e-01
1.131251364926839920e-01
1.118148067263594614e-01
1.159641843197204564e-01
1.129067481982965748e-01
1.183664555579820865e-01
1.129067481982965748e-01
1.153090194365582050e-01
1.126883599039091438e-01
1.150906311421707739e-01
1.118148067263594614e-01
1.150906311421707739e-01
1.179296789692072522e-01
1.131251364926839920e-01
1.094125354880978312e-01
1.076654291329984664e-01
1.115964184319720442e-01
1.074470408386110493e-01
1.111596418431972100e-01
1.070102642498362150e-01
1.052631578947368363e-01
1.113780301375846271e-01
1.050447696003494191e-01
1.063550993666739497e-01
1.050447696003494191e-01
1.109412535488097790e-01
1.091941471937104141e-01
1.113780301375846271e-01
1.137803013758462573e-01
1.081022057217733146e-01
1.094125354880978312e-01
1.091941471937104141e-01
1.085389823105481488e-01
1.124699716095217267e-01
1.137803013758462573e-01
1.122515833151343095e-01
1.072286525442236321e-01
1.056999344835116844e-01
1.059183227778991015e-01
1.096309237824852623e-01
1.065734876610613668e-01
1.059183227778991015e-01
1.081022057217733146e-01
1.094125354880978312e-01
1.102860886656475276e-01
1.061367110722865187e-01
1.089757588993229970e-01
1.076654291329984664e-01
1.072286525442236321e-01
9.980345053505132458e-02
1.024241100677003719e-01
1.039528281284123196e-01
9.958506224066389356e-02
9.958506224066389356e-02
1.002402271238261589e-01
1.000218388294387417e-01
1.056999344835116844e-01
1.011137803013758413e-01
9.958506224066389356e-02
1.076654291329984664e-01
1.004586154182135899e-01
1.013321685957632723e-01
1.011137803013758413e-01
9.499890805852806430e-02
9.565407294169032959e-02
9.434374317536579901e-02
9.740117929678969444e-02
9.063114217077965218e-02
9.761956759117711158e-02
9.783795588556452871e-02
9.958506224066389356e-02
9.674601441362742915e-02
9.958506224066389356e-02
9.761956759117711158e-02
