1.000000000000000000e+00
7.939142461964038278e-01
7.247579529737205872e-01
6.739280774550484576e-01
6.721991701244813822e-01
6.483402489626556298e-01
6.020055325034577853e-01
5.829875518672199552e-01
5.563623789764868821e-01
5.508298755186722406e-01
5.131396957123097735e-01
5.107192254495158679e-01
4.996542185338865849e-01
4.671507607192254552e-01
4.630013831258644741e-01
4.422544951590594575e-01
4.374135546334716462e-01
4.429460580912862877e-01
4.225449515905947417e-01
4.052558782849239316e-01
4.024896265560166109e-01
3.941908713692945931e-01
3.769017980636237830e-01
3.571922544951590672e-01
3.516597510373444258e-01
3.530428769017980861e-01
3.482019363762102193e-01
3.399031811894882571e-01
3.278008298755186734e-01
3.156984785615490896e-01
3.250345781466113526e-01
3.191562932226832405e-01
3.112033195020746934e-01
2.984094052558782795e-01
2.908022130013831474e-01
2.835408022130013750e-01
2.786998616874135637e-01
2.904564315352697323e-01
2.894190871369294871e-01
2.704011065006915460e-01
2.665975103734439799e-01
2.724757952973720365e-01
2.531120331950207358e-01
2.589903181189488479e-01
2.596818810511756781e-01
2.430843706777316704e-01
2.541493775933609811e-01
2.385892116182572742e-01
2.295988934993084263e-01
2.306362378976486993e-01
2.337482710926694351e-01
2.295988934993084263e-01
2.251037344398340301e-01
2.223374827109266816e-01
2.181881051175657005e-01
2.022821576763485507e-01
2.126556016597510312e-01
2.067773167358229469e-01
1.988243430152143720e-01
1.939834024896265607e-01
1.867219917012448160e-01
1.874135546334716462e-01
1.905255878284923821e-01
1.801521438450899015e-01
1.943291839557399758e-01
1.811894882434301468e-01
1.867219917012448160e-01
1.732365145228215719e-01
1.721991701244813266e-01
1.836099585062240802e-01
1.773858921161825808e-01
1.711618257261410814e-01
1.666666666666666574e-01
1.663208852005532423e-01
1.708160442600276663e-01
1.625172890733056763e-01
1.718533886583679116e-01
1.666666666666666574e-01
1.652835408022129970e-01
1.559474412171507618e-01
1.386583679114799517e-01
1.521438450899031680e-01
1.400414937759336120e-01
1.459197786998616964e-01
1.528354080221300260e-01
1.486860304287690171e-01
1.358921161825726032e-01
1.396957123098201969e-01
1.390041493775933668e-01
1.307053941908713768e-01
1.244813278008298774e-01
1.275933609958506132e-01
1.230982019363762170e-01
1.286307053941908585e-01
1.272475795297371981e-01
1.262102351313969528e-01
1.300138312586445466e-01
1.300138312586445466e-01
1.324343015214384522e-01
1.289764868603043013e-01
1.182572614107883779e-01
1.189488243430152081e-01
1.147994467496542131e-01
1.179114799446749628e-01
1.182572614107883779e-01
1.255186721991701226e-01
1.168741355463347176e-01
1.144536652835407980e-01
1.089211618257261427e-01
9.889349930843706338e-02
1.075380359612724823e-01
9.993084370677732253e-02
9.854771784232364829e-02
1.023513139695712282e-01
1.009681881051175678e-01
9.751037344398340301e-02
9.578146611341632755e-02
1.009681881051175678e-01
9.543568464730289858e-02
1.013139695712309829e-01
9.958506224066389356e-02
1.044260027662517326e-01
9.993084370677732253e-02
9.543568464730289858e-02
9.370677731673582311e-02
9.612724757952974264e-02
9.301521438450899293e-02
9.128630705394190359e-02
9.681881051175657282e-02
9.508990318118948348e-02
1.006224066390041527e-01
9.681881051175657282e-02
9.336099585062240802e-02
8.748271092669432369e-02
9.474412171507606839e-02
9.681881051175657282e-02
8.609958506224066332e-02
9.370677731673582311e-02
8.367911479944674380e-02
8.748271092669432369e-02
8.402489626556017277e-02
8.402489626556017277e-02
8.022130013831259288e-02
8.540802213001383314e-02
8.229598893499308343e-02
8.471645919778700295e-02
7.987551867219916391e-02
7.918395573997233372e-02
7.607192254495158401e-02
7.814661134163208844e-02
7.849239280774550354e-02
8.160442600276625325e-02
7.849239280774550354e-02
7.745504840940525826e-02
8.195020746887966834e-02
7.572614107883816892e-02
7.883817427385891863e-02
8.264177040110649852e-02
7.814661134163208844e-02
6.984785615491009847e-02
7.710926694329184317e-02
7.330567081604426327e-02
7.192254495159058902e-02
7.607192254495158401e-02
6.950207468879668338e-02
7.434301521438450855e-02
6.742738589211617894e-02
7.814661134163208844e-02
7.123098201936375884e-02
7.192254495159058902e-02
6.811894882434300913e-02
7.157676348547717393e-02
6.984785615491009847e-02
6.915629322268326828e-02
6.085753803596127137e-02
6.881051175656985319e-02
6.327800829875518396e-02
6.327800829875518396e-02
5.982019363762102609e-02
5.739972337482710657e-02
6.154910096818810850e-02
5.912863070539418897e-02
5.705394190871369148e-02
5.567081604426003111e-02
5.567081604426003111e-02
5.359612724757952668e-02
5.809128630705394369e-02
5.809128630705394369e-02
5.705394190871369148e-02
5.636237897648686129e-02
6.154910096818810850e-02
6.154910096818810850e-02
6.051175656984785628e-02
6.258644536652835377e-02
5.428769017980636380e-02
5.705394190871369148e-02
5.290456431535269649e-02
5.290456431535269649e-02
5.152143845089902918e-02
4.806362378976487132e-02
5.394190871369294871e-02
5.048409405255878390e-02
4.910096818810511660e-02
5.013831258644536881e-02
4.875518672199170150e-02
5.463347164591977889e-02
4.737206085753803420e-02
5.325034578146611158e-02
4.875518672199170150e-02
5.221300138312586631e-02
5.152143845089902918e-02
4.529737206085753670e-02
4.529737206085753670e-02
5.048409405255878390e-02
4.979253112033194678e-02
4.391424619640386939e-02
4.598893499308437383e-02
4.910096818810511660e-02
4.737206085753803420e-02
5.428769017980636380e-02
5.013831258644536881e-02
4.668049792531120401e-02
4.391424619640386939e-02
4.426002766251729142e-02
4.149377593360995681e-02
4.080221300138312662e-02
4.183955739972337190e-02
4.944674965421853169e-02
4.737206085753803420e-02
4.045643153526971153e-02
4.080221300138312662e-02
3.561549100968187942e-02
3.976486860304287441e-02
4.149377593360995681e-02
4.183955739972337190e-02
4.114799446749654172e-02
4.287690179806362412e-02
3.526970954356846433e-02
3.526970954356846433e-02
3.561549100968187942e-02
3.423236514522821905e-02
3.803596127247579201e-02
3.734439834024896182e-02
3.838174273858921404e-02
3.492392807745504923e-02
3.734439834024896182e-02
3.596127247579529451e-02
3.630705394190871654e-02
3.630705394190871654e-02
3.492392807745504923e-02
3.803596127247579201e-02
3.423236514522821905e-02
3.699861687413554673e-02
3.907330567081604422e-02
3.907330567081604422e-02
3.561549100968187942e-02
4.045643153526971153e-02
3.907330567081604422e-02
3.665283540802213164e-02
3.838174273858921404e-02
4.045643153526971153e-02
4.114799446749654172e-02
3.423236514522821905e-02
3.319502074688796683e-02
3.354080221300138193e-02
3.561549100968187942e-02
3.526970954356846433e-02
3.492392807745504923e-02
3.769017980636237691e-02
3.492392807745504923e-02
3.769017980636237691e-02
3.769017980636237691e-02
4.149377593360995681e-02
3.596127247579529451e-02
3.941908713692945931e-02
3.388658367911479702e-02
3.457814661134163414e-02
3.492392807745504923e-02
3.319502074688796683e-02
3.423236514522821905e-02
3.665283540802213164e-02
3.077455048409405425e-02
3.630705394190871654e-02
2.869986168741355329e-02
3.319502074688796683e-02
3.146611341632088443e-02
3.319502074688796683e-02
3.215767634854771462e-02
3.423236514522821905e-02
3.319502074688796683e-02
3.526970954356846433e-02
2.904564315352697185e-02
3.319502074688796683e-02
3.284923928077455174e-02
3.077455048409405425e-02
3.354080221300138193e-02
3.181189488243429953e-02
3.112033195020746934e-02
3.250345781466113665e-02
3.215767634854771462e-02
3.492392807745504923e-02
3.146611341632088443e-02
3.181189488243429953e-02
2.939142461964038694e-02
2.731673582295988945e-02
2.800829875518672310e-02
2.869986168741355329e-02
2.593360995850622561e-02
3.146611341632088443e-02
3.008298755186722059e-02
3.008298755186722059e-02
2.939142461964038694e-02
2.904564315352697185e-02
3.008298755186722059e-02
2.593360995850622561e-02
3.008298755186722059e-02
2.939142461964038694e-02
3.112033195020746934e-02
3.112033195020746934e-02
2.835408022130013819e-02
2.766251728907330454e-02
2.558782849239280704e-02
2.627939142461964070e-02
2.731673582295988945e-02
2.455048409405255830e-02
2.489626556016597339e-02
2.213001383125864571e-02
2.766251728907330454e-02
2.247579529737206080e-02
2.109266943291839697e-02
2.178423236514522715e-02
1.936376210235131456e-02
2.558782849239280704e-02
2.558782849239280704e-02
2.558782849239280704e-02
2.385892116182572464e-02
2.420470262793914321e-02
2.178423236514522715e-02
2.385892116182572464e-02
2.005532503457814822e-02
2.143845089903181206e-02
2.074688796680497840e-02
2.143845089903181206e-02
2.316735822959889446e-02
2.247579529737206080e-02
1.936376210235131456e-02
2.282157676348547590e-02
2.282157676348547590e-02
2.420470262793914321e-02
2.351313969571230955e-02
2.351313969571230955e-02
2.662517289073305579e-02
2.143845089903181206e-02
2.351313969571230955e-02
2.662517289073305579e-02
2.074688796680497840e-02
2.143845089903181206e-02
2.178423236514522715e-02
2.316735822959889446e-02
2.489626556016597339e-02
2.247579529737206080e-02
2.351313969571230955e-02
2.593360995850622561e-02
2.489626556016597339e-02
1.867219917012448091e-02
2.178423236514522715e-02
2.143845089903181206e-02
2.420470262793914321e-02
2.040110650069156331e-02
2.247579529737206080e-02
2.143845089903181206e-02
1.832641770401106582e-02
2.109266943291839697e-02
1.798063623789764726e-02
1.867219917012448091e-02
2.040110650069156331e-02
1.867219917012448091e-02
1.867219917012448091e-02
2.040110650069156331e-02
1.486860304287690102e-02
1.625172890733056832e-02
1.832641770401106582e-02
1.763485477178423216e-02
1.659751037344398342e-02
1.832641770401106582e-02
1.452282157676348592e-02
1.867219917012448091e-02
1.798063623789764726e-02
1.798063623789764726e-02
1.832641770401106582e-02
1.970954356846472966e-02
2.005532503457814822e-02
1.556016597510373467e-02
1.763485477178423216e-02
1.901798063623789600e-02
2.316735822959889446e-02
1.867219917012448091e-02
1.970954356846472966e-02
1.694329183955739851e-02
1.901798063623789600e-02
1.867219917012448091e-02
