1.000000000000000000e+00
6.728110599078340748e-01
6.912442396313364101e-01
7.188940092165898577e-01
6.543778801843318504e-01
6.359447004608295151e-01
6.267281105990782919e-01
5.483870967741935054e-01
6.359447004608295151e-01
6.036866359447005115e-01
6.129032258064516236e-01
5.115207373271889457e-01
6.359447004608295151e-01
5.944700460829492883e-01
5.345622119815668372e-01
5.483870967741935054e-01
5.069124423963133896e-01
5.529953917050691725e-01
5.115207373271889457e-01
4.930875576036866104e-01
5.391705069124423932e-01
5.483870967741935054e-01
5.345622119815668372e-01
5.207373271889400579e-01
4.838709677419354982e-01
4.930875576036866104e-01
5.161290322580645018e-01
5.207373271889400579e-01
4.792626728110598866e-01
4.930875576036866104e-01
4.838709677419354982e-01
5.253456221198156140e-01
4.930875576036866104e-01
4.792626728110598866e-01
4.884792626728110543e-01
4.838709677419354982e-01
5.115207373271889457e-01
5.253456221198156140e-01
5.714285714285713969e-01
4.792626728110598866e-01
5.023041474654378336e-01
5.299539170506912811e-01
5.161290322580645018e-01
4.838709677419354982e-01
4.377880184331797153e-01
4.423963133640553269e-01
4.792626728110598866e-01
4.147465437788018239e-01
4.423963133640553269e-01
4.654377880184331628e-01
4.331797235023041592e-01
4.331797235023041592e-01
4.101382488479262678e-01
4.239631336405529916e-01
4.746543778801843305e-01
4.654377880184331628e-01
4.331797235023041592e-01
3.640552995391704849e-01
4.285714285714285476e-01
4.147465437788018239e-01
4.055299539170507117e-01
4.470046082949308830e-01
4.608294930875576068e-01
4.193548387096774355e-01
4.239631336405529916e-01
3.778801843317972087e-01
3.917050691244239879e-01
3.824884792626728203e-01
4.239631336405529916e-01
3.963133640552995440e-01
3.917050691244239879e-01
4.101382488479262678e-01
3.640552995391704849e-01
3.824884792626728203e-01
4.147465437788018239e-01
4.101382488479262678e-01
3.271889400921659252e-01
3.502304147465437612e-01
3.824884792626728203e-01
3.778801843317972087e-01
3.824884792626728203e-01
3.824884792626728203e-01
3.502304147465437612e-01
3.225806451612903136e-01
3.133640552995391459e-01
3.364055299539170374e-01
3.778801843317972087e-01
3.917050691244239879e-01
3.686635944700460965e-01
3.087557603686635899e-01
3.502304147465437612e-01
3.364055299539170374e-01
3.824884792626728203e-01
3.778801843317972087e-01
3.456221198156682051e-01
3.594470046082949288e-01
2.949308755760368661e-01
3.732718894009216526e-01
3.317972350230414813e-01
3.870967741935483764e-01
3.686635944700460965e-01
3.364055299539170374e-01
3.594470046082949288e-01
2.949308755760368661e-01
3.686635944700460965e-01
3.594470046082949288e-01
3.317972350230414813e-01
3.364055299539170374e-01
2.811059907834101423e-01
2.903225806451613100e-01
3.179723502304147575e-01
3.502304147465437612e-01
3.133640552995391459e-01
3.502304147465437612e-01
3.087557603686635899e-01
3.179723502304147575e-01
3.917050691244239879e-01
3.456221198156682051e-01
3.640552995391704849e-01
2.857142857142856984e-01
3.456221198156682051e-01
3.686635944700460965e-01
3.502304147465437612e-01
3.133640552995391459e-01
3.133640552995391459e-01
3.225806451612903136e-01
3.317972350230414813e-01
3.225806451612903136e-01
3.271889400921659252e-01
3.548387096774193727e-01
3.317972350230414813e-01
3.087557603686635899e-01
2.811059907834101423e-01
2.718894009216589747e-01
2.903225806451613100e-01
3.548387096774193727e-01
3.087557603686635899e-01
3.364055299539170374e-01
3.778801843317972087e-01
3.225806451612903136e-01
3.179723502304147575e-01
3.548387096774193727e-01
3.364055299539170374e-01
3.225806451612903136e-01
3.456221198156682051e-01
3.502304147465437612e-01
3.179723502304147575e-01
3.548387096774193727e-01
2.857142857142856984e-01
2.764976958525345863e-01
3.548387096774193727e-01
3.271889400921659252e-01
2.396313364055299433e-01
3.271889400921659252e-01
3.317972350230414813e-01
2.949308755760368661e-01
3.271889400921659252e-01
3.548387096774193727e-01
2.903225806451613100e-01
3.410138248847926490e-01
3.041474654377880338e-01
2.857142857142856984e-01
3.133640552995391459e-01
2.811059907834101423e-01
2.764976958525345863e-01
2.580645161290322509e-01
2.488479262672811110e-01
2.857142857142856984e-01
2.488479262672811110e-01
2.903225806451613100e-01
2.488479262672811110e-01
2.811059907834101423e-01
2.857142857142856984e-01
2.811059907834101423e-01
2.764976958525345863e-01
2.718894009216589747e-01
2.580645161290322509e-01
2.857142857142856984e-01
2.672811059907834186e-01
2.949308755760368661e-01
2.672811059907834186e-01
2.995391705069124222e-01
2.718894009216589747e-01
2.534562211981566948e-01
2.995391705069124222e-01
2.442396313364055271e-01
2.534562211981566948e-01
2.811059907834101423e-01
3.041474654377880338e-01
3.087557603686635899e-01
3.041474654377880338e-01
3.364055299539170374e-01
2.626728110599078070e-01
2.857142857142856984e-01
2.534562211981566948e-01
2.811059907834101423e-01
2.672811059907834186e-01
2.626728110599078070e-01
2.718894009216589747e-01
2.396313364055299433e-01
2.580645161290322509e-01
2.304147465437788034e-01
2.534562211981566948e-01
2.350230414746543872e-01
2.350230414746543872e-01
2.258064516129032195e-01
2.626728110599078070e-01
2.672811059907834186e-01
2.211981566820276635e-01
2.304147465437788034e-01
2.534562211981566948e-01
2.119815668202764958e-01
2.304147465437788034e-01
2.488479262672811110e-01
2.165898617511520796e-01
2.304147465437788034e-01
2.396313364055299433e-01
2.626728110599078070e-01
2.764976958525345863e-01
2.350230414746543872e-01
2.672811059907834186e-01
2.672811059907834186e-01
2.626728110599078070e-01
2.119815668202764958e-01
2.304147465437788034e-01
2.396313364055299433e-01
2.534562211981566948e-01
2.165898617511520796e-01
2.857142857142856984e-01
2.258064516129032195e-01
2.672811059907834186e-01
2.350230414746543872e-01
2.258064516129032195e-01
2.442396313364055271e-01
2.350230414746543872e-01
2.396313364055299433e-01
2.165898617511520796e-01
2.304147465437788034e-01
2.119815668202764958e-01
2.534562211981566948e-01
2.580645161290322509e-01
2.626728110599078070e-01
2.304147465437788034e-01
2.626728110599078070e-01
2.396313364055299433e-01
2.534562211981566948e-01
2.534562211981566948e-01
2.119815668202764958e-01
2.073732718894009119e-01
2.258064516129032195e-01
2.073732718894009119e-01
2.442396313364055271e-01
2.165898617511520796e-01
1.658986175115207407e-01
1.751152073732718806e-01
2.119815668202764958e-01
2.073732718894009119e-01
2.211981566820276635e-01
1.981566820276497720e-01
1.935483870967741882e-01
2.350230414746543872e-01
1.658986175115207407e-01
1.658986175115207407e-01
1.935483870967741882e-01
1.935483870967741882e-01
1.889400921658986043e-01
2.350230414746543872e-01
1.935483870967741882e-01
1.981566820276497720e-01
2.119815668202764958e-01
2.073732718894009119e-01
1.889400921658986043e-01
2.442396313364055271e-01
2.350230414746543872e-01
1.981566820276497720e-01
2.027649769585253559e-01
2.073732718894009119e-01
1.981566820276497720e-01
1.935483870967741882e-01
2.258064516129032195e-01
2.073732718894009119e-01
2.119815668202764958e-01
1.843317972350230483e-01
2.211981566820276635e-01
2.119815668202764958e-01
2.626728110599078070e-01
1.981566820276497720e-01
1.797235023041474644e-01
1.520737327188940169e-01
1.889400921658986043e-01
2.165898617511520796e-01
1.981566820276497720e-01
1.889400921658986043e-01
2.211981566820276635e-01
2.027649769585253559e-01
2.304147465437788034e-01
1.797235023041474644e-01
2.027649769585253559e-01
2.304147465437788034e-01
1.843317972350230483e-01
1.612903225806451568e-01
2.304147465437788034e-01
1.751152073732718806e-01
2.211981566820276635e-01
1.981566820276497720e-01
1.797235023041474644e-01
1.797235023041474644e-01
1.658986175115207407e-01
1.981566820276497720e-01
2.073732718894009119e-01
1.981566820276497720e-01
1.658986175115207407e-01
1.981566820276497720e-01
1.981566820276497720e-01
1.935483870967741882e-01
1.751152073732718806e-01
2.073732718894009119e-01
2.027649769585253559e-01
2.211981566820276635e-01
2.304147465437788034e-01
2.165898617511520796e-01
2.027649769585253559e-01
1.658986175115207407e-01
1.797235023041474644e-01
1.981566820276497720e-01
2.119815668202764958e-01
1.751152073732718806e-01
1.520737327188940169e-01
1.566820276497695730e-01
1.751152073732718806e-01
1.843317972350230483e-01
1.612903225806451568e-01
1.935483870967741882e-01
1.889400921658986043e-01
1.889400921658986043e-01
1.889400921658986043e-01
1.843317972350230483e-01
2.165898617511520796e-01
2.165898617511520796e-01
2.165898617511520796e-01
1.889400921658986043e-01
1.843317972350230483e-01
1.889400921658986043e-01
1.935483870967741882e-01
1.566820276497695730e-01
2.073732718894009119e-01
1.797235023041474644e-01
1.981566820276497720e-01
1.658986175115207407e-01
1.935483870967741882e-01
1.566820276497695730e-01
1.935483870967741882e-01
1.843317972350230483e-01
1.935483870967741882e-01
1.889400921658986043e-01
2.027649769585253559e-01
1.520737327188940169e-01
1.889400921658986043e-01
2.165898617511520796e-01
1.705069124423963245e-01
1.797235023041474644e-01
1.889400921658986043e-01
1.981566820276497720e-01
1.797235023041474644e-01
1.843317972350230483e-01
1.981566820276497720e-01
2.027649769585253559e-01
1.751152073732718806e-01
2.211981566820276635e-01
1.935483870967741882e-01
1.751152073732718806e-01
1.705069124423963245e-01
1.566820276497695730e-01
1.566820276497695730e-01
1.843317972350230483e-01
1.428571428571428492e-01
1.428571428571428492e-01
1.428571428571428492e-01
1.751152073732718806e-01
1.566820276497695730e-01
1.612903225806451568e-01
1.382488479262672931e-01
1.336405529953917093e-01
1.935483870967741882e-01
1.566820276497695730e-01
1.198156682027649717e-01
1.981566820276497720e-01
2.165898617511520796e-01
1.474654377880184331e-01
1.889400921658986043e-01
1.751152073732718806e-01
1.751152073732718806e-01
1.612903225806451568e-01
1.474654377880184331e-01
1.843317972350230483e-01
1.843317972350230483e-01
1.612903225806451568e-01
1.290322580645161255e-01
1.705069124423963245e-01
1.474654377880184331e-01
1.428571428571428492e-01
