1.000000000000000000e+00
8.820921985815602939e-01
8.359929078014184389e-01
7.854609929078014696e-01
7.708333333333333703e-01
7.473404255319149314e-01
7.300531914893616525e-01
7.296099290780141411e-01
7.171985815602837100e-01
6.901595744680850686e-01
6.808510638297872175e-01
6.923758865248227368e-01
6.790780141843971718e-01
6.564716312056737557e-01
6.582446808510638014e-01
6.210106382978722861e-01
6.272163120567375572e-01
6.241134751773049771e-01
6.015070921985815611e-01
6.023936170212765839e-01
5.890957446808510189e-01
5.882092198581559961e-01
5.780141843971631221e-01
5.545212765957446832e-01
5.585106382978722861e-01
5.496453900709219464e-01
5.531914893617021489e-01
5.367907801418440039e-01
5.195035460992907250e-01
5.234929078014184389e-01
5.115248226950354082e-01
5.039893617021277139e-01
4.813829787234042423e-01
4.818262411347517538e-01
4.685283687943262443e-01
4.853723404255319007e-01
4.587765957446808263e-01
4.658687943262411202e-01
4.507978723404255095e-01
4.375000000000000000e-01
4.565602836879432691e-01
4.228723404255319007e-01
4.321808510638298073e-01
4.295212765957446832e-01
4.233156028368794122e-01
4.171099290780141966e-01
4.179964539007092195e-01
4.131205673758865382e-01
4.002659574468084847e-01
3.905141843971631221e-01
3.918439716312056564e-01
3.989361702127659504e-01
3.927304964539007348e-01
3.909574468085106336e-01
3.878546099290779980e-01
3.980496453900709275e-01
3.865248226950354637e-01
3.843085106382978511e-01
3.776595744680851241e-01
3.727836879432623873e-01
3.656914893617021489e-01
3.661347517730496604e-01
3.568262411347517538e-01
3.612588652482269236e-01
3.466312056737588798e-01
3.497340425531915153e-01
3.497340425531915153e-01
3.523936170212765839e-01
3.421985815602837100e-01
3.359929078014184389e-01
3.346631205673759046e-01
3.200354609929078054e-01
3.297872340425531679e-01
3.178191489361701927e-01
3.151595744680851241e-01
3.107269503546099543e-01
3.071808510638298073e-01
3.142730496453900457e-01
3.000886524822695134e-01
2.983156028368794122e-01
2.832446808510638570e-01
2.832446808510638570e-01
2.956560283687943436e-01
2.876773049645390268e-01
3.014184397163120477e-01
2.898936170212765839e-01
2.938829787234042423e-01
2.872340425531915153e-01
2.828014184397162900e-01
2.739361702127659504e-01
2.845744680851063912e-01
2.734929078014184389e-01
2.606382978723404409e-01
2.593085106382978511e-01
2.646276595744680993e-01
2.708333333333333148e-01
2.690602836879432691e-01
2.579787234042553168e-01
2.664007092198581450e-01
2.535460992907801470e-01
2.477836879432624151e-01
2.655141843971631221e-01
2.575354609929078054e-01
2.451241134751773187e-01
2.468971631205673645e-01
2.402482269503546097e-01
2.411347517730496326e-01
2.406914893617021212e-01
2.304964539007092195e-01
2.362588652482269513e-01
2.203014184397163178e-01
2.282801418439716346e-01
2.260638297872340496e-01
2.322695035460992929e-01
2.078900709219858034e-01
2.287234042553191460e-01
2.194148936170212671e-01
2.198581560283688063e-01
2.287234042553191460e-01
2.185283687943262443e-01
2.056737588652482185e-01
2.047872340425531956e-01
2.132092198581560238e-01
2.136524822695035353e-01
2.176418439716311937e-01
2.167553191489361708e-01
2.118794326241134618e-01
2.114361702127659504e-01
2.043439716312056842e-01
2.087765957446808540e-01
2.132092198581560238e-01
2.083333333333333426e-01
2.083333333333333426e-01
1.941489361702127547e-01
2.061170212765957577e-01
2.047872340425531956e-01
2.061170212765957577e-01
1.923758865248226813e-01
1.932624113475177319e-01
1.914893617021276584e-01
1.875000000000000000e-01
1.808510638297872453e-01
1.826241134751773187e-01
1.768617021276595869e-01
1.994680851063829752e-01
1.870567375886524886e-01
1.733156028368794399e-01
1.808510638297872453e-01
1.750886524822695134e-01
1.764184397163120477e-01
1.702127659574468044e-01
1.697695035460992929e-01
1.790780141843971718e-01
1.569148936170212671e-01
1.564716312056737557e-01
1.662234042553191460e-01
1.750886524822695134e-01
1.675531914893617080e-01
1.653368794326241231e-01
1.710992907801418550e-01
1.790780141843971718e-01
1.706560283687943158e-01
1.759751773049645363e-01
1.675531914893617080e-01
1.724290780141843893e-01
1.693262411347517815e-01
1.617907801418439762e-01
1.551418439716311937e-01
1.653368794326241231e-01
1.507092198581560238e-01
1.529255319148936088e-01
1.542553191489361708e-01
1.586879432624113406e-01
1.533687943262411479e-01
1.445035460992907805e-01
1.600177304964539027e-01
1.582446808510638292e-01
1.493794326241134618e-01
1.445035460992907805e-01
1.546985815602836822e-01
1.569148936170212671e-01
1.613475177304964647e-01
1.515957446808510745e-01
1.578014184397163178e-01
1.440602836879432691e-01
1.391843971631205601e-01
1.489361702127659504e-01
1.507092198581560238e-01
1.515957446808510745e-01
1.515957446808510745e-01
1.569148936170212671e-01
1.378546099290780258e-01
1.427304964539007071e-01
1.422872340425531956e-01
1.378546099290780258e-01
1.502659574468085124e-01
1.445035460992907805e-01
1.427304964539007071e-01
1.467198581560283654e-01
1.360815602836879523e-01
1.360815602836879523e-01
1.471631205673758769e-01
1.453900709219858034e-01
1.391843971631205601e-01
1.360815602836879523e-01
1.351950354609929017e-01
1.351950354609929017e-01
1.369680851063829752e-01
1.365248226950354637e-01
1.409574468085106336e-01
1.453900709219858034e-01
1.360815602836879523e-01
1.445035460992907805e-01
1.334219858156028282e-01
1.360815602836879523e-01
1.320921985815602939e-01
1.396276595744680715e-01
1.303191489361702204e-01
1.254432624113475114e-01
1.276595744680850963e-01
1.263297872340425620e-01
1.267730496453900735e-01
1.183510638297872314e-01
1.303191489361702204e-01
1.227836879432624151e-01
1.179078014184397200e-01
1.298758865248226813e-01
1.343085106382978788e-01
1.285460992907801470e-01
1.312056737588652433e-01
1.329787234042553168e-01
1.347517730496453903e-01
1.307624113475177319e-01
1.183510638297872314e-01
1.418439716312056842e-01
1.245567375886524886e-01
1.289893617021276584e-01
1.245567375886524886e-01
1.179078014184397200e-01
1.187943262411347567e-01
1.196808510638297934e-01
1.143617021276595730e-01
1.103723404255319146e-01
1.165780141843971579e-01
9.929078014184397616e-02
1.090425531914893664e-01
1.139184397163120616e-01
1.081560283687943297e-01
1.148049645390070983e-01
1.085992907801418411e-01
1.112588652482269513e-01
1.161347517730496465e-01
1.037234042553191460e-01
1.152482269503546097e-01
1.183510638297872314e-01
1.125886524822694995e-01
1.134751773049645363e-01
1.112588652482269513e-01
1.112588652482269513e-01
1.156914893617021212e-01
1.139184397163120616e-01
1.130319148936170248e-01
9.973404255319148759e-02
1.090425531914893664e-01
1.112588652482269513e-01
1.037234042553191460e-01
1.183510638297872314e-01
1.019503546099290725e-01
1.081560283687943297e-01
1.094858156028368779e-01
1.054964539007092195e-01
1.094858156028368779e-01
1.174645390070921946e-01
9.618794326241134063e-02
9.441489361702128102e-02
1.037234042553191460e-01
1.081560283687943297e-01
1.050531914893617080e-01
1.085992907801418411e-01
1.081560283687943297e-01
9.352836879432624428e-02
1.072695035460992929e-01
1.103723404255319146e-01
1.019503546099290725e-01
1.041666666666666713e-01
9.884751773049645085e-02
9.973404255319148759e-02
9.086879432624113406e-02
9.574468085106382920e-02
9.264184397163120754e-02
9.574468085106382920e-02
9.485815602836879246e-02
9.884751773049645085e-02
9.574468085106382920e-02
1.041666666666666713e-01
9.796099290780141411e-02
9.618794326241134063e-02
9.086879432624113406e-02
1.015070921985815611e-01
9.884751773049645085e-02
9.086879432624113406e-02
9.264184397163120754e-02
8.865248226950354915e-02
9.175531914893617080e-02
8.953900709219858589e-02
8.687943262411347567e-02
8.554964539007092750e-02
8.554964539007092750e-02
7.934397163120567031e-02
7.978723404255319562e-02
8.998226950354609732e-02
8.554964539007092750e-02
8.599290780141843893e-02
8.554964539007092750e-02
8.377659574468085402e-02
8.643617021276596424e-02
8.510638297872340219e-02
8.599290780141843893e-02
9.308510638297871898e-02
8.732269503546098710e-02
8.732269503546098710e-02
8.865248226950354915e-02
8.023049645390070705e-02
8.466312056737589076e-02
8.466312056737589076e-02
8.377659574468085402e-02
7.180851063829787884e-02
8.244680851063829197e-02
8.466312056737589076e-02
8.377659574468085402e-02
7.446808510638297518e-02
8.156028368794326910e-02
8.554964539007092750e-02
7.801418439716312214e-02
8.421985815602836545e-02
8.599290780141843893e-02
7.978723404255319562e-02
8.776595744680851241e-02
7.934397163120567031e-02
8.200354609929078054e-02
8.554964539007092750e-02
7.757092198581559683e-02
8.510638297872340219e-02
7.446808510638297518e-02
7.225177304964539027e-02
7.845744680851063357e-02
7.313829787234042701e-02
7.757092198581559683e-02
7.579787234042553723e-02
8.067375886524823236e-02
7.446808510638297518e-02
7.668439716312057397e-02
7.047872340425531679e-02
7.535460992907801192e-02
7.712765957446808540e-02
7.402482269503546375e-02
7.890070921985815888e-02
7.491134751773050049e-02
7.402482269503546375e-02
7.313829787234042701e-02
8.111702127659574380e-02
7.712765957446808540e-02
6.693262411347518370e-02
7.757092198581559683e-02
7.712765957446808540e-02
7.712765957446808540e-02
7.757092198581559683e-02
7.402482269503546375e-02
7.136524822695035353e-02
7.313829787234042701e-02
7.668439716312057397e-02
7.668439716312057397e-02
7.092198581560284210e-02
6.959219858156028005e-02
7.047872340425531679e-02
7.225177304964539027e-02
7.801418439716312214e-02
6.648936170212765839e-02
7.358156028368793844e-02
7.269503546099290170e-02
7.180851063829787884e-02
7.801418439716312214e-02
7.358156028368793844e-02
7.712765957446808540e-02
7.446808510638297518e-02
7.047872340425531679e-02
7.003546099290780536e-02
7.092198581560284210e-02
6.826241134751773187e-02
6.870567375886524331e-02
6.693262411347518370e-02
6.471631205673758491e-02
7.047872340425531679e-02
6.914893617021276861e-02
6.781914893617020657e-02
6.870567375886524331e-02
6.693262411347518370e-02
6.781914893617020657e-02
6.781914893617020657e-02
6.914893617021276861e-02
6.693262411347518370e-02
