1.000000000000000000e+00
7.819083023543990096e-01
7.182982238744320957e-01
6.935150764147046676e-01
6.753407682775712795e-01
6.282527881040892437e-01
6.175134242048739841e-01
5.972738537794299862e-01
5.675340768277571390e-01
5.613382899628253098e-01
5.361420900454357819e-01
5.291201982651796420e-01
5.113589425857083537e-01
4.890541098719537461e-01
4.973151590251961851e-01
4.840974803800082715e-01
4.572490706319702336e-01
4.510532837670384043e-01
4.456836018174308300e-01
4.076827757125154883e-01
4.262701363073110317e-01
4.246179264766625217e-01
4.155307724080958276e-01
3.853779429987608252e-01
3.729863692688971666e-01
3.800082610491532509e-01
3.709211069805865568e-01
3.515076414704667584e-01
3.498554316398182484e-01
3.407682775712515544e-01
3.453118546055349292e-01
3.333333333333333148e-01
3.275505989260635853e-01
3.118546055349029067e-01
3.139198678232135720e-01
3.085501858736059422e-01
3.035935563816604676e-01
2.969847170590664831e-01
3.035935563816604676e-01
2.932672449401074188e-01
2.965716646014043834e-01
2.812887236679058045e-01
2.726146220570012657e-01
2.734407269723254652e-01
2.664188351920693809e-01
2.701363073110285007e-01
2.602230483271375516e-01
2.527881040892193121e-01
2.540272614622057223e-01
2.375051631557207887e-01
2.375051631557207887e-01
2.565055762081784319e-01
2.412226352746798808e-01
2.399834779016935260e-01
2.176786451879388629e-01
2.114828583230070336e-01
2.164394878149525081e-01
2.275919041718298119e-01
2.180916976456009904e-01
2.052870714580751765e-01
1.986782321354812197e-01
2.023957042544403118e-01
1.850475010326311509e-01
1.949607600165221000e-01
1.904171829822387529e-01
1.933085501858736177e-01
1.966129698471705822e-01
1.796778190830235489e-01
1.829822387443205411e-01
1.920693928128872352e-01
1.714167699297810821e-01
1.751342420487402018e-01
1.767864518793886841e-01
1.668731928954977350e-01
1.788517141676992939e-01
1.693515076414704723e-01
1.573729863692688857e-01
1.697645600991325998e-01
1.722428748451053371e-01
1.615035109458901330e-01
1.602643535729037505e-01
1.606774060305658780e-01
1.540685667079719212e-01
1.524163568773234112e-01
1.627426683188764878e-01
1.540685667079719212e-01
1.561338289962825310e-01
1.387856257744733701e-01
1.482858323007021917e-01
1.507641470466749289e-01
1.404378356051218524e-01
1.334159438248657681e-01
1.367203634861627326e-01
1.288723667905823933e-01
1.404378356051218524e-01
1.404378356051218524e-01
1.354812061131763778e-01
1.243287897562990463e-01
1.317637339942172581e-01
1.321767864518793856e-01
1.201982651796778129e-01
1.247418422139611738e-01
1.160677406030565934e-01
1.152416356877323383e-01
1.164807930607187070e-01
1.123502684840974736e-01
1.106980586534489913e-01
1.106980586534489913e-01
1.040892193308550207e-01
1.090458488228004952e-01
1.127633209417596011e-01
1.061544816191656304e-01
1.040892193308550207e-01
1.045022717885171482e-01
9.954564229657165975e-02
1.016109045848822834e-01
1.007847996695580284e-01
1.045022717885171482e-01
1.045022717885171482e-01
1.016109045848822834e-01
1.007847996695580284e-01
1.003717472118959148e-01
1.020239570425443970e-01
9.913258983890954612e-02
9.789343246592317749e-02
9.830648492358529111e-02
9.376290788930194409e-02
9.293680297397768908e-02
9.334985543163981658e-02
9.334985543163981658e-02
8.798017348203221455e-02
8.550185873605947728e-02
8.591491119372160479e-02
9.169764560099132045e-02
8.715406856670797342e-02
9.211069805865344795e-02
8.550185873605947728e-02
9.169764560099132045e-02
8.302354399008674002e-02
8.384964890541098115e-02
8.839322593969434205e-02
8.632796365138373229e-02
8.384964890541098115e-02
8.054522924411400275e-02
8.467575382073523615e-02
8.219743907476249889e-02
8.508880627839734978e-02
8.632796365138373229e-02
8.550185873605947728e-02
8.632796365138373229e-02
8.756712102437010092e-02
8.219743907476249889e-02
7.641470466749276935e-02
8.054522924411400275e-02
7.600165220983064185e-02
7.971912432878976162e-02
7.517554729450640072e-02
7.187112763320942233e-02
7.476249483684427322e-02
7.145807517554729482e-02
6.980586534489879869e-02
7.434944237918215959e-02
6.856670797191243005e-02
6.980586534489879869e-02
7.600165220983064185e-02
8.095828170177613026e-02
7.641470466749276935e-02
8.013217678645187525e-02
7.971912432878976162e-02
6.815365551425031643e-02
6.774060305658818892e-02
6.484923585295332416e-02
6.608839322593969279e-02
8.054522924411400275e-02
6.980586534489879869e-02
6.402313093762908303e-02
6.319702602230482802e-02
6.939281288723668506e-02
6.278397356464271439e-02
5.989260636100784962e-02
6.071871127633209075e-02
6.939281288723668506e-02
6.608839322593969279e-02
6.815365551425031643e-02
6.443618339529119665e-02
6.030565881866997019e-02
6.237092110698058689e-02
6.195786864931846633e-02
5.906650144568360156e-02
6.237092110698058689e-02
5.493597686906236816e-02
7.063197026022305369e-02
6.484923585295332416e-02
5.947955390334572212e-02
6.361007847996695552e-02
6.195786864931846633e-02
6.237092110698058689e-02
5.906650144568360156e-02
6.195786864931846633e-02
5.989260636100784962e-02
6.195786864931846633e-02
5.658818669971086429e-02
5.617513424204873679e-02
5.410987195373812703e-02
5.782734407269723292e-02
5.576208178438661622e-02
6.361007847996695552e-02
6.319702602230482802e-02
5.947955390334572212e-02
5.782734407269723292e-02
5.824039653035935349e-02
6.071871127633209075e-02
5.947955390334572212e-02
4.543577034283353966e-02
5.534902932672449566e-02
5.287071458075175839e-02
5.741429161503511236e-02
5.782734407269723292e-02
5.369681949607599952e-02
5.410987195373812703e-02
4.708798017348202886e-02
4.419661296984717103e-02
5.204460966542751033e-02
4.956629491945477306e-02
4.626187525815778773e-02
4.832713754646840443e-02
5.204460966542751033e-02
4.997934737711689362e-02
4.832713754646840443e-02
5.576208178438661622e-02
5.163155720776538282e-02
4.047914085088806513e-02
4.667492771581990829e-02
4.791408508880627692e-02
4.915324246179264556e-02
4.750103263114415636e-02
5.121850475010326226e-02
4.502271788517141909e-02
4.295745559686080239e-02
4.460966542750929159e-02
4.460966542750929159e-02
5.080545229244114169e-02
4.378356051218505046e-02
4.584882280049566022e-02
5.163155720776538282e-02
4.667492771581990829e-02
4.791408508880627692e-02
5.204460966542751033e-02
4.915324246179264556e-02
4.915324246179264556e-02
4.791408508880627692e-02
4.419661296984717103e-02
4.213135068153655433e-02
3.965303593556381706e-02
4.047914085088806513e-02
3.717472118959107980e-02
4.667492771581990829e-02
4.460966542750929159e-02
4.171829822387443376e-02
4.254440313919867489e-02
3.841387856257744843e-02
3.552251135894258366e-02
4.254440313919867489e-02
4.006608839322593762e-02
4.047914085088806513e-02
3.800082610491532092e-02
3.428335398595621503e-02
3.717472118959107980e-02
3.593556381660471116e-02
4.419661296984717103e-02
3.882693102023956899e-02
3.304419661296984639e-02
3.263114415530772583e-02
3.800082610491532092e-02
3.965303593556381706e-02
3.923998347790169650e-02
3.180503923998347776e-02
3.634861627426683173e-02
3.428335398595621503e-02
3.387030152829409446e-02
3.015282940933498509e-02
3.469640644361834253e-02
3.345724907063196696e-02
3.056588186699710913e-02
3.387030152829409446e-02
3.634861627426683173e-02
3.263114415530772583e-02
2.726146220570012380e-02
2.891367203634861646e-02
4.006608839322593762e-02
4.295745559686080239e-02
3.387030152829409446e-02
3.345724907063196696e-02
3.263114415530772583e-02
2.973977695167286106e-02
3.510945890128046309e-02
3.221809169764559833e-02
3.139198678232135720e-02
2.808756712102436839e-02
2.684840974803799976e-02
2.602230483271375516e-02
2.932672449401074050e-02
2.684840974803799976e-02
2.602230483271375516e-02
2.891367203634861646e-02
3.180503923998347776e-02
2.973977695167286106e-02
2.891367203634861646e-02
2.891367203634861646e-02
2.891367203634861646e-02
3.015282940933498509e-02
2.560925237505163113e-02
2.973977695167286106e-02
2.973977695167286106e-02
2.313093762907889386e-02
2.271788517141676983e-02
2.478314745972738653e-02
2.395704254440313846e-02
2.519619991738950709e-02
2.189178025609252523e-02
2.560925237505163113e-02
2.478314745972738653e-02
2.850061957868649243e-02
3.180503923998347776e-02
2.808756712102436839e-02
3.056588186699710913e-02
2.850061957868649243e-02
2.726146220570012380e-02
2.395704254440313846e-02
1.982651796778190853e-02
2.313093762907889386e-02
2.519619991738950709e-02
1.941346551011978450e-02
2.395704254440313846e-02
2.437009500206526250e-02
2.230483271375464580e-02
2.313093762907889386e-02
2.106567534076827716e-02
2.313093762907889386e-02
2.602230483271375516e-02
2.519619991738950709e-02
2.602230483271375516e-02
2.726146220570012380e-02
2.560925237505163113e-02
2.437009500206526250e-02
1.693515076414704723e-02
2.271788517141676983e-02
2.147872779843040120e-02
2.271788517141676983e-02
2.395704254440313846e-02
2.313093762907889386e-02
2.354399008674101443e-02
2.437009500206526250e-02
2.313093762907889386e-02
2.643535729037587920e-02
2.395704254440313846e-02
2.065262288310615313e-02
2.602230483271375516e-02
2.437009500206526250e-02
2.023957042544403256e-02
2.189178025609252523e-02
2.106567534076827716e-02
2.230483271375464580e-02
1.900041305245766046e-02
2.065262288310615313e-02
2.643535729037587920e-02
2.684840974803799976e-02
2.354399008674101443e-02
2.519619991738950709e-02
2.437009500206526250e-02
2.726146220570012380e-02
1.858736059479553990e-02
2.106567534076827716e-02
2.106567534076827716e-02
2.147872779843040120e-02
2.519619991738950709e-02
2.395704254440313846e-02
2.189178025609252523e-02
2.230483271375464580e-02
2.065262288310615313e-02
2.395704254440313846e-02
2.147872779843040120e-02
1.982651796778190853e-02
1.982651796778190853e-02
1.982651796778190853e-02
2.395704254440313846e-02
2.271788517141676983e-02
2.230483271375464580e-02
2.354399008674101443e-02
2.478314745972738653e-02
2.065262288310615313e-02
1.900041305245766046e-02
2.395704254440313846e-02
1.858736059479553990e-02
2.395704254440313846e-02
1.528294093349855456e-02
2.147872779843040120e-02
2.395704254440313846e-02
1.776125567947129183e-02
1.900041305245766046e-02
2.147872779843040120e-02
