1.000000000000000000e+00
9.111709286675638841e-01
9.111709286675638841e-01
9.044414535666217558e-01
8.627187079407806491e-01
8.721399730820995622e-01
8.586810228802153055e-01
8.263795423956931119e-01
8.223418573351278793e-01
8.088829071332436227e-01
8.115746971736204074e-01
8.142664872139973031e-01
8.129205921938088553e-01
7.711978465679677486e-01
7.873485868102287899e-01
7.631224764468371724e-01
7.267833109017496351e-01
7.617765814266487245e-01
7.375504710632571070e-01
7.483176312247644679e-01
6.958277254374158893e-01
7.402422611036338918e-01
7.294751009421265309e-01
7.025572005383580176e-01
7.160161507402422743e-01
7.079407806191116981e-01
6.998654104979811219e-01
6.998654104979811219e-01
6.635262449528936957e-01
6.985195154777927851e-01
6.917900403768506568e-01
7.079407806191116981e-01
6.985195154777927851e-01
6.998654104979811219e-01
7.012113055181695698e-01
6.662180349932704804e-01
6.890982503364737610e-01
6.756393001345895044e-01
6.689098250336473761e-01
6.850605652759085284e-01
6.716016150740242718e-01
6.123822341857335649e-01
6.271870794078061584e-01
6.177658142664872454e-01
6.056527590847914366e-01
6.352624495289367346e-01
6.352624495289367346e-01
6.312247644683715020e-01
6.016150740242260930e-01
6.460296096904440954e-01
6.191117092866756932e-01
6.204576043068640301e-01
5.975773889636608605e-01
5.706594885598923472e-01
6.016150740242260930e-01
6.096904441453566692e-01
5.975773889636608605e-01
5.706594885598923472e-01
5.962314939434724126e-01
5.760430686406460277e-01
5.854643337819650517e-01
6.069986541049797735e-01
5.585464333781965385e-01
5.827725437415881560e-01
5.827725437415881560e-01
5.881561238223418364e-01
6.002691790040376452e-01
5.787348586810229234e-01
5.706594885598923472e-01
5.895020188425302843e-01
5.585464333781965385e-01
5.558546433378196427e-01
5.598923283983848753e-01
5.598923283983848753e-01
5.746971736204575798e-01
5.639300134589502189e-01
5.598923283983848753e-01
5.531628532974427470e-01
5.437415881561238340e-01
5.370121130551817057e-01
5.491251682368775144e-01
5.491251682368775144e-01
5.450874831763122819e-01
5.195154777927322165e-01
5.074024226110362967e-01
5.248990578734858969e-01
5.598923283983848753e-01
5.370121130551817057e-01
5.370121130551817057e-01
5.625841184387617711e-01
5.141318977119784250e-01
5.033647375504710642e-01
5.074024226110362967e-01
5.235531628532974491e-01
4.979811574697173837e-01
5.195154777927322165e-01
5.087483176312247446e-01
5.195154777927322165e-01
5.033647375504710642e-01
4.993270524899057761e-01
5.181695827725437686e-01
5.006729475100941684e-01
4.993270524899057761e-01
5.047106325706595120e-01
5.047106325706595120e-01
5.100942126514131925e-01
5.060565275908479599e-01
5.060565275908479599e-01
5.195154777927322165e-01
5.127860026917900882e-01
5.127860026917900882e-01
4.979811574697173837e-01
5.060565275908479599e-01
5.060565275908479599e-01
4.939434724091520956e-01
4.831763122476446792e-01
4.858681022880215195e-01
4.670255720053835824e-01
4.845222072678331271e-01
4.710632570659488705e-01
4.414535666218035170e-01
4.427994616419919094e-01
4.683714670255720303e-01
4.751009421265141586e-01
4.306864064602961006e-01
4.616419919246299020e-01
4.737550471063257107e-01
4.549125168236877736e-01
4.441453566621803573e-01
4.549125168236877736e-01
4.360699865410497811e-01
4.562584118438761660e-01
4.589502018842530062e-01
4.643337819650067422e-01
4.562584118438761660e-01
4.535666218034993258e-01
4.414535666218035170e-01
4.401076716016150692e-01
4.535666218034993258e-01
4.616419919246299020e-01
4.212651413189771321e-01
4.387617765814266213e-01
4.414535666218035170e-01
4.320323014804845485e-01
4.468371467025571975e-01
4.495289367429340377e-01
4.306864064602961006e-01
4.253028263795424202e-01
4.401076716016150692e-01
4.306864064602961006e-01
4.427994616419919094e-01
4.239569313593539723e-01
4.481830417227456453e-01
4.347240915208613887e-01
4.172274562584118440e-01
4.226110363391655245e-01
4.239569313593539723e-01
4.360699865410497811e-01
4.253028263795424202e-01
4.118438761776581636e-01
4.266487213997308126e-01
4.239569313593539723e-01
4.374158815612382289e-01
4.226110363391655245e-01
4.253028263795424202e-01
4.091520861372812679e-01
4.199192462987886842e-01
4.145356662180350038e-01
4.212651413189771321e-01
4.414535666218035170e-01
4.199192462987886842e-01
4.145356662180350038e-01
4.118438761776581636e-01
4.078061911170928755e-01
4.158815612382233962e-01
4.306864064602961006e-01
3.997308209959622993e-01
4.051144010767160353e-01
3.983849259757739070e-01
4.172274562584118440e-01
3.795423956931359144e-01
3.889636608344549384e-01
3.956931359353970667e-01
4.064602960969044276e-01
3.916554508748317787e-01
3.930013458950201710e-01
3.728129205921937861e-01
3.701211305518169459e-01
3.889636608344549384e-01
3.620457604306864252e-01
3.795423956931359144e-01
3.835800807537012025e-01
3.876177658142664906e-01
3.633916554508748176e-01
3.714670255720053937e-01
3.647375504710632654e-01
3.728129205921937861e-01
3.674293405114401057e-01
3.606998654104979773e-01
3.741588156123822340e-01
3.660834454912516578e-01
3.633916554508748176e-01
3.593539703903095295e-01
3.674293405114401057e-01
3.566621803499326893e-01
3.512786002691790088e-01
3.849259757738896504e-01
3.432032301480484326e-01
3.741588156123822340e-01
3.835800807537012025e-01
3.539703903095558490e-01
3.539703903095558490e-01
3.553162853297442969e-01
3.728129205921937861e-01
3.701211305518169459e-01
3.310901749663526239e-01
3.593539703903095295e-01
3.687752355316285535e-01
3.768506056527590742e-01
3.808882907133243623e-01
3.741588156123822340e-01
3.620457604306864252e-01
3.526244952893674567e-01
3.539703903095558490e-01
3.674293405114401057e-01
3.485868102288021686e-01
3.458950201884253284e-01
3.566621803499326893e-01
3.445491251682368805e-01
3.364737550471063043e-01
3.324360699865410718e-01
3.391655450874832001e-01
3.391655450874832001e-01
3.310901749663526239e-01
3.297442799461641760e-01
3.405114401076715924e-01
3.270524899057873358e-01
3.418573351278600403e-01
3.203230148048452075e-01
3.337819650067294641e-01
3.458950201884253284e-01
3.337819650067294641e-01
3.351278600269179120e-01
3.445491251682368805e-01
3.162853297442799194e-01
3.364737550471063043e-01
3.203230148048452075e-01
3.283983849259757837e-01
3.337819650067294641e-01
3.257065948855989435e-01
3.230148048452220477e-01
3.135935397039030792e-01
3.297442799461641760e-01
3.176312247644683673e-01
3.324360699865410718e-01
3.297442799461641760e-01
3.310901749663526239e-01
3.485868102288021686e-01
3.391655450874832001e-01
3.351278600269179120e-01
3.135935397039030792e-01
3.243606998654104956e-01
3.176312247644683673e-01
3.324360699865410718e-01
3.189771197846568151e-01
3.283983849259757837e-01
3.351278600269179120e-01
3.257065948855989435e-01
3.270524899057873358e-01
3.162853297442799194e-01
3.364737550471063043e-01
3.135935397039030792e-01
3.109017496635262390e-01
3.189771197846568151e-01
3.297442799461641760e-01
3.095558546433378466e-01
3.068640646029609509e-01
3.230148048452220477e-01
3.082099596231493988e-01
3.405114401076715924e-01
3.109017496635262390e-01
3.041722745625841107e-01
3.095558546433378466e-01
2.960969044414535900e-01
3.230148048452220477e-01
3.135935397039030792e-01
3.176312247644683673e-01
3.149394347240915271e-01
3.095558546433378466e-01
3.014804845222072704e-01
3.082099596231493988e-01
3.243606998654104956e-01
3.310901749663526239e-01
3.095558546433378466e-01
3.095558546433378466e-01
3.068640646029609509e-01
3.216689098250336554e-01
3.135935397039030792e-01
3.135935397039030792e-01
3.041722745625841107e-01
3.068640646029609509e-01
3.068640646029609509e-01
3.257065948855989435e-01
3.055181695827725585e-01
2.974427994616419824e-01
3.055181695827725585e-01
3.122476446837146868e-01
3.041722745625841107e-01
2.920592193808883019e-01
3.082099596231493988e-01
2.974427994616419824e-01
2.772543741588155974e-01
2.866756393001345660e-01
2.960969044414535900e-01
2.907133243606998541e-01
3.001345895020188226e-01
2.960969044414535900e-01
2.880215343203230138e-01
2.934051144010766943e-01
3.028263795423957183e-01
3.028263795423957183e-01
3.001345895020188226e-01
3.189771197846568151e-01
3.109017496635262390e-01
2.974427994616419824e-01
3.095558546433378466e-01
3.109017496635262390e-01
3.055181695827725585e-01
2.987886944818304302e-01
3.082099596231493988e-01
3.095558546433378466e-01
2.934051144010766943e-01
2.987886944818304302e-01
2.839838492597577257e-01
3.014804845222072704e-01
2.772543741588155974e-01
2.893674293405114617e-01
2.987886944818304302e-01
2.947510094212651421e-01
2.893674293405114617e-01
3.014804845222072704e-01
3.082099596231493988e-01
3.028263795423957183e-01
2.853297442799461736e-01
2.987886944818304302e-01
3.028263795423957183e-01
2.934051144010766943e-01
2.880215343203230138e-01
2.947510094212651421e-01
2.745625841184387572e-01
2.947510094212651421e-01
2.960969044414535900e-01
2.907133243606998541e-01
3.068640646029609509e-01
2.866756393001345660e-01
2.947510094212651421e-01
3.001345895020188226e-01
3.028263795423957183e-01
2.987886944818304302e-01
3.095558546433378466e-01
2.974427994616419824e-01
3.014804845222072704e-01
2.987886944818304302e-01
2.974427994616419824e-01
2.853297442799461736e-01
2.947510094212651421e-01
2.853297442799461736e-01
2.960969044414535900e-01
2.934051144010766943e-01
2.987886944818304302e-01
2.934051144010766943e-01
2.691790040376850768e-01
2.934051144010766943e-01
2.934051144010766943e-01
2.853297442799461736e-01
2.678331090174966289e-01
2.772543741588155974e-01
2.732166890982503094e-01
2.786002691790040453e-01
2.826379542395693334e-01
2.960969044414535900e-01
2.732166890982503094e-01
2.826379542395693334e-01
2.799461641991924377e-01
2.732166890982503094e-01
2.826379542395693334e-01
2.691790040376850768e-01
2.934051144010766943e-01
2.853297442799461736e-01
2.812920592193808855e-01
2.718707940780619170e-01
2.651413189771197887e-01
2.866756393001345660e-01
2.637954239569313408e-01
2.651413189771197887e-01
2.584118438761776604e-01
2.718707940780619170e-01
2.826379542395693334e-01
2.611036339165545006e-01
2.839838492597577257e-01
2.678331090174966289e-01
