1.000000000000000000e+00
8.140293637846656161e-01
7.618270799347471867e-01
7.487765089722675516e-01
7.422512234910276785e-01
7.145187601957585510e-01
7.128874388254485828e-01
7.226753670473082813e-01
6.378466557911908197e-01
6.199021207177813908e-01
6.704730831973898519e-01
6.035889070146819302e-01
6.052202283849918985e-01
5.921696574225122633e-01
6.035889070146819302e-01
5.481239804241435642e-01
5.660685154975529931e-01
5.546492659053833263e-01
5.579119086460032628e-01
5.676998368678629614e-01
5.595432300163132311e-01
5.546492659053833263e-01
5.415986949429038022e-01
5.073409461663948017e-01
5.481239804241435642e-01
5.203915171288744368e-01
5.220228384991842940e-01
5.057096247960848334e-01
5.089722675367047700e-01
5.024469820554648969e-01
5.122349102773245955e-01
4.861337683523654363e-01
4.845024469820554680e-01
4.730831973898858012e-01
4.910277324632952856e-01
4.371941272430668879e-01
4.698205546492659201e-01
4.502446982055464675e-01
4.355628058727569196e-01
4.600326264274062216e-01
4.584013050570962533e-01
4.502446982055464675e-01
4.502446982055464675e-01
4.665579119086459836e-01
4.306688417618270703e-01
4.241435562805872528e-01
4.404567699836867689e-01
4.208809135399673718e-01
4.110929853181076732e-01
3.849918433931484585e-01
3.996737357259380063e-01
3.768352365415986727e-01
4.094616639477977049e-01
3.980424143556280381e-01
3.996737357259380063e-01
3.833605220228384902e-01
3.637846655791190931e-01
3.703099510603589106e-01
3.588907014681892438e-01
3.572593800978792755e-01
3.670473083197389741e-01
3.654159869494290613e-01
3.800978792822186092e-01
3.654159869494290613e-01
3.393148450244698466e-01
3.556280587275693073e-01
3.768352365415986727e-01
3.588907014681892438e-01
3.556280587275693073e-01
3.539967373572593945e-01
3.686786296900489424e-01
3.246329526916802433e-01
3.556280587275693073e-01
3.588907014681892438e-01
3.654159869494290613e-01
3.409461663947797594e-01
3.197389885807503940e-01
3.148450244698205447e-01
3.278955954323001798e-01
3.327895595432300291e-01
2.985318107667210286e-01
3.344208809135399418e-01
2.985318107667210286e-01
3.181076672104404812e-01
3.115823817292006637e-01
3.474714518760195769e-01
3.376835236541598784e-01
3.327895595432300291e-01
2.969004893964111158e-01
3.278955954323001798e-01
3.050570962479608461e-01
3.164763458401305130e-01
3.017944535073409651e-01
3.148450244698205447e-01
2.838499184339314807e-01
2.985318107667210286e-01
2.985318107667210286e-01
2.903752039151712983e-01
2.822185970636215124e-01
2.871125611745513617e-01
3.001631321370309968e-01
2.838499184339314807e-01
2.887438825448613300e-01
2.740619902120717821e-01
2.822185970636215124e-01
3.115823817292006637e-01
3.181076672104404812e-01
2.854812398042414490e-01
2.969004893964111158e-01
2.691680261011419328e-01
2.952691680261011475e-01
2.773246329526916631e-01
2.756933115823817504e-01
2.756933115823817504e-01
2.610114192495921470e-01
2.610114192495921470e-01
2.740619902120717821e-01
2.691680261011419328e-01
2.626427406199021153e-01
2.577487765089722660e-01
2.691680261011419328e-01
2.642740619902120836e-01
2.756933115823817504e-01
2.691680261011419328e-01
2.675367047308319646e-01
2.659053833605219963e-01
2.365415986949429006e-01
2.822185970636215124e-01
2.561174551386622977e-01
2.642740619902120836e-01
2.626427406199021153e-01
2.479608482871125674e-01
2.446982055464926586e-01
2.365415986949429006e-01
2.414355628058727499e-01
2.234910277324632932e-01
2.300163132137031108e-01
2.365415986949429006e-01
2.234910277324632932e-01
2.414355628058727499e-01
2.169657422512235034e-01
2.332789559543229918e-01
2.479608482871125674e-01
2.414355628058727499e-01
2.593800978792822343e-01
2.430668841761827181e-01
2.316476345840130513e-01
2.544861337683523850e-01
2.218597063621533527e-01
2.544861337683523850e-01
2.349102773246329601e-01
2.316476345840130513e-01
2.300163132137031108e-01
2.218597063621533527e-01
2.495921696574225079e-01
2.251223491027732337e-01
2.316476345840130513e-01
2.251223491027732337e-01
2.479608482871125674e-01
2.430668841761827181e-01
2.120717781402936264e-01
2.332789559543229918e-01
2.512234910277324484e-01
2.349102773246329601e-01
2.218597063621533527e-01
2.234910277324632932e-01
2.430668841761827181e-01
2.137030995106035947e-01
2.316476345840130513e-01
2.234910277324632932e-01
2.316476345840130513e-01
2.120717781402936264e-01
2.120717781402936264e-01
2.267536704730832020e-01
2.104404567699836859e-01
2.153344208809135352e-01
1.908646003262642610e-01
2.088091353996737454e-01
1.908646003262642610e-01
1.908646003262642610e-01
1.990212071778140190e-01
2.234910277324632932e-01
1.973898858075040785e-01
1.843393148450244712e-01
1.908646003262642610e-01
1.843393148450244712e-01
1.778140293637846536e-01
1.680261011419249551e-01
1.876019575856443800e-01
1.810766721044045624e-01
1.778140293637846536e-01
1.924959216965742292e-01
1.892332789559543205e-01
1.908646003262642610e-01
1.859706362153344117e-01
1.647634584013050463e-01
1.810766721044045624e-01
1.973898858075040785e-01
1.859706362153344117e-01
1.990212071778140190e-01
1.843393148450244712e-01
1.908646003262642610e-01
1.859706362153344117e-01
1.843393148450244712e-01
1.745513866231647726e-01
1.712887438825448638e-01
1.729200652528548043e-01
1.810766721044045624e-01
1.876019575856443800e-01
1.729200652528548043e-01
1.745513866231647726e-01
1.582381729200652565e-01
1.566068515497552882e-01
1.533442088091354072e-01
1.631321370309951058e-01
1.582381729200652565e-01
1.778140293637846536e-01
1.712887438825448638e-01
1.712887438825448638e-01
1.582381729200652565e-01
1.631321370309951058e-01
1.549755301794453477e-01
1.484502446982055579e-01
1.517128874388254389e-01
1.582381729200652565e-01
1.468189233278955896e-01
1.533442088091354072e-01
1.549755301794453477e-01
1.549755301794453477e-01
1.468189233278955896e-01
1.680261011419249551e-01
1.598694942903751970e-01
1.631321370309951058e-01
1.680261011419249551e-01
1.549755301794453477e-01
1.712887438825448638e-01
1.680261011419249551e-01
1.647634584013050463e-01
1.647634584013050463e-01
1.631321370309951058e-01
1.729200652528548043e-01
1.696574225122349233e-01
1.712887438825448638e-01
1.598694942903751970e-01
1.680261011419249551e-01
1.468189233278955896e-01
1.370309951060358911e-01
1.517128874388254389e-01
1.517128874388254389e-01
1.484502446982055579e-01
1.337683523654159823e-01
1.533442088091354072e-01
1.386623164763458316e-01
1.419249592169657403e-01
1.517128874388254389e-01
1.419249592169657403e-01
1.451876019575856491e-01
1.402936378466557998e-01
1.517128874388254389e-01
1.321370309951060418e-01
1.517128874388254389e-01
1.353996737357259506e-01
1.419249592169657403e-01
1.582381729200652565e-01
1.402936378466557998e-01
1.500815660685154984e-01
1.337683523654159823e-01
1.484502446982055579e-01
1.549755301794453477e-01
1.549755301794453477e-01
1.484502446982055579e-01
1.305057096247960735e-01
1.451876019575856491e-01
1.370309951060358911e-01
1.500815660685154984e-01
1.305057096247960735e-01
1.419249592169657403e-01
1.419249592169657403e-01
1.419249592169657403e-01
1.190864600326264205e-01
1.402936378466557998e-01
1.305057096247960735e-01
1.353996737357259506e-01
1.337683523654159823e-01
1.174551386623164800e-01
1.272430668841761925e-01
1.223491027732463293e-01
1.158238172920065256e-01
1.125611745513866169e-01
1.158238172920065256e-01
9.951060358890700952e-02
1.076672104404567676e-01
1.109298531810766764e-01
1.125611745513866169e-01
1.011419249592169639e-01
9.951060358890700952e-02
1.158238172920065256e-01
1.158238172920065256e-01
1.125611745513866169e-01
1.223491027732463293e-01
1.321370309951060418e-01
1.109298531810766764e-01
1.060358890701468132e-01
1.125611745513866169e-01
1.011419249592169639e-01
9.461663947797716023e-02
1.092985318107667220e-01
1.044045676998368727e-01
1.044045676998368727e-01
9.787928221859706901e-02
9.624796084828711462e-02
9.461663947797716023e-02
1.060358890701468132e-01
9.787928221859706901e-02
9.624796084828711462e-02
1.109298531810766764e-01
9.135399673735726533e-02
9.951060358890700952e-02
1.092985318107667220e-01
9.951060358890700952e-02
1.060358890701468132e-01
1.158238172920065256e-01
1.256117455138662242e-01
1.027732463295269183e-01
8.809135399673735656e-02
8.646003262642740217e-02
8.809135399673735656e-02
1.076672104404567676e-01
1.109298531810766764e-01
1.027732463295269183e-01
9.461663947797716023e-02
1.044045676998368727e-01
1.076672104404567676e-01
1.092985318107667220e-01
1.076672104404567676e-01
1.044045676998368727e-01
1.076672104404567676e-01
1.027732463295269183e-01
1.027732463295269183e-01
1.060358890701468132e-01
1.092985318107667220e-01
9.624796084828711462e-02
9.461663947797716023e-02
9.298531810766720584e-02
1.011419249592169639e-01
9.624796084828711462e-02
1.060358890701468132e-01
9.951060358890700952e-02
8.482871125611746166e-02
1.027732463295269183e-01
9.787928221859706901e-02
1.060358890701468132e-01
1.125611745513866169e-01
9.461663947797716023e-02
9.461663947797716023e-02
8.319738988580750727e-02
8.319738988580750727e-02
9.298531810766720584e-02
9.135399673735726533e-02
9.298531810766720584e-02
9.951060358890700952e-02
1.027732463295269183e-01
1.060358890701468132e-01
8.972267536704731095e-02
8.646003262642740217e-02
9.461663947797716023e-02
9.461663947797716023e-02
9.135399673735726533e-02
7.993474714518759849e-02
7.830342577487764411e-02
8.646003262642740217e-02
8.809135399673735656e-02
8.972267536704731095e-02
8.156606851549755288e-02
8.972267536704731095e-02
7.667210440456770359e-02
8.809135399673735656e-02
8.646003262642740217e-02
1.011419249592169639e-01
8.482871125611746166e-02
9.951060358890700952e-02
8.646003262642740217e-02
8.646003262642740217e-02
7.177814029363784043e-02
8.809135399673735656e-02
8.482871125611746166e-02
8.972267536704731095e-02
8.156606851549755288e-02
9.135399673735726533e-02
9.298531810766720584e-02
8.482871125611746166e-02
9.624796084828711462e-02
9.461663947797716023e-02
8.156606851549755288e-02
9.135399673735726533e-02
1.060358890701468132e-01
8.319738988580750727e-02
8.646003262642740217e-02
8.809135399673735656e-02
7.993474714518759849e-02
8.972267536704731095e-02
