1.000000000000000000e+00
8.154897494305238803e-01
8.200455580865603222e-01
7.266514806378132629e-01
7.357630979498861468e-01
6.902050113895216166e-01
8.063781321184509965e-01
7.243735763097950420e-01
6.947608200455580585e-01
6.719817767653758489e-01
6.651480637813211860e-01
6.605922551252847441e-01
6.446469248291571974e-01
5.945330296127562253e-01
5.785876993166286786e-01
6.195899772209567669e-01
6.195899772209567669e-01
6.309794988610478716e-01
6.195899772209567669e-01
5.945330296127562253e-01
6.127562642369021040e-01
5.717539863325740157e-01
5.694760820045557947e-01
5.375854214123007013e-01
5.922551252847380043e-01
5.876993166287015624e-01
5.854214123006833415e-01
5.398633257403189223e-01
5.398633257403189223e-01
5.558086560364464690e-01
5.444191343963553642e-01
5.558086560364464690e-01
5.466970387243735852e-01
5.808656036446468995e-01
5.375854214123007013e-01
4.920273348519362266e-01
5.603644646924829109e-01
5.444191343963553642e-01
5.330296127562642594e-01
4.760820045558086799e-01
4.419134396355353100e-01
4.669703872437357406e-01
4.464692482915717520e-01
4.441913439635535310e-01
4.236902050113895424e-01
4.715261958997721825e-01
4.419134396355353100e-01
4.031890660592254982e-01
4.350797266514806472e-01
4.350797266514806472e-01
3.986332574031890563e-01
4.487471526195899729e-01
4.646924829157175196e-01
4.236902050113895424e-01
3.986332574031890563e-01
4.077448747152619402e-01
4.123006833712983821e-01
4.009111617312072773e-01
3.940774487471526144e-01
3.804100227790432887e-01
3.895216400911161725e-01
3.781321184510250677e-01
3.667425968109339629e-01
4.259681093394077633e-01
3.895216400911161725e-01
4.031890660592254982e-01
3.895216400911161725e-01
3.758542141230068467e-01
3.735763097949886258e-01
3.621867881548975210e-01
3.804100227790432887e-01
3.758542141230068467e-01
3.895216400911161725e-01
3.849658314350797306e-01
3.804100227790432887e-01
3.781321184510250677e-01
3.758542141230068467e-01
3.530751708428245816e-01
3.553530751708428026e-01
3.895216400911161725e-01
3.667425968109339629e-01
3.576309794988610236e-01
3.940774487471526144e-01
3.485193621867881397e-01
3.439635535307516978e-01
3.348519362186788140e-01
3.530751708428245816e-01
3.644646924829157419e-01
3.302961275626423721e-01
3.462414578587699188e-01
3.371298405466970349e-01
3.690205011389521839e-01
3.690205011389521839e-01
3.280182232346241511e-01
3.394077448747152559e-01
3.211845102505694882e-01
3.530751708428245816e-01
3.758542141230068467e-01
3.416856492027334768e-01
3.280182232346241511e-01
3.325740318906605930e-01
3.348519362186788140e-01
3.348519362186788140e-01
3.257403189066059301e-01
3.234624145785877092e-01
3.052391799544418860e-01
3.371298405466970349e-01
3.257403189066059301e-01
3.120728929384966044e-01
3.257403189066059301e-01
3.234624145785877092e-01
3.029612756264236650e-01
3.006833712984054441e-01
3.120728929384966044e-01
3.280182232346241511e-01
3.052391799544418860e-01
3.120728929384966044e-01
2.892938496583143393e-01
2.710706150341685716e-01
2.482915717539863343e-01
2.824601366742596764e-01
2.870159453302961183e-01
2.687927107061503507e-01
2.824601366742596764e-01
2.801822323462414555e-01
3.075170842824601625e-01
3.143507972665148253e-01
3.052391799544418860e-01
2.892938496583143393e-01
2.801822323462414555e-01
2.482915717539863343e-01
2.756264236902050135e-01
2.824601366742596764e-01
2.665148063781321297e-01
2.665148063781321297e-01
2.665148063781321297e-01
2.642369020501139087e-01
2.391799544419134504e-01
2.482915717539863343e-01
2.505694760820045830e-01
2.687927107061503507e-01
2.482915717539863343e-01
2.642369020501139087e-01
2.346241457858769808e-01
2.482915717539863343e-01
2.277904328018223179e-01
2.414578587699316714e-01
2.482915717539863343e-01
2.414578587699316714e-01
2.095671981776765502e-01
2.323462414578587598e-01
2.346241457858769808e-01
2.300683371298405389e-01
2.186788154897494341e-01
2.391799544419134504e-01
2.596810933940774668e-01
2.369020501138952295e-01
2.482915717539863343e-01
2.642369020501139087e-01
2.369020501138952295e-01
2.323462414578587598e-01
2.528473804100228040e-01
2.300683371298405389e-01
2.300683371298405389e-01
2.072892938496583015e-01
2.095671981776765502e-01
2.255125284738040969e-01
2.300683371298405389e-01
2.277904328018223179e-01
2.277904328018223179e-01
1.958997722095671967e-01
2.118451025056947712e-01
2.004555808656036386e-01
1.936218678815489758e-01
2.004555808656036386e-01
1.776765375854214013e-01
1.890660592255125338e-01
1.936218678815489758e-01
2.095671981776765502e-01
1.753986332574031803e-01
1.890660592255125338e-01
1.936218678815489758e-01
2.346241457858769808e-01
1.799544419134396223e-01
2.004555808656036386e-01
1.936218678815489758e-01
2.050113895216400806e-01
1.799544419134396223e-01
2.072892938496583015e-01
1.890660592255125338e-01
1.845102505694760919e-01
1.753986332574031803e-01
2.004555808656036386e-01
1.617312072892938546e-01
1.640091116173120755e-01
1.594533029612756336e-01
1.662870159453302965e-01
1.594533029612756336e-01
1.640091116173120755e-01
1.731207289293849594e-01
1.480637813211845011e-01
1.685649202733485175e-01
1.776765375854214013e-01
1.822323462414578710e-01
1.662870159453302965e-01
1.685649202733485175e-01
1.571753986332574127e-01
1.617312072892938546e-01
1.389521640091116172e-01
1.503416856492027220e-01
1.389521640091116172e-01
1.457858769931662801e-01
1.685649202733485175e-01
1.571753986332574127e-01
1.457858769931662801e-01
1.412300683371298382e-01
1.412300683371298382e-01
1.321184510250569544e-01
1.298405466970387334e-01
1.343963553530751753e-01
1.184510250569476147e-01
1.503416856492027220e-01
1.571753986332574127e-01
1.457858769931662801e-01
1.321184510250569544e-01
1.343963553530751753e-01
1.480637813211845011e-01
1.366742596810933963e-01
1.412300683371298382e-01
1.366742596810933963e-01
1.252847380410022915e-01
1.321184510250569544e-01
1.343963553530751753e-01
1.343963553530751753e-01
1.412300683371298382e-01
9.339407744874715644e-02
1.252847380410022915e-01
1.116173120728929380e-01
1.070615034168564961e-01
1.093394077448747170e-01
1.252847380410022915e-01
9.794988610478359836e-02
1.161731207289293799e-01
1.343963553530751753e-01
1.366742596810933963e-01
1.161731207289293799e-01
1.252847380410022915e-01
1.252847380410022915e-01
9.111617312072893549e-02
1.138952164009111589e-01
1.207289293849658357e-01
9.794988610478359836e-02
1.184510250569476147e-01
8.656036446469247969e-02
8.883826879271070065e-02
1.252847380410022915e-01
1.070615034168564961e-01
1.047835990888382751e-01
1.138952164009111589e-01
1.047835990888382751e-01
1.207289293849658357e-01
1.002277904328018193e-01
1.343963553530751753e-01
8.883826879271070065e-02
1.207289293849658357e-01
1.138952164009111589e-01
1.047835990888382751e-01
1.343963553530751753e-01
1.138952164009111589e-01
1.207289293849658357e-01
1.321184510250569544e-01
1.161731207289293799e-01
1.207289293849658357e-01
1.025056947608200403e-01
1.002277904328018193e-01
8.428246013667425873e-02
1.070615034168564961e-01
1.070615034168564961e-01
1.070615034168564961e-01
9.567198177676537740e-02
1.138952164009111589e-01
1.230068337129840567e-01
9.339407744874715644e-02
1.093394077448747170e-01
9.794988610478359836e-02
9.567198177676537740e-02
1.070615034168564961e-01
9.567198177676537740e-02
9.567198177676537740e-02
7.517084282460136102e-02
1.093394077448747170e-01
9.339407744874715644e-02
1.184510250569476147e-01
1.025056947608200403e-01
9.339407744874715644e-02
1.093394077448747170e-01
1.093394077448747170e-01
1.025056947608200403e-01
1.025056947608200403e-01
1.025056947608200403e-01
9.111617312072893549e-02
7.289293849658314006e-02
9.111617312072893549e-02
1.093394077448747170e-01
1.093394077448747170e-01
8.656036446469247969e-02
7.972665148063781682e-02
9.567198177676537740e-02
9.339407744874715644e-02
9.794988610478359836e-02
1.002277904328018193e-01
8.883826879271070065e-02
9.794988610478359836e-02
8.428246013667425873e-02
8.428246013667425873e-02
9.111617312072893549e-02
7.744874715261959586e-02
8.883826879271070065e-02
9.567198177676537740e-02
9.794988610478359836e-02
1.116173120728929380e-01
1.025056947608200403e-01
1.116173120728929380e-01
1.070615034168564961e-01
1.025056947608200403e-01
9.111617312072893549e-02
8.200455580865603777e-02
9.111617312072893549e-02
1.025056947608200403e-01
9.111617312072893549e-02
8.428246013667425873e-02
1.002277904328018193e-01
7.972665148063781682e-02
1.002277904328018193e-01
8.656036446469247969e-02
7.517084282460136102e-02
8.428246013667425873e-02
8.428246013667425873e-02
9.794988610478359836e-02
9.794988610478359836e-02
7.517084282460136102e-02
8.883826879271070065e-02
7.289293849658314006e-02
8.200455580865603777e-02
7.061503416856491910e-02
8.883826879271070065e-02
7.744874715261959586e-02
8.428246013667425873e-02
6.833712984054669815e-02
8.428246013667425873e-02
1.047835990888382751e-01
8.428246013667425873e-02
7.517084282460136102e-02
8.428246013667425873e-02
6.150341685649202833e-02
8.656036446469247969e-02
7.517084282460136102e-02
8.200455580865603777e-02
7.061503416856491910e-02
7.061503416856491910e-02
7.744874715261959586e-02
6.833712984054669815e-02
5.466970387243735852e-02
5.694760820045557947e-02
6.833712984054669815e-02
8.428246013667425873e-02
7.517084282460136102e-02
5.922551252847380737e-02
6.833712984054669815e-02
5.466970387243735852e-02
6.605922551252847719e-02
5.011389521640090966e-02
7.061503416856491910e-02
6.150341685649202833e-02
6.378132118451025623e-02
4.555808656036446774e-02
6.150341685649202833e-02
6.150341685649202833e-02
7.289293849658314006e-02
6.833712984054669815e-02
7.289293849658314006e-02
7.517084282460136102e-02
7.061503416856491910e-02
5.466970387243735852e-02
7.517084282460136102e-02
6.605922551252847719e-02
5.011389521640090966e-02
5.922551252847380737e-02
5.922551252847380737e-02
6.150341685649202833e-02
5.694760820045557947e-02
7.061503416856491910e-02
5.922551252847380737e-02
6.150341685649202833e-02
5.466970387243735852e-02
6.150341685649202833e-02
5.922551252847380737e-02
5.694760820045557947e-02
6.378132118451025623e-02
5.922551252847380737e-02
4.328018223234623985e-02
