1.000000000000000000e+00
8.237410071942445899e-01
7.314148681055155921e-01
7.266187050359712574e-01
6.498800959232613472e-01
6.223021582733813117e-01
6.474820143884891799e-01
6.247002398081534791e-01
6.007194244604316946e-01
5.671462829736211297e-01
5.851318944844124958e-01
5.407673860911270669e-01
5.527577937649880147e-01
5.023980815347721673e-01
5.215827338129496171e-01
4.700239808153477417e-01
4.700239808153477417e-01
4.784172661870503829e-01
5.107913669064748641e-01
4.400479616306954278e-01
4.712230215827338253e-01
4.616306954436451004e-01
4.484412470023980690e-01
4.496402877697841527e-01
4.364508393285371768e-01
4.148681055155875042e-01
4.292565947242206192e-01
4.100719424460431695e-01
4.256594724220623682e-01
4.424460431654676507e-01
3.980815347721822772e-01
4.124700239808153368e-01
4.148681055155875042e-01
4.052757793764987793e-01
4.004796163069544446e-01
3.812949640287769948e-01
3.956834532374100544e-01
3.872901678657074132e-01
3.357314148681055377e-01
3.633093525179856287e-01
3.621103117505995450e-01
3.417266187050359560e-01
3.441247002398081789e-01
3.477218225419664299e-01
3.645083932853717124e-01
3.345323741007193985e-01
3.441247002398081789e-01
2.949640287769784153e-01
3.057553956834532238e-01
3.045563549160671402e-01
2.925659472422062479e-01
2.877697841726618577e-01
2.805755395683453002e-01
2.721822541966426590e-01
2.577937649880095994e-01
2.745803357314148818e-01
2.685851318944844079e-01
2.817745803357314394e-01
2.637889688249400733e-01
2.697841726618704916e-01
2.793764988009592165e-01
2.649880095923261569e-01
2.589928057553956831e-01
2.326139088729016757e-01
2.374100719424460382e-01
2.422062350119904006e-01
2.374100719424460382e-01
2.410071942446043169e-01
2.302158273381295084e-01
2.374100719424460382e-01
2.242206235011990345e-01
1.990407673860911386e-01
2.266187050359712296e-01
2.266187050359712296e-01
2.182254196642685884e-01
2.386091127098321218e-01
2.350119904076738708e-01
2.266187050359712296e-01
2.278177458033573133e-01
2.314148681055155921e-01
2.086330935251798635e-01
1.930455635491606647e-01
2.074340527577937521e-01
1.954436450839328598e-01
2.098321342925659472e-01
2.194244604316546721e-01
1.978417266187050272e-01
2.230215827338129508e-01
2.266187050359712296e-01
2.050359712230215847e-01
2.098321342925659472e-01
1.762589928057553823e-01
1.954436450839328598e-01
1.882494004796163023e-01
1.822541966426858562e-01
1.846522781774580235e-01
1.762589928057553823e-01
1.642685851318944901e-01
1.594724220623501276e-01
1.630695443645084064e-01
1.546762589928057652e-01
1.486810551558752913e-01
1.474820143884892076e-01
1.642685851318944901e-01
1.798561151079136611e-01
1.690647482014388525e-01
1.618705035971222950e-01
1.666666666666666574e-01
1.642685851318944901e-01
1.714628297362110199e-01
1.654676258992805737e-01
1.510791366906474864e-01
1.498800959232614027e-01
1.486810551558752913e-01
1.450839328537170125e-01
1.522781774580335701e-01
1.522781774580335701e-01
1.474820143884892076e-01
1.426858513189448452e-01
1.426858513189448452e-01
1.462829736211031240e-01
1.474820143884892076e-01
1.462829736211031240e-01
1.606714628297362113e-01
1.570743405275779325e-01
1.546762589928057652e-01
1.450839328537170125e-01
1.498800959232614027e-01
1.426858513189448452e-01
1.486810551558752913e-01
1.474820143884892076e-01
1.402877697841726501e-01
1.414868105515587615e-01
1.450839328537170125e-01
1.438848920863309289e-01
1.474820143884892076e-01
1.558752997601918489e-01
1.498800959232614027e-01
1.498800959232614027e-01
1.330935251798561203e-01
1.258992805755395628e-01
1.294964028776978415e-01
1.270983213429256464e-01
1.318944844124700366e-01
1.390887290167865664e-01
1.330935251798561203e-01
1.270983213429256464e-01
1.474820143884892076e-01
1.474820143884892076e-01
1.223021582733812979e-01
1.055155875299760154e-01
1.223021582733812979e-01
1.187050359712230191e-01
1.223021582733812979e-01
1.163069544364508379e-01
1.139088729016786566e-01
1.163069544364508379e-01
1.199040767386091166e-01
1.151079136690647542e-01
1.139088729016786566e-01
1.163069544364508379e-01
1.151079136690647542e-01
1.258992805755395628e-01
1.091127098321342942e-01
1.139088729016786566e-01
1.247002398081534791e-01
1.247002398081534791e-01
1.055155875299760154e-01
1.127098321342925591e-01
1.079136690647481966e-01
1.127098321342925591e-01
1.055155875299760154e-01
9.952038369304556931e-02
1.187050359712230191e-01
9.472422062350119298e-02
9.592326139088729053e-02
1.115107913669064754e-01
8.872901678657074687e-02
1.127098321342925591e-01
1.199040767386091166e-01
1.055155875299760154e-01
9.592326139088729053e-02
9.712230215827338808e-02
1.007194244604316530e-01
1.031175059952038342e-01
8.273381294964028687e-02
9.472422062350119298e-02
1.139088729016786566e-01
8.633093525179856564e-02
9.592326139088729053e-02
8.752997601918464932e-02
1.055155875299760154e-01
1.091127098321342942e-01
9.832134292565947176e-02
9.352517985611510931e-02
1.031175059952038342e-01
9.712230215827338808e-02
9.592326139088729053e-02
9.112709832134292809e-02
9.832134292565947176e-02
9.952038369304556931e-02
8.393285371702638442e-02
8.153477218225420320e-02
9.232613908872901176e-02
8.633093525179856564e-02
7.434052757793764565e-02
8.992805755395683054e-02
9.952038369304556931e-02
9.352517985611510931e-02
9.472422062350119298e-02
1.043165467625899318e-01
9.592326139088729053e-02
7.913669064748200810e-02
8.872901678657074687e-02
9.472422062350119298e-02
8.513189448441246809e-02
8.393285371702638442e-02
7.434052757793764565e-02
7.793764988009592443e-02
7.673860911270982688e-02
7.913669064748200810e-02
8.273381294964028687e-02
6.954436450839328321e-02
7.314148681055156198e-02
7.074340527577938076e-02
7.553956834532374320e-02
7.913669064748200810e-02
8.153477218225420320e-02
7.793764988009592443e-02
7.553956834532374320e-02
9.352517985611510931e-02
7.673860911270982688e-02
9.232613908872901176e-02
6.714628297362110199e-02
8.033573141486810565e-02
7.553956834532374320e-02
8.513189448441246809e-02
7.434052757793764565e-02
7.673860911270982688e-02
6.834532374100719954e-02
7.913669064748200810e-02
5.755395683453237710e-02
6.834532374100719954e-02
8.513189448441246809e-02
8.393285371702638442e-02
8.033573141486810565e-02
6.834532374100719954e-02
7.194244604316546443e-02
7.913669064748200810e-02
7.913669064748200810e-02
6.474820143884892076e-02
7.673860911270982688e-02
7.314148681055156198e-02
8.153477218225420320e-02
8.273381294964028687e-02
8.513189448441246809e-02
7.434052757793764565e-02
8.153477218225420320e-02
8.633093525179856564e-02
6.834532374100719954e-02
8.872901678657074687e-02
7.673860911270982688e-02
6.474820143884892076e-02
8.153477218225420320e-02
8.033573141486810565e-02
7.673860911270982688e-02
7.074340527577938076e-02
6.235011990407673954e-02
7.434052757793764565e-02
6.474820143884892076e-02
5.995203836930455832e-02
7.194244604316546443e-02
6.235011990407673954e-02
7.194244604316546443e-02
6.115107913669064893e-02
6.834532374100719954e-02
8.992805755395683054e-02
7.553956834532374320e-02
5.875299760191846771e-02
6.474820143884892076e-02
6.235011990407673954e-02
6.354916067146282321e-02
6.594724220623501831e-02
8.273381294964028687e-02
7.434052757793764565e-02
8.393285371702638442e-02
7.314148681055156198e-02
6.474820143884892076e-02
6.834532374100719954e-02
6.834532374100719954e-02
7.553956834532374320e-02
6.474820143884892076e-02
6.954436450839328321e-02
7.074340527577938076e-02
7.434052757793764565e-02
7.673860911270982688e-02
7.314148681055156198e-02
8.513189448441246809e-02
6.834532374100719954e-02
7.673860911270982688e-02
6.714628297362110199e-02
7.793764988009592443e-02
7.793764988009592443e-02
6.834532374100719954e-02
8.992805755395683054e-02
7.194244604316546443e-02
7.793764988009592443e-02
6.954436450839328321e-02
7.793764988009592443e-02
6.474820143884892076e-02
7.673860911270982688e-02
7.434052757793764565e-02
7.314148681055156198e-02
6.474820143884892076e-02
6.354916067146282321e-02
6.954436450839328321e-02
7.434052757793764565e-02
4.796163069544364527e-02
6.115107913669064893e-02
6.115107913669064893e-02
5.515587529976018893e-02
6.115107913669064893e-02
5.275779376498800771e-02
5.635491606714627955e-02
7.074340527577938076e-02
5.635491606714627955e-02
6.474820143884892076e-02
6.714628297362110199e-02
6.474820143884892076e-02
6.235011990407673954e-02
6.115107913669064893e-02
5.035971223021582649e-02
6.115107913669064893e-02
4.316546762589928282e-02
5.275779376498800771e-02
5.755395683453237710e-02
5.275779376498800771e-02
5.515587529976018893e-02
6.235011990407673954e-02
5.995203836930455832e-02
5.155875299760191710e-02
5.875299760191846771e-02
4.916067146282973588e-02
4.796163069544364527e-02
3.477218225419664160e-02
4.316546762589928282e-02
4.796163069544364527e-02
4.676258992805755466e-02
4.676258992805755466e-02
3.956834532374100405e-02
5.395683453237409832e-02
5.035971223021582649e-02
5.275779376498800771e-02
4.676258992805755466e-02
5.035971223021582649e-02
4.916067146282973588e-02
5.275779376498800771e-02
5.035971223021582649e-02
5.515587529976018893e-02
4.676258992805755466e-02
4.796163069544364527e-02
4.796163069544364527e-02
4.916067146282973588e-02
5.875299760191846771e-02
5.275779376498800771e-02
5.275779376498800771e-02
5.155875299760191710e-02
6.235011990407673954e-02
5.275779376498800771e-02
5.275779376498800771e-02
4.916067146282973588e-02
4.556354916067146404e-02
4.436450839328537343e-02
4.436450839328537343e-02
5.515587529976018893e-02
4.676258992805755466e-02
4.916067146282973588e-02
5.275779376498800771e-02
5.035971223021582649e-02
4.556354916067146404e-02
4.676258992805755466e-02
4.316546762589928282e-02
5.035971223021582649e-02
4.316546762589928282e-02
4.556354916067146404e-02
5.035971223021582649e-02
4.076738609112710160e-02
4.676258992805755466e-02
4.076738609112710160e-02
3.836930455635491344e-02
5.155875299760191710e-02
5.035971223021582649e-02
4.076738609112710160e-02
3.477218225419664160e-02
4.196642685851319221e-02
5.155875299760191710e-02
5.155875299760191710e-02
5.155875299760191710e-02
4.676258992805755466e-02
4.676258992805755466e-02
4.436450839328537343e-02
