1.000000000000000000e+00
8.828125000000000000e-01
8.808593750000000000e-01
8.935546875000000000e-01
8.764648437500000000e-01
8.671875000000000000e-01
8.393554687500000000e-01
8.378906250000000000e-01
8.168945312500000000e-01
8.417968750000000000e-01
8.105468750000000000e-01
7.890625000000000000e-01
7.890625000000000000e-01
7.978515625000000000e-01
7.856445312500000000e-01
7.709960937500000000e-01
7.719726562500000000e-01
7.524414062500000000e-01
7.504882812500000000e-01
7.607421875000000000e-01
7.382812500000000000e-01
7.587890625000000000e-01
7.377929687500000000e-01
7.275390625000000000e-01
7.250976562500000000e-01
7.148437500000000000e-01
7.041015625000000000e-01
7.036132812500000000e-01
7.060546875000000000e-01
6.811523437500000000e-01
6.831054687500000000e-01
6.884765625000000000e-01
6.879882812500000000e-01
6.806640625000000000e-01
6.640625000000000000e-01
6.743164062500000000e-01
6.743164062500000000e-01
6.757812500000000000e-01
6.376953125000000000e-01
6.591796875000000000e-01
6.235351562500000000e-01
6.425781250000000000e-01
6.391601562500000000e-01
6.264648437500000000e-01
6.240234375000000000e-01
6.108398437500000000e-01
6.181640625000000000e-01
6.088867187500000000e-01
6.025390625000000000e-01
6.059570312500000000e-01
6.000976562500000000e-01
5.820312500000000000e-01
5.810546875000000000e-01
5.869140625000000000e-01
5.908203125000000000e-01
5.712890625000000000e-01
5.854492187500000000e-01
5.698242187500000000e-01
5.590820312500000000e-01
5.590820312500000000e-01
5.541992187500000000e-01
5.620117187500000000e-01
5.581054687500000000e-01
5.390625000000000000e-01
5.327148437500000000e-01
5.190429687500000000e-01
5.512695312500000000e-01
5.585937500000000000e-01
5.283203125000000000e-01
5.180664062500000000e-01
5.190429687500000000e-01
5.224609375000000000e-01
5.146484375000000000e-01
5.004882812500000000e-01
5.385742187500000000e-01
5.058593750000000000e-01
4.877929687500000000e-01
4.931640625000000000e-01
5.029296875000000000e-01
5.073242187500000000e-01
4.877929687500000000e-01
4.829101562500000000e-01
4.804687500000000000e-01
4.936523437500000000e-01
4.853515625000000000e-01
4.819335937500000000e-01
4.838867187500000000e-01
4.633789062500000000e-01
4.638671875000000000e-01
4.663085937500000000e-01
4.633789062500000000e-01
4.707031250000000000e-01
4.614257812500000000e-01
4.785156250000000000e-01
4.633789062500000000e-01
4.624023437500000000e-01
4.667968750000000000e-01
4.467773437500000000e-01
4.458007812500000000e-01
4.487304687500000000e-01
4.316406250000000000e-01
4.340820312500000000e-01
4.370117187500000000e-01
4.291992187500000000e-01
4.238281250000000000e-01
4.184570312500000000e-01
4.321289062500000000e-01
4.145507812500000000e-01
4.208984375000000000e-01
4.169921875000000000e-01
4.067382812500000000e-01
4.042968750000000000e-01
4.062500000000000000e-01
4.077148437500000000e-01
4.116210937500000000e-01
4.086914062500000000e-01
4.082031250000000000e-01
4.003906250000000000e-01
3.862304687500000000e-01
3.969726562500000000e-01
3.950195312500000000e-01
4.018554687500000000e-01
4.155273437500000000e-01
4.018554687500000000e-01
3.974609375000000000e-01
3.920898437500000000e-01
3.930664062500000000e-01
3.784179687500000000e-01
3.764648437500000000e-01
3.735351562500000000e-01
3.789062500000000000e-01
3.618164062500000000e-01
3.750000000000000000e-01
3.603515625000000000e-01
3.681640625000000000e-01
3.652343750000000000e-01
3.627929687500000000e-01
3.574218750000000000e-01
3.647460937500000000e-01
3.525390625000000000e-01
3.574218750000000000e-01
3.535156250000000000e-01
3.593750000000000000e-01
3.564453125000000000e-01
3.364257812500000000e-01
3.315429687500000000e-01
3.408203125000000000e-01
3.334960937500000000e-01
3.168945312500000000e-01
3.310546875000000000e-01
3.237304687500000000e-01
3.222656250000000000e-01
3.300781250000000000e-01
3.198242187500000000e-01
3.198242187500000000e-01
3.173828125000000000e-01
3.286132812500000000e-01
3.300781250000000000e-01
3.300781250000000000e-01
3.110351562500000000e-01
3.115234375000000000e-01
3.134765625000000000e-01
3.041992187500000000e-01
3.105468750000000000e-01
3.139648437500000000e-01
3.149414062500000000e-01
2.954101562500000000e-01
3.032226562500000000e-01
3.144531250000000000e-01
2.954101562500000000e-01
2.929687500000000000e-01
3.037109375000000000e-01
2.983398437500000000e-01
2.900390625000000000e-01
2.998046875000000000e-01
2.968750000000000000e-01
2.949218750000000000e-01
2.880859375000000000e-01
2.841796875000000000e-01
2.885742187500000000e-01
2.900390625000000000e-01
2.783203125000000000e-01
2.700195312500000000e-01
2.778320312500000000e-01
2.773437500000000000e-01
2.822265625000000000e-01
2.758789062500000000e-01
2.636718750000000000e-01
2.807617187500000000e-01
2.695312500000000000e-01
2.651367187500000000e-01
2.705078125000000000e-01
2.709960937500000000e-01
2.646484375000000000e-01
2.592773437500000000e-01
2.382812500000000000e-01
2.636718750000000000e-01
2.617187500000000000e-01
2.514648437500000000e-01
2.597656250000000000e-01
2.592773437500000000e-01
2.548828125000000000e-01
2.578125000000000000e-01
2.465820312500000000e-01
2.465820312500000000e-01
2.519531250000000000e-01
2.460937500000000000e-01
2.460937500000000000e-01
2.480468750000000000e-01
2.475585937500000000e-01
2.592773437500000000e-01
2.548828125000000000e-01
2.441406250000000000e-01
2.421875000000000000e-01
2.431640625000000000e-01
2.451171875000000000e-01
2.382812500000000000e-01
2.421875000000000000e-01
2.480468750000000000e-01
2.397460937500000000e-01
2.348632812500000000e-01
2.382812500000000000e-01
2.382812500000000000e-01
2.353515625000000000e-01
2.353515625000000000e-01
2.299804687500000000e-01
2.368164062500000000e-01
2.358398437500000000e-01
2.285156250000000000e-01
2.373046875000000000e-01
2.163085937500000000e-01
2.353515625000000000e-01
2.260742187500000000e-01
2.231445312500000000e-01
2.241210937500000000e-01
2.192382812500000000e-01
2.172851562500000000e-01
2.148437500000000000e-01
2.099609375000000000e-01
2.133789062500000000e-01
2.031250000000000000e-01
2.075195312500000000e-01
2.109375000000000000e-01
2.041015625000000000e-01
2.104492187500000000e-01
2.128906250000000000e-01
2.119140625000000000e-01
2.031250000000000000e-01
2.080078125000000000e-01
1.972656250000000000e-01
1.982421875000000000e-01
2.065429687500000000e-01
2.016601562500000000e-01
1.972656250000000000e-01
1.904296875000000000e-01
2.026367187500000000e-01
2.065429687500000000e-01
1.933593750000000000e-01
1.967773437500000000e-01
1.914062500000000000e-01
1.884765625000000000e-01
1.909179687500000000e-01
1.875000000000000000e-01
1.923828125000000000e-01
1.850585937500000000e-01
1.909179687500000000e-01
1.850585937500000000e-01
1.806640625000000000e-01
1.860351562500000000e-01
1.918945312500000000e-01
1.791992187500000000e-01
1.752929687500000000e-01
1.845703125000000000e-01
1.811523437500000000e-01
1.689453125000000000e-01
1.811523437500000000e-01
1.718750000000000000e-01
1.826171875000000000e-01
1.713867187500000000e-01
1.835937500000000000e-01
1.831054687500000000e-01
1.865234375000000000e-01
1.855468750000000000e-01
1.704101562500000000e-01
1.806640625000000000e-01
1.767578125000000000e-01
1.621093750000000000e-01
1.708984375000000000e-01
1.728515625000000000e-01
1.699218750000000000e-01
1.757812500000000000e-01
1.679687500000000000e-01
1.708984375000000000e-01
1.674804687500000000e-01
1.640625000000000000e-01
1.601562500000000000e-01
1.572265625000000000e-01
1.567382812500000000e-01
1.586914062500000000e-01
1.557617187500000000e-01
1.557617187500000000e-01
1.513671875000000000e-01
1.538085937500000000e-01
1.508789062500000000e-01
1.596679687500000000e-01
1.528320312500000000e-01
1.528320312500000000e-01
1.523437500000000000e-01
1.479492187500000000e-01
1.513671875000000000e-01
1.547851562500000000e-01
1.503906250000000000e-01
1.538085937500000000e-01
1.533203125000000000e-01
1.499023437500000000e-01
1.479492187500000000e-01
1.513671875000000000e-01
1.425781250000000000e-01
1.435546875000000000e-01
1.401367187500000000e-01
1.469726562500000000e-01
1.391601562500000000e-01
1.425781250000000000e-01
1.479492187500000000e-01
1.337890625000000000e-01
1.425781250000000000e-01
1.396484375000000000e-01
1.352539062500000000e-01
1.386718750000000000e-01
1.420898437500000000e-01
1.396484375000000000e-01
1.425781250000000000e-01
1.386718750000000000e-01
1.386718750000000000e-01
1.372070312500000000e-01
1.347656250000000000e-01
1.308593750000000000e-01
1.337890625000000000e-01
1.289062500000000000e-01
1.372070312500000000e-01
1.250000000000000000e-01
1.293945312500000000e-01
1.225585937500000000e-01
1.250000000000000000e-01
1.245117187500000000e-01
1.230468750000000000e-01
1.298828125000000000e-01
1.264648437500000000e-01
1.245117187500000000e-01
1.220703125000000000e-01
1.235351562500000000e-01
1.206054687500000000e-01
1.210937500000000000e-01
1.196289062500000000e-01
1.181640625000000000e-01
1.186523437500000000e-01
1.269531250000000000e-01
1.127929687500000000e-01
1.142578125000000000e-01
1.083984375000000000e-01
1.171875000000000000e-01
1.230468750000000000e-01
1.181640625000000000e-01
1.166992187500000000e-01
1.196289062500000000e-01
1.176757812500000000e-01
1.093750000000000000e-01
1.132812500000000000e-01
1.210937500000000000e-01
1.083984375000000000e-01
1.132812500000000000e-01
1.171875000000000000e-01
1.137695312500000000e-01
1.171875000000000000e-01
1.157226562500000000e-01
1.152343750000000000e-01
1.074218750000000000e-01
1.127929687500000000e-01
1.079101562500000000e-01
1.059570312500000000e-01
1.152343750000000000e-01
1.113281250000000000e-01
1.088867187500000000e-01
1.083984375000000000e-01
1.103515625000000000e-01
9.960937500000000000e-02
1.088867187500000000e-01
1.103515625000000000e-01
1.030273437500000000e-01
1.108398437500000000e-01
1.064453125000000000e-01
1.108398437500000000e-01
1.074218750000000000e-01
1.157226562500000000e-01
1.054687500000000000e-01
1.069335937500000000e-01
1.127929687500000000e-01
1.108398437500000000e-01
1.108398437500000000e-01
1.035156250000000000e-01
1.015625000000000000e-01
