1.000000000000000000e+00
8.528528528528528385e-01
8.328328328328328256e-01
8.118118118118118343e-01
7.717717717717718084e-01
7.547547547547547309e-01
7.217217217217217762e-01
7.457457457457457028e-01
6.736736736736737008e-01
6.706706706706706544e-01
6.426426426426425920e-01
6.536536536536536879e-01
6.496496496496496631e-01
6.266266266266266038e-01
6.436436436436436814e-01
6.546546546546546663e-01
6.346346346346346534e-01
6.026026026026025662e-01
6.326326326326325855e-01
6.126126126126125726e-01
5.705705705705705899e-01
5.965965965965965845e-01
5.665665665665665651e-01
5.855855855855855996e-01
5.745745745745746147e-01
5.715715715715715683e-01
5.435435435435435059e-01
5.475475475475475307e-01
5.435435435435435059e-01
5.485485485485485091e-01
5.125125125125125081e-01
5.305305305305305641e-01
5.035035035035034801e-01
5.135135135135134865e-01
5.005005005005005447e-01
5.035035035035034801e-01
5.065065065065065264e-01
5.105105105105105512e-01
5.185185185185184897e-01
5.135135135135134865e-01
5.125125125125125081e-01
4.884884884884884704e-01
4.844844844844845011e-01
4.704704704704704699e-01
4.924924924924924952e-01
4.934934934934934736e-01
4.714714714714714483e-01
4.654654654654654666e-01
4.814814814814814548e-01
4.654654654654654666e-01
4.574574574574574726e-01
4.624624624624624758e-01
4.544544544544544817e-01
4.444444444444444198e-01
4.424424424424424629e-01
4.264264264264264193e-01
4.474474474474474661e-01
4.324324324324324564e-01
4.414414414414414289e-01
4.254254254254254408e-01
4.134134134134134220e-01
4.374374374374374597e-01
4.324324324324324564e-01
4.194194194194194036e-01
4.054054054054054279e-01
4.084084084084084187e-01
3.923923923923923751e-01
3.913913913913913967e-01
4.044044044044043940e-01
4.204204204204204376e-01
3.803803803803803563e-01
3.923923923923923751e-01
3.903903903903903627e-01
3.823823823823823687e-01
3.813813813813813902e-01
3.863863863863863934e-01
3.903903903903903627e-01
3.993993993993993907e-01
3.803803803803803563e-01
3.963963963963963999e-01
3.833833833833834026e-01
3.753753753753753530e-01
3.683683683683683929e-01
3.723723723723723622e-01
3.833833833833834026e-01
3.763763763763763870e-01
3.613613613613613773e-01
4.034034034034034155e-01
3.633633633633633897e-01
3.833833833833834026e-01
3.683683683683683929e-01
3.573573573573573525e-01
3.673673673673673590e-01
3.503503503503503369e-01
3.853853853853853595e-01
3.593593593593593649e-01
3.543543543543543617e-01
3.533533533533533277e-01
3.543543543543543617e-01
3.473473473473473461e-01
3.643643643643643681e-01
3.533533533533533277e-01
3.673673673673673590e-01
3.403403403403403304e-01
3.433433433433433213e-01
3.383383383383383181e-01
3.553553553553553401e-01
3.553553553553553401e-01
3.453453453453453337e-01
3.593593593593593649e-01
3.343343343343343488e-01
3.303303303303303240e-01
3.393393393393393520e-01
3.563563563563563741e-01
3.223223223223223299e-01
3.363363363363363612e-01
3.293293293293293456e-01
3.333333333333333148e-01
3.353353353353353272e-01
3.383383383383383181e-01
3.473473473473473461e-01
3.203203203203203175e-01
3.113113113113112895e-01
3.053053053053053079e-01
3.073073073073073203e-01
3.073073073073073203e-01
3.383383383383383181e-01
3.123123123123123235e-01
3.133133133133133019e-01
3.163163163163162928e-01
3.403403403403403304e-01
3.193193193193193391e-01
3.113113113113112895e-01
3.153153153153153143e-01
3.323323323323323364e-01
3.273273273273273332e-01
3.303303303303303240e-01
3.403403403403403304e-01
3.323323323323323364e-01
3.233233233233233084e-01
3.133133133133133019e-01
3.383383383383383181e-01
3.373373373373373396e-01
3.193193193193193391e-01
3.093093093093093326e-01
3.253253253253253208e-01
3.053053053053053079e-01
3.093093093093093326e-01
3.063063063063062863e-01
3.343343343343343488e-01
3.183183183183183051e-01
3.033033033033032955e-01
3.003003003003003046e-01
2.982982982982982922e-01
2.942942942942942675e-01
3.053053053053053079e-01
3.013013013013012831e-01
3.013013013013012831e-01
3.133133133133133019e-01
2.992992992992993262e-01
2.942942942942942675e-01
2.892892892892892642e-01
2.942942942942942675e-01
2.992992992992993262e-01
2.902902902902902982e-01
3.083083083083082987e-01
3.093093093093093326e-01
3.053053053053053079e-01
3.033033033033032955e-01
2.872872872872873073e-01
3.053053053053053079e-01
2.922922922922923106e-01
3.003003003003003046e-01
2.912912912912912766e-01
2.842842842842842610e-01
2.812812812812812702e-01
2.952952952952953014e-01
2.672672672672672944e-01
2.862862862862862734e-01
3.003003003003003046e-01
3.043043043043043294e-01
2.842842842842842610e-01
3.113113113113112895e-01
2.972972972972973138e-01
2.872872872872873073e-01
2.822822822822823041e-01
2.992992992992993262e-01
3.093093093093093326e-01
3.053053053053053079e-01
2.922922922922923106e-01
3.053053053053053079e-01
3.023023023023023170e-01
2.912912912912912766e-01
2.872872872872873073e-01
2.952952952952953014e-01
2.952952952952953014e-01
3.043043043043043294e-01
2.972972972972973138e-01
2.942942942942942675e-01
2.942942942942942675e-01
2.932932932932932890e-01
2.832832832832832826e-01
2.962962962962962798e-01
2.982982982982982922e-01
2.812812812812812702e-01
2.872872872872873073e-01
2.752752752752752885e-01
2.942942942942942675e-01
2.712712712712712637e-01
2.762762762762762669e-01
2.962962962962962798e-01
2.902902902902902982e-01
2.972972972972973138e-01
3.053053053053053079e-01
3.083083083083082987e-01
2.962962962962962798e-01
2.812812812812812702e-01
2.672672672672672944e-01
3.103103103103103111e-01
2.732732732732732761e-01
2.862862862862862734e-01
2.872872872872873073e-01
2.902902902902902982e-01
2.792792792792792578e-01
2.952952952952953014e-01
2.672672672672672944e-01
2.722722722722722977e-01
2.882882882882882858e-01
2.572572572572572325e-01
2.902902902902902982e-01
2.782782782782782793e-01
2.872872872872873073e-01
2.812812812812812702e-01
2.832832832832832826e-01
2.892892892892892642e-01
2.882882882882882858e-01
2.882882882882882858e-01
2.722722722722722977e-01
2.682682682682682729e-01
2.552552552552552756e-01
2.652652652652652820e-01
2.662662662662662605e-01
2.782782782782782793e-01
2.732732732732732761e-01
2.772772772772773009e-01
2.812812812812812702e-01
2.722722722722722977e-01
2.822822822822823041e-01
2.692692692692692513e-01
2.692692692692692513e-01
2.772772772772773009e-01
2.662662662662662605e-01
2.582582582582582664e-01
2.632632632632632697e-01
2.772772772772773009e-01
2.712712712712712637e-01
2.822822822822823041e-01
2.622622622622622357e-01
2.742742742742742545e-01
2.892892892892892642e-01
2.562562562562562540e-01
2.712712712712712637e-01
2.682682682682682729e-01
2.582582582582582664e-01
2.642642642642642481e-01
2.402402402402402382e-01
2.552552552552552756e-01
2.732732732732732761e-01
2.712712712712712637e-01
2.582582582582582664e-01
2.682682682682682729e-01
2.702702702702702853e-01
2.772772772772773009e-01
2.672672672672672944e-01
2.692692692692692513e-01
2.782782782782782793e-01
2.562562562562562540e-01
2.712712712712712637e-01
2.662662662662662605e-01
2.582582582582582664e-01
2.772772772772773009e-01
2.702702702702702853e-01
2.692692692692692513e-01
2.662662662662662605e-01
2.612612612612612573e-01
2.582582582582582664e-01
2.592592592592592449e-01
2.522522522522522292e-01
2.482482482482482600e-01
2.792792792792792578e-01
2.592592592592592449e-01
2.722722722722722977e-01
2.612612612612612573e-01
2.722722722722722977e-01
2.482482482482482600e-01
2.692692692692692513e-01
2.672672672672672944e-01
2.632632632632632697e-01
2.712712712712712637e-01
2.612612612612612573e-01
2.582582582582582664e-01
2.662662662662662605e-01
2.642642642642642481e-01
2.402402402402402382e-01
2.532532532532532632e-01
2.352352352352352349e-01
2.622622622622622357e-01
2.512512512512512508e-01
2.522522522522522292e-01
2.552552552552552756e-01
2.382382382382382258e-01
2.652652652652652820e-01
2.472472472472472538e-01
2.642642642642642481e-01
2.422422422422422505e-01
2.652652652652652820e-01
2.552552552552552756e-01
2.592592592592592449e-01
2.442442442442442352e-01
2.472472472472472538e-01
2.592592592592592449e-01
2.562562562562562540e-01
2.562562562562562540e-01
2.592592592592592449e-01
2.502502502502502724e-01
2.502502502502502724e-01
2.592592592592592449e-01
2.602602602602602788e-01
2.552552552552552756e-01
2.592592592592592449e-01
2.612612612612612573e-01
2.642642642642642481e-01
2.392392392392392320e-01
2.442442442442442352e-01
2.542542542542542416e-01
2.652652652652652820e-01
2.462462462462462476e-01
2.682682682682682729e-01
2.552552552552552756e-01
2.412412412412412444e-01
2.402402402402402382e-01
2.632632632632632697e-01
2.352352352352352349e-01
2.682682682682682729e-01
2.632632632632632697e-01
2.732732732732732761e-01
2.652652652652652820e-01
2.422422422422422505e-01
2.452452452452452414e-01
2.502502502502502724e-01
2.632632632632632697e-01
2.462462462462462476e-01
2.422422422422422505e-01
2.412412412412412444e-01
2.512512512512512508e-01
2.472472472472472538e-01
2.422422422422422505e-01
2.412412412412412444e-01
2.532532532532532632e-01
2.442442442442442352e-01
2.652652652652652820e-01
2.392392392392392320e-01
2.562562562562562540e-01
2.522522522522522292e-01
2.442442442442442352e-01
2.402402402402402382e-01
2.462462462462462476e-01
2.462462462462462476e-01
2.312312312312312379e-01
2.432432432432432567e-01
2.302302302302302317e-01
2.492492492492492384e-01
2.322322322322322441e-01
2.402402402402402382e-01
2.332332332332332225e-01
2.412412412412412444e-01
2.422422422422422505e-01
2.452452452452452414e-01
2.392392392392392320e-01
2.362362362362362411e-01
2.462462462462462476e-01
2.282282282282282193e-01
2.462462462462462476e-01
2.512512512512512508e-01
2.642642642642642481e-01
2.522522522522522292e-01
2.482482482482482600e-01
2.432432432432432567e-01
2.412412412412412444e-01
2.392392392392392320e-01
2.382382382382382258e-01
2.362362362362362411e-01
2.532532532532532632e-01
2.572572572572572325e-01
2.552552552552552756e-01
2.392392392392392320e-01
2.452452452452452414e-01
2.462462462462462476e-01
2.252252252252252285e-01
2.512512512512512508e-01
2.252252252252252285e-01
