1.000000000000000000e+00
8.311546840958605742e-01
8.115468409586056309e-01
7.516339869281045694e-01
7.521786492374727962e-01
7.260348583877995754e-01
6.737472766884531339e-01
6.797385620915032955e-01
6.546840958605664174e-01
6.530501089324618480e-01
6.486928104575163667e-01
6.100217864923747069e-01
5.947712418300653558e-01
5.599128540305010615e-01
5.626361655773420845e-01
5.789760348583877780e-01
5.408496732026143450e-01
5.168845315904139204e-01
5.299564270152505863e-01
5.190631808278867165e-01
5.087145969498910736e-01
4.858387799564269915e-01
4.972766884531590326e-01
4.553376906318082895e-01
4.656862745098039325e-01
4.537037037037037202e-01
4.482570806100217853e-01
4.531590413943354934e-01
4.063180827886710422e-01
4.444444444444444198e-01
4.379084967320261423e-01
4.155773420479302871e-01
4.188453159041394258e-01
3.845315904139433583e-01
3.976034858387799686e-01
4.035947712418300748e-01
3.807189542483659928e-01
3.638344226579520724e-01
3.692810457516340072e-01
3.605664488017429337e-01
3.611111111111111049e-01
3.779956427015250808e-01
3.491285403050108926e-01
3.327886710239651435e-01
3.344226579520697129e-01
3.251633986928104680e-01
3.338779956427015416e-01
3.148148148148148251e-01
3.355119825708061110e-01
3.338779956427015416e-01
3.284313725490196068e-01
3.088235294117647189e-01
3.071895424836601496e-01
3.104575163398692883e-01
3.093681917211328902e-01
3.055555555555555802e-01
3.104575163398692883e-01
2.913943355119825718e-01
3.033769063180827841e-01
2.892156862745098311e-01
2.892156862745098311e-01
2.886710239651416043e-01
2.712418300653594572e-01
2.690631808278867165e-01
2.516339869281045694e-01
2.625272331154683836e-01
2.657952069716775778e-01
2.440087145969498938e-01
2.587145969498910736e-01
2.500000000000000000e-01
2.358387799564270193e-01
2.352941176470588203e-01
2.538126361655773655e-01
2.527233115468409674e-01
2.494553376906318010e-01
2.336601307189542509e-01
2.494553376906318010e-01
2.380174291938997877e-01
2.227668845315904089e-01
2.254901960784313764e-01
2.233115468409586080e-01
2.298474945533769132e-01
2.309368191721132835e-01
2.162309368191721037e-01
2.080610021786492292e-01
2.145969498910675344e-01
2.162309368191721037e-01
2.162309368191721037e-01
2.107843137254901966e-01
2.064270152505446598e-01
1.982570806100217853e-01
1.982570806100217853e-01
2.113289760348583957e-01
2.053376906318082895e-01
1.982570806100217853e-01
2.031590413943355211e-01
1.862745098039215730e-01
1.928104575163398782e-01
1.971677559912854150e-01
1.911764705882352811e-01
1.998910675381263546e-01
1.873638344226579433e-01
2.004357298474945537e-01
1.900871459694989107e-01
1.813725490196078372e-01
1.781045751633986984e-01
1.726579520697167636e-01
1.764705882352941291e-01
1.650326797385620881e-01
1.791938997821350688e-01
1.791938997821350688e-01
1.721132897603485923e-01
1.742919389978213607e-01
1.732026143790849626e-01
1.721132897603485923e-01
1.737472766884531616e-01
1.650326797385620881e-01
1.628540305010893197e-01
1.677559912854030555e-01
1.563180827886710145e-01
1.639433551198257177e-01
1.574074074074074125e-01
1.677559912854030555e-01
1.633986928104575187e-01
1.568627450980392135e-01
1.508714596949891074e-01
1.486928104575163390e-01
1.492374727668845380e-01
1.590413943355119819e-01
1.459694989106753715e-01
1.568627450980392135e-01
1.497821350762527370e-01
1.443355119825708022e-01
1.503267973856209083e-01
1.655773420479302871e-01
1.394335511982570941e-01
1.443355119825708022e-01
1.350762527233115573e-01
1.437908496732026031e-01
1.372549019607843257e-01
1.421568627450980338e-01
1.328976034858387889e-01
1.399782135076252654e-01
1.328976034858387889e-01
1.241830065359477153e-01
1.503267973856209083e-01
1.427015250544662328e-01
1.296296296296296224e-01
1.410675381263616635e-01
1.296296296296296224e-01
1.301742919389978215e-01
1.367102396514161267e-01
1.323529411764705899e-01
1.269063180827886828e-01
1.241830065359477153e-01
1.263616557734204837e-01
1.252723311546840856e-01
1.176470588235294101e-01
1.236383442265795163e-01
1.247276688453159005e-01
1.220043572984749469e-01
1.225490196078431321e-01
1.274509803921568540e-01
1.241830065359477153e-01
1.111111111111111049e-01
1.209150326797385627e-01
1.138344226579520724e-01
1.241830065359477153e-01
1.198257080610021785e-01
1.318082788671023908e-01
1.192810457516339934e-01
1.094771241830065356e-01
1.078431372549019662e-01
1.078431372549019662e-01
1.160130718954248408e-01
1.165577342047930259e-01
1.051198257080609988e-01
1.127450980392156882e-01
9.967320261437909168e-02
1.100217864923747207e-01
1.045751633986928136e-01
1.056644880174291978e-01
1.149237472766884566e-01
1.072984749455337672e-01
1.122004357298474891e-01
1.062091503267973830e-01
1.111111111111111049e-01
1.072984749455337672e-01
1.083877995642701514e-01
1.094771241830065356e-01
9.967320261437909168e-02
1.111111111111111049e-01
1.040305010893246146e-01
1.034858387799564294e-01
1.056644880174291978e-01
1.045751633986928136e-01
1.034858387799564294e-01
1.072984749455337672e-01
1.111111111111111049e-01
1.045751633986928136e-01
9.694989106753812425e-02
1.029411764705882304e-01
9.694989106753812425e-02
9.150326797385620325e-02
8.986928104575163390e-02
9.041394335511981906e-02
9.368191721132897165e-02
9.095860566448801809e-02
8.986928104575163390e-02
9.095860566448801809e-02
8.877995642701524970e-02
8.714596949891068034e-02
8.169934640522875935e-02
8.224400871459694451e-02
7.298474945533768576e-02
8.115468409586056031e-02
8.169934640522875935e-02
8.006535947712417611e-02
8.387799564270152775e-02
8.278867102396514355e-02
8.442265795206971291e-02
8.714596949891068034e-02
7.407407407407406996e-02
8.442265795206971291e-02
6.862745098039216285e-02
7.352941176470588480e-02
7.026143790849673221e-02
7.135076252723311641e-02
7.952069716775599095e-02
7.679738562091503740e-02
7.461873638344226900e-02
7.407407407407406996e-02
8.333333333333332871e-02
7.843137254901960675e-02
8.496732026143791194e-02
7.788671023965142159e-02
7.244008714596950060e-02
7.298474945533768576e-02
7.570806100217865320e-02
7.625272331154683836e-02
7.734204793028322256e-02
7.352941176470588480e-02
7.352941176470588480e-02
7.461873638344226900e-02
7.516339869281045416e-02
6.644880174291939445e-02
7.679738562091503740e-02
7.952069716775599095e-02
7.189542483660130157e-02
7.244008714596950060e-02
7.516339869281045416e-02
7.189542483660130157e-02
8.006535947712417611e-02
6.372549019607842702e-02
7.189542483660130157e-02
7.135076252723311641e-02
7.461873638344226900e-02
6.917211328976034801e-02
6.917211328976034801e-02
6.535947712418301025e-02
6.318082788671024186e-02
6.644880174291939445e-02
6.808278867102396381e-02
6.427015250544662606e-02
7.570806100217865320e-02
6.590413943355119542e-02
6.372549019607842702e-02
6.862745098039216285e-02
7.189542483660130157e-02
6.699346405228757961e-02
6.263616557734204282e-02
6.045751633986928136e-02
6.372549019607842702e-02
6.862745098039216285e-02
6.753812636165577865e-02
6.100217864923747346e-02
5.936819172113289717e-02
5.827886710239651297e-02
6.263616557734204282e-02
5.773420479302832087e-02
6.699346405228757961e-02
6.535947712418301025e-02
5.664488017429193667e-02
6.154684095860566556e-02
5.991285403050108926e-02
5.827886710239651297e-02
5.882352941176470507e-02
6.318082788671024186e-02
6.427015250544662606e-02
5.446623093681917521e-02
6.372549019607842702e-02
5.555555555555555247e-02
5.337690631808279101e-02
5.610021786492374457e-02
5.283224400871459892e-02
5.718954248366012877e-02
5.664488017429193667e-02
5.337690631808279101e-02
5.228758169934640682e-02
5.283224400871459892e-02
5.065359477124183052e-02
5.501089324618736037e-02
5.446623093681917521e-02
5.228758169934640682e-02
5.555555555555555247e-02
4.302832244008714807e-02
4.684095860566448583e-02
5.392156862745098311e-02
5.555555555555555247e-02
5.773420479302832087e-02
5.446623093681917521e-02
5.882352941176470507e-02
5.174291938997821472e-02
5.337690631808279101e-02
5.174291938997821472e-02
5.664488017429193667e-02
4.901960784313725422e-02
5.119825708061002262e-02
4.684095860566448583e-02
5.555555555555555247e-02
5.119825708061002262e-02
4.793028322440087002e-02
4.901960784313725422e-02
4.629629629629629373e-02
5.283224400871459892e-02
4.302832244008714807e-02
4.575163398692810163e-02
5.119825708061002262e-02
5.555555555555555247e-02
6.100217864923747346e-02
4.793028322440087002e-02
4.793028322440087002e-02
5.882352941176470507e-02
5.010893246187363842e-02
4.793028322440087002e-02
5.501089324618736037e-02
4.956427015250544632e-02
5.174291938997821472e-02
4.956427015250544632e-02
4.901960784313725422e-02
4.956427015250544632e-02
5.228758169934640682e-02
5.065359477124183052e-02
4.629629629629629373e-02
5.065359477124183052e-02
4.520697167755990953e-02
4.411764705882353227e-02
4.084967320261437967e-02
4.847494553376906212e-02
4.466230936819172437e-02
4.847494553376906212e-02
4.847494553376906212e-02
4.520697167755990953e-02
4.684095860566448583e-02
4.575163398692810163e-02
5.610021786492374457e-02
5.065359477124183052e-02
4.684095860566448583e-02
4.956427015250544632e-02
4.030501089324618758e-02
4.248366013071895597e-02
4.302832244008714807e-02
4.575163398692810163e-02
4.411764705882353227e-02
4.466230936819172437e-02
4.248366013071895597e-02
3.976034858387799548e-02
4.411764705882353227e-02
4.466230936819172437e-02
4.030501089324618758e-02
4.084967320261437967e-02
4.847494553376906212e-02
4.738562091503267792e-02
4.030501089324618758e-02
4.030501089324618758e-02
5.446623093681917521e-02
4.629629629629629373e-02
3.921568627450980338e-02
4.248366013071895597e-02
4.302832244008714807e-02
4.248366013071895597e-02
3.812636165577341918e-02
3.976034858387799548e-02
3.867102396514161128e-02
3.976034858387799548e-02
3.921568627450980338e-02
4.302832244008714807e-02
3.976034858387799548e-02
3.485838779956427352e-02
4.139433551198257177e-02
3.921568627450980338e-02
3.758169934640522708e-02
3.485838779956427352e-02
3.649237472766884288e-02
3.812636165577341918e-02
3.540305010893245868e-02
3.921568627450980338e-02
3.594771241830065078e-02
3.376906318082788933e-02
3.921568627450980338e-02
3.213507625272331303e-02
