1.000000000000000000e+00
8.228602383531961051e-01
7.416034669555796599e-01
6.841820151679306461e-01
6.370530877573130635e-01
6.050920910075839876e-01
6.137594799566630233e-01
6.050920910075839876e-01
5.985915492957746276e-01
5.877573131094258052e-01
5.606717226435535828e-01
5.352112676056337559e-01
5.032502708559046800e-01
4.767063921993499598e-01
4.734561213434452798e-01
4.561213434452870974e-01
4.609967497291441174e-01
4.295774647887323772e-01
4.339111592632719505e-01
4.279523293607800927e-01
4.219934994582881793e-01
4.089924160346695703e-01
4.171180931744312148e-01
3.992416034669555858e-01
3.732394366197183122e-01
3.624052004333694343e-01
3.721560130010834189e-01
3.488624052004333786e-01
3.488624052004333786e-01
3.391115926327193941e-01
3.364030335861321608e-01
3.331527627302275363e-01
3.326110509209100896e-01
3.223185265438786584e-01
3.109425785482123339e-01
3.055254604550379227e-01
3.255687973997833384e-01
3.011917659804983494e-01
3.017334777898157960e-01
2.908992416034669737e-01
2.768147345612134158e-01
2.713976164680390046e-01
2.686890574214517713e-01
2.600216684723726801e-01
2.551462621885157156e-01
2.497291440953412767e-01
2.356446370530877465e-01
2.345612134344528810e-01
2.372697724810400866e-01
2.280606717226435487e-01
2.345612134344528810e-01
2.248104008667388964e-01
2.042253521126760618e-01
2.269772481040086554e-01
2.166847237269772519e-01
2.302275189599133354e-01
2.074756229685807141e-01
2.026002166847237218e-01
2.004333694474539629e-01
2.031419284940411685e-01
2.053087757313109551e-01
1.885157096424702194e-01
1.798483206933911283e-01
1.950162513542795240e-01
1.939328277356446306e-01
1.879739978331527728e-01
1.803900325027085472e-01
1.879739978331527728e-01
1.803900325027085472e-01
1.803900325027085472e-01
1.749729144095341360e-01
1.663055254604550448e-01
1.608884073672806059e-01
1.587215601300108470e-01
1.608884073672806059e-01
1.560130010834236136e-01
1.635969664138678115e-01
1.592632719393282659e-01
1.511375947995666214e-01
1.468039003250270758e-01
1.489707475622968624e-01
1.419284940411701113e-01
1.397616468039003246e-01
1.424702058504875302e-01
1.370530877573131190e-01
1.435536294691224235e-01
1.381365113759479846e-01
1.267605633802816878e-01
1.354279523293607790e-01
1.300108342361863401e-01
1.305525460455037867e-01
1.321776814734561267e-01
1.262188515709642411e-01
1.170097508125677171e-01
1.191765980498374899e-01
1.126760563380281716e-01
1.034669555796316337e-01
1.148429035752979444e-01
1.072589382448537326e-01
1.072589382448537326e-01
1.099674972914409521e-01
1.056338028169014065e-01
1.105092091007583988e-01
1.040086673889490804e-01
1.072589382448537326e-01
1.034669555796316337e-01
1.121343445287107249e-01
1.132177681473456182e-01
1.050920910075839598e-01
1.072589382448537326e-01
1.040086673889490804e-01
9.046587215601299692e-02
9.479956663055254251e-02
9.859154929577464144e-02
9.696641386782231531e-02
9.046587215601299692e-02
8.938244853737811746e-02
9.425785482123510972e-02
8.829902491874322412e-02
9.317443120260021638e-02
9.317443120260021638e-02
8.125677139761647294e-02
8.667388949079089799e-02
8.071505958829902627e-02
9.479956663055254251e-02
8.234019501625135240e-02
8.125677139761647294e-02
8.234019501625135240e-02
8.992416034669556413e-02
8.179848320693390573e-02
8.017334777898157960e-02
8.721560130010834466e-02
8.938244853737811746e-02
8.125677139761647294e-02
8.288190682556879907e-02
7.854821235102925348e-02
8.396533044420367853e-02
8.667388949079089799e-02
7.258938244853738175e-02
8.613217768147345133e-02
8.721560130010834466e-02
7.583965330444203401e-02
7.854821235102925348e-02
8.559046587215601853e-02
7.529794149512458734e-02
8.125677139761647294e-02
8.288190682556879907e-02
7.529794149512458734e-02
7.746478873239436014e-02
7.258938244853738175e-02
6.663055254604551003e-02
7.204767063921993508e-02
8.071505958829902627e-02
8.071505958829902627e-02
7.258938244853738175e-02
7.854821235102925348e-02
7.529794149512458734e-02
7.150595882990248842e-02
7.367280606717226121e-02
6.446370530877573723e-02
7.204767063921993508e-02
6.717226435536294282e-02
6.663055254604551003e-02
6.879739978331528283e-02
6.554712892741061669e-02
6.879739978331528283e-02
6.067172264355363137e-02
6.446370530877573723e-02
6.988082340195016229e-02
6.554712892741061669e-02
6.338028169014084390e-02
5.850487540628385857e-02
6.338028169014084390e-02
6.067172264355363137e-02
6.771397616468038949e-02
5.850487540628385857e-02
6.121343445287107110e-02
6.121343445287107110e-02
5.687973997833152551e-02
5.417118093174431298e-02
5.958829902491874497e-02
6.283856988082339723e-02
5.200433369447454018e-02
5.579631635969663911e-02
5.471289274106175271e-02
5.200433369447454018e-02
5.742145178764897218e-02
6.013001083423618470e-02
5.417118093174431298e-02
5.633802816901408578e-02
5.362946912242686631e-02
4.875406283856988099e-02
5.308775731310942658e-02
5.362946912242686631e-02
5.092091007583965379e-02
5.254604550379197991e-02
5.471289274106175271e-02
4.279523293607800927e-02
5.146262188515709352e-02
4.983748645720476739e-02
4.658721560130010819e-02
5.254604550379197991e-02
4.767063921993499459e-02
4.387865655471289567e-02
4.604550379198266846e-02
4.604550379198266846e-02
3.900325027085590340e-02
4.171180931744312287e-02
4.008667388949078980e-02
3.954496208017335007e-02
4.062838569880823647e-02
5.092091007583965379e-02
4.279523293607800927e-02
3.954496208017335007e-02
4.333694474539544900e-02
3.846153846153846367e-02
4.387865655471289567e-02
4.225352112676056260e-02
4.442036836403033540e-02
4.117009750812567620e-02
3.954496208017335007e-02
3.791982665222101700e-02
4.171180931744312287e-02
3.358613217768147141e-02
3.466955579631635781e-02
3.304442036836403168e-02
3.250270855904658501e-02
3.846153846153846367e-02
3.087757313109425888e-02
3.466955579631635781e-02
3.521126760563380448e-02
3.683640303358613061e-02
3.900325027085590340e-02
3.683640303358613061e-02
3.900325027085590340e-02
3.683640303358613061e-02
3.737811484290357728e-02
3.954496208017335007e-02
4.225352112676056260e-02
3.629469122426869088e-02
2.979414951245937249e-02
3.033586132177681569e-02
3.033586132177681569e-02
3.412784398699891808e-02
3.087757313109425888e-02
2.925243770314192929e-02
2.762730227518959969e-02
3.412784398699891808e-02
3.304442036836403168e-02
2.871072589382448609e-02
3.196099674972914528e-02
3.250270855904658501e-02
3.304442036836403168e-02
2.654387865655471329e-02
2.925243770314192929e-02
2.437703141928494049e-02
3.196099674972914528e-02
3.412784398699891808e-02
3.033586132177681569e-02
3.141928494041169861e-02
3.412784398699891808e-02
3.304442036836403168e-02
3.304442036836403168e-02
3.683640303358613061e-02
3.412784398699891808e-02
3.358613217768147141e-02
3.412784398699891808e-02
3.629469122426869088e-02
3.358613217768147141e-02
3.412784398699891808e-02
2.762730227518959969e-02
3.033586132177681569e-02
2.871072589382448609e-02
2.871072589382448609e-02
2.925243770314192929e-02
2.600216684723727009e-02
2.654387865655471329e-02
3.141928494041169861e-02
3.521126760563380448e-02
3.466955579631635781e-02
2.762730227518959969e-02
2.762730227518959969e-02
3.141928494041169861e-02
2.600216684723727009e-02
2.383531960996749730e-02
2.329360780065005410e-02
2.654387865655471329e-02
2.762730227518959969e-02
2.979414951245937249e-02
2.925243770314192929e-02
2.600216684723727009e-02
2.112676056338028130e-02
3.087757313109425888e-02
3.033586132177681569e-02
2.654387865655471329e-02
2.546045503791982689e-02
2.491874322860238369e-02
2.871072589382448609e-02
2.329360780065005410e-02
2.221018418201516770e-02
2.275189599133261090e-02
2.491874322860238369e-02
2.329360780065005410e-02
2.491874322860238369e-02
2.654387865655471329e-02
2.546045503791982689e-02
2.221018418201516770e-02
2.383531960996749730e-02
2.979414951245937249e-02
3.358613217768147141e-02
2.329360780065005410e-02
2.329360780065005410e-02
2.491874322860238369e-02
2.762730227518959969e-02
2.112676056338028130e-02
2.058504875406283810e-02
2.491874322860238369e-02
2.762730227518959969e-02
2.491874322860238369e-02
2.925243770314192929e-02
2.762730227518959969e-02
2.221018418201516770e-02
1.895991332611050850e-02
2.275189599133261090e-02
2.762730227518959969e-02
2.491874322860238369e-02
2.112676056338028130e-02
2.762730227518959969e-02
2.816901408450704289e-02
2.708559046587215649e-02
2.979414951245937249e-02
2.979414951245937249e-02
2.600216684723727009e-02
2.708559046587215649e-02
2.221018418201516770e-02
2.221018418201516770e-02
2.708559046587215649e-02
2.383531960996749730e-02
2.491874322860238369e-02
3.087757313109425888e-02
2.329360780065005410e-02
2.491874322860238369e-02
2.437703141928494049e-02
2.600216684723727009e-02
2.600216684723727009e-02
2.491874322860238369e-02
2.383531960996749730e-02
2.546045503791982689e-02
2.112676056338028130e-02
2.058504875406283810e-02
2.546045503791982689e-02
2.329360780065005410e-02
2.654387865655471329e-02
2.329360780065005410e-02
1.895991332611050850e-02
2.112676056338028130e-02
1.950162513542795170e-02
1.679306608884073571e-02
2.112676056338028130e-02
1.733477789815817890e-02
1.625135427952329251e-02
1.679306608884073571e-02
1.841820151679306530e-02
1.895991332611050850e-02
2.275189599133261090e-02
1.679306608884073571e-02
2.275189599133261090e-02
2.762730227518959969e-02
2.329360780065005410e-02
2.708559046587215649e-02
2.654387865655471329e-02
2.654387865655471329e-02
1.950162513542795170e-02
2.058504875406283810e-02
2.221018418201516770e-02
1.895991332611050850e-02
1.679306608884073571e-02
1.570964247020584931e-02
2.112676056338028130e-02
2.221018418201516770e-02
2.437703141928494049e-02
2.329360780065005410e-02
1.841820151679306530e-02
1.733477789815817890e-02
1.625135427952329251e-02
2.112676056338028130e-02
2.166847237269772450e-02
2.004333694474539490e-02
2.275189599133261090e-02
2.058504875406283810e-02
2.383531960996749730e-02
2.546045503791982689e-02
2.166847237269772450e-02
2.112676056338028130e-02
1.516793066088840784e-02
1.895991332611050850e-02
2.329360780065005410e-02
1.733477789815817890e-02
1.950162513542795170e-02
1.841820151679306530e-02
1.733477789815817890e-02
