1.000000000000000000e+00
9.208888888888888680e-01
8.915555555555555456e-01
8.822222222222222410e-01
8.728888888888889364e-01
8.488888888888889150e-01
8.608888888888889257e-01
8.319999999999999618e-01
8.186666666666666536e-01
8.102222222222221770e-01
7.813333333333333242e-01
8.186666666666666536e-01
7.737777777777777866e-01
7.635555555555555429e-01
7.608888888888888369e-01
7.648888888888888404e-01
7.462222222222222312e-01
7.444444444444444642e-01
7.502222222222222348e-01
7.306666666666666865e-01
7.124444444444444358e-01
7.226666666666666794e-01
6.866666666666666474e-01
7.084444444444444322e-01
7.031111111111111311e-01
7.066666666666666652e-01
6.902222222222221815e-01
6.853333333333333499e-01
6.662222222222222712e-01
6.528888888888888520e-01
6.680000000000000382e-01
6.453333333333333144e-01
6.462222222222222534e-01
6.373333333333333073e-01
6.400000000000000133e-01
6.111111111111111605e-01
6.088888888888889239e-01
6.146666666666666945e-01
6.137777777777777555e-01
6.244444444444444686e-01
6.280000000000000027e-01
6.168888888888889310e-01
6.057777777777777484e-01
5.902222222222222037e-01
5.751111111111111285e-01
5.719999999999999529e-01
5.773333333333333650e-01
5.644444444444444153e-01
5.631111111111111178e-01
5.506666666666666377e-01
5.417777777777778025e-01
5.475555555555555731e-01
5.546666666666666412e-01
5.395555555555555660e-01
5.195555555555555483e-01
5.253333333333333188e-01
5.160000000000000142e-01
5.222222222222222543e-01
5.035555555555555340e-01
5.182222222222222507e-01
5.066666666666667096e-01
5.084444444444444766e-01
5.000000000000000000e-01
4.982222222222222330e-01
4.955555555555555824e-01
4.804444444444444517e-01
4.862222222222222223e-01
4.711111111111110916e-01
4.822222222222222188e-01
4.782222222222222152e-01
4.706666666666666776e-01
4.693333333333333246e-01
4.746666666666666812e-01
4.671111111111110881e-01
4.613333333333333175e-01
4.613333333333333175e-01
4.586666666666666670e-01
4.466666666666666563e-01
4.528888888888888964e-01
4.471111111111111258e-01
4.471111111111111258e-01
4.306666666666666421e-01
4.271111111111111081e-01
4.324444444444444646e-01
4.391111111111111187e-01
4.124444444444444469e-01
4.226666666666666905e-01
4.173333333333333339e-01
4.066666666666666763e-01
4.142222222222222139e-01
4.173333333333333339e-01
4.048888888888889093e-01
3.946666666666666656e-01
4.031111111111110867e-01
4.093333333333333268e-01
3.924444444444444291e-01
3.822222222222222410e-01
3.924444444444444291e-01
3.875555555555555420e-01
3.795555555555555349e-01
3.862222222222222445e-01
3.884444444444444255e-01
3.853333333333333610e-01
3.688888888888888773e-01
3.626666666666666927e-01
3.631111111111111067e-01
3.706666666666666443e-01
3.666666666666666408e-01
3.653333333333333433e-01
3.684444444444444633e-01
3.568888888888888666e-01
3.573333333333333361e-01
3.368888888888889044e-01
3.346666666666666679e-01
3.333333333333333148e-01
3.253333333333333077e-01
3.346666666666666679e-01
3.106666666666666465e-01
3.328888888888889008e-01
3.306666666666666643e-01
3.311111111111111338e-01
3.235555555555555407e-01
3.217777777777777737e-01
3.164444444444444171e-01
3.275555555555555443e-01
3.240000000000000102e-01
3.306666666666666643e-01
3.151111111111111196e-01
3.182222222222222396e-01
3.124444444444444691e-01
3.066666666666666430e-01
3.093333333333333490e-01
3.111111111111111160e-01
3.071111111111111125e-01
3.035555555555555785e-01
3.017777777777777559e-01
2.968888888888888689e-01
2.853333333333333277e-01
2.848888888888889137e-01
2.942222222222222183e-01
2.844444444444444442e-01
2.826666666666666772e-01
2.782222222222222041e-01
2.857777777777777972e-01
2.777777777777777901e-01
2.737777777777777866e-01
2.666666666666666630e-01
2.777777777777777901e-01
2.680000000000000160e-01
2.653333333333333099e-01
2.666666666666666630e-01
2.648888888888888959e-01
2.595555555555555394e-01
2.586666666666666559e-01
2.546666666666666523e-01
2.631111111111111289e-01
2.546666666666666523e-01
2.560000000000000053e-01
2.533333333333333548e-01
2.586666666666666559e-01
2.582222222222222419e-01
2.600000000000000089e-01
2.515555555555555323e-01
2.622222222222222454e-01
2.444444444444444364e-01
2.617777777777777759e-01
2.604444444444444229e-01
2.626666666666666594e-01
2.546666666666666523e-01
2.484444444444444400e-01
2.493333333333333235e-01
2.537777777777777688e-01
2.399999999999999911e-01
2.337777777777777788e-01
2.373333333333333406e-01
2.399999999999999911e-01
2.386666666666666659e-01
2.328888888888888953e-01
2.328888888888888953e-01
2.284444444444444500e-01
2.164444444444444393e-01
2.262222222222222134e-01
2.186666666666666758e-01
2.186666666666666758e-01
2.168888888888888811e-01
2.208888888888888846e-01
2.146666666666666723e-01
2.182222222222222341e-01
2.142222222222222305e-01
2.128888888888888775e-01
2.133333333333333470e-01
2.128888888888888775e-01
2.164444444444444393e-01
2.062222222222222234e-01
2.191111111111111176e-01
2.106666666666666687e-01
2.115555555555555522e-01
2.000000000000000111e-01
2.071111111111111069e-01
1.973333333333333328e-01
1.977777777777777746e-01
2.053333333333333399e-01
2.004444444444444529e-01
1.955555555555555658e-01
2.022222222222222199e-01
2.008888888888888946e-01
1.951111111111111240e-01
1.960000000000000075e-01
1.955555555555555658e-01
1.973333333333333328e-01
1.880000000000000004e-01
1.839999999999999969e-01
1.920000000000000040e-01
1.799999999999999933e-01
1.813333333333333464e-01
1.920000000000000040e-01
1.853333333333333222e-01
1.782222222222222263e-01
1.751111111111111063e-01
1.835555555555555551e-01
1.728888888888888975e-01
1.817777777777777881e-01
1.791111111111111098e-01
1.733333333333333393e-01
1.804444444444444351e-01
1.786666666666666681e-01
1.844444444444444386e-01
1.866666666666666752e-01
1.813333333333333464e-01
1.844444444444444386e-01
1.755555555555555480e-01
1.782222222222222263e-01
1.711111111111111027e-01
1.635555555555555651e-01
1.653333333333333321e-01
1.635555555555555651e-01
1.559999999999999998e-01
1.680000000000000104e-01
1.688888888888888939e-01
1.546666666666666745e-01
1.688888888888888939e-01
1.644444444444444486e-01
1.608888888888888868e-01
1.680000000000000104e-01
1.604444444444444451e-01
1.613333333333333286e-01
1.582222222222222086e-01
1.742222222222222228e-01
1.675555555555555687e-01
1.542222222222222328e-01
1.564444444444444415e-01
1.519999999999999962e-01
1.586666666666666781e-01
1.586666666666666781e-01
1.537777777777777910e-01
1.555555555555555580e-01
1.471111111111111092e-01
1.484444444444444344e-01
1.471111111111111092e-01
1.457777777777777839e-01
1.484444444444444344e-01
1.435555555555555474e-01
1.431111111111111056e-01
1.391111111111111021e-01
1.342222222222222150e-01
1.475555555555555509e-01
1.382222222222222185e-01
1.404444444444444551e-01
1.337777777777777732e-01
1.395555555555555438e-01
1.400000000000000133e-01
1.386666666666666603e-01
1.422222222222222221e-01
1.368888888888888933e-01
1.386666666666666603e-01
1.426666666666666639e-01
1.395555555555555438e-01
1.333333333333333315e-01
1.306666666666666532e-01
1.302222222222222114e-01
1.315555555555555645e-01
1.320000000000000062e-01
1.280000000000000027e-01
1.280000000000000027e-01
1.346666666666666567e-01
1.306666666666666532e-01
1.360000000000000098e-01
1.288888888888888862e-01
1.315555555555555645e-01
1.293333333333333279e-01
1.306666666666666532e-01
1.346666666666666567e-01
1.266666666666666774e-01
1.297777777777777697e-01
1.222222222222222182e-01
1.199999999999999956e-01
1.191111111111111120e-01
1.257777777777777661e-01
1.226666666666666600e-01
1.199999999999999956e-01
1.199999999999999956e-01
1.213333333333333347e-01
1.155555555555555503e-01
1.226666666666666600e-01
1.186666666666666703e-01
1.186666666666666703e-01
1.160000000000000059e-01
1.146666666666666667e-01
1.235555555555555574e-01
1.164444444444444476e-01
1.195555555555555538e-01
1.204444444444444512e-01
1.168888888888888894e-01
1.177777777777777729e-01
1.151111111111111085e-01
1.133333333333333276e-01
1.120000000000000023e-01
1.173333333333333311e-01
1.097777777777777797e-01
1.097777777777777797e-01
1.142222222222222250e-01
1.142222222222222250e-01
1.084444444444444405e-01
1.079999999999999988e-01
1.062222222222222179e-01
1.133333333333333276e-01
1.168888888888888894e-01
1.044444444444444509e-01
1.035555555555555535e-01
1.048888888888888926e-01
1.044444444444444509e-01
1.035555555555555535e-01
9.822222222222222465e-02
1.079999999999999988e-01
1.008888888888888891e-01
1.079999999999999988e-01
1.084444444444444405e-01
1.093333333333333379e-01
1.093333333333333379e-01
1.008888888888888891e-01
1.039999999999999952e-01
1.000000000000000056e-01
1.008888888888888891e-01
9.955555555555554992e-02
9.777777777777778290e-02
9.466666666666666285e-02
9.911111111111110816e-02
1.017777777777777726e-01
9.822222222222222465e-02
1.013333333333333308e-01
1.048888888888888926e-01
1.017777777777777726e-01
1.035555555555555535e-01
1.066666666666666735e-01
1.035555555555555535e-01
1.031111111111111117e-01
9.511111111111110461e-02
1.026666666666666700e-01
9.555555555555556024e-02
9.688888888888888551e-02
8.488888888888888873e-02
9.511111111111110461e-02
8.755555555555555314e-02
8.577777777777777224e-02
9.511111111111110461e-02
8.933333333333333404e-02
9.511111111111110461e-02
9.422222222222222110e-02
9.466666666666666285e-02
9.466666666666666285e-02
9.199999999999999845e-02
8.888888888888889228e-02
9.377777777777777934e-02
9.111111111111111494e-02
9.111111111111111494e-02
9.644444444444444375e-02
1.008888888888888891e-01
1.022222222222222282e-01
9.244444444444444020e-02
8.977777777777777579e-02
9.377777777777777934e-02
8.711111111111111138e-02
9.155555555555555669e-02
9.199999999999999845e-02
9.466666666666666285e-02
8.977777777777777579e-02
8.844444444444445053e-02
9.066666666666667318e-02
8.844444444444445053e-02
8.000000000000000167e-02
8.444444444444444697e-02
8.133333333333332693e-02
7.688888888888889550e-02
8.088888888888888518e-02
7.733333333333333726e-02
8.266666666666666607e-02
8.177777777777778256e-02
8.533333333333333048e-02
8.222222222222222432e-02
8.177777777777778256e-02
8.044444444444444342e-02
