1.000000000000000000e+00
7.804667242869489652e-01
7.090175741861135528e-01
6.781907231345433162e-01
6.467876692595794230e-01
6.001152405646787980e-01
5.802362431575914803e-01
5.678478824546240311e-01
5.545952175165658193e-01
5.332757130509939714e-01
5.096513972918467195e-01
4.877556900028809928e-01
4.655718813022183822e-01
4.667242869490060286e-01
4.459809853068280039e-01
4.638432728320368570e-01
4.350331316623451405e-01
4.335926246038605547e-01
4.223566695476808075e-01
4.151541342552578784e-01
4.082397003745318331e-01
3.782771535580524147e-01
3.797176606165370005e-01
3.837510803802938741e-01
3.730913281475079502e-01
3.641601843849034958e-01
3.794295592048401167e-01
3.500432152117545215e-01
3.350619418035148400e-01
3.356381446269086632e-01
3.269951022760011483e-01
3.212330740420628050e-01
3.065399020455200074e-01
2.987611639297032551e-01
2.970325554595217299e-01
2.855084989916450433e-01
2.846441947565542807e-01
2.711034284067991851e-01
2.575626620570440894e-01
2.705272255834053619e-01
2.613079804091040237e-01
2.693748199366177154e-01
2.506482281763180442e-01
2.506482281763180442e-01
2.480553154710458119e-01
2.345145491212906885e-01
2.425813886488043802e-01
2.385479688850475344e-01
2.281763180639585220e-01
2.235666954768078252e-01
2.241428983002016762e-01
2.201094785364448303e-01
2.281763180639585220e-01
2.252953039469893504e-01
2.163641601843848961e-01
2.108902333621434644e-01
2.140593488908095754e-01
2.010947853644482752e-01
2.051282051282051211e-01
2.080092192451742927e-01
1.898588303082685003e-01
1.985018726591760430e-01
1.959089599539037829e-01
1.918755401901469371e-01
1.924517430135407603e-01
1.832324978392394221e-01
1.817919907807548363e-01
1.887064246614808538e-01
1.829443964275424828e-01
1.843849034860270686e-01
1.705560357245750613e-01
1.659464131374243645e-01
1.699798329011812104e-01
1.728608470181503820e-01
1.771823681936041395e-01
1.668107173725151271e-01
1.575914721982137612e-01
1.578795736099107005e-01
1.653702103140305413e-01
1.558628637280322637e-01
1.541342552578507663e-01
1.477960242005185720e-01
1.506770383174877437e-01
1.495246326707000972e-01
1.483722270239124230e-01
1.449150100835494004e-01
1.454912129069432514e-01
1.394410832613079687e-01
1.417458945548833171e-01
1.411696917314894939e-01
1.434745030250648146e-01
1.423220973782771404e-01
1.284932296168251331e-01
1.293575338519158680e-01
1.210025929127052785e-01
1.290694324402189563e-01
1.284932296168251331e-01
1.270527225583405473e-01
1.331028522039758022e-01
1.279170267934312821e-01
1.348314606741572996e-01
1.256122154998559615e-01
1.212906943244021901e-01
1.166810717372515072e-01
1.282051282051281937e-01
1.230193027945836876e-01
1.247479112647651989e-01
1.132238547968884984e-01
1.210025929127052785e-01
1.186977816191299301e-01
1.189858830308268556e-01
1.178334773840391814e-01
1.166810717372515072e-01
1.198501872659176043e-01
1.129357533851915868e-01
1.100547392682224151e-01
1.117833477384039126e-01
1.071737251512532435e-01
1.025641025641025605e-01
1.106309420916162523e-01
1.112071449150100894e-01
1.051570152693748206e-01
1.135119562085854239e-01
1.071737251512532435e-01
1.051570152693748206e-01
1.120714491501008381e-01
1.086142322097378293e-01
1.048689138576779090e-01
9.593777009507346853e-02
1.037165082108902348e-01
9.104004609622587396e-02
9.651397291846730564e-02
9.622587150677038015e-02
9.795447997695189146e-02
1.005473926822241376e-01
9.276865456640737140e-02
9.276865456640737140e-02
9.132814750792278558e-02
9.651397291846730564e-02
8.931143762604436265e-02
9.392106021319504561e-02
9.651397291846730564e-02
8.354940939210601936e-02
8.066839527513684771e-02
8.383751080380294485e-02
7.490636704119850442e-02
8.441371362719676807e-02
8.671852492077211649e-02
8.412561221549985646e-02
8.643042350907519100e-02
9.017574186113512524e-02
8.902333621434745103e-02
8.815903197925670232e-02
8.815903197925670232e-02
8.124459809853068482e-02
8.354940939210601936e-02
7.721117833477383896e-02
8.124459809853068482e-02
7.922788821665226189e-02
7.490636704119850442e-02
7.778738115816767607e-02
7.893978680495535027e-02
7.577067127628925314e-02
8.585422068568135390e-02
8.124459809853068482e-02
7.519446845289541603e-02
7.317775857101699311e-02
7.317775857101699311e-02
6.943244021895707274e-02
7.721117833477383896e-02
7.807548256986458768e-02
7.634687409968309024e-02
7.260155574762316988e-02
6.885623739556323564e-02
7.058484586574474695e-02
7.058484586574474695e-02
7.231345433592624439e-02
7.202535292422933277e-02
7.000864304235090985e-02
7.144915010083549567e-02
7.231345433592624439e-02
6.482281763180638978e-02
7.346585998271391860e-02
6.482281763180638978e-02
6.972054163065398436e-02
6.885623739556323564e-02
6.799193316047248692e-02
6.943244021895707274e-02
6.539902045520022689e-02
7.202535292422933277e-02
6.885623739556323564e-02
7.144915010083549567e-02
6.972054163065398436e-02
6.453471622010947817e-02
6.338231057332180396e-02
7.087294727744165856e-02
6.828003457216939853e-02
6.367041198501872945e-02
6.626332469029097560e-02
6.309420916162489235e-02
6.136560069144338797e-02
5.877268798617113488e-02
5.934889080956496504e-02
5.762028233938346067e-02
5.992509363295880215e-02
5.646787669259579340e-02
5.704407951598963050e-02
5.848458657447421633e-02
5.560357245750504468e-02
5.819648516277729777e-02
5.877268798617113488e-02
5.963699222126188360e-02
6.050129645635263925e-02
5.531547104580812613e-02
5.790838375108037922e-02
5.992509363295880215e-02
5.848458657447421633e-02
5.358686257562662175e-02
5.790838375108037922e-02
5.589167386920195629e-02
5.589167386920195629e-02
5.790838375108037922e-02
5.531547104580812613e-02
5.906078939786804649e-02
5.617977528089887485e-02
6.107749927974646942e-02
6.194180351483722508e-02
5.646787669259579340e-02
5.992509363295880215e-02
5.041774704696053155e-02
5.301065975223278465e-02
5.502736963411120757e-02
5.157015269374819882e-02
5.070584845865745011e-02
5.243445692883895448e-02
5.243445692883895448e-02
4.840103716508210863e-02
5.185825410544511738e-02
5.128205128205128027e-02
5.128205128205128027e-02
4.955344281186977590e-02
5.301065975223278465e-02
4.177470469605300968e-02
5.041774704696053155e-02
4.523192163641601843e-02
4.379141457793143261e-02
4.955344281186977590e-02
4.753673292999135991e-02
5.214635551714203593e-02
5.070584845865745011e-02
4.724863151829444136e-02
4.782483434168827152e-02
4.667242869490060425e-02
4.436761740132526971e-02
4.696053010659752280e-02
4.580812445980985553e-02
4.897723998847594573e-02
4.609622587150676715e-02
4.465571881302218132e-02
4.753673292999135991e-02
5.157015269374819882e-02
4.062229904926534241e-02
4.465571881302218132e-02
4.724863151829444136e-02
4.321521175453759550e-02
4.062229904926534241e-02
4.494382022471909988e-02
4.696053010659752280e-02
4.436761740132526971e-02
3.975799481417458675e-02
4.235090751944684678e-02
3.716508210890233366e-02
3.946989340247767514e-02
4.292711034284067695e-02
3.946989340247767514e-02
3.831748775569000093e-02
4.206280610774992823e-02
4.235090751944684678e-02
3.946989340247767514e-02
3.687698069720541511e-02
3.860558916738691948e-02
4.177470469605300968e-02
3.572457505041774783e-02
3.658887928550849655e-02
3.658887928550849655e-02
3.745318352059925221e-02
3.831748775569000093e-02
3.428406799193316201e-02
3.255545952175165764e-02
3.543647363872082928e-02
3.341976375684240635e-02
3.313166234514548780e-02
3.428406799193316201e-02
3.197925669835782053e-02
3.025064822817631963e-02
3.486027081532699218e-02
3.197925669835782053e-02
3.745318352059925221e-02
3.313166234514548780e-02
3.197925669835782053e-02
3.341976375684240635e-02
2.909824258138864889e-02
3.111495246326706834e-02
3.169115528666090198e-02
3.053874963987323471e-02
2.996254681647940107e-02
2.938634399308556744e-02
3.082685105157015326e-02
3.226735811005473908e-02
2.909824258138864889e-02
3.111495246326706834e-02
2.909824258138864889e-02
3.140305387496399037e-02
3.486027081532699218e-02
3.399596658023624346e-02
3.197925669835782053e-02
2.909824258138864889e-02
3.025064822817631963e-02
2.823393834629789670e-02
2.967444540478248252e-02
2.823393834629789670e-02
3.169115528666090198e-02
3.053874963987323471e-02
3.197925669835782053e-02
3.169115528666090198e-02
2.823393834629789670e-02
2.881014116969173033e-02
3.169115528666090198e-02
2.996254681647940107e-02
2.852203975799481525e-02
2.535292422932872505e-02
2.650532987611639232e-02
3.025064822817631963e-02
2.765773552290406306e-02
2.938634399308556744e-02
2.823393834629789670e-02
2.823393834629789670e-02
2.679343128781331088e-02
2.852203975799481525e-02
2.852203975799481525e-02
2.736963411120714451e-02
2.794583693460097815e-02
2.967444540478248252e-02
2.852203975799481525e-02
2.881014116969173033e-02
2.996254681647940107e-02
3.169115528666090198e-02
2.852203975799481525e-02
2.909824258138864889e-02
2.765773552290406306e-02
3.169115528666090198e-02
2.967444540478248252e-02
2.909824258138864889e-02
3.025064822817631963e-02
2.823393834629789670e-02
2.881014116969173033e-02
3.169115528666090198e-02
3.111495246326706834e-02
3.111495246326706834e-02
3.284356093344857619e-02
3.313166234514548780e-02
3.140305387496399037e-02
2.794583693460097815e-02
3.197925669835782053e-02
2.708153269951022596e-02
3.140305387496399037e-02
2.967444540478248252e-02
2.909824258138864889e-02
2.621722846441947724e-02
2.852203975799481525e-02
2.592912705272255869e-02
2.736963411120714451e-02
2.564102564102564014e-02
2.621722846441947724e-02
2.736963411120714451e-02
2.621722846441947724e-02
2.218380870066263486e-02
2.909824258138864889e-02
2.420051858254105431e-02
2.189570728896571630e-02
2.535292422932872505e-02
2.391241717084413576e-02
2.333621434745030213e-02
2.391241717084413576e-02
2.045520023048113048e-02
2.564102564102564014e-02
2.103140305387496412e-02
2.420051858254105431e-02
2.218380870066263486e-02
2.333621434745030213e-02
2.304811293575338357e-02
2.708153269951022596e-02
2.218380870066263486e-02
2.391241717084413576e-02
2.420051858254105431e-02
2.391241717084413576e-02
2.362431575914722068e-02
2.448861999423797287e-02
1.872659176029962610e-02
1.959089599539037829e-02
2.823393834629789670e-02
