1.000000000000000000e+00
7.635447291054179297e-01
6.938261234775304764e-01
6.497270054598908162e-01
6.409071818563628620e-01
6.010079798404032170e-01
5.934481310373792562e-01
5.367492650146996613e-01
5.216295674086518508e-01
5.039899202015959423e-01
4.817303653926921503e-01
4.527509449811003561e-01
4.477110457790844378e-01
4.170516589668206708e-01
4.157916841663166774e-01
4.065518689626207438e-01
3.964720705585888516e-01
3.712725745485090378e-01
3.645527089458210912e-01
3.637127257454850771e-01
3.569928601427971304e-01
3.443931121377572513e-01
3.368332633347332905e-01
3.162536749265014713e-01
3.007139857202855704e-01
3.095338093238135246e-01
2.906341873162536782e-01
2.645947081058379058e-01
2.776144477110457642e-01
2.566148677026459657e-01
2.582948341033179385e-01
2.549349013019739374e-01
2.477950440991180114e-01
2.242755144897101982e-01
2.377152456950860915e-01
2.343553128937421182e-01
2.297354052918941514e-01
2.196556068878622314e-01
2.314153716925661519e-01
2.091558168836623322e-01
2.175556488870222516e-01
2.036959260814783790e-01
2.104157916841663256e-01
2.041159176816463583e-01
1.948761024779504525e-01
1.847963040739185325e-01
1.894162116757664716e-01
1.814363712725745592e-01
1.776564468710625788e-01
1.747165056698866126e-01
1.738765224695505984e-01
1.616967660646786986e-01
1.650566988660226719e-01
1.604367912641747052e-01
1.532969340613187792e-01
1.633767324653506992e-01
1.642167156656866855e-01
1.482570348593028053e-01
1.415371692566148587e-01
1.415371692566148587e-01
1.448971020579588320e-01
1.402771944561108652e-01
1.364972700545989126e-01
1.360772784544309055e-01
1.243175136497269989e-01
1.188576228475430457e-01
1.310373792524149594e-01
1.167576648467030659e-01
1.259974800503989856e-01
1.226375472490550123e-01
1.159176816463670795e-01
1.209575808483830256e-01
1.150776984460310792e-01
1.306173876522469524e-01
1.201175976480470392e-01
1.096178076438471261e-01
1.129777404451910994e-01
1.104577908441831124e-01
1.070978580428391391e-01
1.100377992440151192e-01
1.083578328433431326e-01
1.087778244435111258e-01
1.049979000419991593e-01
1.016379672406551860e-01
1.028979420411591794e-01
9.995800083998319929e-02
9.953800923981520610e-02
9.239815203695926626e-02
9.617807643847123278e-02
9.197816043679125919e-02
9.365812683746324585e-02
8.945821083578328614e-02
9.239815203695926626e-02
8.777824443511129948e-02
7.811843763124737272e-02
8.693826123477529921e-02
8.315833683326333270e-02
7.853842923141536592e-02
8.735825283494330629e-02
7.643847123057538606e-02
8.357832843343132589e-02
8.063838723225535965e-02
8.567828643427131963e-02
8.861822763544728587e-02
8.987820243595127934e-02
7.853842923141536592e-02
7.349853002939940594e-02
8.105837883242335284e-02
8.189836203275933924e-02
7.265854682906341955e-02
6.761864762704745957e-02
7.223855522889542635e-02
7.601847963040739287e-02
7.097858042839143289e-02
7.013859722805543262e-02
7.013859722805543262e-02
6.677866442671145930e-02
6.635867282654346611e-02
7.433851322973540621e-02
6.593868122637547291e-02
7.433851322973540621e-02
6.509869802603947264e-02
6.425871482570348625e-02
6.593868122637547291e-02
6.299874002519949279e-02
5.669886602267954628e-02
6.761864762704745957e-02
5.879882402351953308e-02
6.173876522469550626e-02
6.215875682486349946e-02
6.551868962620747971e-02
5.711885762284754642e-02
6.005879882402351960e-02
6.005879882402351960e-02
5.417891642167156629e-02
5.627887442251155309e-02
5.249895002099957964e-02
5.291894162116757977e-02
6.131877362452750613e-02
5.123897522049559311e-02
5.459890802183956643e-02
5.669886602267954628e-02
5.585888282234355295e-02
5.291894162116757977e-02
4.997900041999159965e-02
5.459890802183956643e-02
5.291894162116757977e-02
4.955900881982360645e-02
4.493910121797563967e-02
4.199916001679966648e-02
4.535909281814363980e-02
4.787904241915161979e-02
4.367912641747165314e-02
3.695926081478370651e-02
4.577908441831163300e-02
4.661906761864762633e-02
4.913901721965560632e-02
4.451910961780764647e-02
4.325913481730365301e-02
4.577908441831163300e-02
4.283914321713565981e-02
4.367912641747165314e-02
4.787904241915161979e-02
4.829903401931961299e-02
4.031919361612767982e-02
4.619907601847963313e-02
4.367912641747165314e-02
4.451910961780764647e-02
3.863922721545569317e-02
4.115917681646367315e-02
3.905921881562368636e-02
3.905921881562368636e-02
3.527929441411171985e-02
3.611927761444771318e-02
3.233935321293573972e-02
3.359932801343973319e-02
3.233935321293573972e-02
3.443931121377572652e-02
3.233935321293573972e-02
3.149937001259974639e-02
3.065938681226375306e-02
2.729945401091978321e-02
3.107937841243174973e-02
3.485930281394371971e-02
3.023939521209575640e-02
2.939941201175976654e-02
2.855942881142377321e-02
2.897942041159176987e-02
2.645947081058378988e-02
2.603947921041579322e-02
2.645947081058378988e-02
2.603947921041579322e-02
2.267954640907181990e-02
2.981940361192775973e-02
2.813943721125577654e-02
2.939941201175976654e-02
3.401931961360772638e-02
2.813943721125577654e-02
2.981940361192775973e-02
2.897942041159176987e-02
2.939941201175976654e-02
2.645947081058378988e-02
2.519949601007979989e-02
2.897942041159176987e-02
3.107937841243174973e-02
2.561948761024779656e-02
2.897942041159176987e-02
2.855942881142377321e-02
2.519949601007979989e-02
2.393952120957580990e-02
2.477950440991180323e-02
3.023939521209575640e-02
2.729945401091978321e-02
2.813943721125577654e-02
2.771944561108777988e-02
2.351952960940781323e-02
2.687946241075178655e-02
2.477950440991180323e-02
2.519949601007979989e-02
2.897942041159176987e-02
2.561948761024779656e-02
2.477950440991180323e-02
2.435951280974380656e-02
2.561948761024779656e-02
2.687946241075178655e-02
2.519949601007979989e-02
2.477950440991180323e-02
2.645947081058378988e-02
3.065938681226375306e-02
2.729945401091978321e-02
2.855942881142377321e-02
2.183956320873582657e-02
2.897942041159176987e-02
2.309953800923981657e-02
2.309953800923981657e-02
2.519949601007979989e-02
2.393952120957580990e-02
2.435951280974380656e-02
2.435951280974380656e-02
2.645947081058378988e-02
2.351952960940781323e-02
2.477950440991180323e-02
2.645947081058378988e-02
2.519949601007979989e-02
2.225955480890382324e-02
2.855942881142377321e-02
2.267954640907181990e-02
2.477950440991180323e-02
2.687946241075178655e-02
2.519949601007979989e-02
1.889962200755984992e-02
2.225955480890382324e-02
2.477950440991180323e-02
2.519949601007979989e-02
2.057958840823183658e-02
1.931961360772784658e-02
2.309953800923981657e-02
2.099958000839983324e-02
1.763964720705585992e-02
1.637967240655186993e-02
1.973960520789584325e-02
1.889962200755984992e-02
2.015959680806383991e-02
2.141957160856782991e-02
1.553968920621587486e-02
1.721965560688786326e-02
1.553968920621587486e-02
1.469970600587988327e-02
2.225955480890382324e-02
1.679966400671986659e-02
1.763964720705585992e-02
2.057958840823183658e-02
1.805963880722385659e-02
1.679966400671986659e-02
1.595968080638387326e-02
1.721965560688786326e-02
1.679966400671986659e-02
1.973960520789584325e-02
2.183956320873582657e-02
1.973960520789584325e-02
1.973960520789584325e-02
1.931961360772784658e-02
1.889962200755984992e-02
1.973960520789584325e-02
2.267954640907181990e-02
2.015959680806383991e-02
1.889962200755984992e-02
2.015959680806383991e-02
1.889962200755984992e-02
2.057958840823183658e-02
2.057958840823183658e-02
2.057958840823183658e-02
1.637967240655186993e-02
1.553968920621587486e-02
2.141957160856782991e-02
2.015959680806383991e-02
1.721965560688786326e-02
1.889962200755984992e-02
1.595968080638387326e-02
1.721965560688786326e-02
1.679966400671986659e-02
1.931961360772784658e-02
1.511969760604787820e-02
1.763964720705585992e-02
1.889962200755984992e-02
1.763964720705585992e-02
1.889962200755984992e-02
2.057958840823183658e-02
2.015959680806383991e-02
2.183956320873582657e-02
1.889962200755984992e-02
1.469970600587988327e-02
1.637967240655186993e-02
1.595968080638387326e-02
1.637967240655186993e-02
1.511969760604787820e-02
1.427971440571188660e-02
1.805963880722385659e-02
1.973960520789584325e-02
1.301973960520789661e-02
1.679966400671986659e-02
1.469970600587988327e-02
1.637967240655186993e-02
1.427971440571188660e-02
1.511969760604787820e-02
1.427971440571188660e-02
1.301973960520789661e-02
1.637967240655186993e-02
1.763964720705585992e-02
1.511969760604787820e-02
1.889962200755984992e-02
1.721965560688786326e-02
1.889962200755984992e-02
1.805963880722385659e-02
1.637967240655186993e-02
1.805963880722385659e-02
1.301973960520789661e-02
1.469970600587988327e-02
1.595968080638387326e-02
1.301973960520789661e-02
1.511969760604787820e-02
1.259974800503989995e-02
1.217975640487190328e-02
1.343973120537589327e-02
1.427971440571188660e-02
1.343973120537589327e-02
1.553968920621587486e-02
1.763964720705585992e-02
1.427971440571188660e-02
1.637967240655186993e-02
1.595968080638387326e-02
1.553968920621587486e-02
1.595968080638387326e-02
1.427971440571188660e-02
1.511969760604787820e-02
1.175976480470390662e-02
1.679966400671986659e-02
1.511969760604787820e-02
1.091978160436791329e-02
1.511969760604787820e-02
1.175976480470390662e-02
1.343973120537589327e-02
1.553968920621587486e-02
1.259974800503989995e-02
1.553968920621587486e-02
1.301973960520789661e-02
1.259974800503989995e-02
1.385972280554388994e-02
1.427971440571188660e-02
1.091978160436791329e-02
1.301973960520789661e-02
1.007979840403191996e-02
1.217975640487190328e-02
1.133977320453590995e-02
1.133977320453590995e-02
1.343973120537589327e-02
1.133977320453590995e-02
1.175976480470390662e-02
1.217975640487190328e-02
1.133977320453590995e-02
1.301973960520789661e-02
1.175976480470390662e-02
1.091978160436791329e-02
1.175976480470390662e-02
8.819823603527929962e-03
1.091978160436791329e-02
1.007979840403191996e-02
1.091978160436791329e-02
1.091978160436791329e-02
7.139857202855943302e-03
1.049979000419991662e-02
1.049979000419991662e-02
1.133977320453590995e-02
1.049979000419991662e-02
8.819823603527929962e-03
8.819823603527929962e-03
4.619907601847963313e-03
5.459890802183956643e-03
8.819823603527929962e-03
1.007979840403191996e-02
9.239815203695926626e-03
