1.000000000000000000e+00
7.811260904044409203e-01
7.414750198255353197e-01
6.907216494845360710e-01
6.788263283108644242e-01
6.383822363203806027e-01
5.923869944488501238e-01
5.670103092783504994e-01
5.226011102299762401e-01
5.075337034099920430e-01
5.043616177636796039e-01
4.639175257731958935e-01
4.647105471847740032e-01
4.805709754163362546e-01
4.139571768437747545e-01
4.076130055511498762e-01
4.353687549563838299e-01
4.052339413164155468e-01
3.949246629659000640e-01
3.743061062648691539e-01
3.671689135606661103e-01
3.584456780333069026e-01
3.465503568596352002e-01
3.536875495638382438e-01
3.624107850911974515e-01
3.346550356859634978e-01
3.037272006344171049e-01
3.076923076923077094e-01
2.823156225218080850e-01
2.854877081681205242e-01
2.704203013481363826e-01
2.751784298176050969e-01
2.759714512291832067e-01
2.648691514670896141e-01
2.593180015860428456e-01
2.648691514670896141e-01
2.664551942902458337e-01
2.577319587628865705e-01
2.418715305313243469e-01
2.569389373513084607e-01
2.466296590007930334e-01
2.434575733544805665e-01
2.339413164155432212e-01
2.268041237113402053e-01
2.299762093576526445e-01
2.268041237113402053e-01
2.188739095955590797e-01
2.125297383029341736e-01
2.117367168913560638e-01
2.204599524187152992e-01
2.275971451229183151e-01
1.990483743061062516e-01
2.252180808881839857e-01
1.847739888977002476e-01
1.974623314829500320e-01
1.784298176050753415e-01
1.847739888977002476e-01
1.903251387787470161e-01
1.847739888977002476e-01
1.760507533703410121e-01
1.958762886597938124e-01
1.776367961934972317e-01
1.665344964314036391e-01
1.578112609040444037e-01
1.522601110229976074e-01
1.601903251387787608e-01
1.665344964314036391e-01
1.625693893735130902e-01
1.570182394924662939e-01
1.427438540840602621e-01
1.506740681998413878e-01
1.538461538461538547e-01
1.482950039651070584e-01
1.443298969072164817e-01
1.419508326724821523e-01
1.348136399682791364e-01
1.427438540840602621e-01
1.514670896114194976e-01
1.482950039651070584e-01
1.371927042030134936e-01
1.324345757335448071e-01
1.371927042030134936e-01
1.324345757335448071e-01
1.348136399682791364e-01
1.221252973830293381e-01
1.173671689135606655e-01
1.221252973830293381e-01
1.197462331482950088e-01
1.094369547977795398e-01
1.284694686756542303e-01
1.110229976209357594e-01
1.157811260904044459e-01
1.110229976209357594e-01
1.165741475019825557e-01
1.046788263283108672e-01
1.118160190325138831e-01
1.015067406819984142e-01
1.134020618556701027e-01
1.038858049167327574e-01
9.595559080095163174e-02
1.070578905630451966e-01
1.070578905630451966e-01
1.157811260904044459e-01
1.102299762093576496e-01
1.229183187946074479e-01
1.038858049167327574e-01
1.054718477398889770e-01
1.022997620935765239e-01
8.168120539254559997e-02
1.038858049167327574e-01
9.119746233148294523e-02
1.007137192704203044e-01
9.119746233148294523e-02
9.436954797779539827e-02
9.040444091990483544e-02
9.199048374306106890e-02
9.674861221252974153e-02
1.038858049167327574e-01
9.357652656621728848e-02
9.357652656621728848e-02
9.040444091990483544e-02
9.516256938937350807e-02
8.009516256938938039e-02
7.613005551149880368e-02
8.643933386201427260e-02
8.247422680412370977e-02
6.978588421887391147e-02
7.613005551149880368e-02
8.326724821570181956e-02
8.168120539254559997e-02
7.850911974623314693e-02
7.613005551149880368e-02
7.216494845360824084e-02
7.375099127676447430e-02
7.533703409992069389e-02
7.533703409992069389e-02
7.216494845360824084e-02
6.582077716098334863e-02
7.137192704203013105e-02
6.819984139571767801e-02
7.057890563045202126e-02
6.819984139571767801e-02
6.502775574940523884e-02
6.502775574940523884e-02
6.185567010309278579e-02
5.154639175257731687e-02
7.295796986518636451e-02
6.740681998413956821e-02
6.185567010309278579e-02
6.978588421887391147e-02
6.899286280729580167e-02
6.661379857256145842e-02
6.661379857256145842e-02
6.423473433782711517e-02
6.264869151467089559e-02
6.740681998413956821e-02
6.106264869151466906e-02
6.106264869151466906e-02
5.789056304520222296e-02
6.502775574940523884e-02
6.423473433782711517e-02
6.502775574940523884e-02
5.789056304520222296e-02
6.106264869151466906e-02
6.185567010309278579e-02
6.264869151467089559e-02
6.264869151467089559e-02
6.106264869151466906e-02
6.344171292624900538e-02
6.264869151467089559e-02
6.502775574940523884e-02
5.789056304520222296e-02
5.471847739888976991e-02
5.947660586835844254e-02
5.313243457573354339e-02
5.313243457573354339e-02
4.758128469468675403e-02
5.630452022204599644e-02
5.075337034099920708e-02
5.630452022204599644e-02
4.837430610626487076e-02
5.947660586835844254e-02
4.361617763679619120e-02
5.313243457573354339e-02
4.678826328310864424e-02
4.837430610626487076e-02
5.471847739888976991e-02
4.282315622521808141e-02
4.203013481363997161e-02
4.044409199048374509e-02
4.282315622521808141e-02
4.916732751784298056e-02
4.837430610626487076e-02
4.678826328310864424e-02
4.361617763679619120e-02
4.678826328310864424e-02
5.075337034099920708e-02
4.440919904837430793e-02
5.154639175257731687e-02
4.678826328310864424e-02
4.599524187153053445e-02
4.203013481363997161e-02
4.837430610626487076e-02
4.599524187153053445e-02
4.520222045995241772e-02
3.885804916732751857e-02
4.282315622521808141e-02
4.520222045995241772e-02
4.678826328310864424e-02
4.916732751784298056e-02
3.885804916732751857e-02
4.996034892942109729e-02
4.123711340206185488e-02
4.361617763679619120e-02
4.361617763679619120e-02
4.361617763679619120e-02
4.520222045995241772e-02
4.599524187153053445e-02
3.568596352101506552e-02
4.758128469468675403e-02
4.440919904837430793e-02
4.123711340206185488e-02
4.044409199048374509e-02
3.409992069785883900e-02
3.965107057890562836e-02
3.885804916732751857e-02
4.044409199048374509e-02
4.123711340206185488e-02
4.203013481363997161e-02
4.123711340206185488e-02
4.203013481363997161e-02
2.616970658207771680e-02
3.568596352101506552e-02
3.489294210943695573e-02
3.330689928628072921e-02
3.330689928628072921e-02
3.568596352101506552e-02
3.251387787470261942e-02
3.806502775574940184e-02
3.330689928628072921e-02
3.251387787470261942e-02
3.251387787470261942e-02
2.934179222839016637e-02
3.727200634417129205e-02
2.854877081681205311e-02
3.251387787470261942e-02
2.934179222839016637e-02
3.647898493259318226e-02
2.696272799365583006e-02
2.775574940523393985e-02
3.172085646312450269e-02
3.251387787470261942e-02
3.489294210943695573e-02
3.092783505154639290e-02
2.696272799365583006e-02
3.013481363996827964e-02
3.489294210943695573e-02
3.647898493259318226e-02
3.092783505154639290e-02
3.806502775574940184e-02
3.727200634417129205e-02
3.965107057890562836e-02
4.282315622521808141e-02
3.330689928628072921e-02
2.854877081681205311e-02
3.885804916732751857e-02
3.172085646312450269e-02
3.013481363996827964e-02
3.251387787470261942e-02
4.123711340206185488e-02
3.013481363996827964e-02
3.647898493259318226e-02
2.854877081681205311e-02
3.251387787470261942e-02
3.013481363996827964e-02
2.220459952418715396e-02
2.934179222839016637e-02
2.696272799365583006e-02
3.489294210943695573e-02
2.616970658207771680e-02
2.696272799365583006e-02
3.013481363996827964e-02
2.775574940523393985e-02
2.458366375892149028e-02
3.013481363996827964e-02
3.172085646312450269e-02
3.013481363996827964e-02
3.172085646312450269e-02
2.537668517049960354e-02
2.220459952418715396e-02
2.537668517049960354e-02
2.537668517049960354e-02
1.903251387787470092e-02
2.537668517049960354e-02
2.141157811260904070e-02
2.061855670103092744e-02
2.379064234734337702e-02
1.982553528945281418e-02
2.141157811260904070e-02
2.220459952418715396e-02
2.299762093576526722e-02
1.744647105471847787e-02
1.744647105471847787e-02
2.220459952418715396e-02
2.299762093576526722e-02
2.299762093576526722e-02
1.744647105471847787e-02
2.379064234734337702e-02
2.220459952418715396e-02
1.665344964314036461e-02
1.744647105471847787e-02
1.744647105471847787e-02
1.506740681998413982e-02
1.823949246629659113e-02
1.903251387787470092e-02
1.903251387787470092e-02
1.268834258524980177e-02
1.665344964314036461e-02
1.268834258524980177e-02
1.268834258524980177e-02
1.110229976209357698e-02
1.586042823156225134e-02
1.903251387787470092e-02
1.427438540840602656e-02
1.903251387787470092e-02
1.823949246629659113e-02
1.982553528945281418e-02
1.586042823156225134e-02
1.823949246629659113e-02
1.823949246629659113e-02
1.665344964314036461e-02
1.506740681998413982e-02
2.061855670103092744e-02
1.189532117367168851e-02
1.586042823156225134e-02
1.744647105471847787e-02
1.586042823156225134e-02
1.586042823156225134e-02
1.665344964314036461e-02
1.189532117367168851e-02
1.506740681998413982e-02
1.268834258524980177e-02
1.030927835051546372e-02
1.268834258524980177e-02
1.110229976209357698e-02
1.586042823156225134e-02
1.268834258524980177e-02
1.348136399682791503e-02
1.665344964314036461e-02
1.427438540840602656e-02
1.427438540840602656e-02
1.268834258524980177e-02
1.823949246629659113e-02
1.427438540840602656e-02
1.348136399682791503e-02
1.348136399682791503e-02
1.427438540840602656e-02
1.665344964314036461e-02
1.268834258524980177e-02
1.348136399682791503e-02
1.268834258524980177e-02
1.348136399682791503e-02
1.189532117367168851e-02
1.268834258524980177e-02
1.427438540840602656e-02
1.268834258524980177e-02
1.823949246629659113e-02
1.665344964314036461e-02
1.189532117367168851e-02
1.110229976209357698e-02
1.268834258524980177e-02
7.930214115781125672e-03
1.586042823156225134e-02
1.348136399682791503e-02
1.348136399682791503e-02
1.030927835051546372e-02
1.030927835051546372e-02
1.189532117367168851e-02
1.110229976209357698e-02
1.110229976209357698e-02
1.348136399682791503e-02
1.189532117367168851e-02
1.189532117367168851e-02
1.110229976209357698e-02
1.110229976209357698e-02
1.268834258524980177e-02
1.586042823156225134e-02
1.348136399682791503e-02
1.665344964314036461e-02
1.189532117367168851e-02
1.427438540840602656e-02
1.110229976209357698e-02
1.427438540840602656e-02
1.268834258524980177e-02
1.189532117367168851e-02
1.348136399682791503e-02
1.189532117367168851e-02
1.030927835051546372e-02
8.723235527359238933e-03
1.030927835051546372e-02
7.930214115781125672e-03
