1.000000000000000000e+00
8.182981445937299592e-01
7.492002559181062393e-01
7.255278310940499464e-01
6.941778630838131292e-01
6.756238003838771489e-01
6.353166986564299235e-01
6.333973128598848756e-01
6.282789507357645631e-01
6.097248880358285827e-01
6.007677543186180635e-01
5.655790147152911507e-01
5.515035188739603189e-01
5.745361484325015589e-01
5.419065898912348578e-01
5.124760076775431994e-01
5.086372360844529927e-01
5.143953934740882472e-01
5.105566218809980406e-01
4.875239923224568006e-01
4.939219449776071635e-01
4.824056301983365436e-01
4.772872680742162310e-01
4.491362763915546785e-01
4.542546385156749911e-01
4.561740243122200944e-01
4.261036468330134386e-01
4.216250799744081790e-01
4.049904030710173020e-01
4.075495841330774027e-01
4.145873320537428186e-01
3.851567498400511602e-01
3.800383877159309032e-01
3.685220729366602832e-01
3.467690339091490936e-01
3.518873960332693507e-01
3.454894433781189877e-01
3.582853486884197136e-01
3.538067818298144540e-01
3.352527191298784182e-01
3.378119001919385744e-01
3.083813179782469716e-01
3.096609085092770219e-01
3.051823416506717623e-01
3.224568138195777478e-01
3.083813179782469716e-01
3.141394753678822815e-01
3.173384516954574353e-01
2.731925783749200032e-01
2.898272552783109357e-01
2.866282789507357820e-01
2.789507357645553687e-01
2.904670505438259887e-01
2.930262316058860894e-01
2.770313499680102098e-01
2.738323736404350561e-01
2.616762635956493832e-01
2.802303262955854191e-01
2.623160588611644362e-01
2.591170825335892269e-01
2.655150351887395899e-01
2.501599488163787632e-01
2.533589251439539169e-01
2.431222008957133751e-01
2.559181062060140732e-01
2.405630198336532188e-01
2.456813819577735036e-01
2.348048624440179089e-01
2.348048624440179089e-01
2.252079334612923922e-01
2.156110044785668478e-01
2.245681381957773393e-01
2.252079334612923922e-01
2.322456813819577803e-01
2.085732565579014597e-01
2.200895713371721074e-01
2.060140754958413312e-01
1.970569417786308397e-01
2.015355086372360716e-01
2.047344849648112530e-01
1.785028790786948039e-01
1.900191938579654516e-01
1.887396033269353735e-01
1.919385796545105549e-01
2.040946896992962278e-01
1.919385796545105549e-01
2.008957133717210464e-01
2.002559181062060212e-01
1.855406269993601920e-01
1.765834932821497005e-01
1.733845169545745468e-01
1.836212412028150887e-01
1.721049264235444687e-01
1.676263595649392091e-01
1.727447216890594939e-01
1.644273832373640554e-01
1.785028790786948039e-01
1.682661548304542620e-01
1.765834932821497005e-01
1.625079974408189243e-01
1.631477927063339772e-01
1.580294305822136924e-01
1.650671785028790806e-01
1.669865642994241839e-01
1.477927063339731228e-01
1.522712731925783824e-01
1.401151631477927095e-01
1.631477927063339772e-01
1.516314779270633295e-01
1.465131158029430447e-01
1.465131158029430447e-01
1.381957773512476062e-01
1.330774152271273214e-01
1.375559820857325533e-01
1.305182341650671651e-01
1.445937300063979414e-01
1.401151631477927095e-01
1.317978246960972433e-01
1.266794625719769585e-01
1.279590531030070366e-01
1.317978246960972433e-01
1.222008957133717266e-01
1.247600767754318551e-01
1.234804862444017909e-01
1.317978246960972433e-01
1.260396673064619333e-01
1.253998720409469081e-01
1.170825335892514418e-01
1.215611004478566876e-01
1.183621241202815061e-01
1.260396673064619333e-01
1.177223288547664809e-01
1.138835572616762604e-01
1.113243761996161180e-01
1.209213051823416485e-01
1.247600767754318551e-01
1.145233525271912994e-01
1.241202815099168300e-01
1.126039667306461961e-01
1.241202815099168300e-01
1.151631477927063385e-01
1.266794625719769585e-01
1.241202815099168300e-01
1.190019193857965452e-01
1.068458093410108722e-01
1.068458093410108722e-01
9.724888035828535560e-02
1.042866282789507298e-01
9.916826615483045892e-02
1.055662188099808080e-01
9.980806142034548412e-02
9.085092770313499266e-02
9.660908509277031653e-02
9.788867562380038079e-02
9.532949456174023839e-02
1.004478566858605232e-01
1.023672424824056265e-01
9.532949456174023839e-02
1.010876519513755623e-01
8.445297504798464361e-02
9.724888035828535560e-02
1.010876519513755623e-01
9.341010876519513506e-02
9.596928982725527746e-02
9.724888035828535560e-02
9.149072296865003173e-02
9.724888035828535560e-02
8.509277031349968268e-02
9.724888035828535560e-02
8.381317978246960454e-02
8.381317978246960454e-02
8.765195137555982507e-02
7.805502239283429455e-02
7.869481765834933362e-02
8.125399872040946214e-02
8.061420345489443695e-02
8.317338451695457935e-02
6.973768394113884217e-02
7.357645553422904883e-02
7.229686500319897069e-02
7.229686500319897069e-02
7.101727447216890643e-02
7.549584133077415216e-02
8.445297504798464361e-02
6.525911708253358257e-02
7.037747920665386736e-02
7.229686500319897069e-02
7.933461292386435881e-02
6.525911708253358257e-02
7.037747920665386736e-02
7.293666026871400976e-02
6.397952655150351831e-02
7.229686500319897069e-02
6.781829814459372496e-02
6.909788867562380310e-02
7.037747920665386736e-02
6.333973128598847924e-02
5.118362124120281326e-02
5.630198336532309805e-02
7.229686500319897069e-02
7.293666026871400976e-02
7.037747920665386736e-02
6.269993602047345405e-02
6.078055022392834378e-02
6.397952655150351831e-02
6.589891234804862163e-02
6.525911708253358257e-02
6.461932181701855737e-02
7.357645553422904883e-02
5.886116442738324045e-02
6.909788867562380310e-02
6.333973128598847924e-02
6.653870761356366070e-02
6.781829814459372496e-02
6.333973128598847924e-02
6.014075495841330471e-02
6.142034548944337591e-02
5.950095969289827258e-02
5.758157389635316925e-02
5.502239283429302685e-02
5.822136916186820138e-02
4.798464491362763873e-02
5.502239283429302685e-02
5.246321177223288446e-02
5.566218809980805898e-02
5.182341650671785233e-02
5.758157389635316925e-02
5.310300703774792352e-02
5.310300703774792352e-02
5.566218809980805898e-02
4.286628278950736087e-02
5.438259756877798778e-02
4.798464491362763873e-02
4.350607805502239300e-02
5.182341650671785233e-02
5.630198336532309805e-02
5.054382597568778113e-02
5.182341650671785233e-02
5.438259756877798778e-02
6.014075495841330471e-02
4.734484964811260660e-02
5.502239283429302685e-02
5.950095969289827258e-02
6.014075495841330471e-02
4.926423544465770993e-02
5.182341650671785233e-02
4.990403071017274206e-02
5.246321177223288446e-02
5.374280230326295565e-02
4.798464491362763873e-02
4.926423544465770993e-02
4.926423544465770993e-02
5.374280230326295565e-02
4.926423544465770993e-02
4.990403071017274206e-02
5.310300703774792352e-02
5.054382597568778113e-02
4.286628278950736087e-02
4.990403071017274206e-02
4.606525911708253540e-02
4.222648752399232180e-02
4.926423544465770993e-02
4.606525911708253540e-02
4.926423544465770993e-02
4.158669225847728967e-02
4.222648752399232180e-02
4.158669225847728967e-02
4.222648752399232180e-02
3.774792066538707608e-02
3.902751119641714728e-02
4.926423544465770993e-02
3.454894433781190155e-02
3.390914907229686248e-02
4.158669225847728967e-02
3.582853486884197275e-02
3.646833013435700488e-02
3.774792066538707608e-02
3.198976327575175915e-02
3.454894433781190155e-02
3.838771593090210821e-02
3.454894433781190155e-02
3.582853486884197275e-02
3.454894433781190155e-02
3.710812539987204395e-02
3.966730646193217941e-02
4.350607805502239300e-02
3.582853486884197275e-02
4.094689699296225061e-02
4.222648752399232180e-02
3.902751119641714728e-02
3.582853486884197275e-02
3.710812539987204395e-02
3.454894433781190155e-02
3.390914907229686248e-02
3.646833013435700488e-02
3.518873960332693368e-02
3.646833013435700488e-02
2.879078694817658463e-02
3.518873960332693368e-02
3.454894433781190155e-02
3.710812539987204395e-02
3.071017274472168795e-02
3.198976327575175915e-02
2.879078694817658463e-02
3.198976327575175915e-02
2.751119641714651343e-02
3.582853486884197275e-02
3.071017274472168795e-02
3.454894433781190155e-02
2.943058221369162022e-02
2.815099168266154903e-02
2.879078694817658463e-02
3.326935380678183035e-02
3.582853486884197275e-02
2.943058221369162022e-02
2.751119641714651343e-02
2.623160588611644223e-02
2.879078694817658463e-02
2.303262955854126770e-02
2.751119641714651343e-02
3.774792066538707608e-02
3.454894433781190155e-02
3.582853486884197275e-02
2.943058221369162022e-02
2.879078694817658463e-02
3.582853486884197275e-02
3.518873960332693368e-02
2.623160588611644223e-02
3.262955854126679128e-02
2.623160588611644223e-02
2.687140115163147783e-02
2.623160588611644223e-02
2.623160588611644223e-02
3.134996801023672702e-02
3.390914907229686248e-02
3.198976327575175915e-02
2.559181062060140663e-02
2.815099168266154903e-02
2.879078694817658463e-02
3.198976327575175915e-02
3.326935380678183035e-02
3.007037747920665235e-02
3.454894433781190155e-02
2.751119641714651343e-02
2.815099168266154903e-02
3.007037747920665235e-02
2.879078694817658463e-02
2.815099168266154903e-02
3.134996801023672702e-02
2.687140115163147783e-02
2.815099168266154903e-02
2.943058221369162022e-02
2.623160588611644223e-02
2.751119641714651343e-02
3.007037747920665235e-02
2.559181062060140663e-02
3.071017274472168795e-02
2.623160588611644223e-02
3.007037747920665235e-02
3.071017274472168795e-02
2.431222008957133890e-02
2.687140115163147783e-02
2.495201535508637103e-02
2.687140115163147783e-02
2.751119641714651343e-02
2.367242482405630330e-02
2.495201535508637103e-02
2.367242482405630330e-02
2.303262955854126770e-02
2.303262955854126770e-02
2.495201535508637103e-02
1.471529110684581011e-02
1.727447216890595078e-02
1.727447216890595078e-02
1.855406269993602197e-02
2.303262955854126770e-02
2.047344849648112530e-02
2.111324376199616090e-02
2.047344849648112530e-02
1.599488163787587958e-02
1.919385796545105410e-02
1.855406269993602197e-02
2.175303902751119650e-02
1.983365323096608970e-02
2.175303902751119650e-02
1.919385796545105410e-02
2.367242482405630330e-02
2.303262955854126770e-02
2.111324376199616090e-02
2.495201535508637103e-02
1.855406269993602197e-02
1.983365323096608970e-02
1.791426743442098637e-02
2.303262955854126770e-02
1.791426743442098637e-02
1.855406269993602197e-02
2.111324376199616090e-02
1.727447216890595078e-02
2.175303902751119650e-02
2.239283429302623210e-02
2.559181062060140663e-02
