1.000000000000000000e+00
7.285714285714285365e-01
6.634920634920634663e-01
6.539682539682539764e-01
6.095238095238095788e-01
6.142857142857143238e-01
5.873015873015873245e-01
6.079365079365078861e-01
5.365079365079364893e-01
5.222222222222222543e-01
5.444444444444443976e-01
5.111111111111110716e-01
4.666666666666666741e-01
4.746031746031745824e-01
4.841269841269841279e-01
4.746031746031745824e-01
4.761904761904761640e-01
4.285714285714285476e-01
4.349206349206349298e-01
4.158730158730158943e-01
4.238095238095238027e-01
4.539682539682539653e-01
4.238095238095238027e-01
4.158730158730158943e-01
3.920634920634920584e-01
4.047619047619047672e-01
3.809523809523809312e-01
4.000000000000000222e-01
3.873015873015873134e-01
3.650793650793650591e-01
3.507936507936507686e-01
3.698412698412698596e-01
3.365079365079365337e-01
3.285714285714285698e-01
3.634920634920634774e-01
3.095238095238095344e-01
3.380952380952381153e-01
2.999999999999999889e-01
3.365079365079365337e-01
3.492063492063491870e-01
3.349206349206348965e-01
3.111111111111111160e-01
3.301587301587301515e-01
3.111111111111111160e-01
3.349206349206348965e-01
3.396825396825396970e-01
3.269841269841269882e-01
3.269841269841269882e-01
2.999999999999999889e-01
3.126984126984126977e-01
3.269841269841269882e-01
2.873015873015872801e-01
2.714285714285714080e-01
2.904761904761904989e-01
2.746031746031746268e-01
2.809523809523809534e-01
2.825396825396825351e-01
2.603174603174603363e-01
2.539682539682539542e-01
2.777777777777777901e-01
2.428571428571428548e-01
2.523809523809523725e-01
2.476190476190476275e-01
2.523809523809523725e-01
2.412698412698412731e-01
2.650793650793650813e-01
2.412698412698412731e-01
2.793650793650793718e-01
2.492063492063492092e-01
2.365079365079365004e-01
2.634920634920634996e-01
2.301587301587301460e-01
2.523809523809523725e-01
2.571428571428571175e-01
2.206349206349206282e-01
2.444444444444444364e-01
2.380952380952380820e-01
2.301587301587301460e-01
2.142857142857142738e-01
2.000000000000000111e-01
2.015873015873015928e-01
2.174603174603174649e-01
2.206349206349206282e-01
2.142857142857142738e-01
2.015873015873015928e-01
1.888888888888888840e-01
2.158730158730158832e-01
2.126984126984126922e-01
2.015873015873015928e-01
1.968253968253968200e-01
1.666666666666666574e-01
2.158730158730158832e-01
2.000000000000000111e-01
1.873015873015873023e-01
1.777777777777777846e-01
2.047619047619047561e-01
1.698412698412698485e-01
1.777777777777777846e-01
1.698412698412698485e-01
1.904761904761904656e-01
1.603174603174603308e-01
1.698412698412698485e-01
1.666666666666666574e-01
1.650793650793650758e-01
1.634920634920634941e-01
1.523809523809523947e-01
1.650793650793650758e-01
1.650793650793650758e-01
1.587301587301587213e-01
1.587301587301587213e-01
1.396825396825396859e-01
1.619047619047619124e-01
1.507936507936507853e-01
1.587301587301587213e-01
1.603174603174603308e-01
1.523809523809523947e-01
1.571428571428571397e-01
1.476190476190476220e-01
1.587301587301587213e-01
1.238095238095238138e-01
1.619047619047619124e-01
1.888888888888888840e-01
1.476190476190476220e-01
1.587301587301587213e-01
1.523809523809523947e-01
1.571428571428571397e-01
1.539682539682539764e-01
1.460317460317460403e-01
1.365079365079364948e-01
1.539682539682539764e-01
1.523809523809523947e-01
1.396825396825396859e-01
1.349206349206349131e-01
1.444444444444444309e-01
1.238095238095238138e-01
1.317460317460317498e-01
1.174603174603174593e-01
1.253968253968253954e-01
1.079365079365079416e-01
1.174603174603174593e-01
1.222222222222222182e-01
1.380952380952381042e-01
1.301587301587301682e-01
1.396825396825396859e-01
1.253968253968253954e-01
1.523809523809523947e-01
1.444444444444444309e-01
1.428571428571428492e-01
1.333333333333333315e-01
1.349206349206349131e-01
1.365079365079364948e-01
1.301587301587301682e-01
1.365079365079364948e-01
1.380952380952381042e-01
1.444444444444444309e-01
1.269841269841269771e-01
1.317460317460317498e-01
1.349206349206349131e-01
1.285714285714285587e-01
1.238095238095238138e-01
1.174603174603174593e-01
1.174603174603174593e-01
1.222222222222222182e-01
1.142857142857142821e-01
1.031746031746031689e-01
1.253968253968253954e-01
1.285714285714285587e-01
1.206349206349206366e-01
1.142857142857142821e-01
1.142857142857142821e-01
1.317460317460317498e-01
1.158730158730158777e-01
1.111111111111111049e-01
1.000000000000000056e-01
1.142857142857142821e-01
1.190476190476190410e-01
1.111111111111111049e-01
1.158730158730158777e-01
1.047619047619047644e-01
1.095238095238095233e-01
9.841269841269841001e-02
1.111111111111111049e-01
9.523809523809523281e-02
9.206349206349206948e-02
1.031746031746031689e-01
9.523809523809523281e-02
8.730158730158729674e-02
1.079365079365079416e-01
8.571428571428571508e-02
9.523809523809523281e-02
9.841269841269841001e-02
9.841269841269841001e-02
1.031746031746031689e-01
9.206349206349206948e-02
7.936507936507936067e-02
7.460317460317460181e-02
9.206349206349206948e-02
1.015873015873015872e-01
9.047619047619047394e-02
8.095238095238095621e-02
9.206349206349206948e-02
9.523809523809523281e-02
1.063492063492063461e-01
1.015873015873015872e-01
8.730158730158729674e-02
1.015873015873015872e-01
9.365079365079365115e-02
9.523809523809523281e-02
1.126984126984127005e-01
9.841269841269841001e-02
9.206349206349206948e-02
9.206349206349206948e-02
9.365079365079365115e-02
7.460317460317460181e-02
9.047619047619047394e-02
9.047619047619047394e-02
9.523809523809523281e-02
8.412698412698413342e-02
8.253968253968253788e-02
8.888888888888889228e-02
1.015873015873015872e-01
9.047619047619047394e-02
9.523809523809523281e-02
8.253968253968253788e-02
7.777777777777777901e-02
8.253968253968253788e-02
8.095238095238095621e-02
8.412698412698413342e-02
8.730158730158729674e-02
9.206349206349206948e-02
7.936507936507936067e-02
9.365079365079365115e-02
9.365079365079365115e-02
1.047619047619047644e-01
9.047619047619047394e-02
6.984126984126984294e-02
9.523809523809523281e-02
9.682539682539682835e-02
9.682539682539682835e-02
8.730158730158729674e-02
7.936507936507936067e-02
8.888888888888889228e-02
8.253968253968253788e-02
8.253968253968253788e-02
6.984126984126984294e-02
7.301587301587302015e-02
9.047619047619047394e-02
8.412698412698413342e-02
7.619047619047619735e-02
9.365079365079365115e-02
7.936507936507936067e-02
8.730158730158729674e-02
8.730158730158729674e-02
8.095238095238095621e-02
8.571428571428571508e-02
9.047619047619047394e-02
9.047619047619047394e-02
9.682539682539682835e-02
7.301587301587302015e-02
7.936507936507936067e-02
7.460317460317460181e-02
8.253968253968253788e-02
7.936507936507936067e-02
8.730158730158729674e-02
7.936507936507936067e-02
6.984126984126984294e-02
8.253968253968253788e-02
8.412698412698413342e-02
8.095238095238095621e-02
9.206349206349206948e-02
8.888888888888889228e-02
7.936507936507936067e-02
8.730158730158729674e-02
9.047619047619047394e-02
9.682539682539682835e-02
9.047619047619047394e-02
1.063492063492063461e-01
8.412698412698413342e-02
7.619047619047619735e-02
7.301587301587302015e-02
8.888888888888889228e-02
8.253968253968253788e-02
7.460317460317460181e-02
7.619047619047619735e-02
7.142857142857142461e-02
7.777777777777777901e-02
7.936507936507936067e-02
8.095238095238095621e-02
8.253968253968253788e-02
8.412698412698413342e-02
7.777777777777777901e-02
6.507936507936508408e-02
7.301587301587302015e-02
7.142857142857142461e-02
7.142857142857142461e-02
6.349206349206348854e-02
6.190476190476190688e-02
6.666666666666666574e-02
7.619047619047619735e-02
5.873015873015872967e-02
6.666666666666666574e-02
7.777777777777777901e-02
6.349206349206348854e-02
6.666666666666666574e-02
6.190476190476190688e-02
8.253968253968253788e-02
6.666666666666666574e-02
7.142857142857142461e-02
6.984126984126984294e-02
6.825396825396824740e-02
6.349206349206348854e-02
6.825396825396824740e-02
8.253968253968253788e-02
7.301587301587302015e-02
7.460317460317460181e-02
6.666666666666666574e-02
7.301587301587302015e-02
7.777777777777777901e-02
6.190476190476190688e-02
6.666666666666666574e-02
6.825396825396824740e-02
6.190476190476190688e-02
6.031746031746031828e-02
7.936507936507936067e-02
6.031746031746031828e-02
6.825396825396824740e-02
6.507936507936508408e-02
6.190476190476190688e-02
6.190476190476190688e-02
6.825396825396824740e-02
6.349206349206348854e-02
7.301587301587302015e-02
5.396825396825397081e-02
5.555555555555555247e-02
6.190476190476190688e-02
4.603174603174603474e-02
6.349206349206348854e-02
4.920634920634920501e-02
5.238095238095238221e-02
6.825396825396824740e-02
6.984126984126984294e-02
7.142857142857142461e-02
5.396825396825397081e-02
5.555555555555555247e-02
6.666666666666666574e-02
5.714285714285714107e-02
6.666666666666666574e-02
5.555555555555555247e-02
6.031746031746031828e-02
6.031746031746031828e-02
5.873015873015872967e-02
6.507936507936508408e-02
5.714285714285714107e-02
6.349206349206348854e-02
6.984126984126984294e-02
5.079365079365079361e-02
6.666666666666666574e-02
5.396825396825397081e-02
5.714285714285714107e-02
5.555555555555555247e-02
4.920634920634920501e-02
5.714285714285714107e-02
5.873015873015872967e-02
5.555555555555555247e-02
5.555555555555555247e-02
4.761904761904761640e-02
4.285714285714285754e-02
4.603174603174603474e-02
5.079365079365079361e-02
4.444444444444444614e-02
4.761904761904761640e-02
5.714285714285714107e-02
5.555555555555555247e-02
5.396825396825397081e-02
4.920634920634920501e-02
5.079365079365079361e-02
4.920634920634920501e-02
4.920634920634920501e-02
5.873015873015872967e-02
4.603174603174603474e-02
4.603174603174603474e-02
5.079365079365079361e-02
5.714285714285714107e-02
3.650793650793651007e-02
4.603174603174603474e-02
4.444444444444444614e-02
5.079365079365079361e-02
5.238095238095238221e-02
5.238095238095238221e-02
5.396825396825397081e-02
4.920634920634920501e-02
3.968253968253968034e-02
5.079365079365079361e-02
4.126984126984126894e-02
4.761904761904761640e-02
4.603174603174603474e-02
4.761904761904761640e-02
4.761904761904761640e-02
5.079365079365079361e-02
4.444444444444444614e-02
3.968253968253968034e-02
