1.000000000000000000e+00
8.206039076376554497e-01
7.797513321492006710e-01
7.859680284191828958e-01
7.611012433392539966e-01
7.309058614564831746e-01
7.264653641207815538e-01
7.140319715808171042e-01
6.696269982238011176e-01
6.341030195381882617e-01
6.518650088809946341e-01
6.225577264653641141e-01
6.563055062166962550e-01
6.341030195381882617e-01
5.976909413854352149e-01
5.834813499111900503e-01
5.950266429840141980e-01
5.612788632326820570e-01
5.896980461811722751e-01
5.390763765541740637e-01
5.808170515097691444e-01
5.479573712255773055e-01
5.364120781527531578e-01
5.550621669626998322e-01
5.186500888099466744e-01
5.355239786856127449e-01
5.222024866785079933e-01
4.982238010657193406e-01
5.319715808170515370e-01
5.097690941385435437e-01
4.902309058614564563e-01
4.804618117229129681e-01
4.875666074600355504e-01
4.831261101243339295e-01
4.573712255772646729e-01
4.769094138543517047e-01
4.564831261101243154e-01
4.449378330373001678e-01
4.111900532859680268e-01
4.387211367673179430e-01
4.609236234458259363e-01
4.618117229129662382e-01
4.582593250444049748e-01
4.396092362344582449e-01
4.458259325044404697e-01
4.280639431616340973e-01
4.182948490230906091e-01
4.085257548845470654e-01
4.076376554174067635e-01
4.191829484902309111e-01
3.934280639431616544e-01
4.111900532859680268e-01
4.049733570159858020e-01
4.076376554174067635e-01
3.996447602131438792e-01
3.889875666074600336e-01
3.916518650088809950e-01
3.880994671403197316e-01
3.827708703374778088e-01
3.738898756660746225e-01
3.818827708703374513e-01
3.952042628774422584e-01
3.756660746003552265e-01
3.632326820603907769e-01
3.623445825932504194e-01
3.641207815275310788e-01
3.676731793960923422e-01
3.863232682060390721e-01
3.596802841918294580e-01
3.587921847246891560e-01
3.374777975133214647e-01
3.614564831261101174e-01
3.596802841918294580e-01
3.419182948490230856e-01
3.436944937833037450e-01
3.303730017761989379e-01
3.179396092362344328e-01
3.321492007104795974e-01
3.303730017761989379e-01
3.214920071047957517e-01
3.206039076376553942e-01
3.472468916518650084e-01
3.285968028419182785e-01
3.055062166962699832e-01
3.099467140319716041e-01
3.055062166962699832e-01
3.339253996447602013e-01
3.063943161634102852e-01
3.152753108348134714e-01
3.143872113676731694e-01
3.134991119005328675e-01
2.992895204262877584e-01
2.797513321492007266e-01
2.957371225577264395e-01
2.984014209591474009e-01
2.886323268206039128e-01
2.753108348134991057e-01
2.717584369449378423e-01
2.833037300177619899e-01
2.850799289520426494e-01
2.788632326820603691e-01
2.939609236234458356e-01
2.841918294849022919e-01
2.984014209591474009e-01
2.806394316163410285e-01
2.850799289520426494e-01
2.673179396092362214e-01
2.539964476021314144e-01
2.761989342806394077e-01
2.646536412078152600e-01
2.548845470692717718e-01
2.637655417406749581e-01
2.575488454706927333e-01
2.619893428063942986e-01
2.611012433392539966e-01
2.593250444049733372e-01
2.637655417406749581e-01
2.504440497335701510e-01
2.531083481349911124e-01
2.442273534635879262e-01
2.593250444049733372e-01
2.433392539964475965e-01
2.619893428063942986e-01
2.477797513321491896e-01
2.566607460035523758e-01
2.397868561278863331e-01
2.300177619893428171e-01
2.326820603907637786e-01
2.486678507992895193e-01
2.371225577264653717e-01
2.566607460035523758e-01
2.229129662522202349e-01
2.397868561278863331e-01
2.335701598579040805e-01
2.317939609236234488e-01
2.282415630550621577e-01
2.175843694493783398e-01
2.273534635879218557e-01
2.184724689165186418e-01
2.238010657193605646e-01
2.291296625222024874e-01
2.255772646536411963e-01
2.202486678507993012e-01
2.246891651865008943e-01
2.220248667850799329e-01
2.451154529307282282e-01
2.158081705150976803e-01
2.193605683836589715e-01
2.042628774422735327e-01
2.015985790408525713e-01
2.202486678507993012e-01
2.078152753108348239e-01
1.936056838365896871e-01
2.184724689165186418e-01
2.087033747779751258e-01
2.175843694493783398e-01
2.042628774422735327e-01
1.936056838365896871e-01
1.971580817051509782e-01
1.998223801065719396e-01
2.051509769094138624e-01
2.015985790408525713e-01
2.042628774422735327e-01
2.069271758436944941e-01
1.936056838365896871e-01
1.998223801065719396e-01
2.007104795737122693e-01
1.936056838365896871e-01
2.042628774422735327e-01
1.962699822380106485e-01
1.909413854351687256e-01
1.811722912966252097e-01
1.936056838365896871e-01
1.971580817051509782e-01
1.944937833037300168e-01
1.909413854351687256e-01
1.793960923623445780e-01
1.918294849023090554e-01
1.927175843694493851e-01
1.865008880994671325e-01
1.838365896980461711e-01
1.731793960923623532e-01
1.705150976909413918e-01
1.731793960923623532e-01
1.802841918294849077e-01
1.936056838365896871e-01
1.749555950266429849e-01
1.802841918294849077e-01
1.731793960923623532e-01
1.865008880994671325e-01
1.909413854351687256e-01
1.731793960923623532e-01
1.802841918294849077e-01
1.820603907637655394e-01
1.793960923623445780e-01
1.722912966252220235e-01
1.802841918294849077e-01
1.776198934280639463e-01
1.722912966252220235e-01
1.758436944937833146e-01
1.696269982238010621e-01
1.678507992895204304e-01
1.660746003552397987e-01
1.687388987566607323e-01
1.722912966252220235e-01
1.651865008880994690e-01
1.563055062166962828e-01
1.705150976909413918e-01
1.563055062166962828e-01
1.749555950266429849e-01
1.793960923623445780e-01
1.687388987566607323e-01
1.580817051509769144e-01
1.554174067495559530e-01
1.607460035523978759e-01
1.678507992895204304e-01
1.705150976909413918e-01
1.669626998223801007e-01
1.580817051509769144e-01
1.500888099467140302e-01
1.607460035523978759e-01
1.625222024866785075e-01
1.634103019538188373e-01
1.678507992895204304e-01
1.403197158081705143e-01
1.465364120781527668e-01
1.492007104795737005e-01
1.447602131438721074e-01
1.438721136767318054e-01
1.376554174067495528e-01
1.349911190053285914e-01
1.376554174067495528e-01
1.349911190053285914e-01
1.429840142095914757e-01
1.341030195381882895e-01
1.456483126110124371e-01
1.305506216696269983e-01
1.527531083481349916e-01
1.456483126110124371e-01
1.483126110124333985e-01
1.500888099467140302e-01
1.358792184724689212e-01
1.358792184724689212e-01
1.376554174067495528e-01
1.403197158081705143e-01
1.412078152753108440e-01
1.376554174067495528e-01
1.349911190053285914e-01
1.332149200710479597e-01
1.403197158081705143e-01
1.314387211367673280e-01
1.207815275310834824e-01
1.305506216696269983e-01
1.243339253996447596e-01
1.296625222024866686e-01
1.225577264653641141e-01
1.225577264653641141e-01
1.349911190053285914e-01
1.216696269982237982e-01
1.181172291296625210e-01
1.216696269982237982e-01
1.163410301953818893e-01
1.287744227353463666e-01
1.332149200710479597e-01
1.207815275310834824e-01
1.296625222024866686e-01
1.172291296625222051e-01
1.261101243339254052e-01
1.083481349911190050e-01
1.181172291296625210e-01
1.261101243339254052e-01
1.190053285968028368e-01
1.181172291296625210e-01
1.181172291296625210e-01
1.190053285968028368e-01
1.252220248667850755e-01
1.261101243339254052e-01
1.163410301953818893e-01
1.216696269982237982e-01
1.243339253996447596e-01
1.367673179396092231e-01
1.429840142095914757e-01
1.341030195381882895e-01
1.278863232682060369e-01
1.243339253996447596e-01
1.269982238010657072e-01
1.278863232682060369e-01
1.252220248667850755e-01
1.163410301953818893e-01
1.225577264653641141e-01
1.190053285968028368e-01
1.314387211367673280e-01
1.296625222024866686e-01
1.234458259325044438e-01
1.296625222024866686e-01
1.456483126110124371e-01
1.296625222024866686e-01
1.429840142095914757e-01
1.341030195381882895e-01
1.358792184724689212e-01
1.323268206039076300e-01
1.314387211367673280e-01
1.376554174067495528e-01
1.341030195381882895e-01
1.163410301953818893e-01
1.358792184724689212e-01
1.216696269982237982e-01
1.207815275310834824e-01
1.261101243339254052e-01
1.296625222024866686e-01
1.287744227353463666e-01
1.314387211367673280e-01
1.216696269982237982e-01
1.216696269982237982e-01
1.234458259325044438e-01
1.234458259325044438e-01
1.234458259325044438e-01
1.269982238010657072e-01
1.269982238010657072e-01
1.172291296625222051e-01
1.163410301953818893e-01
1.181172291296625210e-01
1.136767317939609279e-01
1.216696269982237982e-01
1.136767317939609279e-01
1.163410301953818893e-01
1.110124333925399664e-01
1.261101243339254052e-01
1.145648312611012437e-01
1.207815275310834824e-01
1.252220248667850755e-01
1.181172291296625210e-01
1.181172291296625210e-01
1.154529307282415596e-01
1.163410301953818893e-01
1.047957371225577278e-01
1.065719360568383595e-01
1.163410301953818893e-01
1.136767317939609279e-01
1.039076376554174119e-01
1.047957371225577278e-01
9.591474245115452768e-02
1.083481349911190050e-01
1.039076376554174119e-01
1.119005328596802823e-01
1.181172291296625210e-01
1.216696269982237982e-01
1.119005328596802823e-01
9.946714031971580494e-02
1.163410301953818893e-01
1.154529307282415596e-01
1.127886323268205981e-01
1.003552397868561347e-01
9.591474245115452768e-02
1.065719360568383595e-01
1.083481349911190050e-01
1.039076376554174119e-01
1.012433392539964505e-01
1.021314387211367664e-01
1.039076376554174119e-01
1.030195381882770822e-01
1.039076376554174119e-01
9.857904085257548910e-02
1.003552397868561347e-01
1.047957371225577278e-01
9.857904085257548910e-02
9.591474245115452768e-02
9.680284191829484353e-02
8.969804618117228900e-02
8.969804618117228900e-02
8.880994671403197316e-02
8.880994671403197316e-02
8.880994671403197316e-02
9.147424511545293457e-02
8.792184724689165731e-02
9.236234458259325042e-02
9.946714031971580494e-02
9.236234458259325042e-02
9.769094138543517325e-02
9.769094138543517325e-02
9.147424511545293457e-02
1.101243339253996506e-01
1.056838365896980436e-01
1.021314387211367664e-01
9.413854351687389599e-02
1.056838365896980436e-01
1.021314387211367664e-01
1.047957371225577278e-01
9.591474245115452768e-02
1.003552397868561347e-01
1.012433392539964505e-01
1.012433392539964505e-01
9.058614564831260485e-02
9.857904085257548910e-02
8.880994671403197316e-02
9.147424511545293457e-02
9.147424511545293457e-02
8.880994671403197316e-02
8.703374777975132759e-02
9.058614564831260485e-02
8.703374777975132759e-02
