1.000000000000000000e+00
7.149122807017543879e-01
7.105263157894736725e-01
6.798245614035087758e-01
6.842105263157894912e-01
6.885964912280702066e-01
6.798245614035087758e-01
6.271929824561403022e-01
6.710526315789473450e-01
6.403508771929824483e-01
6.578947368421053099e-01
6.403508771929824483e-01
6.271929824561403022e-01
6.491228070175438791e-01
6.885964912280702066e-01
7.368421052631578538e-01
6.315789473684210176e-01
6.359649122807017330e-01
6.140350877192982670e-01
6.622807017543859143e-01
6.008771929824561209e-01
6.798245614035087758e-01
6.052631578947368363e-01
6.140350877192982670e-01
6.754385964912280604e-01
5.877192982456140857e-01
5.921052631578946901e-01
5.877192982456140857e-01
6.052631578947368363e-01
5.789473684210526550e-01
6.271929824561403022e-01
6.228070175438596978e-01
5.570175438596490780e-01
5.614035087719297934e-01
5.745614035087719396e-01
5.921052631578946901e-01
5.526315789473684736e-01
5.745614035087719396e-01
6.271929824561403022e-01
5.789473684210526550e-01
6.008771929824561209e-01
6.096491228070175517e-01
6.096491228070175517e-01
5.789473684210526550e-01
6.535087719298245945e-01
6.403508771929824483e-01
5.921052631578946901e-01
5.307017543859648967e-01
6.140350877192982670e-01
5.701754385964912242e-01
5.877192982456140857e-01
6.008771929824561209e-01
5.877192982456140857e-01
5.833333333333333703e-01
5.657894736842105088e-01
5.921052631578946901e-01
5.745614035087719396e-01
5.877192982456140857e-01
5.614035087719297934e-01
5.745614035087719396e-01
6.359649122807017330e-01
5.219298245614034659e-01
5.263157894736841813e-01
5.789473684210526550e-01
5.833333333333333703e-01
5.438596491228070429e-01
5.833333333333333703e-01
5.394736842105263275e-01
5.307017543859648967e-01
4.736842105263157632e-01
5.614035087719297934e-01
5.438596491228070429e-01
6.052631578947368363e-01
6.052631578947368363e-01
5.350877192982456121e-01
5.614035087719297934e-01
5.701754385964912242e-01
5.614035087719297934e-01
5.526315789473684736e-01
5.438596491228070429e-01
5.263157894736841813e-01
6.052631578947368363e-01
5.921052631578946901e-01
4.912280701754385692e-01
4.824561403508771940e-01
5.526315789473684736e-01
5.921052631578946901e-01
5.526315789473684736e-01
5.526315789473684736e-01
5.087719298245614308e-01
5.263157894736841813e-01
5.219298245614034659e-01
5.482456140350877583e-01
5.307017543859648967e-01
5.263157894736841813e-01
5.000000000000000000e-01
5.570175438596490780e-01
4.956140350877192846e-01
4.956140350877192846e-01
5.087719298245614308e-01
5.394736842105263275e-01
5.000000000000000000e-01
5.087719298245614308e-01
5.087719298245614308e-01
5.175438596491228616e-01
5.307017543859648967e-01
5.131578947368421462e-01
5.789473684210526550e-01
4.649122807017543879e-01
5.087719298245614308e-01
4.692982456140351033e-01
5.043859649122807154e-01
4.605263157894736725e-01
4.605263157894736725e-01
4.868421052631579093e-01
5.263157894736841813e-01
5.000000000000000000e-01
5.263157894736841813e-01
5.482456140350877583e-01
5.570175438596490780e-01
5.482456140350877583e-01
5.000000000000000000e-01
5.745614035087719396e-01
5.350877192982456121e-01
4.824561403508771940e-01
5.614035087719297934e-01
5.307017543859648967e-01
5.350877192982456121e-01
5.350877192982456121e-01
4.912280701754385692e-01
4.868421052631579093e-01
5.087719298245614308e-01
5.307017543859648967e-01
5.350877192982456121e-01
4.868421052631579093e-01
5.350877192982456121e-01
4.780701754385964786e-01
4.736842105263157632e-01
4.868421052631579093e-01
5.350877192982456121e-01
5.438596491228070429e-01
4.824561403508771940e-01
4.517543859649122973e-01
5.263157894736841813e-01
4.473684210526315819e-01
4.605263157894736725e-01
4.780701754385964786e-01
4.912280701754385692e-01
4.956140350877192846e-01
5.043859649122807154e-01
5.219298245614034659e-01
4.780701754385964786e-01
4.342105263157894912e-01
4.692982456140351033e-01
4.780701754385964786e-01
4.473684210526315819e-01
4.561403508771929571e-01
5.087719298245614308e-01
4.517543859649122973e-01
4.385964912280701511e-01
4.605263157894736725e-01
4.517543859649122973e-01
4.342105263157894912e-01
4.210526315789473450e-01
4.956140350877192846e-01
4.649122807017543879e-01
4.692982456140351033e-01
4.254385964912280604e-01
4.473684210526315819e-01
4.342105263157894912e-01
4.254385964912280604e-01
4.692982456140351033e-01
4.473684210526315819e-01
5.043859649122807154e-01
3.903508771929824483e-01
4.166666666666666852e-01
4.166666666666666852e-01
4.166666666666666852e-01
3.903508771929824483e-01
4.210526315789473450e-01
3.991228070175438791e-01
4.736842105263157632e-01
4.956140350877192846e-01
4.561403508771929571e-01
4.210526315789473450e-01
4.385964912280701511e-01
4.429824561403508665e-01
4.035087719298245390e-01
4.298245614035087758e-01
4.649122807017543879e-01
4.561403508771929571e-01
4.780701754385964786e-01
4.605263157894736725e-01
4.342105263157894912e-01
3.991228070175438791e-01
4.035087719298245390e-01
4.298245614035087758e-01
4.473684210526315819e-01
4.692982456140351033e-01
4.210526315789473450e-01
4.473684210526315819e-01
4.429824561403508665e-01
4.298245614035087758e-01
5.175438596491228616e-01
4.517543859649122973e-01
4.824561403508771940e-01
4.210526315789473450e-01
4.780701754385964786e-01
3.903508771929824483e-01
4.517543859649122973e-01
4.649122807017543879e-01
4.824561403508771940e-01
4.254385964912280604e-01
4.692982456140351033e-01
4.649122807017543879e-01
4.956140350877192846e-01
4.561403508771929571e-01
4.385964912280701511e-01
4.122807017543859698e-01
4.605263157894736725e-01
4.605263157894736725e-01
4.035087719298245390e-01
4.035087719298245390e-01
4.298245614035087758e-01
4.078947368421052544e-01
4.473684210526315819e-01
4.122807017543859698e-01
4.342105263157894912e-01
3.991228070175438791e-01
4.956140350877192846e-01
3.640350877192982670e-01
4.078947368421052544e-01
4.210526315789473450e-01
4.649122807017543879e-01
4.517543859649122973e-01
4.385964912280701511e-01
4.342105263157894912e-01
4.736842105263157632e-01
4.122807017543859698e-01
4.780701754385964786e-01
4.429824561403508665e-01
3.991228070175438791e-01
4.210526315789473450e-01
3.903508771929824483e-01
3.947368421052631637e-01
3.991228070175438791e-01
3.991228070175438791e-01
4.298245614035087758e-01
4.342105263157894912e-01
3.947368421052631637e-01
4.561403508771929571e-01
4.254385964912280604e-01
4.429824561403508665e-01
4.210526315789473450e-01
4.078947368421052544e-01
4.254385964912280604e-01
4.166666666666666852e-01
3.947368421052631637e-01
3.640350877192982670e-01
3.728070175438596423e-01
3.815789473684210731e-01
3.903508771929824483e-01
3.903508771929824483e-01
4.210526315789473450e-01
4.166666666666666852e-01
4.298245614035087758e-01
3.903508771929824483e-01
3.947368421052631637e-01
3.771929824561403577e-01
3.903508771929824483e-01
3.947368421052631637e-01
4.035087719298245390e-01
4.035087719298245390e-01
3.859649122807017330e-01
4.254385964912280604e-01
3.991228070175438791e-01
4.078947368421052544e-01
4.166666666666666852e-01
4.210526315789473450e-01
4.122807017543859698e-01
3.815789473684210731e-01
4.122807017543859698e-01
3.859649122807017330e-01
4.385964912280701511e-01
4.605263157894736725e-01
4.035087719298245390e-01
4.342105263157894912e-01
4.035087719298245390e-01
4.429824561403508665e-01
3.728070175438596423e-01
4.254385964912280604e-01
4.473684210526315819e-01
4.517543859649122973e-01
3.903508771929824483e-01
3.771929824561403577e-01
4.298245614035087758e-01
4.517543859649122973e-01
4.078947368421052544e-01
3.903508771929824483e-01
3.771929824561403577e-01
4.166666666666666852e-01
4.254385964912280604e-01
3.991228070175438791e-01
3.991228070175438791e-01
3.991228070175438791e-01
3.640350877192982670e-01
4.473684210526315819e-01
3.464912280701754610e-01
3.157894736842105088e-01
4.210526315789473450e-01
3.947368421052631637e-01
3.728070175438596423e-01
3.464912280701754610e-01
3.991228070175438791e-01
3.815789473684210731e-01
3.947368421052631637e-01
4.035087719298245390e-01
4.342105263157894912e-01
4.035087719298245390e-01
3.903508771929824483e-01
3.991228070175438791e-01
3.157894736842105088e-01
3.508771929824561209e-01
3.991228070175438791e-01
4.210526315789473450e-01
3.333333333333333148e-01
3.728070175438596423e-01
3.596491228070175517e-01
4.078947368421052544e-01
3.640350877192982670e-01
3.333333333333333148e-01
3.684210526315789269e-01
3.245614035087719396e-01
3.771929824561403577e-01
3.771929824561403577e-01
3.289473684210526550e-01
4.035087719298245390e-01
3.245614035087719396e-01
3.947368421052631637e-01
3.991228070175438791e-01
3.903508771929824483e-01
3.859649122807017330e-01
3.421052631578947456e-01
4.078947368421052544e-01
4.122807017543859698e-01
3.157894736842105088e-01
3.815789473684210731e-01
3.640350877192982670e-01
3.114035087719298489e-01
3.728070175438596423e-01
3.508771929824561209e-01
3.201754385964912242e-01
3.815789473684210731e-01
4.035087719298245390e-01
3.333333333333333148e-01
3.640350877192982670e-01
3.947368421052631637e-01
3.377192982456140302e-01
3.377192982456140302e-01
3.464912280701754610e-01
3.157894736842105088e-01
3.508771929824561209e-01
3.333333333333333148e-01
3.464912280701754610e-01
3.157894736842105088e-01
2.894736842105263275e-01
3.771929824561403577e-01
3.991228070175438791e-01
3.640350877192982670e-01
3.947368421052631637e-01
3.596491228070175517e-01
3.070175438596491335e-01
3.508771929824561209e-01
3.245614035087719396e-01
3.552631578947368363e-01
3.815789473684210731e-01
3.771929824561403577e-01
3.245614035087719396e-01
3.377192982456140302e-01
3.640350877192982670e-01
3.552631578947368363e-01
3.771929824561403577e-01
3.596491228070175517e-01
3.508771929824561209e-01
3.640350877192982670e-01
3.552631578947368363e-01
3.289473684210526550e-01
3.552631578947368363e-01
3.596491228070175517e-01
3.815789473684210731e-01
3.245614035087719396e-01
3.596491228070175517e-01
3.640350877192982670e-01
3.157894736842105088e-01
3.815789473684210731e-01
3.640350877192982670e-01
3.377192982456140302e-01
3.859649122807017330e-01
4.122807017543859698e-01
3.771929824561403577e-01
3.640350877192982670e-01
