1.000000000000000000e+00
9.154051647373108169e-01
8.682101513802314985e-01
8.352626892252894564e-01
8.281389136242208737e-01
8.388245770258236922e-01
8.241317898486197890e-01
8.201246660730187044e-01
8.009795191451469787e-01
7.974176313446126318e-01
7.729296527159394969e-01
7.751558325912734082e-01
7.613535173642029807e-01
7.426536064113979929e-01
7.631344612644701542e-01
7.235084594835262672e-01
7.359750667853962591e-01
7.319679430097951744e-01
7.199465716829920314e-01
7.092609082813891019e-01
7.226179875333926805e-01
6.812110418521816202e-01
7.070347284060551907e-01
6.878895814781834650e-01
6.829919857524487936e-01
6.705253784505788017e-01
6.660730186999109792e-01
6.451469278717720801e-01
6.340160284951024128e-01
6.482635796972395781e-01
6.620658949243098945e-01
6.349065004452359995e-01
6.393588601959038220e-01
6.349065004452359995e-01
6.206589492430988342e-01
6.211041852181656830e-01
6.215494211932324209e-01
6.073018699910952556e-01
6.175422974176313362e-01
6.015138023152271085e-01
6.090828138913624290e-01
6.113089937666963403e-01
6.015138023152271085e-01
5.890471950133571166e-01
5.725734639358860401e-01
5.779162956366874493e-01
5.699020480854852799e-01
5.618878005342832216e-01
5.734639358860196268e-01
5.574354407836152880e-01
5.658949243098841952e-01
5.690115761353516932e-01
5.578806767586821369e-01
5.405164737310774736e-01
5.605520926090827860e-01
5.373998219056099757e-01
5.396260017809438869e-01
5.396260017809438869e-01
5.244879786286732459e-01
5.146927871772039031e-01
5.178094390026714011e-01
5.160284951024042277e-01
5.129118432769367297e-01
5.089047195013357561e-01
5.240427426536063971e-01
5.182546749777382500e-01
4.995547640249332066e-01
5.013357079252003246e-01
5.013357079252003246e-01
4.915405164737310928e-01
4.919857524487978861e-01
5.075690115761353205e-01
4.915405164737310928e-01
4.519145146927871504e-01
4.835262689225289234e-01
4.688334817453250203e-01
4.737310774710596362e-01
4.643811219946571422e-01
4.643811219946571422e-01
4.661620658949243157e-01
4.554764024933214417e-01
4.670525378450579024e-01
4.674977738201246402e-01
4.536954585930543238e-01
4.470169189670525345e-01
4.443455031166518299e-01
4.554764024933214417e-01
4.648263579697239356e-01
4.274265360641139599e-01
4.363312555654497160e-01
4.252003561887800487e-01
4.314336598397150446e-01
4.385574354407836273e-01
4.398931433659839518e-01
4.376669634906500406e-01
4.243098842386464620e-01
4.265360641139804287e-01
4.247551202137132553e-01
4.105075690115761455e-01
4.194122885129118461e-01
4.198575244879786394e-01
4.131789848619768502e-01
4.296527159394479267e-01
4.127337488869100568e-01
4.091718610863757655e-01
4.109528049866429389e-01
4.047195013357079429e-01
4.029385574354407695e-01
3.940338379341050690e-01
3.971504897595725669e-01
4.024933214603739762e-01
4.002671415850400649e-01
3.931433659839714823e-01
3.878005342831700730e-01
3.722172751558325832e-01
3.869100623330364863e-01
3.811219946571682837e-01
3.909171861086375710e-01
3.891362422083704531e-01
3.606411398040961780e-01
3.682101513802314985e-01
3.757791629563668745e-01
3.904719501335707776e-01
3.726625111308993765e-01
3.722172751558325832e-01
3.731077471059661699e-01
3.668744434550311739e-01
3.668744434550311739e-01
3.682101513802314985e-01
3.664292074799643806e-01
3.637577916295636760e-01
3.557435440783615066e-01
3.343722172751558142e-01
3.673196794300979673e-01
3.664292074799643806e-01
3.548530721282279754e-01
3.535173642030275953e-01
3.766696349065004612e-01
3.561887800534283000e-01
3.486197684772929795e-01
3.539626001780943887e-01
3.397150489759572789e-01
3.450578806767586881e-01
3.610863757791629713e-01
3.446126447016918948e-01
3.508459483526268907e-01
3.321460373998219029e-01
3.388245770258236922e-01
3.325912733748886962e-01
3.397150489759572789e-01
3.365983971504897809e-01
3.325912733748886962e-01
3.365983971504897809e-01
3.330365093499554896e-01
3.299198575244879916e-01
3.263579697239537003e-01
3.352626892252894009e-01
3.263579697239537003e-01
3.374888691006233121e-01
3.308103294746215228e-01
3.263579697239537003e-01
3.112199465716830038e-01
3.152270703472840330e-01
3.054318788958148012e-01
3.125556544968833284e-01
3.223508459483526156e-01
3.223508459483526156e-01
3.174532502226179997e-01
3.138913624220837084e-01
3.245770258236865269e-01
3.147818343722172951e-01
3.268032056990204937e-01
3.058771148708815946e-01
3.250222617987533202e-01
3.089937666963490925e-01
2.907390917186108426e-01
3.027604630454140966e-01
3.098842386464826237e-01
3.063223508459483324e-01
3.058771148708815946e-01
3.174532502226179997e-01
3.014247551202137165e-01
2.965271593944791007e-01
2.947462154942119272e-01
2.889581478183437246e-01
2.916295636687444293e-01
2.951914514692787206e-01
2.938557435440783405e-01
2.871772039180766067e-01
2.969723953695458385e-01
3.032056990204808344e-01
2.938557435440783405e-01
2.916295636687444293e-01
2.871772039180766067e-01
2.898486197684773114e-01
2.773820124666073195e-01
2.867319679430098134e-01
2.729296527159394414e-01
2.809439002671416108e-01
2.845057880676758466e-01
2.782724844167408507e-01
2.804986642920748174e-01
2.818343722172751420e-01
2.809439002671416108e-01
2.702582368655387368e-01
2.907390917186108426e-01
2.845057880676758466e-01
2.916295636687444293e-01
2.756010685663401460e-01
2.796081923419412307e-01
2.800534283170080241e-01
2.822796081923419353e-01
2.658058771148708588e-01
2.787177203918076440e-01
2.818343722172751420e-01
2.617987533392698296e-01
2.626892252894033608e-01
2.738201246660730281e-01
2.738201246660730281e-01
2.738201246660730281e-01
2.604630454140694495e-01
2.542297417631344536e-01
2.635796972395369475e-01
2.609082813891362429e-01
2.689225289403383568e-01
2.649154051647373276e-01
2.635796972395369475e-01
2.631344612644701542e-01
2.582368655387355383e-01
2.506678539626001623e-01
2.528940338379341290e-01
2.533392698130008669e-01
2.666963490650044455e-01
2.684772929652716189e-01
2.653606411398041209e-01
2.609082813891362429e-01
2.551202137132680403e-01
2.528940338379341290e-01
2.640249332146037409e-01
2.524487978628673357e-01
2.515583259127337490e-01
2.502226179875333689e-01
2.537845057880676602e-01
2.497773820124666033e-01
2.337488869100623201e-01
2.404274265360641094e-01
2.319679430097952022e-01
2.382012466607301981e-01
2.444345503116651941e-01
2.292965271593944698e-01
2.399821905609973161e-01
2.359750667853962591e-01
2.288512911843277042e-01
2.199465716829919759e-01
2.301869991095280565e-01
2.190560997328584170e-01
2.181656277827248580e-01
2.324131789848619678e-01
2.257346393588602063e-01
2.284060552092609109e-01
2.284060552092609109e-01
2.337488869100623201e-01
2.257346393588602063e-01
2.297417631344612632e-01
2.235084594835262672e-01
2.292965271593944698e-01
2.212822796081923282e-01
2.181656277827248580e-01
2.105966162065894820e-01
2.159394479073909190e-01
2.146037399821905667e-01
2.137132680320569800e-01
2.110418521816562754e-01
2.172751558325912713e-01
2.088156723063223641e-01
2.186108637577916236e-01
2.114870881567230687e-01
2.101513802315227164e-01
2.079252003561887774e-01
2.097061442564559230e-01
2.088156723063223641e-01
2.079252003561887774e-01
2.021371326803205748e-01
2.074799643811219840e-01
2.123775601068566277e-01
2.070347284060552184e-01
2.154942119323241256e-01
2.039180765805877205e-01
2.039180765805877205e-01
2.048085485307212794e-01
1.985752448797862835e-01
2.043633125556544861e-01
1.981300089047194901e-01
1.878895814781834372e-01
2.016918967052537814e-01
2.052537845057880728e-01
1.972395369545859312e-01
2.030276046304541337e-01
1.999109528049866358e-01
1.990204808548530768e-01
2.003561887800534291e-01
1.910062333036509352e-01
1.981300089047194901e-01
1.945681211041852265e-01
1.932324131789848742e-01
1.883348174532502306e-01
1.878895814781834372e-01
1.905609973285841419e-01
1.905609973285841419e-01
1.923419412288512875e-01
1.829919857524487936e-01
1.887800534283169962e-01
1.932324131789848742e-01
1.821015138023152347e-01
1.918967052537844942e-01
1.812110418521816479e-01
1.812110418521816479e-01
1.807658058771148823e-01
1.834372217275155870e-01
1.776491540516473844e-01
1.758682101513802387e-01
1.700801424755120084e-01
1.843276936776491459e-01
1.847729296527159393e-01
1.918967052537844942e-01
1.780943900267141500e-01
1.789848619768477367e-01
1.749777382012466520e-01
1.816562778272484413e-01
1.847729296527159393e-01
1.785396260017809433e-01
1.763134461264470043e-01
1.749777382012466520e-01
1.678539626001780971e-01
1.549421193232413119e-01
1.714158504007123884e-01
1.829919857524487936e-01
1.821015138023152347e-01
1.731967943009795063e-01
1.776491540516473844e-01
1.678539626001780971e-01
1.674087266251113038e-01
1.634016028495102468e-01
1.620658949243098945e-01
1.674087266251113038e-01
1.665182546749777448e-01
1.665182546749777448e-01
1.656277827248441581e-01
1.549421193232413119e-01
1.638468388245770124e-01
1.682991985752448905e-01
1.593944790739091621e-01
1.602849510240427489e-01
1.674087266251113038e-01
1.602849510240427489e-01
1.607301869991095145e-01
1.602849510240427489e-01
1.589492430988423965e-01
1.687444345503116561e-01
1.642920747996438058e-01
1.687444345503116561e-01
1.696349065004452428e-01
1.576135351736420165e-01
1.651825467497773925e-01
1.567230632235084575e-01
1.602849510240427489e-01
1.487088156723063159e-01
1.513802315227070483e-01
1.540516473731077529e-01
1.447016918967052590e-01
1.553873552983081052e-01
1.553873552983081052e-01
1.567230632235084575e-01
1.567230632235084575e-01
1.504897595725734616e-01
1.620658949243098945e-01
1.536064113980409596e-01
1.420302760463045544e-01
1.455921638468388180e-01
1.491540516473731093e-01
1.451469278717720524e-01
1.576135351736420165e-01
1.451469278717720524e-01
1.482635796972395503e-01
1.509349955476402549e-01
1.433659839715049067e-01
1.464826357969724047e-01
1.487088156723063159e-01
1.402493321460374087e-01
1.415850400712377610e-01
1.469278717720391703e-01
1.371326803205699107e-01
1.487088156723063159e-01
1.487088156723063159e-01
1.415850400712377610e-01
1.420302760463045544e-01
1.460373998219056113e-01
1.473731077471059636e-01
1.473731077471059636e-01
1.384683882457702631e-01
1.406945681211041743e-01
