1.000000000000000000e+00
8.027859237536656423e-01
7.653958944281524790e-01
7.507331378299120228e-01
7.096774193548387455e-01
6.502932551319647869e-01
6.114369501466275780e-01
6.217008797653958974e-01
5.997067448680352131e-01
6.077712609970674640e-01
5.689149560117302551e-01
5.916422287390029622e-01
5.857771260997067797e-01
5.777126099706745288e-01
5.476539589442814826e-01
5.461876832844574370e-01
5.117302052785923649e-01
5.080645161290322509e-01
5.161290322580645018e-01
4.853372434017595438e-01
4.677419354838709409e-01
4.582111436950146444e-01
4.721407624633431332e-01
4.692082111436950420e-01
4.486803519061583478e-01
4.354838709677419373e-01
4.376832844574780057e-01
4.266862170087976636e-01
4.200879765395894583e-01
4.296187683284457548e-01
4.032258064516128782e-01
4.046920821114369238e-01
4.017595307917888325e-01
3.988269794721407413e-01
4.054252199413489466e-01
4.039589442815249010e-01
3.629032258064516236e-01
3.812316715542521939e-01
3.848973607038123079e-01
3.702346041055718517e-01
3.724340175953079202e-01
3.702346041055718517e-01
3.731671554252199430e-01
3.944281524926686044e-01
3.497067448680352131e-01
3.636363636363636465e-01
3.475073313782991447e-01
3.431085043988269523e-01
3.394428152492668382e-01
3.269794721407624505e-01
3.225806451612903136e-01
3.049853372434017662e-01
3.233137829912023364e-01
3.291788856304985189e-01
3.350439882697947014e-01
3.247800586510263821e-01
3.233137829912023364e-01
3.225806451612903136e-01
3.167155425219941312e-01
2.954545454545454697e-01
2.903225806451613100e-01
3.057184750733137890e-01
2.991202346041055837e-01
3.035190615835777206e-01
2.991202346041055837e-01
2.859237536656891732e-01
2.881231671554252416e-01
2.873900293255132188e-01
2.991202346041055837e-01
2.807917888563049580e-01
2.888563049853372644e-01
2.859237536656891732e-01
2.697947214076246158e-01
2.771260997067448439e-01
2.683284457478005702e-01
2.683284457478005702e-01
2.690615835777125930e-01
2.602639296187683193e-01
2.653958944281524790e-01
2.668621700879765246e-01
2.793255131964809124e-01
2.500000000000000000e-01
2.668621700879765246e-01
2.529325513196480912e-01
2.500000000000000000e-01
2.558651026392961825e-01
2.456011730205278631e-01
2.653958944281524790e-01
2.609970674486803421e-01
2.609970674486803421e-01
2.690615835777125930e-01
2.492668621700879772e-01
2.668621700879765246e-01
2.434017595307917947e-01
2.529325513196480912e-01
2.353372434017595438e-01
2.309384164222873792e-01
2.346041055718475210e-01
2.221407624633431055e-01
2.228739002932551283e-01
2.302052785923753564e-01
2.316715542521994020e-01
2.140762463343108546e-01
2.214076246334310827e-01
2.294721407624633336e-01
2.126099706744868090e-01
2.236070381231671511e-01
2.016129032258064391e-01
2.221407624633431055e-01
2.177419354838709686e-01
2.023460410557184619e-01
2.096774193548387177e-01
2.089442815249266949e-01
2.052785923753665809e-01
1.818181818181818232e-01
1.957478005865102566e-01
1.950146627565982338e-01
1.986803519061583478e-01
1.876832844574780057e-01
1.942815249266862110e-01
2.001466275659823935e-01
2.111436950146627634e-01
1.913489736070381197e-01
1.810850439882698004e-01
1.796187683284457548e-01
1.972140762463343022e-01
1.950146627565982338e-01
1.825513196480938460e-01
1.854838709677419373e-01
1.744868035190615951e-01
1.752199413489736179e-01
1.942815249266862110e-01
1.605571847507331340e-01
1.744868035190615951e-01
1.693548387096774077e-01
1.788856304985337320e-01
1.715542521994134761e-01
1.752199413489736179e-01
1.708211143695014533e-01
1.715542521994134761e-01
1.744868035190615951e-01
1.678885630498533621e-01
1.722873900293255267e-01
1.700879765395894305e-01
1.715542521994134761e-01
1.722873900293255267e-01
1.678885630498533621e-01
1.752199413489736179e-01
1.840175953079178917e-01
1.788856304985337320e-01
1.722873900293255267e-01
1.568914956011730200e-01
1.517595307917888603e-01
1.502932551319648147e-01
1.488269794721407691e-01
1.561583577712609971e-01
1.590909090909090884e-01
1.590909090909090884e-01
1.656891495601172937e-01
1.693548387096774077e-01
1.510263929618768375e-01
1.583577712609970656e-01
1.510263929618768375e-01
1.671554252199413393e-01
1.473607038123167234e-01
1.502932551319648147e-01
1.554252199413489743e-01
1.466275659824047006e-01
1.539589442815249287e-01
1.510263929618768375e-01
1.634897360703812252e-01
1.642228739002932481e-01
1.605571847507331340e-01
1.627565982404692024e-01
1.583577712609970656e-01
1.436950146627566094e-01
1.466275659824047006e-01
1.400293255131964676e-01
1.539589442815249287e-01
1.502932551319648147e-01
1.370967741935483764e-01
1.458944281524926778e-01
1.385630498533724220e-01
1.510263929618768375e-01
1.356304985337243307e-01
1.466275659824047006e-01
1.407624633431085182e-01
1.400293255131964676e-01
1.414956011730205410e-01
1.363636363636363535e-01
1.224340175953079202e-01
1.224340175953079202e-01
1.444281524926686322e-01
1.312316715542521939e-01
1.400293255131964676e-01
1.334310850439882623e-01
1.231671554252199430e-01
1.158357771260997010e-01
1.217008797653958974e-01
1.326979472140762395e-01
1.217008797653958974e-01
1.239002932551319658e-01
1.239002932551319658e-01
1.173020527859237605e-01
1.107038123167155413e-01
1.224340175953079202e-01
1.260997067448680342e-01
1.209677419354838745e-01
1.341642228739002851e-01
1.239002932551319658e-01
1.290322580645161255e-01
1.063049853372434045e-01
1.187683284457478061e-01
1.297653958944281483e-01
1.151026392961876782e-01
1.129032258064516098e-01
1.180351906158357833e-01
1.004398826979472081e-01
1.209677419354838745e-01
1.209677419354838745e-01
1.143695014662756554e-01
1.151026392961876782e-01
1.173020527859237605e-01
1.121700879765395870e-01
1.158357771260997010e-01
1.033724340175953132e-01
1.165689149560117238e-01
1.187683284457478061e-01
1.129032258064516098e-01
1.026392961876832904e-01
1.004398826979472081e-01
1.180351906158357833e-01
1.092375366568914957e-01
1.026392961876832904e-01
1.129032258064516098e-01
1.041055718475073361e-01
1.092375366568914957e-01
1.187683284457478061e-01
1.055718475073313817e-01
1.048387096774193589e-01
1.019061583577712676e-01
9.897360703812316252e-02
1.041055718475073361e-01
1.026392961876832904e-01
1.085043988269794729e-01
1.033724340175953132e-01
9.237536656891495723e-02
1.070381231671554273e-01
9.310850439882698004e-02
9.237536656891495723e-02
9.384164222873900285e-02
9.384164222873900285e-02
9.897360703812316252e-02
9.677419354838709409e-02
1.048387096774193589e-01
9.677419354838709409e-02
1.041055718475073361e-01
9.897360703812316252e-02
9.090909090909091161e-02
8.870967741935484319e-02
9.677419354838709409e-02
9.530791788856304847e-02
1.004398826979472081e-01
9.604105571847507128e-02
9.457478005865102566e-02
1.055718475073313817e-01
9.750733137829911690e-02
9.164222873900293442e-02
9.237536656891495723e-02
9.090909090909091161e-02
8.724340175953079757e-02
9.017595307917888880e-02
8.724340175953079757e-02
8.724340175953079757e-02
8.651026392961877476e-02
7.991202346041055560e-02
9.164222873900293442e-02
8.137829912023460122e-02
8.577712609970673807e-02
7.917888563049853279e-02
8.357771260997066964e-02
8.431085043988269245e-02
9.090909090909091161e-02
8.724340175953079757e-02
8.431085043988269245e-02
8.870967741935484319e-02
8.577712609970673807e-02
8.870967741935484319e-02
8.357771260997066964e-02
7.551319648093841874e-02
8.431085043988269245e-02
9.237536656891495723e-02
9.237536656891495723e-02
8.284457478005864683e-02
7.917888563049853279e-02
8.797653958944282038e-02
8.284457478005864683e-02
8.211143695014662403e-02
8.064516129032257841e-02
8.357771260997066964e-02
9.017595307917888880e-02
8.797653958944282038e-02
8.431085043988269245e-02
7.697947214076246436e-02
8.724340175953079757e-02
8.504398826979471526e-02
8.724340175953079757e-02
8.137829912023460122e-02
7.991202346041055560e-02
8.577712609970673807e-02
9.164222873900293442e-02
9.017595307917888880e-02
8.431085043988269245e-02
8.797653958944282038e-02
8.870967741935484319e-02
7.917888563049853279e-02
9.090909090909091161e-02
7.478005865102639593e-02
8.504398826979471526e-02
7.551319648093841874e-02
7.991202346041055560e-02
7.917888563049853279e-02
8.431085043988269245e-02
8.284457478005864683e-02
7.478005865102639593e-02
7.404692082111437312e-02
7.331378299120235031e-02
6.964809384164222239e-02
7.551319648093841874e-02
7.404692082111437312e-02
7.038123167155425908e-02
7.844574780058650998e-02
7.331378299120235031e-02
6.891495601173019958e-02
6.598240469208210834e-02
7.404692082111437312e-02
7.258064516129032751e-02
6.671554252199413115e-02
7.844574780058650998e-02
7.697947214076246436e-02
7.184750733137830470e-02
7.184750733137830470e-02
7.331378299120235031e-02
7.404692082111437312e-02
7.331378299120235031e-02
7.478005865102639593e-02
7.624633431085044155e-02
7.697947214076246436e-02
7.624633431085044155e-02
7.038123167155425908e-02
7.258064516129032751e-02
7.331378299120235031e-02
6.231671554252199430e-02
6.818181818181817677e-02
6.158357771260997149e-02
7.331378299120235031e-02
7.038123167155425908e-02
7.258064516129032751e-02
7.111436950146628189e-02
6.891495601173019958e-02
6.818181818181817677e-02
6.011730205278592587e-02
6.891495601173019958e-02
6.085043988269794868e-02
6.451612903225806273e-02
6.818181818181817677e-02
6.598240469208210834e-02
6.818181818181817677e-02
6.011730205278592587e-02
6.451612903225806273e-02
6.085043988269794868e-02
6.011730205278592587e-02
6.451612903225806273e-02
6.085043988269794868e-02
6.964809384164222239e-02
6.671554252199413115e-02
6.011730205278592587e-02
6.598240469208210834e-02
6.085043988269794868e-02
6.451612903225806273e-02
6.744868035190615396e-02
6.158357771260997149e-02
6.011730205278592587e-02
6.011730205278592587e-02
5.865102639296188025e-02
5.791788856304985050e-02
5.645161290322580488e-02
6.085043988269794868e-02
5.058651026392961547e-02
5.351906158357771365e-02
5.498533724340175927e-02
5.425219941348973646e-02
5.205278592375366803e-02
6.011730205278592587e-02
4.985337243401759266e-02
5.131964809384164522e-02
5.425219941348973646e-02
5.425219941348973646e-02
5.058651026392961547e-02
5.645161290322580488e-02
6.158357771260997149e-02
