1.000000000000000000e+00
8.666134185303514537e-01
8.410543130990415506e-01
8.091054313099041995e-01
8.019169329073482233e-01
7.947284345047923582e-01
8.162939297124600646e-01
7.388178913738019382e-01
7.835463258785942964e-01
7.204472843450479003e-01
7.324281150159744902e-01
7.252396166134185140e-01
7.332268370607029073e-01
7.484025559105431658e-01
7.132587859424920351e-01
7.068690095846645871e-01
7.164536741214057036e-01
7.028753993610223905e-01
6.924920127795527458e-01
7.052715654952076418e-01
6.853035143769967696e-01
6.789137380191693216e-01
6.501597444089456390e-01
6.853035143769967696e-01
6.773162939297124874e-01
6.725239616613418736e-01
6.581469648562300323e-01
6.365814696485623259e-01
6.533546325878594185e-01
6.301916932907348778e-01
6.230031948881789017e-01
6.246006389776357359e-01
6.381789137380191601e-01
6.150159744408946194e-01
6.365814696485623259e-01
6.230031948881789017e-01
6.038338658146964466e-01
6.373801916932907430e-01
6.238019169329073188e-01
6.022364217252396124e-01
6.190095846645367050e-01
5.822683706070287402e-01
6.054313099041533919e-01
5.950479233226837472e-01
6.030351437699680295e-01
5.758785942492012921e-01
5.934504792332268019e-01
5.782747603833865435e-01
5.958466453674121643e-01
5.734824281150159297e-01
5.599041533546326166e-01
5.503194888178913891e-01
5.878594249201277711e-01
5.654952076677316475e-01
5.718849840255590955e-01
5.583067092651756713e-01
5.495207667731629719e-01
5.535143769968050576e-01
5.367412140575079649e-01
5.670926517571884817e-01
5.591054313099041995e-01
5.479233226837060267e-01
5.423322683706069958e-01
5.343450479233227135e-01
5.686900958466453160e-01
5.367412140575079649e-01
5.183706070287540379e-01
5.551118210862620028e-01
5.383386581469649101e-01
5.359424920127795477e-01
5.471246006389776095e-01
5.311501597444089340e-01
5.351437699680511306e-01
5.031948881789137795e-01
5.119808306709264789e-01
5.407348242811501615e-01
5.151757188498402584e-01
5.055910543130990309e-01
5.095846645367412275e-01
5.223642172523961236e-01
5.319488817891373511e-01
5.095846645367412275e-01
5.255591054313099031e-01
5.039936102236421966e-01
5.287539936102236826e-01
5.087859424920128104e-01
5.151757188498402584e-01
5.111821086261980618e-01
5.199680511182108722e-01
4.936102236421724965e-01
4.912140575079872451e-01
4.936102236421724965e-01
5.055910543130990309e-01
5.087859424920128104e-01
4.808306709265175449e-01
4.824281150159744347e-01
5.007987220447284171e-01
4.856230031948881587e-01
5.127795527156550071e-01
4.728434504792332072e-01
4.968051118210862760e-01
4.848242811501597416e-01
4.704472843450479003e-01
4.776357827476038209e-01
4.576677316293929487e-01
4.504792332268370836e-01
4.616613418530351454e-01
4.384984025559105492e-01
4.648562300319488694e-01
4.440894568690095801e-01
4.680511182108625934e-01
4.520766773162939178e-01
4.416932907348242732e-01
4.361022364217252423e-01
4.257188498402555976e-01
4.640575079872204523e-01
4.592651757188498385e-01
4.848242811501597416e-01
4.408945686900958560e-01
4.544728434504792247e-01
4.592651757188498385e-01
4.632587859424920351e-01
4.273162939297124874e-01
4.361022364217252423e-01
4.329073482428115183e-01
4.400958466453674389e-01
4.129392971246006461e-01
4.329073482428115183e-01
4.209265175718849838e-01
4.384984025559105492e-01
4.185303514376996770e-01
4.169329073482427872e-01
4.153354632587859530e-01
4.145367412140574803e-01
4.297124600638977387e-01
4.241214057507987079e-01
4.089456869009584494e-01
4.113418530351437563e-01
4.145367412140574803e-01
4.113418530351437563e-01
4.193290734824280941e-01
4.225239616613418736e-01
4.289137380191693216e-01
4.065495207667731425e-01
3.953674121405750808e-01
4.145367412140574803e-01
4.025559105431310014e-01
4.081469648562300323e-01
4.113418530351437563e-01
4.065495207667731425e-01
3.977635782747603876e-01
4.289137380191693216e-01
4.169329073482427872e-01
3.969648562300319705e-01
3.857827476038338532e-01
4.057507987220447254e-01
3.945686900958466636e-01
4.209265175718849838e-01
3.905750798722044670e-01
4.049520766773163083e-01
4.201277955271565667e-01
4.233226837060702907e-01
4.089456869009584494e-01
4.137380191693290632e-01
4.137380191693290632e-01
4.265175718849840147e-01
4.033546325878594185e-01
3.921725239616613568e-01
4.049520766773163083e-01
3.785942492012779326e-01
3.865814696485623259e-01
3.977635782747603876e-01
3.865814696485623259e-01
3.913738019169328841e-01
4.065495207667731425e-01
4.017571884984025288e-01
3.841853035143770190e-01
3.985623003194888048e-01
3.889776357827475772e-01
3.761980830670926257e-01
3.817891373801917121e-01
3.881789137380191601e-01
3.881789137380191601e-01
3.969648562300319705e-01
3.977635782747603876e-01
3.594249201277955330e-01
3.825878594249201292e-01
3.682108626198082879e-01
3.682108626198082879e-01
3.746006389776357914e-01
3.618210862619808399e-01
3.698083067092651777e-01
3.618210862619808399e-01
3.793929712460064052e-01
3.642172523961661468e-01
3.730031948881789017e-01
3.634185303514376741e-01
3.761980830670926257e-01
3.793929712460064052e-01
3.777955271565495154e-01
3.738019169329073743e-01
3.706070287539935948e-01
3.857827476038338532e-01
3.674121405750798708e-01
3.801916932907348223e-01
3.825878594249201292e-01
3.538338658146965021e-01
3.761980830670926257e-01
3.594249201277955330e-01
3.658146964856229810e-01
3.761980830670926257e-01
3.634185303514376741e-01
3.698083067092651777e-01
3.586261980830671159e-01
3.482428115015974712e-01
3.586261980830671159e-01
3.610223642172524228e-01
3.634185303514376741e-01
3.482428115015974712e-01
3.610223642172524228e-01
3.402555910543130779e-01
3.546325878594249192e-01
3.330670926517572128e-01
3.578274760383386432e-01
3.458466453674121643e-01
3.418530351437699677e-01
3.418530351437699677e-01
3.226837060702875126e-01
3.242811501597444024e-01
3.546325878594249192e-01
3.338658146964856299e-01
3.418530351437699677e-01
3.402555910543130779e-01
3.242811501597444024e-01
3.290734824281150162e-01
3.354632587859425197e-01
3.306709265175719059e-01
3.322683706070287402e-01
3.362619808306709368e-01
3.306709265175719059e-01
3.306709265175719059e-01
3.115015974440894508e-01
3.354632587859425197e-01
3.370607028753993539e-01
3.298722044728434333e-01
3.210862619808306784e-01
3.123003194888178680e-01
3.202875399361022613e-01
3.115015974440894508e-01
3.306709265175719059e-01
3.346645367412140470e-01
3.242811501597444024e-01
3.123003194888178680e-01
3.314696485623003230e-01
3.146964856230031748e-01
3.083067092651757268e-01
3.218849840255590955e-01
3.146964856230031748e-01
3.298722044728434333e-01
3.099041533546325611e-01
3.226837060702875126e-01
3.194888178913737886e-01
3.298722044728434333e-01
3.154952076677316475e-01
3.154952076677316475e-01
3.003194888178913891e-01
3.107028753993610337e-01
3.170926517571884817e-01
3.146964856230031748e-01
3.146964856230031748e-01
2.995207667731629164e-01
3.202875399361022613e-01
3.186900958466453715e-01
3.178913738019169544e-01
3.162939297124600646e-01
3.123003194888178680e-01
3.083067092651757268e-01
3.059105431309904199e-01
3.027156549520766959e-01
3.059105431309904199e-01
3.027156549520766959e-01
3.306709265175719059e-01
3.138977635782747577e-01
3.027156549520766959e-01
3.099041533546325611e-01
3.258785942492012921e-01
3.059105431309904199e-01
3.123003194888178680e-01
3.099041533546325611e-01
3.130990415335463406e-01
3.075079872204473097e-01
3.051118210862620028e-01
2.979233226837060822e-01
2.947284345047923582e-01
2.971246006389776095e-01
3.043130990415335302e-01
2.899361022364217444e-01
2.963258785942491924e-01
3.011182108626198062e-01
3.186900958466453715e-01
3.146964856230031748e-01
3.011182108626198062e-01
3.003194888178913891e-01
2.939297124600638855e-01
3.099041533546325611e-01
2.963258785942491924e-01
3.011182108626198062e-01
2.907348242811501615e-01
2.947284345047923582e-01
2.963258785942491924e-01
2.947284345047923582e-01
3.019169329073482233e-01
2.907348242811501615e-01
2.947284345047923582e-01
3.011182108626198062e-01
2.835463258785942409e-01
2.899361022364217444e-01
2.995207667731629164e-01
2.907348242811501615e-01
2.891373801916932718e-01
2.787539936102236271e-01
2.987220447284344993e-01
2.875399361022364375e-01
2.995207667731629164e-01
3.035143769968051131e-01
3.027156549520766959e-01
2.939297124600638855e-01
2.811501597444089340e-01
2.915335463258785786e-01
2.995207667731629164e-01
2.883386581469648546e-01
2.867412140575079649e-01
2.899361022364217444e-01
2.955271565495207753e-01
2.803514376996805169e-01
2.843450479233226580e-01
2.827476038338658237e-01
2.923322683706070513e-01
2.787539936102236271e-01
2.755591054313099031e-01
2.707667731629392893e-01
2.835463258785942409e-01
2.755591054313099031e-01
2.731629392971245962e-01
2.619808306709265344e-01
2.795527156549520997e-01
2.795527156549520997e-01
2.707667731629392893e-01
2.883386581469648546e-01
2.819488817891374066e-01
2.619808306709265344e-01
2.827476038338658237e-01
2.795527156549520997e-01
2.883386581469648546e-01
2.867412140575079649e-01
2.811501597444089340e-01
2.715654952076677064e-01
2.627795527156549515e-01
2.651757188498402584e-01
2.811501597444089340e-01
2.787539936102236271e-01
2.659744408945686756e-01
2.795527156549520997e-01
2.811501597444089340e-01
2.715654952076677064e-01
2.683706070287539824e-01
2.787539936102236271e-01
2.667731629392971482e-01
2.819488817891374066e-01
2.787539936102236271e-01
2.659744408945686756e-01
2.723642172523961791e-01
2.683706070287539824e-01
2.667731629392971482e-01
2.579872204472843378e-01
2.603833865814696447e-01
2.755591054313099031e-01
2.731629392971245962e-01
2.667731629392971482e-01
2.739616613418530133e-01
2.723642172523961791e-01
2.795527156549520997e-01
2.683706070287539824e-01
2.579872204472843378e-01
2.611821086261980618e-01
2.731629392971245962e-01
2.444089456869009691e-01
2.555910543130990309e-01
2.507987220447284171e-01
2.547923322683706138e-01
2.507987220447284171e-01
2.627795527156549515e-01
2.635782747603833687e-01
2.531948881789137240e-01
2.595846645367412275e-01
2.611821086261980618e-01
2.651757188498402584e-01
2.523961661341853069e-01
2.563897763578275035e-01
2.643769968051118413e-01
2.579872204472843378e-01
