1.000000000000000000e+00
7.896551724137931272e-01
7.655172413793103203e-01
7.137931034482758452e-01
7.310344827586207073e-01
8.103448275862068506e-01
6.931034482758621218e-01
6.999999999999999556e-01
6.517241379310344529e-01
7.068965517241379004e-01
6.482758620689654805e-01
6.620689655172413701e-01
6.724137931034482873e-01
7.172413793103448176e-01
6.482758620689654805e-01
5.758620689655172820e-01
6.379310344827586743e-01
6.310344827586207295e-01
6.724137931034482873e-01
6.689655172413793149e-01
7.241379310344827624e-01
6.620689655172413701e-01
6.482758620689654805e-01
6.551724137931034253e-01
6.241379310344827847e-01
5.827586206896552268e-01
6.103448275862068950e-01
5.517241379310344751e-01
5.965517241379310054e-01
5.999999999999999778e-01
6.034482758620689502e-01
6.034482758620689502e-01
5.862068965517240882e-01
5.965517241379310054e-01
5.931034482758620330e-01
5.413793103448275579e-01
6.206896551724138122e-01
5.620689655172413923e-01
5.344827586206896131e-01
5.206896551724138344e-01
5.655172413793103647e-01
5.793103448275862544e-01
5.413793103448275579e-01
5.896551724137930606e-01
5.793103448275862544e-01
5.551724137931034475e-01
5.517241379310344751e-01
5.344827586206896131e-01
5.620689655172413923e-01
5.241379310344828069e-01
5.344827586206896131e-01
5.517241379310344751e-01
5.344827586206896131e-01
5.517241379310344751e-01
5.517241379310344751e-01
5.310344827586206407e-01
5.344827586206896131e-01
4.896551724137930828e-01
5.413793103448275579e-01
5.620689655172413923e-01
5.275862068965517793e-01
5.482758620689655027e-01
5.103448275862069172e-01
5.275862068965517793e-01
5.241379310344828069e-01
5.413793103448275579e-01
5.172413793103448620e-01
4.689655172413793038e-01
5.172413793103448620e-01
4.724137931034482762e-01
4.931034482758620552e-01
5.137931034482758896e-01
4.689655172413793038e-01
4.827586206896551935e-01
4.931034482758620552e-01
4.827586206896551935e-01
4.965517241379310276e-01
5.068965517241379448e-01
4.655172413793103314e-01
4.965517241379310276e-01
4.620689655172413590e-01
5.034482758620689724e-01
4.896551724137930828e-01
4.724137931034482762e-01
4.379310344827586077e-01
4.724137931034482762e-01
4.620689655172413590e-01
5.172413793103448620e-01
4.793103448275862211e-01
4.758620689655172487e-01
4.448275862068965525e-01
4.482758620689655249e-01
4.827586206896551935e-01
4.793103448275862211e-01
4.413793103448275801e-01
4.620689655172413590e-01
5.137931034482758896e-01
4.586206896551723866e-01
4.448275862068965525e-01
4.448275862068965525e-01
4.551724137931034697e-01
4.275862068965517460e-01
4.344827586206896353e-01
4.655172413793103314e-01
4.379310344827586077e-01
4.586206896551723866e-01
5.034482758620689724e-01
4.379310344827586077e-01
4.344827586206896353e-01
4.551724137931034697e-01
4.172413793103448287e-01
4.241379310344827736e-01
4.551724137931034697e-01
4.241379310344827736e-01
4.172413793103448287e-01
4.310344827586206629e-01
4.344827586206896353e-01
3.965517241379310498e-01
4.482758620689655249e-01
4.275862068965517460e-01
3.793103448275861878e-01
3.896551724137931050e-01
4.517241379310344973e-01
3.862068965517241326e-01
4.172413793103448287e-01
4.034482758620689391e-01
3.620689655172413812e-01
3.862068965517241326e-01
3.862068965517241326e-01
4.275862068965517460e-01
4.068965517241379115e-01
3.793103448275861878e-01
3.620689655172413812e-01
3.793103448275861878e-01
4.000000000000000222e-01
3.620689655172413812e-01
3.896551724137931050e-01
3.931034482758620774e-01
4.103448275862068839e-01
3.620689655172413812e-01
3.931034482758620774e-01
4.137931034482758563e-01
3.758620689655172153e-01
4.000000000000000222e-01
3.724137931034482984e-01
3.793103448275861878e-01
3.793103448275861878e-01
3.448275862068965747e-01
3.620689655172413812e-01
3.896551724137931050e-01
3.724137931034482984e-01
3.827586206896551602e-01
3.758620689655172153e-01
4.068965517241379115e-01
3.827586206896551602e-01
3.586206896551724088e-01
3.655172413793103536e-01
3.655172413793103536e-01
3.655172413793103536e-01
3.482758620689654916e-01
3.724137931034482984e-01
3.586206896551724088e-01
3.655172413793103536e-01
3.689655172413793260e-01
3.689655172413793260e-01
3.827586206896551602e-01
3.724137931034482984e-01
3.758620689655172153e-01
4.000000000000000222e-01
4.068965517241379115e-01
3.931034482758620774e-01
3.827586206896551602e-01
3.586206896551724088e-01
3.241379310344827402e-01
3.482758620689654916e-01
3.620689655172413812e-01
3.482758620689654916e-01
3.344827586206896575e-01
3.413793103448276023e-01
3.724137931034482984e-01
3.310344827586206851e-01
3.241379310344827402e-01
3.551724137931034364e-01
3.206896551724137678e-01
3.034482758620689613e-01
3.448275862068965747e-01
3.413793103448276023e-01
3.068965517241379337e-01
3.137931034482758785e-01
3.068965517241379337e-01
3.068965517241379337e-01
3.241379310344827402e-01
3.413793103448276023e-01
3.275862068965517127e-01
2.896551724137931272e-01
3.275862068965517127e-01
3.310344827586206851e-01
3.103448275862069061e-01
2.965517241379310165e-01
2.793103448275862100e-01
3.068965517241379337e-01
3.379310344827586299e-01
3.413793103448276023e-01
3.517241379310344640e-01
3.413793103448276023e-01
3.137931034482758785e-01
2.827586206896551824e-01
3.344827586206896575e-01
3.241379310344827402e-01
3.137931034482758785e-01
3.068965517241379337e-01
3.275862068965517127e-01
2.793103448275862100e-01
3.310344827586206851e-01
3.034482758620689613e-01
3.172413793103448509e-01
2.965517241379310165e-01
3.137931034482758785e-01
2.862068965517241548e-01
3.275862068965517127e-01
3.206896551724137678e-01
3.137931034482758785e-01
3.034482758620689613e-01
2.931034482758620441e-01
2.827586206896551824e-01
2.413793103448275967e-01
3.034482758620689613e-01
2.724137931034482651e-01
2.689655172413792927e-01
2.758620689655172376e-01
2.999999999999999889e-01
2.862068965517241548e-01
2.862068965517241548e-01
2.827586206896551824e-01
3.068965517241379337e-01
2.551724137931034586e-01
2.931034482758620441e-01
2.793103448275862100e-01
3.103448275862069061e-01
3.103448275862069061e-01
2.793103448275862100e-01
3.413793103448276023e-01
2.965517241379310165e-01
2.931034482758620441e-01
2.482758620689655138e-01
2.379310344827586243e-01
2.896551724137931272e-01
2.655172413793103203e-01
2.931034482758620441e-01
2.965517241379310165e-01
2.999999999999999889e-01
2.965517241379310165e-01
3.172413793103448509e-01
3.172413793103448509e-01
2.758620689655172376e-01
2.655172413793103203e-01
2.793103448275862100e-01
2.896551724137931272e-01
2.551724137931034586e-01
2.862068965517241548e-01
2.517241379310344862e-01
2.551724137931034586e-01
2.724137931034482651e-01
2.896551724137931272e-01
2.827586206896551824e-01
3.137931034482758785e-01
2.862068965517241548e-01
2.896551724137931272e-01
2.689655172413792927e-01
2.827586206896551824e-01
2.931034482758620441e-01
2.827586206896551824e-01
2.724137931034482651e-01
2.586206896551724310e-01
2.655172413793103203e-01
2.482758620689655138e-01
2.896551724137931272e-01
2.517241379310344862e-01
2.379310344827586243e-01
2.655172413793103203e-01
2.551724137931034586e-01
2.413793103448275967e-01
2.827586206896551824e-01
2.724137931034482651e-01
3.034482758620689613e-01
2.758620689655172376e-01
2.620689655172414034e-01
2.448275862068965414e-01
2.620689655172414034e-01
2.689655172413792927e-01
2.620689655172414034e-01
2.827586206896551824e-01
2.689655172413792927e-01
2.689655172413792927e-01
2.620689655172414034e-01
2.758620689655172376e-01
2.896551724137931272e-01
2.586206896551724310e-01
2.551724137931034586e-01
2.344827586206896519e-01
2.620689655172414034e-01
2.482758620689655138e-01
2.344827586206896519e-01
2.724137931034482651e-01
2.413793103448275967e-01
2.655172413793103203e-01
2.655172413793103203e-01
2.379310344827586243e-01
2.413793103448275967e-01
2.620689655172414034e-01
2.413793103448275967e-01
2.620689655172414034e-01
2.827586206896551824e-01
2.344827586206896519e-01
2.241379310344827624e-01
2.413793103448275967e-01
2.413793103448275967e-01
2.931034482758620441e-01
2.758620689655172376e-01
2.517241379310344862e-01
2.758620689655172376e-01
2.172413793103448176e-01
2.103448275862069006e-01
2.413793103448275967e-01
2.344827586206896519e-01
2.379310344827586243e-01
2.275862068965517349e-01
2.344827586206896519e-01
2.551724137931034586e-01
2.379310344827586243e-01
2.655172413793103203e-01
2.275862068965517349e-01
2.482758620689655138e-01
2.241379310344827624e-01
2.206896551724137900e-01
2.206896551724137900e-01
2.413793103448275967e-01
2.413793103448275967e-01
2.310344827586206795e-01
2.310344827586206795e-01
2.344827586206896519e-01
2.620689655172414034e-01
2.517241379310344862e-01
2.000000000000000111e-01
2.482758620689655138e-01
2.241379310344827624e-01
2.310344827586206795e-01
2.172413793103448176e-01
2.172413793103448176e-01
2.517241379310344862e-01
2.137931034482758730e-01
1.965517241379310387e-01
2.103448275862069006e-01
2.034482758620689558e-01
2.413793103448275967e-01
2.241379310344827624e-01
2.172413793103448176e-01
2.310344827586206795e-01
2.172413793103448176e-01
2.068965517241379282e-01
2.379310344827586243e-01
2.137931034482758730e-01
2.206896551724137900e-01
2.137931034482758730e-01
2.103448275862069006e-01
2.137931034482758730e-01
1.931034482758620663e-01
2.275862068965517349e-01
2.344827586206896519e-01
2.275862068965517349e-01
2.172413793103448176e-01
2.137931034482758730e-01
2.034482758620689558e-01
2.586206896551724310e-01
2.413793103448275967e-01
1.965517241379310387e-01
1.965517241379310387e-01
2.310344827586206795e-01
2.206896551724137900e-01
1.827586206896551768e-01
2.068965517241379282e-01
2.000000000000000111e-01
2.034482758620689558e-01
2.068965517241379282e-01
1.862068965517241492e-01
2.103448275862069006e-01
2.310344827586206795e-01
2.103448275862069006e-01
2.310344827586206795e-01
1.862068965517241492e-01
2.034482758620689558e-01
1.827586206896551768e-01
1.965517241379310387e-01
1.965517241379310387e-01
1.931034482758620663e-01
2.206896551724137900e-01
1.896551724137930939e-01
1.965517241379310387e-01
2.137931034482758730e-01
2.172413793103448176e-01
2.137931034482758730e-01
