1.000000000000000000e+00
8.370646766169154152e-01
7.842039800995025400e-01
7.574626865671642006e-01
7.381840796019900619e-01
7.112354892205638990e-01
6.905058043117744404e-01
6.915422885572138911e-01
6.755804311774461501e-01
6.430348258706467535e-01
6.463515754560530402e-01
6.444859038142620733e-01
6.179519071310115574e-01
6.135986733001658200e-01
6.057213930348258613e-01
5.955638474295190665e-01
5.675787728026534529e-01
5.750414593698175425e-01
5.580431177446102398e-01
5.518242122719734244e-01
5.528606965174129861e-01
5.319237147595357040e-01
5.230099502487561836e-01
5.277777777777777901e-01
5.114013266998341800e-01
5.114013266998341800e-01
4.985489220563847357e-01
4.852819237147595333e-01
4.815505804311774329e-01
4.732587064676617161e-01
4.871475953565505557e-01
4.589552238805970075e-01
4.749170812603648595e-01
4.591625207296848865e-01
4.533582089552238847e-01
4.429933665008292110e-01
4.450663349917081124e-01
4.469320066334991903e-01
4.448590381426202334e-01
4.400912106135986823e-01
4.376036484245439673e-01
4.415422885572139466e-01
4.315920398009950310e-01
4.268242122719734799e-01
4.121061359867330132e-01
4.179104477611940149e-01
4.060945273631840768e-01
4.015339966832504048e-01
4.083747927031509128e-01
3.957296849087894031e-01
3.818407960199005080e-01
3.922056384742951818e-01
3.725124378109452850e-01
3.635986733001658200e-01
3.633913764510779409e-01
3.681592039800994920e-01
3.633913764510779409e-01
3.687810945273631846e-01
3.600746268656716542e-01
3.611111111111111049e-01
3.555140961857379822e-01
3.436981757877280441e-01
3.401741293532338228e-01
3.403814262023217019e-01
3.453565505804311875e-01
3.449419568822553739e-01
3.443200663349916812e-01
3.366500829187396571e-01
3.376865671641791078e-01
3.206882255389718051e-01
3.300165837479270281e-01
3.196517412935323543e-01
3.285655058043117638e-01
3.190298507462686617e-01
3.159203980099502540e-01
3.177860696517412764e-01
3.055555555555555802e-01
3.038971807628523814e-01
3.171641791044776393e-01
3.109452736318407684e-01
2.980928689883913796e-01
3.113598673300165820e-01
3.001658374792703365e-01
3.026533996683250516e-01
2.989220563847429513e-01
2.947761194029850929e-01
2.995439469320066439e-01
2.889718076285240356e-01
2.916666666666666852e-01
2.858623548922056279e-01
2.783996683250414828e-01
2.804726368159203842e-01
2.740464344941956898e-01
2.746683250414593824e-01
2.703150912106135895e-01
2.742537313432835688e-01
2.707296849087894031e-01
2.746683250414593824e-01
2.630597014925373234e-01
2.707296849087894031e-01
2.568407960199005080e-01
2.715588723051409747e-01
2.622305140961857517e-01
2.649253731343283458e-01
2.609867330016583664e-01
2.601575456053067947e-01
2.518656716417910224e-01
2.473051409618573782e-01
2.535240464344942213e-01
2.452321724709784490e-01
2.487562189054726425e-01
2.522802653399668360e-01
2.439883913764510914e-01
2.580845771144278378e-01
2.435737976782752778e-01
2.533167495854062867e-01
2.406716417910447769e-01
2.323797678275290324e-01
2.408789386401326837e-01
2.398424543946932053e-01
2.400497512437810843e-01
2.359038142620232259e-01
2.377694859038142483e-01
2.307213930348258613e-01
2.346600331674958406e-01
2.305140961857379822e-01
2.327943615257048182e-01
2.311359867330016471e-01
2.207711442786069733e-01
2.207711442786069733e-01
2.143449419568822512e-01
2.126865671641791078e-01
2.145522388059701580e-01
2.081260364842454358e-01
2.141376451077943721e-01
2.126865671641791078e-01
2.089552238805970075e-01
2.046019900497512423e-01
1.977611940298507343e-01
2.077114427860696499e-01
2.029436152570480989e-01
2.033582089552238847e-01
1.990049751243781195e-01
2.010779436152570487e-01
2.025290215588723131e-01
1.946517412935323266e-01
2.033582089552238847e-01
1.954809286898839260e-01
1.919568822553897047e-01
1.894693200663349897e-01
1.944444444444444475e-01
1.932006633499170900e-01
1.888474295190712970e-01
1.892620232172471106e-01
1.884328358208955112e-01
1.820066334991708168e-01
1.824212271973466026e-01
1.863598673300165820e-01
1.923714759535655183e-01
1.809701492537313383e-01
1.809701492537313383e-01
1.793117744610281949e-01
1.759950248756218805e-01
1.799336650082918876e-01
1.782752902155887165e-01
1.691542288557214002e-01
1.718490878938640221e-01
1.685323383084577076e-01
1.710199004975124504e-01
1.691542288557214002e-01
1.658374792703150857e-01
1.703980099502487577e-01
1.672885572139303501e-01
1.633499170812603707e-01
1.695688225538971861e-01
1.670812603648424433e-01
1.637645107794361565e-01
1.670812603648424433e-01
1.672885572139303501e-01
1.693615257048092793e-01
1.641791044776119424e-01
1.652155887230514208e-01
1.577529021558872202e-01
1.604477611940298420e-01
1.658374792703150857e-01
1.598258706467661772e-01
1.502902155887230473e-01
1.604477611940298420e-01
1.550580431177445984e-01
1.587893864013266987e-01
1.656301824212272067e-01
1.556799336650082910e-01
1.598258706467661772e-01
1.552653399668325052e-01
1.496683250414593824e-01
1.563018242122719836e-01
1.513266998341625258e-01
1.504975124378109541e-01
1.554726368159203842e-01
1.511194029850746190e-01
1.581674958540630060e-01
1.507048092868988332e-01
1.515339966832504048e-01
1.488391376451077830e-01
1.382669983416252024e-01
1.484245439469319972e-01
1.449004975124378036e-01
1.417910447761193959e-01
1.484245439469319972e-01
1.473880597014925464e-01
1.484245439469319972e-01
1.438640132669983529e-01
1.440713101160862319e-01
1.488391376451077830e-01
1.451077943615257104e-01
1.405472636815920384e-01
1.455223880597014963e-01
1.374378109452736307e-01
1.399253731343283458e-01
1.475953565505804255e-01
1.444859038142620178e-01
1.422056384742951818e-01
1.386815920398009883e-01
1.353648424543947015e-01
1.395107794361525599e-01
1.376451077943615375e-01
1.332918739635157446e-01
1.310116086235489086e-01
1.337064676616915304e-01
1.293532338308457652e-01
1.320480928689883870e-01
1.364013266998341523e-01
1.382669983416252024e-01
1.293532338308457652e-01
1.279021558872305009e-01
1.283167495854063145e-01
1.285240464344941935e-01
1.208540630182421277e-01
1.233416252072968428e-01
1.328772802653399587e-01
1.312189054726368154e-01
1.220978441127694852e-01
1.243781094527363212e-01
1.220978441127694852e-01
1.235489220563847496e-01
1.254145936981757858e-01
1.281094527363184077e-01
1.208540630182421277e-01
1.173300165837479203e-01
1.223051409618573782e-01
1.206467661691542348e-01
1.256218905472636926e-01
1.218905472636815923e-01
1.256218905472636926e-01
1.202321724709784351e-01
1.270729684908789292e-01
1.252072968490879068e-01
1.258291873963515717e-01
1.293532338308457652e-01
1.183665008291873988e-01
1.202321724709784351e-01
1.196102819237147563e-01
1.239635157545605354e-01
1.191956882255389705e-01
1.138059701492537268e-01
1.158789386401326699e-01
1.194029850746268634e-01
1.152570480928689911e-01
1.125621890547263693e-01
1.229270315091210569e-01
1.191956882255389705e-01
1.133913764510779409e-01
1.133913764510779409e-01
1.162935323383084557e-01
1.187810945273631846e-01
1.111111111111111049e-01
1.160862354892205628e-01
1.144278606965174194e-01
1.135986733001658339e-01
1.175373134328358271e-01
1.160862354892205628e-01
1.133913764510779409e-01
1.065505804311774468e-01
1.090381426202321757e-01
1.111111111111111049e-01
1.102819237147595333e-01
1.065505804311774468e-01
1.030265339966832533e-01
1.080016583747926973e-01
1.032338308457711462e-01
1.024046434494195745e-01
1.021973466003316816e-01
1.042703150912106108e-01
1.001243781094527385e-01
1.038557213930348250e-01
1.034411276948590391e-01
1.021973466003316816e-01
1.040630182421227179e-01
9.991708126036484561e-02
1.048922056384742896e-01
9.805140961857379545e-02
1.005389718076285244e-01
9.639303482587065208e-02
9.991708126036484561e-02
9.473466003316749484e-02
9.846600331674958129e-02
9.452736318407960192e-02
1.015754560530679890e-01
9.970978441127695269e-02
9.888059701492536713e-02
9.328358208955224440e-02
9.597844112769485236e-02
9.183250414593698008e-02
9.660033167495854500e-02
9.183250414593698008e-02
9.328358208955224440e-02
8.975953565505803700e-02
9.577114427860695944e-02
8.934494195688225116e-02
8.706467661691542903e-02
8.685737976782752223e-02
8.893034825870646531e-02
8.893034825870646531e-02
8.602819237147595055e-02
9.162520729684908716e-02
9.577114427860695944e-02
9.328358208955224440e-02
8.644278606965173639e-02
8.623548922056384347e-02
8.665008291873962931e-02
8.934494195688225116e-02
8.955223880597014408e-02
9.203980099502487300e-02
8.747927031509121487e-02
8.810116086235489363e-02
9.058872305140962256e-02
8.312603648424543579e-02
8.975953565505803700e-02
8.665008291873962931e-02
8.768656716417910779e-02
8.602819237147595055e-02
8.893034825870646531e-02
9.141791044776119424e-02
8.851575456053067947e-02
8.416252072968491427e-02
8.540630182421227179e-02
8.250414593698175703e-02
7.835820895522388474e-02
8.312603648424543579e-02
8.291873963515754287e-02
8.250414593698175703e-02
8.043117744610281394e-02
9.162520729684908716e-02
8.291873963515754287e-02
7.856550580431177766e-02
8.499170812603648595e-02
7.980928689883913518e-02
8.747927031509121487e-02
8.333333333333332871e-02
8.250414593698175703e-02
8.312603648424543579e-02
8.975953565505803700e-02
8.602819237147595055e-02
8.747927031509121487e-02
8.022388059701492102e-02
8.436981757877280719e-02
8.602819237147595055e-02
8.188225538971807826e-02
8.229684908789386411e-02
7.960199004975124226e-02
8.395522388059702135e-02
8.043117744610281394e-02
8.582089552238805763e-02
7.711442786069651334e-02
8.416252072968491427e-02
7.504145936981758414e-02
8.022388059701492102e-02
8.043117744610281394e-02
8.043117744610281394e-02
7.669983416252072750e-02
7.960199004975124226e-02
7.794361525704809890e-02
7.504145936981758414e-02
7.628524046434494166e-02
7.524875621890547706e-02
8.271144278606964995e-02
7.898009950248756350e-02
7.338308457711442689e-02
7.131011608623548381e-02
7.441956882255389150e-02
7.462686567164178442e-02
7.649253731343283458e-02
7.110281923714759089e-02
7.462686567164178442e-02
6.965174129353234045e-02
7.628524046434494166e-02
7.400497512437810566e-02
7.441956882255389150e-02
7.213930348258706937e-02
7.732172470978440626e-02
7.524875621890547706e-02
