1.000000000000000000e+00
8.134507606084867559e-01
8.065118761676007830e-01
7.726180944755804969e-01
7.638110488390712494e-01
7.518014411529223562e-01
7.245796637309848132e-01
7.149719775820656542e-01
6.880170803309314520e-01
6.818788364024552795e-01
6.661329063250600591e-01
6.549239391513210773e-01
6.389111289031225160e-01
6.325060048038431137e-01
6.261008807045636004e-01
6.095543101147584686e-01
6.100880704563650392e-01
6.034160661862824071e-01
5.980784627702161460e-01
5.834000533760341778e-01
5.890045369629036687e-01
5.922070990125433143e-01
5.906058179877234915e-01
5.735254870563116780e-01
5.799306111555911913e-01
5.583133173205231392e-01
5.607152388577528734e-01
5.561782759540966348e-01
5.428342674139311486e-01
5.318921804109955076e-01
5.420336269015212372e-01
5.380304243394715691e-01
5.268214571657325873e-01
5.094742460635174330e-01
5.068054443554843580e-01
4.979983987189751660e-01
4.998665599145983296e-01
4.883907125700560625e-01
5.054710435014678760e-01
4.809180677875634080e-01
4.755804643714972024e-01
4.715772618094475344e-01
4.761142247131038285e-01
4.825193488123832308e-01
4.878569522284494364e-01
4.595676541232986412e-01
4.699759807846277115e-01
4.697091006138243707e-01
4.574326127568721367e-01
4.515612489991993606e-01
4.432879637042967946e-01
4.424873231918868277e-01
4.344809180677875471e-01
4.368828396050173368e-01
4.136642647451294619e-01
4.160661862823591961e-01
4.203362690152121495e-01
4.174005871363757891e-01
4.318121163597544721e-01
4.160661862823591961e-01
4.227381905524419392e-01
4.147317854283426586e-01
4.128636242327194950e-01
4.190018681611956120e-01
4.077929009874566302e-01
3.992527355217507234e-01
4.013877768881772279e-01
3.971176941553242745e-01
3.912463303976514428e-01
4.029890579129970507e-01
4.077929009874566302e-01
3.907125700560448167e-01
3.976514544969309006e-01
3.909794502268481575e-01
3.989858553509474381e-01
3.872431278356018303e-01
3.987189751801440973e-01
3.768348011742727599e-01
3.634907926341072737e-01
3.773685615158793860e-01
3.805711235655190872e-01
3.755004003202562224e-01
3.805711235655190872e-01
3.730984787830264326e-01
3.680277555377635679e-01
3.717640779290098951e-01
3.669602348545503157e-01
3.682946357085668532e-01
3.629570322925006476e-01
3.634907926341072737e-01
3.560181478516146192e-01
3.584200693888444089e-01
3.554843875100079931e-01
3.557512676808113339e-01
3.517480651187616658e-01
3.490792634107285908e-01
3.466773418734988010e-01
3.338670936749399409e-01
3.504136642647451283e-01
3.456098211902855488e-01
3.360021350413664454e-01
3.293301307712837023e-01
3.418734987990392216e-01
3.303976514544969545e-01
3.413397384574325955e-01
3.389378169202028057e-01
3.338670936749399409e-01
3.384040565785962351e-01
3.191886842807579172e-01
3.234587670136108706e-01
3.381371764077928943e-01
3.429410194822524738e-01
3.311982919669068659e-01
3.376034160661862682e-01
3.346677341873498523e-01
3.360021350413664454e-01
3.282626100880704501e-01
3.258606885508406603e-01
3.269282092340539125e-01
3.258606885508406603e-01
3.175874032559380944e-01
3.213237256471844216e-01
3.231918868428075853e-01
3.170536429143314683e-01
3.122497998398718888e-01
3.138510808646917671e-01
3.050440352281825196e-01
3.053109153989858604e-01
3.151854817187083047e-01
3.093141179610354730e-01
3.058446757405924865e-01
3.143848412062983932e-01
3.047771550573792343e-01
3.087803576194289024e-01
2.973045102748865798e-01
2.970376301040832390e-01
2.994395516413130287e-01
2.919669068588203742e-01
2.933013077128369117e-01
3.026421136909527854e-01
3.034427542033626968e-01
2.882305844675740469e-01
2.962369895916733276e-01
2.852949025887376311e-01
2.847611422471310605e-01
2.914331465172137481e-01
3.005070723245262809e-01
2.991726714705097434e-01
2.906325060048038367e-01
2.858286629303442572e-01
2.866293034427542241e-01
2.828929810515078969e-01
2.791566586602615696e-01
2.898318654923939253e-01
2.762209767814251538e-01
2.820923405390979299e-01
2.724846543901788265e-01
2.767547371230317799e-01
2.716840138777688596e-01
2.820923405390979299e-01
2.743528155858019901e-01
2.786228983186549435e-01
2.748865759274086162e-01
2.724846543901788265e-01
2.778222578062449766e-01
2.714171337069655743e-01
2.610088070456365039e-01
2.738190552441953640e-01
2.698158526821456960e-01
2.703496130237523221e-01
2.735521750733920232e-01
2.700827328529490368e-01
2.634107285828662937e-01
2.631438484120630084e-01
2.535361622631438494e-01
2.708833733653589482e-01
2.655457699492927426e-01
2.698158526821456960e-01
2.679476914865225323e-01
2.652788897784894573e-01
2.644782492660795459e-01
2.679476914865225323e-01
2.599412863624232517e-01
2.618094475580464153e-01
2.564718441419802653e-01
2.503336002135041483e-01
2.580731251668000881e-01
2.591406458500133403e-01
2.615425673872431300e-01
2.530024019215372233e-01
2.578062449959968028e-01
2.487323191886842699e-01
2.508673605551107744e-01
2.463303976514545079e-01
2.449959967974379427e-01
2.487323191886842699e-01
2.535361622631438494e-01
2.452628769682412557e-01
2.580731251668000881e-01
2.511342407259140597e-01
2.530024019215372233e-01
2.564718441419802653e-01
2.492660795302908960e-01
2.506004803843074336e-01
2.423271950894048676e-01
2.417934347477982415e-01
2.385908726981585404e-01
2.423271950894048676e-01
2.431278356018147790e-01
2.289831865492393814e-01
2.399252735521750779e-01
2.449959967974379427e-01
2.364558313317320637e-01
2.332532692820923348e-01
2.295169468908460075e-01
2.380571123565519143e-01
2.321857485988791103e-01
2.356551908193221245e-01
2.455297571390445688e-01
2.364558313317320637e-01
2.263143848412063064e-01
2.284494262076327831e-01
2.329863891112890217e-01
2.364558313317320637e-01
2.297838270616493206e-01
2.351214304777154984e-01
2.265812650120096194e-01
2.316519882572724842e-01
2.359220709901254376e-01
2.340539097945022740e-01
2.220443021083533530e-01
2.271150253536162178e-01
2.252468641579930542e-01
2.313851080864691712e-01
2.252468641579930542e-01
2.300507072324526336e-01
2.212436615959434139e-01
2.228449426207632644e-01
2.276487856952228439e-01
2.239124633039765166e-01
2.265812650120096194e-01
2.313851080864691712e-01
2.265812650120096194e-01
2.215105417667467269e-01
2.143047771550573855e-01
2.271150253536162178e-01
2.164398185214838621e-01
2.276487856952228439e-01
2.217774219375500400e-01
2.279156658660261570e-01
2.287163063784360684e-01
2.271150253536162178e-01
2.225780624499599791e-01
2.276487856952228439e-01
2.223111822791566661e-01
2.233787029623698905e-01
2.233787029623698905e-01
2.217774219375500400e-01
2.148385374966640116e-01
2.244462236455831428e-01
2.135041366426474463e-01
2.209767814251401008e-01
2.081665332265812685e-01
2.143047771550573855e-01
2.161729383506805491e-01
2.228449426207632644e-01
2.111022151054176565e-01
2.113690952762209696e-01
2.105684547638110582e-01
2.129703763010408202e-01
2.089671737389911799e-01
2.185748598879103388e-01
2.167066986922871752e-01
2.172404590338937735e-01
2.036295703229250020e-01
2.156391780090739230e-01
2.097678142514011190e-01
2.062983720309581048e-01
2.070990125433680162e-01
2.012276487856952123e-01
2.028289298105150906e-01
2.009607686148919270e-01
2.076327728849746423e-01
2.020282892981051515e-01
2.017614091273018384e-01
1.964238057112356606e-01
1.921537229783827072e-01
1.942887643448091839e-01
1.926874833199893333e-01
1.969575660528422867e-01
1.974913263944488850e-01
1.985588470776621373e-01
1.942887643448091839e-01
2.028289298105150906e-01
1.905524419535628566e-01
1.902855617827595436e-01
2.004270082732853009e-01
2.022951694689084645e-01
1.998932479316786748e-01
1.950894048572190953e-01
2.054977315185481657e-01
2.012276487856952123e-01
1.932212436615959317e-01
2.001601281024819878e-01
1.982919669068588242e-01
1.956231651988257214e-01
1.932212436615959317e-01
1.924206031491860203e-01
1.945556445156124969e-01
1.860154790499065902e-01
1.849479583666933658e-01
1.958900453696290345e-01
1.918868428075793942e-01
1.932212436615959317e-01
1.822791566586602630e-01
1.902855617827595436e-01
1.822791566586602630e-01
1.889511609287430061e-01
1.750733920469709215e-01
1.814785161462503238e-01
1.836135575126768005e-01
1.806778756338404124e-01
1.838804376834801135e-01
1.876167600747264408e-01
1.820122764878569499e-01
1.886842807579396930e-01
1.945556445156124969e-01
1.828129170002668891e-01
1.934881238323992447e-01
1.881505204163330669e-01
1.876167600747264408e-01
1.793434747798238471e-01
1.825460368294635760e-01
1.889511609287430061e-01
1.814785161462503238e-01
1.729383506805444448e-01
1.820122764878569499e-01
1.758740325593808329e-01
1.788097144382172488e-01
1.806778756338404124e-01
1.769415532425940851e-01
1.790765946090205618e-01
1.854817187082999641e-01
1.793434747798238471e-01
1.868161195623165294e-01
1.900186816119562305e-01
1.806778756338404124e-01
1.785428342674139357e-01
1.825460368294635760e-01
1.822791566586602630e-01
1.724045903389378187e-01
1.820122764878569499e-01
1.825460368294635760e-01
1.673338670936749262e-01
1.753402722177742068e-01
1.726714705097411318e-01
1.745396317053642954e-01
1.737389911929543562e-01
1.793434747798238471e-01
1.820122764878569499e-01
1.774753135842006835e-01
1.726714705097411318e-01
1.724045903389378187e-01
1.734721110221510432e-01
1.761409127301841460e-01
1.750733920469709215e-01
1.646650653856418511e-01
1.694689084601014029e-01
1.705364291433146551e-01
1.793434747798238471e-01
1.750733920469709215e-01
1.753402722177742068e-01
1.817453963170536368e-01
1.806778756338404124e-01
1.761409127301841460e-01
1.686682679476914914e-01
1.809447558046437254e-01
1.729383506805444448e-01
1.740058713637576693e-01
1.721377101681345057e-01
1.774753135842006835e-01
1.689351481184948045e-01
1.742727515345609823e-01
1.716039498265278795e-01
1.684013877768881784e-01
1.724045903389378187e-01
1.761409127301841460e-01
1.678676274352815523e-01
1.686682679476914914e-01
1.713370696557245665e-01
1.702695489725113420e-01
1.745396317053642954e-01
1.676007472644782392e-01
1.678676274352815523e-01
1.684013877768881784e-01
1.726714705097411318e-01
1.689351481184948045e-01
1.665332265812650148e-01
1.729383506805444448e-01
1.625300240192153745e-01
1.705364291433146551e-01
