1.000000000000000000e+00
8.378053664397276945e-01
8.133760512615137994e-01
7.937525030036043372e-01
7.905486583900680486e-01
7.488986784140969633e-01
7.212655186223467796e-01
7.120544653584300887e-01
6.872246696035242408e-01
6.792150580696836304e-01
6.828193832599118718e-01
6.884261113336003213e-01
6.599919903884661210e-01
6.395674809771726421e-01
6.507809371245494301e-01
6.251501802162595656e-01
6.151381657989587470e-01
6.035242290748898952e-01
6.015218261914296871e-01
5.895074088906687715e-01
5.951141369643572210e-01
5.514617541049259275e-01
5.642771325590708598e-01
5.250300360432519353e-01
5.466559871846214946e-01
5.438526231477773809e-01
5.338406087304765624e-01
5.158189827793352444e-01
5.374449339207048038e-01
5.210252302763316301e-01
5.158189827793352444e-01
5.082098518221865868e-01
4.953944733680416546e-01
4.961954345214257267e-01
5.026031237484982483e-01
4.913896676011213493e-01
4.801762114537445059e-01
4.901882258710452689e-01
4.805766920304365142e-01
4.789747697236684254e-01
4.709651581898278150e-01
4.561473768522226746e-01
4.705646776131357512e-01
4.709651581898278150e-01
4.565478574289146829e-01
4.573488185822987551e-01
4.537444933920704582e-01
4.361233480176211486e-01
4.401281537845414538e-01
4.381257509010813012e-01
4.289146976371646103e-01
4.084901882258710204e-01
4.205046055266319360e-01
4.197036443732479194e-01
4.048858630356427790e-01
4.193031637965558556e-01
4.152983580296355504e-01
4.016820184221065460e-01
4.064877853424108678e-01
4.052863436123347873e-01
3.956748097717260881e-01
4.100921105326391647e-01
3.868642370845014056e-01
3.884661593912695499e-01
3.880656788145774860e-01
3.968762515018021686e-01
3.748498197837404899e-01
3.696435722867441043e-01
3.832599118942731087e-01
3.684421305566680238e-01
3.764517420905086342e-01
3.512214657589106670e-01
3.564277132559071082e-01
3.604325190228274134e-01
3.568281938325991165e-01
3.508209851822186587e-01
3.628354024829795743e-01
3.608329995995194217e-01
3.456147376852222730e-01
3.408089707649178957e-01
3.287945534641569800e-01
3.448137765318382009e-01
3.480176211453744339e-01
3.536243492190628834e-01
3.352022426912295017e-01
3.396075290348418152e-01
3.344012815378454295e-01
3.307969563476171326e-01
3.191830196235482808e-01
3.235883059671605944e-01
3.279935923107729079e-01
3.295955146175410522e-01
3.219863836603924501e-01
3.115738886663996787e-01
3.344012815378454295e-01
3.219863836603924501e-01
3.251902282739287386e-01
3.223868642370845139e-01
3.235883059671605944e-01
3.043652382859431405e-01
3.135762915498598313e-01
2.963556267521025300e-01
3.007609130957148436e-01
3.075690828994793735e-01
3.003604325190228352e-01
2.883460152182619196e-01
2.899479375250300084e-01
2.931517821385662970e-01
2.871445734881858391e-01
2.939527432919503136e-01
2.891469763716459918e-01
2.787344813776531649e-01
2.883460152182619196e-01
2.903484181017220722e-01
2.787344813776531649e-01
2.759311173408089957e-01
2.743291950340408514e-01
2.727272727272727071e-01
2.715258309971966266e-01
2.695234281137364740e-01
2.635162194633560162e-01
2.703243892671205462e-01
2.623147777332799357e-01
2.631157388866640079e-01
2.575090108129755584e-01
2.591109331197437027e-01
2.498998798558269840e-01
2.607128554265117915e-01
2.631157388866640079e-01
2.527032438926711810e-01
2.515018021625951006e-01
2.555066079295154058e-01
2.567080496595914862e-01
2.462955546655987149e-01
2.599118942731277748e-01
2.543051661994393253e-01
2.490989187024429397e-01
2.430917100520624818e-01
2.398878654385262210e-01
2.515018021625951006e-01
2.462955546655987149e-01
2.498998798558269840e-01
2.418902683219863736e-01
2.354825790949139075e-01
2.338806567881457632e-01
2.370845014016820240e-01
2.490989187024429397e-01
2.418902683219863736e-01
2.262715258309971889e-01
2.346816179415298353e-01
2.214657589106928393e-01
2.250700841009211084e-01
2.210652783340008032e-01
2.218662394873848753e-01
2.282739287144573415e-01
2.182619142971565784e-01
2.194633560272326867e-01
2.226672006407689197e-01
2.230676812174609558e-01
2.178614337204645701e-01
2.182619142971565784e-01
2.186623948738486145e-01
2.234681617941529919e-01
2.226672006407689197e-01
2.226672006407689197e-01
2.186623948738486145e-01
2.158590308370044175e-01
2.194633560272326867e-01
2.258710452543051528e-01
2.178614337204645701e-01
2.050460552663195823e-01
2.110532639167000402e-01
2.014417300760913132e-01
1.978374048858630441e-01
2.138566279535442649e-01
2.094513416099319236e-01
2.078494193031638071e-01
2.102523027633159680e-01
2.118542250700841123e-01
2.038446135362435019e-01
2.030436523828594297e-01
1.962354825790949275e-01
2.054465358430116184e-01
1.938325991189427389e-01
1.954345214257108554e-01
1.990388466159391245e-01
1.966359631557869359e-01
1.950340408490188193e-01
1.890268321986383615e-01
1.966359631557869359e-01
1.986383660392470885e-01
1.938325991189427389e-01
1.898277933520224336e-01
1.946335602723267832e-01
1.934321185422507028e-01
1.910292350820985141e-01
1.886263516219463254e-01
1.822186623948738593e-01
1.938325991189427389e-01
1.818181818181818232e-01
1.882258710452543171e-01
1.878253904685622810e-01
1.902282739287144697e-01
1.874249098918702450e-01
1.878253904685622810e-01
1.986383660392470885e-01
1.926311573888666306e-01
1.834201041249499398e-01
1.858229875851021284e-01
1.862234681617941645e-01
1.886263516219463254e-01
1.942330796956347749e-01
1.826191429715658676e-01
1.910292350820985141e-01
1.866239487384861728e-01
1.786143372046455624e-01
1.802162595114137067e-01
1.870244293151782089e-01
1.802162595114137067e-01
1.882258710452543171e-01
1.774128954745694819e-01
1.782138566279535541e-01
1.734080897076491767e-01
1.802162595114137067e-01
1.726071285542651046e-01
1.830196235482579037e-01
1.802162595114137067e-01
1.718061674008810602e-01
1.762114537444934015e-01
1.738085702843412128e-01
1.762114537444934015e-01
1.661994393271926385e-01
1.710052062474969881e-01
1.690028033640368355e-01
1.706047256708049797e-01
1.686023227873448271e-01
1.653984781738085663e-01
1.617941529835802972e-01
1.653984781738085663e-01
1.657989587505006024e-01
1.597917501001201446e-01
1.629955947136563776e-01
1.581898277933520280e-01
1.609931918301962250e-01
1.609931918301962250e-01
1.565879054865839115e-01
1.633960752903484137e-01
1.485782939527433011e-01
1.613936724068882611e-01
1.545855026031237589e-01
1.513816579895874981e-01
1.665999199038846745e-01
1.537845414497396868e-01
1.465758910692831485e-01
1.549859831798157672e-01
1.597917501001201446e-01
1.513816579895874981e-01
1.609931918301962250e-01
1.469763716459751568e-01
1.453744493392070403e-01
1.393672406888265825e-01
1.537845414497396868e-01
1.413696435722867351e-01
1.529835802963556146e-01
1.597917501001201446e-01
1.473768522226671929e-01
1.481778133760512650e-01
1.513816579895874981e-01
1.513816579895874981e-01
1.397677212655186185e-01
1.489787745294353094e-01
1.445734881858229959e-01
1.469763716459751568e-01
1.553864637565078033e-01
1.469763716459751568e-01
1.505806968362034537e-01
1.441730076091309598e-01
1.453744493392070403e-01
1.493792551061273455e-01
1.537845414497396868e-01
1.581898277933520280e-01
1.601922306768121806e-01
1.561874249098918754e-01
1.521826191429715702e-01
1.433720464557468877e-01
1.561874249098918754e-01
1.505806968362034537e-01
1.525830997196636063e-01
1.473768522226671929e-01
1.521826191429715702e-01
1.429715658790548793e-01
1.501802162595114176e-01
1.441730076091309598e-01
1.505806968362034537e-01
1.505806968362034537e-01
1.497797356828193815e-01
1.453744493392070403e-01
1.517821385662795342e-01
1.489787745294353094e-01
1.529835802963556146e-01
1.489787745294353094e-01
1.409691629955947267e-01
1.553864637565078033e-01
1.501802162595114176e-01
1.353624349219062772e-01
1.441730076091309598e-01
1.389667601121345741e-01
1.469763716459751568e-01
1.353624349219062772e-01
1.349619543452142689e-01
1.329595514617541163e-01
1.301561874249098916e-01
1.341609931918301968e-01
1.421706047256708072e-01
1.369643572286744215e-01
1.405686824189026907e-01
1.449739687625150042e-01
1.445734881858229959e-01
1.357629154985983133e-01
1.385662795354425381e-01
1.405686824189026907e-01
1.361633960752903494e-01
1.349619543452142689e-01
1.417701241489787711e-01
1.429715658790548793e-01
1.337605126151381607e-01
1.337605126151381607e-01
1.321585903083700442e-01
1.381657989587505020e-01
1.389667601121345741e-01
1.353624349219062772e-01
1.321585903083700442e-01
1.345614737685222329e-01
1.313576291549859720e-01
1.321585903083700442e-01
1.221465758910692812e-01
1.261513816579895864e-01
1.277533039647577029e-01
1.293552262715258194e-01
1.277533039647577029e-01
1.349619543452142689e-01
1.309571485782939637e-01
1.361633960752903494e-01
1.349619543452142689e-01
1.289547456948338111e-01
1.221465758910692812e-01
1.225470564677613172e-01
1.261513816579895864e-01
1.365638766519823855e-01
1.281537845414497390e-01
1.229475370444533394e-01
1.149379255106127290e-01
1.197436924309171064e-01
1.281537845414497390e-01
1.201441730076091285e-01
1.177412895474569537e-01
1.185422507008410120e-01
1.185422507008410120e-01
1.225470564677613172e-01
1.233480176211453755e-01
1.197436924309171064e-01
1.125350420504605542e-01
1.201441730076091285e-01
1.285542651181417750e-01
1.265518622346816224e-01
1.205446535843011646e-01
1.145374449339207068e-01
1.161393672406888233e-01
1.241489787745294338e-01
1.117340808970764959e-01
1.153384060873047651e-01
1.105326391670004016e-01
1.105326391670004016e-01
1.113336003203844599e-01
1.181417701241489759e-01
1.197436924309171064e-01
1.109331197436924377e-01
1.181417701241489759e-01
1.141369643572286707e-01
1.173408089707649177e-01
1.117340808970764959e-01
1.109331197436924377e-01
1.129355226271525764e-01
1.201441730076091285e-01
1.197436924309171064e-01
1.189427312775330342e-01
1.109331197436924377e-01
1.093311974369243073e-01
1.069283139767721325e-01
1.073287945534641546e-01
1.133360032038446125e-01
1.085302362835402490e-01
1.001201441730076025e-01
1.121345614737685181e-01
1.033239887865438494e-01
1.085302362835402490e-01
1.041249499399279077e-01
1.093311974369243073e-01
1.025230276331597912e-01
1.041249499399279077e-01
1.065278334000800964e-01
