1.000000000000000000e+00
7.823383084577114621e-01
7.524875621890547706e-01
7.089552238805970630e-01
6.666666666666666297e-01
6.927860696517412764e-01
6.840796019900498015e-01
6.529850746268657247e-01
6.579601990049751548e-01
6.218905472636815368e-01
6.368159203980099381e-01
6.094527363184079061e-01
6.131840796019900619e-01
6.131840796019900619e-01
6.293532338308457375e-01
5.771144278606965550e-01
6.032338308457710907e-01
5.223880597014924909e-01
5.708955223880597396e-01
5.646766169154229242e-01
5.559701492537313383e-01
5.696517412935323543e-01
5.472636815920397524e-01
5.609452736318407684e-01
5.534825870646765678e-01
5.460199004975124781e-01
5.435323383084577076e-01
5.136815920398010160e-01
5.286069651741293063e-01
5.410447761194029370e-01
5.074626865671642006e-01
5.211442786069652167e-01
4.888059701492537545e-01
5.174129353233830608e-01
5.410447761194029370e-01
5.062189054726368154e-01
5.136815920398010160e-01
5.199004975124378314e-01
4.925373134328357994e-01
4.813432835820895539e-01
5.074626865671642006e-01
4.912935323383084696e-01
5.124378109452736307e-01
4.813432835820895539e-01
4.514925373134328623e-01
4.440298507462686617e-01
4.514925373134328623e-01
4.726368159203980235e-01
4.427860696517412764e-01
4.477611940298507620e-01
4.626865671641791078e-01
4.701492537313433084e-01
4.402985074626865614e-01
4.527363184079601921e-01
4.726368159203980235e-01
4.577114427860696777e-01
4.365671641791044610e-01
4.452736318407960470e-01
4.601990049751243927e-01
4.415422885572139466e-01
4.266169154228855454e-01
4.228855721393035005e-01
4.228855721393035005e-01
4.328358208955223607e-01
4.129353233830845848e-01
4.514925373134328623e-01
4.328358208955223607e-01
4.166666666666666852e-01
3.980099502487562391e-01
4.166666666666666852e-01
4.017412935323382839e-01
4.452736318407960470e-01
4.415422885572139466e-01
4.067164179104477695e-01
3.992537313432835688e-01
4.042288557213930544e-01
4.191542288557214002e-01
4.179104477611940149e-01
3.967661691542288538e-01
3.905472636815920384e-01
4.278606965174129306e-01
4.179104477611940149e-01
4.029850746268656692e-01
4.154228855721392999e-01
4.067164179104477695e-01
3.980099502487562391e-01
3.868159203980099381e-01
4.079601990049750992e-01
4.116915422885571996e-01
4.029850746268656692e-01
3.756218905472636926e-01
3.917910447761194237e-01
3.781094527363184077e-01
3.743781094527363074e-01
3.980099502487562391e-01
3.992537313432835688e-01
3.557213930348258613e-01
3.893034825870646531e-01
3.731343283582089776e-01
4.029850746268656692e-01
3.718905472636815923e-01
4.067164179104477695e-01
3.942786069651741387e-01
3.805970149253731227e-01
3.855721393034826083e-01
3.843283582089552231e-01
3.905472636815920384e-01
3.619402985074626766e-01
3.768656716417910224e-01
3.942786069651741387e-01
3.855721393034826083e-01
3.818407960199005080e-01
3.942786069651741387e-01
4.004975124378109541e-01
3.805970149253731227e-01
3.619402985074626766e-01
3.967661691542288538e-01
3.631840796019900619e-01
3.631840796019900619e-01
3.805970149253731227e-01
3.818407960199005080e-01
3.880597014925373234e-01
3.669154228855721622e-01
3.905472636815920384e-01
3.606965174129353469e-01
3.669154228855721622e-01
3.495024875621890459e-01
3.569651741293532465e-01
3.569651741293532465e-01
3.669154228855721622e-01
3.457711442786069456e-01
3.320895522388059851e-01
3.196517412935323543e-01
3.482587064676617161e-01
3.445273631840796158e-01
3.606965174129353469e-01
3.544776119402985315e-01
3.407960199004975155e-01
3.283582089552238847e-01
3.233830845771144546e-01
3.196517412935323543e-01
3.432835820895522305e-01
2.972636815920398079e-01
3.358208955223880854e-01
3.457711442786069456e-01
3.457711442786069456e-01
3.358208955223880854e-01
3.333333333333333148e-01
3.457711442786069456e-01
3.109452736318407684e-01
3.184079601990049690e-01
3.034825870646766233e-01
3.171641791044776393e-01
3.407960199004975155e-01
3.221393034825870694e-01
3.470149253731343308e-01
3.047263681592039530e-01
3.345771144278607001e-01
3.109452736318407684e-01
3.246268656716417844e-01
3.022388059701492380e-01
3.159203980099502540e-01
3.271144278606964995e-01
3.320895522388059851e-01
3.271144278606964995e-01
3.208955223880596841e-01
3.196517412935323543e-01
3.109452736318407684e-01
3.072139303482587236e-01
2.910447761194029925e-01
3.034825870646766233e-01
3.345771144278607001e-01
3.196517412935323543e-01
3.121890547263681537e-01
3.233830845771144546e-01
3.146766169154228687e-01
3.159203980099502540e-01
2.985074626865671377e-01
3.034825870646766233e-01
3.221393034825870694e-01
3.370646766169154152e-01
3.022388059701492380e-01
3.196517412935323543e-01
3.283582089552238847e-01
3.009950248756219082e-01
3.109452736318407684e-01
3.208955223880596841e-01
2.947761194029850929e-01
3.308457711442785998e-01
3.184079601990049690e-01
3.134328358208955390e-01
3.072139303482587236e-01
3.009950248756219082e-01
2.972636815920398079e-01
3.084577114427860534e-01
3.121890547263681537e-01
3.146766169154228687e-01
3.059701492537313383e-01
3.159203980099502540e-01
2.898009950248756073e-01
2.985074626865671377e-01
3.034825870646766233e-01
3.084577114427860534e-01
2.947761194029850929e-01
3.233830845771144546e-01
3.059701492537313383e-01
2.972636815920398079e-01
3.059701492537313383e-01
2.972636815920398079e-01
3.146766169154228687e-01
2.885572139303482775e-01
3.084577114427860534e-01
3.022388059701492380e-01
2.823383084577114621e-01
2.997512437810945229e-01
2.985074626865671377e-01
3.072139303482587236e-01
3.208955223880596841e-01
2.898009950248756073e-01
3.034825870646766233e-01
3.072139303482587236e-01
3.009950248756219082e-01
3.146766169154228687e-01
2.997512437810945229e-01
3.134328358208955390e-01
2.898009950248756073e-01
2.985074626865671377e-01
2.960199004975124226e-01
2.873134328358208922e-01
2.997512437810945229e-01
2.935323383084577076e-01
2.860696517412935069e-01
2.661691542288557311e-01
2.711442786069651611e-01
2.748756218905472615e-01
2.947761194029850929e-01
2.848258706467661772e-01
2.711442786069651611e-01
3.084577114427860534e-01
2.898009950248756073e-01
3.009950248756219082e-01
2.860696517412935069e-01
2.898009950248756073e-01
2.860696517412935069e-01
2.960199004975124226e-01
3.009950248756219082e-01
2.823383084577114621e-01
2.985074626865671377e-01
2.898009950248756073e-01
2.761194029850746468e-01
3.121890547263681537e-01
2.798507462686566916e-01
2.935323383084577076e-01
3.022388059701492380e-01
2.810945273631840768e-01
2.910447761194029925e-01
2.823383084577114621e-01
2.786069651741293618e-01
2.823383084577114621e-01
2.748756218905472615e-01
2.798507462686566916e-01
3.134328358208955390e-01
2.748756218905472615e-01
2.910447761194029925e-01
2.960199004975124226e-01
3.022388059701492380e-01
2.699004975124378314e-01
2.985074626865671377e-01
2.786069651741293618e-01
2.562189054726368154e-01
2.960199004975124226e-01
2.935323383084577076e-01
2.711442786069651611e-01
2.773631840796019765e-01
2.636815920398010160e-01
2.723880597014925464e-01
2.810945273631840768e-01
2.786069651741293618e-01
2.711442786069651611e-01
2.699004975124378314e-01
2.885572139303482775e-01
2.910447761194029925e-01
2.835820895522387919e-01
2.835820895522387919e-01
2.898009950248756073e-01
2.699004975124378314e-01
2.848258706467661772e-01
2.823383084577114621e-01
2.748756218905472615e-01
2.674129353233830608e-01
2.773631840796019765e-01
2.711442786069651611e-01
2.848258706467661772e-01
2.711442786069651611e-01
2.773631840796019765e-01
2.748756218905472615e-01
2.761194029850746468e-01
2.723880597014925464e-01
2.674129353233830608e-01
3.097014925373134386e-01
2.798507462686566916e-01
2.549751243781094301e-01
2.873134328358208922e-01
2.748756218905472615e-01
2.823383084577114621e-01
2.736318407960198762e-01
2.649253731343283458e-01
2.636815920398010160e-01
2.674129353233830608e-01
2.699004975124378314e-01
2.500000000000000000e-01
2.736318407960198762e-01
2.810945273631840768e-01
2.425373134328358271e-01
2.848258706467661772e-01
2.910447761194029925e-01
2.425373134328358271e-01
2.786069651741293618e-01
2.773631840796019765e-01
2.624378109452736307e-01
2.898009950248756073e-01
2.636815920398010160e-01
2.736318407960198762e-01
2.736318407960198762e-01
2.437810945273631846e-01
2.661691542288557311e-01
2.487562189054726425e-01
2.587064676616915304e-01
2.500000000000000000e-01
2.723880597014925464e-01
2.599502487562189157e-01
2.860696517412935069e-01
2.599502487562189157e-01
2.860696517412935069e-01
2.699004975124378314e-01
2.487562189054726425e-01
2.736318407960198762e-01
2.786069651741293618e-01
2.425373134328358271e-01
2.711442786069651611e-01
2.786069651741293618e-01
2.636815920398010160e-01
2.736318407960198762e-01
2.636815920398010160e-01
2.512437810945273853e-01
2.674129353233830608e-01
2.375621890547263693e-01
2.736318407960198762e-01
2.500000000000000000e-01
2.599502487562189157e-01
2.562189054726368154e-01
2.263681592039800961e-01
2.437810945273631846e-01
2.537313432835821003e-01
2.636815920398010160e-01
2.524875621890547150e-01
2.475124378109452850e-01
2.611940298507462455e-01
2.475124378109452850e-01
2.574626865671642006e-01
2.674129353233830608e-01
2.611940298507462455e-01
2.773631840796019765e-01
2.823383084577114621e-01
2.574626865671642006e-01
2.798507462686566916e-01
2.624378109452736307e-01
2.699004975124378314e-01
2.574626865671642006e-01
2.661691542288557311e-01
2.587064676616915304e-01
2.699004975124378314e-01
2.599502487562189157e-01
2.699004975124378314e-01
2.699004975124378314e-01
2.487562189054726425e-01
2.375621890547263693e-01
2.723880597014925464e-01
2.524875621890547150e-01
2.251243781094527385e-01
2.450248756218905422e-01
2.313432835820895539e-01
2.462686567164178997e-01
2.537313432835821003e-01
2.574626865671642006e-01
2.437810945273631846e-01
2.649253731343283458e-01
2.624378109452736307e-01
2.475124378109452850e-01
2.487562189054726425e-01
2.437810945273631846e-01
2.636815920398010160e-01
2.437810945273631846e-01
2.798507462686566916e-01
2.437810945273631846e-01
2.462686567164178997e-01
2.611940298507462455e-01
2.388059701492537268e-01
2.624378109452736307e-01
2.674129353233830608e-01
2.412935323383084696e-01
