1.000000000000000000e+00
7.186311787072243717e-01
7.110266159695817212e-01
5.589353612167300422e-01
5.589353612167300422e-01
4.904942965779467423e-01
5.095057034220532577e-01
4.372623574144486880e-01
3.802281368821292529e-01
4.410646387832699578e-01
3.460076045627376584e-01
3.269961977186311985e-01
3.878326996197718479e-01
3.269961977186311985e-01
3.802281368821292529e-01
3.346007604562737381e-01
3.231939163498098733e-01
3.422053231939163331e-01
3.155893536121672782e-01
2.699619771863117634e-01
2.813688212927756838e-01
2.547528517110266288e-01
2.775665399239543585e-01
2.585551330798478986e-01
2.851711026615969535e-01
2.547528517110266288e-01
2.661596958174904937e-01
2.623574144486692239e-01
1.977186311787072215e-01
2.053231939163498165e-01
1.825095057034220591e-01
1.825095057034220591e-01
1.825095057034220591e-01
1.939163498098859240e-01
1.939163498098859240e-01
1.711026615969581666e-01
1.863117870722433567e-01
1.825095057034220591e-01
1.330798479087452468e-01
1.520912547528517067e-01
1.292775665399239493e-01
1.292775665399239493e-01
1.216730038022813681e-01
1.140684410646387870e-01
1.292775665399239493e-01
1.558935361216730042e-01
1.026615969581749083e-01
1.026615969581749083e-01
1.292775665399239493e-01
1.254752851711026518e-01
1.482889733840304092e-01
1.178707224334600706e-01
1.368821292775665444e-01
1.254752851711026518e-01
1.064638783269961919e-01
8.745247148288973205e-02
1.292775665399239493e-01
1.178707224334600706e-01
1.254752851711026518e-01
1.102661596958174894e-01
9.885931558935361074e-02
6.463878326996197465e-02
1.026615969581749083e-01
9.505703422053231322e-02
6.844106463878327218e-02
1.064638783269961919e-01
1.064638783269961919e-01
8.745247148288973205e-02
8.365019011406843452e-02
7.224334600760455583e-02
1.064638783269961919e-01
9.505703422053231322e-02
1.026615969581749083e-01
1.064638783269961919e-01
9.125475285171102957e-02
8.745247148288973205e-02
7.984790874524715087e-02
1.064638783269961919e-01
6.844106463878327218e-02
9.125475285171102957e-02
7.984790874524715087e-02
9.505703422053231322e-02
6.844106463878327218e-02
9.885931558935361074e-02
8.365019011406843452e-02
9.505703422053231322e-02
5.323193916349809596e-02
5.323193916349809596e-02
6.083650190114068407e-02
6.463878326996197465e-02
6.083650190114068407e-02
6.844106463878327218e-02
6.083650190114068407e-02
7.224334600760455583e-02
4.182509505703421726e-02
6.463878326996197465e-02
4.942965779467680537e-02
5.323193916349809596e-02
6.463878326996197465e-02
4.562737642585551479e-02
3.802281368821292667e-02
4.182509505703421726e-02
4.562737642585551479e-02
6.083650190114068407e-02
5.323193916349809596e-02
6.083650190114068407e-02
7.984790874524715087e-02
6.083650190114068407e-02
5.323193916349809596e-02
4.562737642585551479e-02
3.802281368821292667e-02
4.562737642585551479e-02
4.182509505703421726e-02
4.942965779467680537e-02
4.562737642585551479e-02
4.562737642585551479e-02
5.323193916349809596e-02
4.562737642585551479e-02
5.703422053231939348e-02
6.463878326996197465e-02
5.323193916349809596e-02
3.041825095057034203e-02
4.942965779467680537e-02
3.422053231939163609e-02
3.422053231939163609e-02
6.083650190114068407e-02
5.323193916349809596e-02
3.422053231939163609e-02
4.182509505703421726e-02
4.942965779467680537e-02
4.942965779467680537e-02
4.562737642585551479e-02
4.182509505703421726e-02
4.182509505703421726e-02
4.182509505703421726e-02
2.661596958174904798e-02
2.661596958174904798e-02
2.661596958174904798e-02
2.661596958174904798e-02
2.281368821292775739e-02
3.802281368821292667e-02
2.661596958174904798e-02
6.083650190114068407e-02
5.323193916349809596e-02
4.182509505703421726e-02
4.182509505703421726e-02
5.323193916349809596e-02
3.041825095057034203e-02
3.422053231939163609e-02
3.802281368821292667e-02
2.661596958174904798e-02
2.661596958174904798e-02
4.942965779467680537e-02
2.281368821292775739e-02
3.422053231939163609e-02
3.802281368821292667e-02
7.604562737642585508e-03
1.901140684410646334e-02
3.802281368821292754e-03
1.901140684410646334e-02
1.140684410646387870e-02
1.520912547528517102e-02
3.041825095057034203e-02
1.520912547528517102e-02
1.520912547528517102e-02
3.041825095057034203e-02
4.182509505703421726e-02
2.661596958174904798e-02
2.281368821292775739e-02
2.661596958174904798e-02
3.041825095057034203e-02
2.281368821292775739e-02
1.901140684410646334e-02
2.661596958174904798e-02
2.661596958174904798e-02
2.661596958174904798e-02
3.041825095057034203e-02
3.422053231939163609e-02
7.604562737642585508e-03
1.140684410646387870e-02
3.041825095057034203e-02
2.661596958174904798e-02
2.281368821292775739e-02
2.281368821292775739e-02
1.140684410646387870e-02
1.901140684410646334e-02
2.281368821292775739e-02
2.281368821292775739e-02
2.281368821292775739e-02
2.281368821292775739e-02
1.901140684410646334e-02
1.520912547528517102e-02
2.661596958174904798e-02
1.140684410646387870e-02
2.661596958174904798e-02
2.281368821292775739e-02
1.901140684410646334e-02
1.901140684410646334e-02
1.520912547528517102e-02
1.140684410646387870e-02
2.281368821292775739e-02
2.281368821292775739e-02
1.520912547528517102e-02
1.520912547528517102e-02
7.604562737642585508e-03
1.140684410646387870e-02
1.140684410646387870e-02
1.520912547528517102e-02
1.140684410646387870e-02
1.520912547528517102e-02
1.140684410646387870e-02
7.604562737642585508e-03
1.140684410646387870e-02
1.140684410646387870e-02
1.140684410646387870e-02
1.140684410646387870e-02
1.140684410646387870e-02
7.604562737642585508e-03
7.604562737642585508e-03
1.140684410646387870e-02
1.520912547528517102e-02
1.901140684410646334e-02
1.901140684410646334e-02
1.520912547528517102e-02
1.520912547528517102e-02
1.140684410646387870e-02
2.661596958174904798e-02
2.661596958174904798e-02
1.520912547528517102e-02
2.281368821292775739e-02
2.281368821292775739e-02
1.901140684410646334e-02
1.520912547528517102e-02
1.140684410646387870e-02
1.140684410646387870e-02
1.901140684410646334e-02
1.140684410646387870e-02
1.140684410646387870e-02
1.520912547528517102e-02
1.140684410646387870e-02
1.140684410646387870e-02
7.604562737642585508e-03
1.520912547528517102e-02
1.140684410646387870e-02
1.520912547528517102e-02
1.901140684410646334e-02
2.281368821292775739e-02
1.901140684410646334e-02
1.901140684410646334e-02
3.802281368821292754e-03
1.901140684410646334e-02
1.901140684410646334e-02
7.604562737642585508e-03
1.140684410646387870e-02
1.520912547528517102e-02
1.520912547528517102e-02
1.140684410646387870e-02
3.802281368821292754e-03
1.901140684410646334e-02
3.802281368821292754e-03
3.802281368821292754e-03
7.604562737642585508e-03
0.000000000000000000e+00
3.802281368821292754e-03
1.520912547528517102e-02
3.802281368821292754e-03
1.140684410646387870e-02
7.604562737642585508e-03
0.000000000000000000e+00
3.802281368821292754e-03
0.000000000000000000e+00
1.140684410646387870e-02
0.000000000000000000e+00
7.604562737642585508e-03
1.140684410646387870e-02
7.604562737642585508e-03
3.802281368821292754e-03
3.802281368821292754e-03
3.802281368821292754e-03
1.520912547528517102e-02
3.802281368821292754e-03
7.604562737642585508e-03
7.604562737642585508e-03
7.604562737642585508e-03
3.802281368821292754e-03
0.000000000000000000e+00
3.802281368821292754e-03
1.140684410646387870e-02
7.604562737642585508e-03
7.604562737642585508e-03
3.802281368821292754e-03
3.802281368821292754e-03
3.802281368821292754e-03
3.802281368821292754e-03
1.140684410646387870e-02
3.802281368821292754e-03
7.604562737642585508e-03
1.520912547528517102e-02
1.140684410646387870e-02
1.520912547528517102e-02
1.140684410646387870e-02
0.000000000000000000e+00
3.802281368821292754e-03
0.000000000000000000e+00
7.604562737642585508e-03
3.802281368821292754e-03
1.140684410646387870e-02
7.604562737642585508e-03
1.140684410646387870e-02
7.604562737642585508e-03
3.802281368821292754e-03
1.140684410646387870e-02
7.604562737642585508e-03
1.140684410646387870e-02
1.140684410646387870e-02
7.604562737642585508e-03
7.604562737642585508e-03
3.802281368821292754e-03
3.802281368821292754e-03
7.604562737642585508e-03
1.140684410646387870e-02
3.802281368821292754e-03
3.802281368821292754e-03
1.520912547528517102e-02
1.140684410646387870e-02
1.140684410646387870e-02
7.604562737642585508e-03
1.140684410646387870e-02
0.000000000000000000e+00
7.604562737642585508e-03
0.000000000000000000e+00
1.140684410646387870e-02
1.140684410646387870e-02
7.604562737642585508e-03
3.802281368821292754e-03
3.802281368821292754e-03
1.140684410646387870e-02
3.802281368821292754e-03
3.802281368821292754e-03
1.140684410646387870e-02
0.000000000000000000e+00
7.604562737642585508e-03
7.604562737642585508e-03
3.802281368821292754e-03
0.000000000000000000e+00
0.000000000000000000e+00
0.000000000000000000e+00
3.802281368821292754e-03
7.604562737642585508e-03
3.802281368821292754e-03
0.000000000000000000e+00
7.604562737642585508e-03
7.604562737642585508e-03
3.802281368821292754e-03
3.802281368821292754e-03
3.802281368821292754e-03
0.000000000000000000e+00
0.000000000000000000e+00
3.802281368821292754e-03
3.802281368821292754e-03
0.000000000000000000e+00
0.000000000000000000e+00
0.000000000000000000e+00
3.802281368821292754e-03
3.802281368821292754e-03
0.000000000000000000e+00
0.000000000000000000e+00
3.802281368821292754e-03
3.802281368821292754e-03
1.140684410646387870e-02
7.604562737642585508e-03
3.802281368821292754e-03
3.802281368821292754e-03
3.802281368821292754e-03
0.000000000000000000e+00
7.604562737642585508e-03
0.000000000000000000e+00
7.604562737642585508e-03
0.000000000000000000e+00
3.802281368821292754e-03
0.000000000000000000e+00
0.000000000000000000e+00
0.000000000000000000e+00
0.000000000000000000e+00
0.000000000000000000e+00
7.604562737642585508e-03
7.604562737642585508e-03
0.000000000000000000e+00
0.000000000000000000e+00
3.802281368821292754e-03
3.802281368821292754e-03
7.604562737642585508e-03
7.604562737642585508e-03
3.802281368821292754e-03
3.802281368821292754e-03
1.140684410646387870e-02
3.802281368821292754e-03
0.000000000000000000e+00
0.000000000000000000e+00
0.000000000000000000e+00
0.000000000000000000e+00
