1.000000000000000000e+00
8.406889128094725550e-01
8.030139935414424279e-01
7.405812701829924682e-01
7.664155005382131680e-01
7.179763186221743698e-01
6.437029063509149829e-01
6.921420882669536701e-01
6.447793326157158500e-01
6.210979547900968845e-01
6.383207750269106473e-01
5.909580193756727162e-01
5.640473627556512604e-01
5.608180839612486590e-01
5.586652314316469248e-01
5.715823466092572191e-01
5.446716899892357633e-01
5.069967707212056363e-01
4.919268030139935521e-01
5.220667384284176649e-01
5.037674919268030349e-01
4.865446716899892166e-01
4.951560818083960980e-01
4.488697524219590895e-01
4.703982777179763208e-01
4.327233584499461938e-01
4.477933261571582224e-01
4.294940796555435925e-01
3.950484391819160113e-01
4.391819160387513410e-01
4.208826695371367110e-01
3.982777179763186126e-01
4.165769644779332426e-01
3.584499461786867514e-01
3.885898815931108641e-01
3.821313240043057169e-01
3.541442411194833384e-01
3.509149623250807370e-01
3.810548977395048498e-01
3.627556512378902198e-01
3.530678148546824713e-01
3.606027987082884856e-01
3.196986006458557572e-01
3.261571582346609044e-01
3.100107642626480087e-01
3.186221743810548901e-01
3.175457481162540230e-01
3.110871905274488758e-01
3.379978471474703872e-01
3.078579117330462744e-01
3.089343379978471416e-01
3.013993541442411273e-01
2.927879440258342458e-01
3.013993541442411273e-01
2.895586652314316445e-01
2.949407965554359801e-01
3.057050592034445402e-01
2.820236813778256302e-01
2.787944025834230288e-01
2.691065662002152803e-01
2.777179763186221617e-01
2.734122712594187488e-01
2.615715823466092660e-01
2.497308934337997832e-01
2.465016146393972096e-01
2.475780409041980490e-01
2.615715823466092660e-01
2.421959095801937689e-01
2.443487621097954754e-01
2.292787944025834190e-01
2.335844994617868597e-01
2.249730893433799783e-01
2.475780409041980490e-01
2.454251883745963425e-01
2.314316469321851533e-01
2.174381054897739640e-01
2.303552206673842861e-01
2.303552206673842861e-01
2.066738428417653484e-01
2.066738428417653484e-01
2.077502691065661877e-01
2.099031216361679220e-01
2.142088266953713627e-01
2.023681377825619077e-01
2.066738428417653484e-01
2.131324004305704956e-01
2.012917115177610405e-01
2.066738428417653484e-01
1.991388589881593063e-01
1.862217438105489842e-01
1.905274488697524249e-01
1.786867599569429421e-01
1.969860064585575998e-01
1.959095801937567327e-01
1.829924650161463828e-01
1.894510226049515578e-01
1.786867599569429421e-01
1.905274488697524249e-01
1.883745963401506907e-01
1.829924650161463828e-01
2.034445640473627470e-01
1.883745963401506907e-01
1.959095801937567327e-01
1.883745963401506907e-01
1.657696447793326200e-01
1.754574811625403685e-01
1.625403659849300186e-01
1.657696447793326200e-01
1.485468245425188294e-01
1.722282023681377949e-01
1.733046286329386343e-01
1.603875134553283122e-01
1.614639397201291793e-01
1.646932185145317529e-01
1.539289558665231372e-01
1.517761033369214307e-01
1.453175457481162558e-01
1.517761033369214307e-01
1.506996770721205636e-01
1.485468245425188294e-01
1.517761033369214307e-01
1.453175457481162558e-01
1.700753498385360607e-01
1.442411194833153887e-01
1.474703982777179900e-01
1.399354144241119480e-01
1.227125941872981713e-01
1.410118406889128151e-01
1.420882669537136822e-01
1.280947255113024652e-01
1.539289558665231372e-01
1.399354144241119480e-01
1.313240043057050666e-01
1.259418729817007587e-01
1.528525296017222701e-01
1.324004305705059337e-01
1.367061356297093744e-01
1.248654467168998916e-01
1.291711517761033323e-01
1.270182992465016258e-01
1.291711517761033323e-01
1.205597416576964509e-01
1.205597416576964509e-01
1.205597416576964509e-01
1.173304628632938634e-01
1.259418729817007587e-01
1.205597416576964509e-01
1.162540365984929963e-01
1.280947255113024652e-01
1.011840688912809538e-01
1.216361679224973041e-01
1.259418729817007587e-01
1.141011840688912760e-01
1.119483315392895556e-01
1.054897739504843945e-01
1.259418729817007587e-01
1.097954790096878352e-01
1.087190527448869820e-01
1.194833153928955838e-01
1.237890204520990245e-01
1.119483315392895556e-01
1.065662002152852478e-01
1.173304628632938634e-01
1.097954790096878352e-01
9.687836383207749924e-02
1.162540365984929963e-01
9.795479009687836636e-02
1.151776103336921431e-01
1.130247578040904227e-01
1.130247578040904227e-01
1.065662002152852478e-01
1.022604951560818071e-01
1.011840688912809538e-01
1.033369214208826742e-01
1.044133476856835274e-01
1.022604951560818071e-01
9.580193756727664600e-02
9.795479009687836636e-02
8.826695371367061782e-02
9.903121636167921960e-02
1.033369214208826742e-01
1.001076426264800867e-01
1.022604951560818071e-01
1.001076426264800867e-01
1.130247578040904227e-01
1.022604951560818071e-01
1.033369214208826742e-01
9.364908503767492565e-02
9.472551130247577889e-02
1.033369214208826742e-01
8.611410118406889747e-02
1.011840688912809538e-01
9.364908503767492565e-02
9.149623250807319141e-02
1.001076426264800867e-01
1.054897739504843945e-01
9.795479009687836636e-02
1.076426264800861149e-01
9.903121636167921960e-02
8.934337997847147106e-02
9.364908503767492565e-02
9.580193756727664600e-02
9.364908503767492565e-02
9.041980624327233818e-02
8.719052744886975070e-02
8.826695371367061782e-02
8.719052744886975070e-02
8.826695371367061782e-02
9.903121636167921960e-02
9.257265877287405853e-02
9.795479009687836636e-02
8.073196986006458964e-02
7.965554359526372252e-02
8.826695371367061782e-02
7.427341227125941470e-02
7.857911733046286928e-02
8.396124865446716323e-02
8.180839612486544288e-02
8.180839612486544288e-02
7.857911733046286928e-02
8.288482238966630999e-02
9.149623250807319141e-02
7.965554359526372252e-02
8.719052744886975070e-02
6.781485468245425363e-02
7.857911733046286928e-02
7.427341227125941470e-02
7.104413347685684110e-02
7.857911733046286928e-02
7.965554359526372252e-02
7.642626480086113505e-02
9.041980624327233818e-02
9.580193756727664600e-02
8.503767491926803035e-02
9.041980624327233818e-02
7.965554359526372252e-02
7.212055974165769434e-02
7.319698600645856146e-02
7.319698600645856146e-02
8.288482238966630999e-02
7.534983853606028181e-02
7.965554359526372252e-02
7.319698600645856146e-02
7.427341227125941470e-02
7.427341227125941470e-02
6.673842841765338652e-02
8.288482238966630999e-02
8.073196986006458964e-02
7.212055974165769434e-02
6.996770721205597399e-02
7.857911733046286928e-02
6.996770721205597399e-02
8.180839612486544288e-02
5.920344456404736527e-02
6.889128094725510687e-02
7.104413347685684110e-02
7.319698600645856146e-02
6.673842841765338652e-02
7.534983853606028181e-02
6.673842841765338652e-02
6.458557588805166616e-02
6.673842841765338652e-02
6.027987082884822545e-02
6.135629709364908563e-02
6.996770721205597399e-02
6.243272335844994581e-02
6.458557588805166616e-02
6.673842841765338652e-02
6.350914962325081292e-02
6.566200215285253328e-02
6.566200215285253328e-02
6.027987082884822545e-02
5.920344456404736527e-02
6.996770721205597399e-02
6.781485468245425363e-02
5.812701829924649816e-02
5.597416576964477780e-02
5.597416576964477780e-02
5.382131324004305745e-02
5.382131324004305745e-02
6.243272335844994581e-02
6.027987082884822545e-02
5.920344456404736527e-02
6.027987082884822545e-02
6.243272335844994581e-02
5.166846071044133709e-02
5.166846071044133709e-02
5.920344456404736527e-02
6.350914962325081292e-02
5.597416576964477780e-02
5.812701829924649816e-02
5.705059203444563798e-02
5.059203444564047691e-02
5.705059203444563798e-02
5.382131324004305745e-02
6.350914962325081292e-02
6.243272335844994581e-02
5.166846071044133709e-02
5.705059203444563798e-02
5.166846071044133709e-02
5.274488697524219727e-02
5.059203444564047691e-02
5.166846071044133709e-02
5.059203444564047691e-02
5.382131324004305745e-02
4.090419806243272144e-02
4.413347685683530891e-02
4.843918191603874962e-02
5.489773950484391762e-02
5.920344456404736527e-02
5.489773950484391762e-02
5.274488697524219727e-02
4.843918191603874962e-02
5.059203444564047691e-02
4.843918191603874962e-02
5.597416576964477780e-02
4.736275565123788944e-02
5.705059203444563798e-02
4.736275565123788944e-02
6.027987082884822545e-02
5.274488697524219727e-02
4.736275565123788944e-02
5.166846071044133709e-02
4.628632938643702927e-02
5.705059203444563798e-02
4.413347685683530891e-02
4.628632938643702927e-02
4.520990312163616909e-02
5.166846071044133709e-02
6.243272335844994581e-02
4.413347685683530891e-02
4.413347685683530891e-02
5.920344456404736527e-02
4.951560818083960980e-02
4.736275565123788944e-02
5.489773950484391762e-02
4.413347685683530891e-02
5.382131324004305745e-02
4.736275565123788944e-02
5.059203444564047691e-02
5.166846071044133709e-02
4.951560818083960980e-02
4.951560818083960980e-02
5.059203444564047691e-02
5.489773950484391762e-02
4.843918191603874962e-02
4.198062432723358162e-02
4.090419806243272144e-02
5.489773950484391762e-02
4.413347685683530891e-02
4.198062432723358162e-02
4.628632938643702927e-02
4.305705059203444873e-02
4.305705059203444873e-02
4.520990312163616909e-02
5.382131324004305745e-02
4.413347685683530891e-02
4.951560818083960980e-02
4.736275565123788944e-02
3.767491926803014091e-02
4.090419806243272144e-02
4.736275565123788944e-02
4.198062432723358162e-02
4.843918191603874962e-02
5.059203444564047691e-02
4.520990312163616909e-02
4.413347685683530891e-02
4.413347685683530891e-02
5.166846071044133709e-02
4.520990312163616909e-02
3.982777179763186126e-02
4.305705059203444873e-02
4.628632938643702927e-02
4.090419806243272144e-02
4.520990312163616909e-02
6.027987082884822545e-02
4.198062432723358162e-02
3.982777179763186126e-02
4.413347685683530891e-02
4.736275565123788944e-02
4.198062432723358162e-02
3.875134553283100108e-02
3.982777179763186126e-02
4.305705059203444873e-02
3.875134553283100108e-02
4.090419806243272144e-02
4.198062432723358162e-02
3.767491926803014091e-02
3.552206673842842055e-02
4.198062432723358162e-02
3.444564047362755344e-02
3.444564047362755344e-02
3.444564047362755344e-02
3.982777179763186126e-02
3.659849300322928073e-02
3.121636167922497290e-02
3.552206673842842055e-02
3.121636167922497290e-02
2.691065662002152872e-02
2.906350914962324908e-02
2.691065662002152872e-02
