1.000000000000000000e+00
8.559585492227979042e-01
7.647668393782383056e-01
7.336787564766839020e-01
6.404145077720206913e-01
6.155440414507772351e-01
6.248704663212435451e-01
5.948186528497408920e-01
5.989637305699482273e-01
5.906735751295336678e-01
5.823834196891192194e-01
5.803108808290154963e-01
5.191709844559585507e-01
4.849740932642487290e-01
5.056994818652850165e-01
4.808290155440414493e-01
4.911917098445595653e-01
4.559585492227979375e-01
4.642487046632124414e-01
4.601036269430051617e-01
4.652849740932642475e-01
4.455958549222797660e-01
4.393782383419689297e-01
4.186528497409326421e-01
4.113989637305699443e-01
3.968911917098445485e-01
4.041450777202072464e-01
3.803108808290155407e-01
3.626943005181347268e-01
3.761658031088083165e-01
3.699481865284974247e-01
3.730569948186528428e-01
3.678756476683937571e-01
3.544041450777202229e-01
3.430051813471502453e-01
3.150259067357513154e-01
3.595854922279792532e-01
3.461139896373057190e-01
3.150259067357513154e-01
3.212435233160621517e-01
3.222797927461140133e-01
3.160621761658031215e-01
2.901554404145077481e-01
2.829015544041450503e-01
2.694300518134715161e-01
2.673575129533678485e-01
2.590673575129533446e-01
2.538860103626943143e-01
2.518134715025906467e-01
2.455958549222797827e-01
2.518134715025906467e-01
2.507772020725388407e-01
2.238341968911917168e-01
2.497409326424870346e-01
2.476683937823834225e-01
2.455958549222797827e-01
2.248704663212435229e-01
2.238341968911917168e-01
2.310880829015544147e-01
2.279792746113989688e-01
2.341968911917098328e-01
2.113989637305699609e-01
2.051813471502590691e-01
2.196891191709844648e-01
2.134715025906735730e-01
2.072538860103626812e-01
1.896373056994818673e-01
2.093264248704663211e-01
2.062176165803108752e-01
1.948186528497409253e-01
1.948186528497409253e-01
1.865284974093264214e-01
1.844559585492228093e-01
1.844559585492228093e-01
1.886010362694300613e-01
1.823834196891191695e-01
1.948186528497409253e-01
1.792746113989637236e-01
1.751295336787564716e-01
1.709844559585492196e-01
1.792746113989637236e-01
1.626943005181347157e-01
1.668393782383419677e-01
1.699481865284974136e-01
1.668393782383419677e-01
1.720207253886010257e-01
1.533678756476684057e-01
1.492227979274611260e-01
1.554404145077720178e-01
1.575129533678756577e-01
1.492227979274611260e-01
1.533678756476684057e-01
1.471502590673575139e-01
1.419689119170984559e-01
1.378238341968912040e-01
1.409326424870466221e-01
1.129533678756476645e-01
1.295336787564766723e-01
1.139896373056994844e-01
1.119170984455958584e-01
1.253886010362694203e-01
1.170984455958549164e-01
1.336787564766839242e-01
1.336787564766839242e-01
1.305699481865285061e-01
1.181347150259067363e-01
1.367875647668393702e-01
1.305699481865285061e-01
1.181347150259067363e-01
1.191709844559585424e-01
1.191709844559585424e-01
1.046632124352331605e-01
1.191709844559585424e-01
1.139896373056994844e-01
1.056994818652849805e-01
1.036269430051813406e-01
1.088082901554404125e-01
1.025906735751295346e-01
8.808290155440413882e-02
9.533678756476683669e-02
1.067357512953367865e-01
8.601036269430051284e-02
8.808290155440413882e-02
9.326424870466321071e-02
1.046632124352331605e-01
9.119170984455958473e-02
8.393782383419688686e-02
9.430051813471503064e-02
9.533678756476683669e-02
9.119170984455958473e-02
9.844559585492228260e-02
9.222797927461140466e-02
1.025906735751295346e-01
9.533678756476683669e-02
9.637305699481865662e-02
9.326424870466321071e-02
9.430051813471503064e-02
1.015544041450777146e-01
8.911917098445595875e-02
1.015544041450777146e-01
9.637305699481865662e-02
7.875647668393782885e-02
8.911917098445595875e-02
9.119170984455958473e-02
8.290155440414508081e-02
9.015544041450777868e-02
7.875647668393782885e-02
8.497409326424870679e-02
9.430051813471503064e-02
7.875647668393782885e-02
7.668393782383420287e-02
7.772020725388600892e-02
9.222797927461140466e-02
9.326424870466321071e-02
8.704663212435233277e-02
9.326424870466321071e-02
8.808290155440413882e-02
8.704663212435233277e-02
8.082901554404145483e-02
7.150259067357513099e-02
8.393782383419688686e-02
7.668393782383420287e-02
7.979274611398963490e-02
7.979274611398963490e-02
7.046632124352331106e-02
7.668393782383420287e-02
6.735751295336787903e-02
7.357512953367875697e-02
7.357512953367875697e-02
7.461139896373056302e-02
6.735751295336787903e-02
6.010362694300518116e-02
6.528497409326425305e-02
6.113989637305699415e-02
6.943005181347150501e-02
6.010362694300518116e-02
6.528497409326425305e-02
6.839378238341968508e-02
6.424870466321243312e-02
6.217616580310880714e-02
5.492227979274611621e-02
6.217616580310880714e-02
5.803108808290155518e-02
5.388601036269430322e-02
5.492227979274611621e-02
5.388601036269430322e-02
6.735751295336787903e-02
6.113989637305699415e-02
6.113989637305699415e-02
5.803108808290155518e-02
5.492227979274611621e-02
5.284974093264249023e-02
4.974093264248704432e-02
5.077720207253885731e-02
5.492227979274611621e-02
5.492227979274611621e-02
4.663212435233160535e-02
3.937823834196891443e-02
4.974093264248704432e-02
5.181347150259067030e-02
4.766839378238341834e-02
5.906735751295336817e-02
4.974093264248704432e-02
4.455958549222797938e-02
4.870466321243523133e-02
5.181347150259067030e-02
3.730569948186528151e-02
3.937823834196891443e-02
3.626943005181346852e-02
4.455958549222797938e-02
4.041450777202072742e-02
5.284974093264249023e-02
4.145077720207254041e-02
4.352331606217616639e-02
4.352331606217616639e-02
3.937823834196891443e-02
4.352331606217616639e-02
4.248704663212435340e-02
4.974093264248704432e-02
4.870466321243523133e-02
4.352331606217616639e-02
4.145077720207254041e-02
5.077720207253885731e-02
3.834196891191710144e-02
4.041450777202072742e-02
3.834196891191710144e-02
3.730569948186528151e-02
3.730569948186528151e-02
3.316062176165802955e-02
3.626943005181346852e-02
4.248704663212435340e-02
3.626943005181346852e-02
4.145077720207254041e-02
3.937823834196891443e-02
4.559585492227979237e-02
4.663212435233160535e-02
4.455958549222797938e-02
4.870466321243523133e-02
5.077720207253885731e-02
4.352331606217616639e-02
4.041450777202072742e-02
3.937823834196891443e-02
4.248704663212435340e-02
3.626943005181346852e-02
3.626943005181346852e-02
3.523316062176165553e-02
3.523316062176165553e-02
4.248704663212435340e-02
3.937823834196891443e-02
3.834196891191710144e-02
4.248704663212435340e-02
4.145077720207254041e-02
4.455958549222797938e-02
3.419689119170984254e-02
3.937823834196891443e-02
3.108808290155440357e-02
4.352331606217616639e-02
3.730569948186528151e-02
4.145077720207254041e-02
4.145077720207254041e-02
3.626943005181346852e-02
4.145077720207254041e-02
4.145077720207254041e-02
4.663212435233160535e-02
4.455958549222797938e-02
4.248704663212435340e-02
4.455958549222797938e-02
4.559585492227979237e-02
4.041450777202072742e-02
3.212435233160621656e-02
3.316062176165802955e-02
3.937823834196891443e-02
3.419689119170984254e-02
3.523316062176165553e-02
3.316062176165802955e-02
3.212435233160621656e-02
3.316062176165802955e-02
4.041450777202072742e-02
4.455958549222797938e-02
4.248704663212435340e-02
3.108808290155440357e-02
3.419689119170984254e-02
3.626943005181346852e-02
3.005181347150259058e-02
3.212435233160621656e-02
2.797927461139896460e-02
3.212435233160621656e-02
3.523316062176165553e-02
3.834196891191710144e-02
3.730569948186528151e-02
3.419689119170984254e-02
3.005181347150259058e-02
3.419689119170984254e-02
3.626943005181346852e-02
3.212435233160621656e-02
2.901554404145077759e-02
3.212435233160621656e-02
3.523316062176165553e-02
2.901554404145077759e-02
2.901554404145077759e-02
2.901554404145077759e-02
3.419689119170984254e-02
3.005181347150259058e-02
3.316062176165802955e-02
3.730569948186528151e-02
3.212435233160621656e-02
2.797927461139896460e-02
2.694300518134715161e-02
3.419689119170984254e-02
4.248704663212435340e-02
2.901554404145077759e-02
2.694300518134715161e-02
3.419689119170984254e-02
3.316062176165802955e-02
2.694300518134715161e-02
2.901554404145077759e-02
2.901554404145077759e-02
3.937823834196891443e-02
3.626943005181346852e-02
3.523316062176165553e-02
3.730569948186528151e-02
2.694300518134715161e-02
2.383419689119170917e-02
2.901554404145077759e-02
3.419689119170984254e-02
3.108808290155440357e-02
2.797927461139896460e-02
3.626943005181346852e-02
3.212435233160621656e-02
3.212435233160621656e-02
3.937823834196891443e-02
3.419689119170984254e-02
3.005181347150259058e-02
3.212435233160621656e-02
2.797927461139896460e-02
2.694300518134715161e-02
3.730569948186528151e-02
3.212435233160621656e-02
3.212435233160621656e-02
3.730569948186528151e-02
2.901554404145077759e-02
3.005181347150259058e-02
3.005181347150259058e-02
3.108808290155440357e-02
3.108808290155440357e-02
3.005181347150259058e-02
3.212435233160621656e-02
3.419689119170984254e-02
3.005181347150259058e-02
2.694300518134715161e-02
3.212435233160621656e-02
2.797927461139896460e-02
3.212435233160621656e-02
2.797927461139896460e-02
2.383419689119170917e-02
2.487046632124352216e-02
2.383419689119170917e-02
2.072538860103627020e-02
2.590673575129533515e-02
2.072538860103627020e-02
1.865284974093264075e-02
1.761658031088082776e-02
1.968911917098445721e-02
2.590673575129533515e-02
2.590673575129533515e-02
1.865284974093264075e-02
2.901554404145077759e-02
3.316062176165802955e-02
2.901554404145077759e-02
2.694300518134715161e-02
2.797927461139896460e-02
2.901554404145077759e-02
2.072538860103627020e-02
2.176165803108808319e-02
2.383419689119170917e-02
2.072538860103627020e-02
1.865284974093264075e-02
1.658031088082901477e-02
2.487046632124352216e-02
2.590673575129533515e-02
3.005181347150259058e-02
2.901554404145077759e-02
2.176165803108808319e-02
1.761658031088082776e-02
1.450777202072538880e-02
2.487046632124352216e-02
2.590673575129533515e-02
1.968911917098445721e-02
2.590673575129533515e-02
2.383419689119170917e-02
3.005181347150259058e-02
3.005181347150259058e-02
2.487046632124352216e-02
2.797927461139896460e-02
2.072538860103627020e-02
2.176165803108808319e-02
2.797927461139896460e-02
2.176165803108808319e-02
2.694300518134715161e-02
2.176165803108808319e-02
2.279792746113989618e-02
