1.000000000000000000e+00
8.662508662508662249e-01
7.803187803187803251e-01
7.657657657657657158e-01
6.923076923076922906e-01
6.930006930006930022e-01
6.569646569646570011e-01
6.320166320166320517e-01
6.133056133056132841e-01
6.112266112266112605e-01
5.779625779625779947e-01
5.571725571725572035e-01
5.412335412335412821e-01
5.051975051975051700e-01
5.100485100485100398e-01
4.781704781704781970e-01
4.857934857934858019e-01
4.816354816354816437e-01
4.476784476784476663e-01
4.358974358974359031e-01
4.261954261954262191e-01
4.469854469854470103e-01
4.379764379764379822e-01
4.220374220374220608e-01
3.922383922383922417e-01
3.790713790713790554e-01
3.825363825363825576e-01
3.735273735273735296e-01
3.873873873873873719e-01
3.686763686763686598e-01
3.451143451143451335e-01
3.326403326403326588e-01
3.354123354123353939e-01
3.243243243243243423e-01
3.340263340263340264e-01
3.042273042273042072e-01
2.986832986832986814e-01
3.104643104643104445e-01
3.160083160083160259e-01
2.993762993762993929e-01
2.979902979902979698e-01
2.931392931392931556e-01
2.931392931392931556e-01
2.938322938322938116e-01
2.785862785862786017e-01
2.411642411642411776e-01
2.557172557172557315e-01
2.626472626472626248e-01
2.508662508662508617e-01
2.640332640332640479e-01
2.571032571032570990e-01
2.515592515592515732e-01
2.425502425502425452e-01
2.522522522522522292e-01
2.501732501732501501e-01
2.259182259182259123e-01
2.293832293832293867e-01
2.411642411642411776e-01
2.162162162162162282e-01
2.113652113652113584e-01
2.224532224532224656e-01
2.169092169092169120e-01
2.127512127512127538e-01
2.203742203742203865e-01
2.092862092862092793e-01
2.203742203742203865e-01
1.912681912681912788e-01
2.092862092862092793e-01
1.933471933471933579e-01
1.857241857241857252e-01
1.850311850311850415e-01
1.787941787941788041e-01
1.891891891891891997e-01
1.912681912681912788e-01
1.954261954261954370e-01
1.940401940401940417e-01
1.864171864171864090e-01
1.919611919611919626e-01
1.836451836451836461e-01
1.843381843381843299e-01
1.767151767151767250e-01
1.746361746361746459e-01
1.801801801801801717e-01
1.600831600831600920e-01
1.607761607761607758e-01
1.711711711711711714e-01
1.614691614691614596e-01
1.586971586971586967e-01
1.677061677061676970e-01
1.545391545391545385e-01
1.489951489951489849e-01
1.448371448371448267e-01
1.358281358281358264e-01
1.413721413721413800e-01
1.496881496881496965e-01
1.455301455301455382e-01
1.448371448371448267e-01
1.441441441441441429e-01
1.275121275121275100e-01
1.413721413721413800e-01
1.434511434511434591e-01
1.448371448371448267e-01
1.517671517671517756e-01
1.434511434511434591e-01
1.413721413721413800e-01
1.295911295911295891e-01
1.288981288981289053e-01
1.392931392931393009e-01
1.198891198891198911e-01
1.226611226611226679e-01
1.240471240471240494e-01
1.240471240471240494e-01
1.164241164241164306e-01
1.178101178101178120e-01
1.164241164241164306e-01
1.136521136521136538e-01
1.157311157311157329e-01
1.247401247401247470e-01
1.129591129591129561e-01
1.067221067221067188e-01
1.088011088011087979e-01
1.115731115731115747e-01
1.094941094941094956e-01
9.702009702009702086e-02
1.088011088011087979e-01
1.060291060291060350e-01
1.046431046431046397e-01
9.424809424809424407e-02
9.147609147609148117e-02
8.939708939708940205e-02
9.286209286209286262e-02
9.840609840609840231e-02
9.424809424809424407e-02
8.801108801108800672e-02
9.355509355509356029e-02
7.692307692307692735e-02
8.939708939708940205e-02
8.454608454608454615e-02
8.939708939708940205e-02
7.830907830907830880e-02
7.830907830907830880e-02
8.038808038808038792e-02
8.177408177408176937e-02
9.563409563409563940e-02
9.355509355509356029e-02
8.801108801108800672e-02
8.731808731808732293e-02
8.454608454608454615e-02
8.870408870408870439e-02
8.316008316008316470e-02
7.830907830907830880e-02
8.038808038808038792e-02
8.177408177408176937e-02
8.038808038808038792e-02
8.316008316008316470e-02
8.177408177408176937e-02
8.731808731808732293e-02
7.830907830907830880e-02
7.415107415107415056e-02
7.484407484407484823e-02
7.761607761607761113e-02
8.801108801108800672e-02
7.068607068607068999e-02
7.345807345807345290e-02
6.791406791406791321e-02
6.306306306306305731e-02
6.375606375606375498e-02
6.167706167706167586e-02
6.860706860706861088e-02
6.306306306306305731e-02
6.652806652806653176e-02
6.514206514206513643e-02
6.791406791406791321e-02
6.514206514206513643e-02
5.821205821205821529e-02
6.167706167706167586e-02
6.167706167706167586e-02
6.652806652806653176e-02
5.405405405405405705e-02
5.544005544005543851e-02
5.405405405405405705e-02
5.959805959805959674e-02
6.167706167706167586e-02
5.474705474705474778e-02
4.920304920304920115e-02
5.266805266805266866e-02
6.029106029106029441e-02
5.197505197505197794e-02
4.989604989604989882e-02
5.405405405405405705e-02
5.474705474705474778e-02
5.058905058905058955e-02
5.128205128205128027e-02
5.405405405405405705e-02
6.029106029106029441e-02
5.266805266805266866e-02
5.474705474705474778e-02
4.851004851004851043e-02
4.365904365904366147e-02
4.920304920304920115e-02
5.474705474705474778e-02
5.544005544005543851e-02
4.712404712404712204e-02
5.058905058905058955e-02
4.365904365904366147e-02
4.643104643104643131e-02
4.920304920304920115e-02
5.197505197505197794e-02
4.643104643104643131e-02
4.504504504504504292e-02
4.019404019404019396e-02
4.019404019404019396e-02
4.365904365904366147e-02
4.158004158004158235e-02
4.296604296604296380e-02
3.950103950103950323e-02
4.712404712404712204e-02
4.019404019404019396e-02
4.920304920304920115e-02
4.851004851004851043e-02
3.465003465003464733e-02
4.227304227304227308e-02
4.643104643104643131e-02
4.296604296604296380e-02
4.365904365904366147e-02
4.781704781704781970e-02
4.643104643104643131e-02
4.781704781704781970e-02
4.989604989604989882e-02
4.435204435204435219e-02
4.920304920304920115e-02
5.544005544005543851e-02
4.573804573804574058e-02
4.296604296604296380e-02
5.058905058905058955e-02
4.781704781704781970e-02
4.643104643104643131e-02
4.851004851004851043e-02
3.603603603603603572e-02
4.019404019404019396e-02
3.395703395703395661e-02
3.672903672903672645e-02
3.672903672903672645e-02
3.742203742203742411e-02
3.811503811503811484e-02
3.811503811503811484e-02
3.257103257103256821e-02
3.811503811503811484e-02
3.534303534303534500e-02
3.465003465003464733e-02
3.395703395703395661e-02
3.257103257103256821e-02
3.465003465003464733e-02
4.158004158004158235e-02
3.672903672903672645e-02
3.811503811503811484e-02
3.326403326403326588e-02
3.603603603603603572e-02
2.910602910602910764e-02
3.257103257103256821e-02
3.326403326403326588e-02
3.326403326403326588e-02
3.395703395703395661e-02
3.811503811503811484e-02
3.326403326403326588e-02
3.672903672903672645e-02
3.326403326403326588e-02
3.534303534303534500e-02
3.257103257103256821e-02
3.603603603603603572e-02
3.257103257103256821e-02
3.326403326403326588e-02
3.880803880803880557e-02
3.187803187803187749e-02
2.979902979902979837e-02
2.841302841302841345e-02
2.772002772002771925e-02
3.465003465003464733e-02
3.395703395703395661e-02
3.742203742203742411e-02
3.742203742203742411e-02
3.672903672903672645e-02
3.534303534303534500e-02
3.465003465003464733e-02
3.326403326403326588e-02
3.395703395703395661e-02
3.742203742203742411e-02
3.395703395703395661e-02
3.395703395703395661e-02
2.841302841302841345e-02
2.841302841302841345e-02
2.910602910602910764e-02
3.257103257103256821e-02
2.633402633402633433e-02
2.564102564102564014e-02
2.564102564102564014e-02
2.286902286902287029e-02
2.217602217602217610e-02
2.633402633402633433e-02
2.633402633402633433e-02
2.910602910602910764e-02
2.702702702702702853e-02
2.425502425502425521e-02
2.564102564102564014e-02
2.286902286902287029e-02
2.217602217602217610e-02
2.425502425502425521e-02
2.633402633402633433e-02
2.217602217602217610e-02
2.079002079002079117e-02
2.286902286902287029e-02
2.702702702702702853e-02
2.564102564102564014e-02
2.217602217602217610e-02
2.217602217602217610e-02
1.801801801801801786e-02
2.564102564102564014e-02
2.564102564102564014e-02
2.633402633402633433e-02
1.871101871101871206e-02
2.009702009702009698e-02
2.564102564102564014e-02
2.702702702702702853e-02
2.494802494802494941e-02
2.910602910602910764e-02
2.772002772002771925e-02
1.940401940401940278e-02
2.702702702702702853e-02
3.118503118503118676e-02
2.564102564102564014e-02
2.425502425502425521e-02
2.772002772002771925e-02
2.702702702702702853e-02
2.564102564102564014e-02
2.079002079002079117e-02
2.425502425502425521e-02
2.217602217602217610e-02
2.494802494802494941e-02
2.356202356202356102e-02
2.772002772002771925e-02
2.217602217602217610e-02
2.425502425502425521e-02
2.494802494802494941e-02
2.009702009702009698e-02
1.940401940401940278e-02
2.009702009702009698e-02
2.217602217602217610e-02
2.494802494802494941e-02
2.286902286902287029e-02
2.356202356202356102e-02
2.356202356202356102e-02
2.494802494802494941e-02
2.356202356202356102e-02
1.801801801801801786e-02
1.940401940401940278e-02
2.494802494802494941e-02
2.633402633402633433e-02
2.356202356202356102e-02
2.148302148302148190e-02
2.217602217602217610e-02
2.910602910602910764e-02
3.118503118503118676e-02
2.979902979902979837e-02
2.425502425502425521e-02
2.217602217602217610e-02
2.702702702702702853e-02
2.841302841302841345e-02
2.772002772002771925e-02
2.356202356202356102e-02
2.633402633402633433e-02
2.148302148302148190e-02
2.564102564102564014e-02
2.286902286902287029e-02
2.286902286902287029e-02
2.286902286902287029e-02
2.564102564102564014e-02
2.494802494802494941e-02
2.356202356202356102e-02
1.663201663201663294e-02
2.009702009702009698e-02
1.801801801801801786e-02
1.871101871101871206e-02
2.079002079002079117e-02
2.356202356202356102e-02
2.356202356202356102e-02
2.148302148302148190e-02
2.217602217602217610e-02
2.148302148302148190e-02
2.494802494802494941e-02
2.286902286902287029e-02
2.286902286902287029e-02
2.009702009702009698e-02
1.732501732501732367e-02
2.009702009702009698e-02
1.386001386001385963e-02
2.079002079002079117e-02
1.801801801801801786e-02
1.871101871101871206e-02
1.663201663201663294e-02
1.663201663201663294e-02
1.871101871101871206e-02
