1.000000000000000000e+00
8.367609254498714622e-01
7.866323907455012865e-01
7.313624678663238621e-01
7.146529562982004702e-01
6.915167095115680729e-01
6.940874035989716972e-01
6.516709511568123947e-01
6.670951156812339189e-01
6.580976863753212891e-01
6.028277634961439757e-01
6.066838046272493568e-01
5.848329048843187161e-01
6.105398457583547378e-01
6.169665809768637432e-01
5.951156812339332136e-01
5.861182519280205838e-01
5.372750642673521648e-01
5.128534704370180108e-01
5.141388174807197675e-01
5.231362467866323973e-01
5.257069408740360217e-01
5.128534704370180108e-01
5.295629820051414027e-01
5.244215938303341540e-01
4.807197943444729837e-01
4.781491002570694149e-01
5.038560411311053810e-01
5.128534704370180108e-01
4.832904884318766081e-01
4.742930591259640338e-01
4.678663239074550284e-01
4.794344473007712271e-01
4.447300771208226311e-01
4.524421593830333932e-01
4.383033419023136257e-01
4.460154241645244433e-01
4.241645244215938026e-01
4.151670951156812284e-01
4.113110539845758473e-01
4.164524421593830406e-01
4.087403598971722229e-01
4.190231362467866094e-01
3.804627249357326324e-01
4.100257069408740351e-01
3.920308483290488311e-01
3.920308483290488311e-01
3.547557840616966662e-01
3.483290488431876608e-01
3.457583547557840364e-01
3.483290488431876608e-01
3.341902313624678933e-01
3.483290488431876608e-01
3.637532133676092405e-01
3.431876606683804676e-01
3.598971722365038595e-01
3.547557840616966662e-01
3.470437017994858486e-01
3.444730077120822798e-01
3.508997429305912852e-01
3.791773778920308757e-01
3.534704370179948540e-01
3.483290488431876608e-01
3.444730077120822798e-01
3.123393316195372527e-01
2.917737789203084797e-01
3.470437017994858486e-01
3.213367609254498825e-01
3.097686375321336838e-01
3.187660668380462581e-01
3.290488431876606445e-01
3.149100257069408770e-01
2.763496143958869000e-01
2.994858611825192973e-01
2.956298200514138608e-01
2.904884318766066675e-01
2.879177377892030987e-01
3.059125964010283028e-01
3.110539845758354960e-01
2.840616966580976621e-01
2.917737789203084797e-01
2.724935732647814635e-01
2.969151670951156730e-01
3.200514138817480703e-01
3.226221079691516946e-01
2.827763496143959054e-01
2.879177377892030987e-01
3.097686375321336838e-01
2.737789203084832756e-01
2.892030848329049109e-01
2.660668380462725136e-01
2.686375321336760824e-01
2.763496143958869000e-01
2.789203084832904689e-01
2.634961439588688892e-01
2.879177377892030987e-01
2.532133676092545027e-01
2.724935732647814635e-01
2.609254498714653203e-01
2.763496143958869000e-01
2.750642673521850878e-01
2.879177377892030987e-01
2.737789203084832756e-01
2.750642673521850878e-01
2.750642673521850878e-01
2.455012853470437129e-01
2.467866323907454973e-01
2.557840616966580716e-01
2.544987146529563149e-01
2.493573264781490939e-01
2.493573264781490939e-01
2.570694087403598838e-01
2.313624678663239176e-01
2.442159383033419007e-01
2.326478149100257020e-01
2.326478149100257020e-01
2.467866323907454973e-01
2.287917737789203210e-01
2.326478149100257020e-01
2.133676092544987135e-01
2.275064267352185088e-01
2.236503856041131000e-01
2.069408740359897081e-01
2.339331619537275142e-01
2.172236503856041223e-01
2.069408740359897081e-01
2.262210796915166966e-01
2.133676092544987135e-01
2.030848329048843270e-01
2.172236503856041223e-01
2.146529562982005257e-01
2.223650385604113155e-01
2.017994858611825149e-01
2.146529562982005257e-01
2.210796915167095034e-01
2.197943444730077189e-01
2.056555269922879237e-01
2.030848329048843270e-01
2.005141388174807304e-01
1.773778920308483331e-01
1.902313624678663162e-01
2.017994858611825149e-01
2.030848329048843270e-01
2.095115681233933047e-01
1.992287917737789182e-01
2.223650385604113155e-01
1.992287917737789182e-01
2.082262210796915203e-01
2.056555269922879237e-01
1.992287917737789182e-01
1.889460154241645318e-01
1.940874035989717250e-01
2.185089974293059067e-01
1.928020565552699128e-01
2.056555269922879237e-01
1.966580976863753216e-01
1.735218508997429243e-01
2.210796915167095034e-01
2.005141388174807304e-01
1.928020565552699128e-01
1.838046272493573385e-01
2.043701799485861115e-01
1.940874035989717250e-01
1.773778920308483331e-01
1.786632390745501175e-01
1.889460154241645318e-01
1.979434447300771338e-01
2.005141388174807304e-01
1.812339331619537142e-01
1.940874035989717250e-01
1.940874035989717250e-01
1.568123393316195324e-01
1.735218508997429243e-01
1.735218508997429243e-01
1.812339331619537142e-01
1.915167095115681284e-01
1.760925449871465209e-01
1.876606683804627196e-01
1.902313624678663162e-01
1.696658097686375433e-01
1.696658097686375433e-01
1.683804627249357311e-01
1.825192802056555264e-01
1.658097686375321345e-01
1.670951156812339466e-01
1.568123393316195324e-01
1.568123393316195324e-01
1.658097686375321345e-01
1.645244215938303223e-01
1.619537275064267257e-01
1.773778920308483331e-01
1.863753213367609352e-01
1.786632390745501175e-01
1.516709511568123392e-01
1.606683804627249412e-01
1.748071979434447365e-01
1.722365038560411399e-01
1.786632390745501175e-01
1.658097686375321345e-01
1.709511568123393277e-01
1.580976863753213446e-01
1.593830334190231290e-01
1.606683804627249412e-01
1.580976863753213446e-01
1.619537275064267257e-01
1.555269922879177480e-01
1.323907455012853507e-01
1.645244215938303223e-01
1.580976863753213446e-01
1.683804627249357311e-01
1.593830334190231290e-01
1.568123393316195324e-01
1.928020565552699128e-01
1.735218508997429243e-01
1.696658097686375433e-01
1.709511568123393277e-01
1.619537275064267257e-01
1.426735218508997372e-01
1.439588688946015493e-01
1.580976863753213446e-01
1.580976863753213446e-01
1.503856041131105270e-01
1.568123393316195324e-01
1.529562982005141514e-01
1.439588688946015493e-01
1.426735218508997372e-01
1.478149100257069304e-01
1.452442159383033338e-01
1.593830334190231290e-01
1.568123393316195324e-01
1.465295629820051460e-01
1.555269922879177480e-01
1.478149100257069304e-01
1.388174807197943561e-01
1.606683804627249412e-01
1.555269922879177480e-01
1.401028277634961405e-01
1.516709511568123392e-01
1.516709511568123392e-01
1.555269922879177480e-01
1.606683804627249412e-01
1.311053984575835385e-01
1.606683804627249412e-01
1.349614395886889473e-01
1.465295629820051460e-01
1.491002570694087426e-01
1.503856041131105270e-01
1.478149100257069304e-01
1.478149100257069304e-01
1.555269922879177480e-01
1.478149100257069304e-01
1.568123393316195324e-01
1.568123393316195324e-01
1.593830334190231290e-01
1.555269922879177480e-01
1.413881748071979527e-01
1.465295629820051460e-01
1.542416452442159358e-01
1.516709511568123392e-01
1.452442159383033338e-01
1.311053984575835385e-01
1.388174807197943561e-01
1.452442159383033338e-01
1.478149100257069304e-01
1.439588688946015493e-01
1.375321336760925439e-01
1.413881748071979527e-01
1.439588688946015493e-01
1.401028277634961405e-01
1.452442159383033338e-01
1.336760925449871351e-01
1.426735218508997372e-01
1.362467866323907317e-01
1.349614395886889473e-01
1.272493573264781574e-01
1.195372750642673537e-01
1.272493573264781574e-01
1.349614395886889473e-01
1.401028277634961405e-01
1.298200514138817541e-01
1.388174807197943561e-01
1.439588688946015493e-01
1.208226221079691520e-01
1.259640102827763453e-01
1.285347043701799419e-01
1.169665809768637571e-01
1.323907455012853507e-01
1.182519280205655554e-01
1.118251928020565500e-01
1.336760925449871351e-01
1.118251928020565500e-01
1.143958868894601605e-01
1.143958868894601605e-01
1.105398457583547517e-01
1.169665809768637571e-01
1.169665809768637571e-01
1.285347043701799419e-01
1.362467866323907317e-01
1.272493573264781574e-01
1.143958868894601605e-01
1.246786632390745470e-01
1.182519280205655554e-01
1.272493573264781574e-01
1.208226221079691520e-01
1.169665809768637571e-01
1.285347043701799419e-01
1.285347043701799419e-01
1.298200514138817541e-01
1.285347043701799419e-01
1.233933161953727486e-01
1.233933161953727486e-01
1.092544987146529534e-01
1.221079691516709503e-01
1.298200514138817541e-01
1.002570694087403652e-01
1.221079691516709503e-01
1.285347043701799419e-01
1.375321336760925439e-01
1.028277634961439618e-01
1.156812339331619588e-01
1.041131105398457601e-01
1.169665809768637571e-01
1.092544987146529534e-01
1.105398457583547517e-01
1.195372750642673537e-01
1.092544987146529534e-01
1.066838046272493568e-01
1.118251928020565500e-01
1.028277634961439618e-01
1.092544987146529534e-01
1.143958868894601605e-01
1.015424164524421635e-01
1.028277634961439618e-01
1.118251928020565500e-01
1.323907455012853507e-01
9.125964010282776318e-02
1.156812339331619588e-01
9.640102827763495641e-02
1.182519280205655554e-01
1.105398457583547517e-01
1.066838046272493568e-01
9.897172236503856690e-02
1.041131105398457601e-01
1.195372750642673537e-01
1.156812339331619588e-01
1.143958868894601605e-01
9.640102827763495641e-02
1.092544987146529534e-01
1.053984575835475584e-01
8.868894601542416656e-02
1.131105398457583483e-01
1.041131105398457601e-01
1.092544987146529534e-01
1.118251928020565500e-01
1.053984575835475584e-01
1.002570694087403652e-01
1.131105398457583483e-01
1.259640102827763453e-01
1.118251928020565500e-01
1.156812339331619588e-01
1.092544987146529534e-01
9.768637532133675472e-02
1.079691516709511551e-01
9.254498714652956148e-02
1.118251928020565500e-01
8.740359897172236825e-02
9.383033419023135979e-02
9.768637532133675472e-02
9.768637532133675472e-02
9.897172236503856690e-02
9.254498714652956148e-02
1.053984575835475584e-01
8.997429305912596487e-02
9.125964010282776318e-02
9.640102827763495641e-02
1.143958868894601605e-01
1.105398457583547517e-01
1.053984575835475584e-01
1.092544987146529534e-01
1.169665809768637571e-01
1.092544987146529534e-01
1.028277634961439618e-01
1.066838046272493568e-01
9.640102827763495641e-02
1.002570694087403652e-01
1.028277634961439618e-01
1.002570694087403652e-01
9.640102827763495641e-02
1.028277634961439618e-01
9.125964010282776318e-02
1.002570694087403652e-01
1.053984575835475584e-01
1.143958868894601605e-01
1.195372750642673537e-01
1.066838046272493568e-01
1.221079691516709503e-01
1.118251928020565500e-01
1.079691516709511551e-01
1.105398457583547517e-01
1.028277634961439618e-01
1.143958868894601605e-01
