1.000000000000000000e+00
9.533898305084745894e-01
8.262711864406779849e-01
7.923728813559322015e-01
7.881355932203389925e-01
8.177966101694915668e-01
7.288135593220338437e-01
7.457627118644067910e-01
6.949152542372881713e-01
7.669491525423728362e-01
7.415254237288135819e-01
7.542372881355932090e-01
6.694915254237288060e-01
7.076271186440677985e-01
7.203389830508474256e-01
7.245762711864406347e-01
7.584745762711864181e-01
6.313559322033898136e-01
6.694915254237288060e-01
7.076271186440677985e-01
7.245762711864406347e-01
6.906779661016949623e-01
6.144067796610169774e-01
6.525423728813559698e-01
6.567796610169491789e-01
6.610169491525423879e-01
6.016949152542372392e-01
6.271186440677966045e-01
6.355932203389830226e-01
6.016949152542372392e-01
6.271186440677966045e-01
5.508474576271186196e-01
5.593220338983050377e-01
6.228813559322033955e-01
5.720338983050847759e-01
6.059322033898305593e-01
5.635593220338983578e-01
5.296610169491525744e-01
5.805084745762711940e-01
5.677966101694915668e-01
5.211864406779661563e-01
5.805084745762711940e-01
5.296610169491525744e-01
5.508474576271186196e-01
5.169491525423728362e-01
5.550847457627118287e-01
6.059322033898305593e-01
5.847457627118644030e-01
5.847457627118644030e-01
5.720338983050847759e-01
5.550847457627118287e-01
5.508474576271186196e-01
5.805084745762711940e-01
5.000000000000000000e-01
5.847457627118644030e-01
5.084745762711864181e-01
5.593220338983050377e-01
4.237288135593220151e-01
5.423728813559322015e-01
5.211864406779661563e-01
5.635593220338983578e-01
5.550847457627118287e-01
5.338983050847457834e-01
5.042372881355932090e-01
5.000000000000000000e-01
5.381355932203389925e-01
5.169491525423728362e-01
4.957627118644067910e-01
4.830508474576271083e-01
5.042372881355932090e-01
5.550847457627118287e-01
5.084745762711864181e-01
5.042372881355932090e-01
4.618644067796610075e-01
4.915254237288135819e-01
4.533898305084745894e-01
4.406779661016949068e-01
4.406779661016949068e-01
4.406779661016949068e-01
4.576271186440677985e-01
4.194915254237288060e-01
4.237288135593220151e-01
4.957627118644067910e-01
4.491525423728813804e-01
5.042372881355932090e-01
5.000000000000000000e-01
4.194915254237288060e-01
4.661016949152542166e-01
5.127118644067796271e-01
4.703389830508474811e-01
4.576271186440677985e-01
4.703389830508474811e-01
4.576271186440677985e-01
4.449152542372881158e-01
4.237288135593220151e-01
4.661016949152542166e-01
4.025423728813559143e-01
4.322033898305084887e-01
3.940677966101694962e-01
4.364406779661016977e-01
3.983050847457627053e-01
4.110169491525423879e-01
4.279661016949152796e-01
4.025423728813559143e-01
4.110169491525423879e-01
4.364406779661016977e-01
3.771186440677966045e-01
4.110169491525423879e-01
4.110169491525423879e-01
4.067796610169491789e-01
3.855932203389830781e-01
3.813559322033898136e-01
4.025423728813559143e-01
3.940677966101694962e-01
4.110169491525423879e-01
3.601694915254237128e-01
3.050847457627118842e-01
3.601694915254237128e-01
3.855932203389830781e-01
3.771186440677966045e-01
3.220338983050847204e-01
3.135593220338983023e-01
3.347457627118644030e-01
3.474576271186440857e-01
3.644067796610169219e-01
3.771186440677966045e-01
3.432203389830508211e-01
3.474576271186440857e-01
3.898305084745762872e-01
3.940677966101694962e-01
3.644067796610169219e-01
4.067796610169491789e-01
3.262711864406779849e-01
3.220338983050847204e-01
3.389830508474576121e-01
3.771186440677966045e-01
3.601694915254237128e-01
3.135593220338983023e-01
3.771186440677966045e-01
3.813559322033898136e-01
3.644067796610169219e-01
3.644067796610169219e-01
3.220338983050847204e-01
3.177966101694915113e-01
3.389830508474576121e-01
3.771186440677966045e-01
3.093220338983050932e-01
3.093220338983050932e-01
3.389830508474576121e-01
3.389830508474576121e-01
3.262711864406779849e-01
3.601694915254237128e-01
3.093220338983050932e-01
3.135593220338983023e-01
2.881355932203389925e-01
3.220338983050847204e-01
3.135593220338983023e-01
3.347457627118644030e-01
2.923728813559322015e-01
3.008474576271186196e-01
3.093220338983050932e-01
3.516949152542372947e-01
3.135593220338983023e-01
3.220338983050847204e-01
3.220338983050847204e-01
3.559322033898305038e-01
3.559322033898305038e-01
3.474576271186440857e-01
3.813559322033898136e-01
3.050847457627118842e-01
3.135593220338983023e-01
3.305084745762711940e-01
2.838983050847457834e-01
3.050847457627118842e-01
3.177966101694915113e-01
3.220338983050847204e-01
3.008474576271186196e-01
3.262711864406779849e-01
3.135593220338983023e-01
3.008474576271186196e-01
3.262711864406779849e-01
3.177966101694915113e-01
3.008474576271186196e-01
2.923728813559322015e-01
2.754237288135593098e-01
2.966101694915254106e-01
2.584745762711864181e-01
2.923728813559322015e-01
2.881355932203389925e-01
3.050847457627118842e-01
2.711864406779661008e-01
3.474576271186440857e-01
3.262711864406779849e-01
2.796610169491525189e-01
2.796610169491525189e-01
2.838983050847457834e-01
2.627118644067796827e-01
2.372881355932203451e-01
3.305084745762711940e-01
2.754237288135593098e-01
2.500000000000000000e-01
2.457627118644067910e-01
2.288135593220338992e-01
2.711864406779661008e-01
2.796610169491525189e-01
2.711864406779661008e-01
2.711864406779661008e-01
2.627118644067796827e-01
2.076271186440677985e-01
2.754237288135593098e-01
2.796610169491525189e-01
2.372881355932203451e-01
3.008474576271186196e-01
2.669491525423728917e-01
2.457627118644067910e-01
2.372881355932203451e-01
2.245762711864406902e-01
2.627118644067796827e-01
2.330508474576271083e-01
2.415254237288135541e-01
2.203389830508474534e-01
2.415254237288135541e-01
2.372881355932203451e-01
2.457627118644067910e-01
2.457627118644067910e-01
2.245762711864406902e-01
2.584745762711864181e-01
2.330508474576271083e-01
2.372881355932203451e-01
2.118644067796610075e-01
2.415254237288135541e-01
2.372881355932203451e-01
2.330508474576271083e-01
2.457627118644067910e-01
2.076271186440677985e-01
2.584745762711864181e-01
2.457627118644067910e-01
2.457627118644067910e-01
2.118644067796610075e-01
2.500000000000000000e-01
2.203389830508474534e-01
1.991525423728813526e-01
2.203389830508474534e-01
2.372881355932203451e-01
2.330508474576271083e-01
2.033898305084745894e-01
2.288135593220338992e-01
2.415254237288135541e-01
2.203389830508474534e-01
1.906779661016949068e-01
2.076271186440677985e-01
2.288135593220338992e-01
2.076271186440677985e-01
2.076271186440677985e-01
2.330508474576271083e-01
1.949152542372881436e-01
2.161016949152542443e-01
1.906779661016949068e-01
2.118644067796610075e-01
1.949152542372881436e-01
1.949152542372881436e-01
1.906779661016949068e-01
2.245762711864406902e-01
1.864406779661016977e-01
1.991525423728813526e-01
1.610169491525423602e-01
2.118644067796610075e-01
1.822033898305084609e-01
1.652542372881355970e-01
1.864406779661016977e-01
1.822033898305084609e-01
1.483050847457627053e-01
2.203389830508474534e-01
1.822033898305084609e-01
2.076271186440677985e-01
1.864406779661016977e-01
1.991525423728813526e-01
2.161016949152542443e-01
1.737288135593220428e-01
1.991525423728813526e-01
2.118644067796610075e-01
1.864406779661016977e-01
2.033898305084745894e-01
1.398305084745762594e-01
1.822033898305084609e-01
1.949152542372881436e-01
1.864406779661016977e-01
1.483050847457627053e-01
1.949152542372881436e-01
1.610169491525423602e-01
1.525423728813559421e-01
1.949152542372881436e-01
1.822033898305084609e-01
1.779661016949152519e-01
1.991525423728813526e-01
1.652542372881355970e-01
1.822033898305084609e-01
1.567796610169491511e-01
1.737288135593220428e-01
1.737288135593220428e-01
1.567796610169491511e-01
1.440677966101694962e-01
1.864406779661016977e-01
1.822033898305084609e-01
1.949152542372881436e-01
1.737288135593220428e-01
1.567796610169491511e-01
1.694915254237288060e-01
1.355932203389830504e-01
1.652542372881355970e-01
1.694915254237288060e-01
1.610169491525423602e-01
1.652542372881355970e-01
1.737288135593220428e-01
1.610169491525423602e-01
1.610169491525423602e-01
1.694915254237288060e-01
1.525423728813559421e-01
2.033898305084745894e-01
1.822033898305084609e-01
1.949152542372881436e-01
1.822033898305084609e-01
1.525423728813559421e-01
1.822033898305084609e-01
1.779661016949152519e-01
1.483050847457627053e-01
1.864406779661016977e-01
1.355932203389830504e-01
1.737288135593220428e-01
1.610169491525423602e-01
1.525423728813559421e-01
1.737288135593220428e-01
1.779661016949152519e-01
2.033898305084745894e-01
1.949152542372881436e-01
1.694915254237288060e-01
1.525423728813559421e-01
1.652542372881355970e-01
1.652542372881355970e-01
1.822033898305084609e-01
1.652542372881355970e-01
1.610169491525423602e-01
1.652542372881355970e-01
1.271186440677966045e-01
1.779661016949152519e-01
1.779661016949152519e-01
1.652542372881355970e-01
1.864406779661016977e-01
2.161016949152542443e-01
1.483050847457627053e-01
1.694915254237288060e-01
1.694915254237288060e-01
1.483050847457627053e-01
1.694915254237288060e-01
1.694915254237288060e-01
1.652542372881355970e-01
1.694915254237288060e-01
1.567796610169491511e-01
1.355932203389830504e-01
1.652542372881355970e-01
1.355932203389830504e-01
1.483050847457627053e-01
1.567796610169491511e-01
1.779661016949152519e-01
2.033898305084745894e-01
1.864406779661016977e-01
1.694915254237288060e-01
1.949152542372881436e-01
1.610169491525423602e-01
1.525423728813559421e-01
1.694915254237288060e-01
1.906779661016949068e-01
1.864406779661016977e-01
1.822033898305084609e-01
1.737288135593220428e-01
1.525423728813559421e-01
1.610169491525423602e-01
1.567796610169491511e-01
1.822033898305084609e-01
1.779661016949152519e-01
1.610169491525423602e-01
1.949152542372881436e-01
1.694915254237288060e-01
1.567796610169491511e-01
1.652542372881355970e-01
1.483050847457627053e-01
1.483050847457627053e-01
1.228813559322033955e-01
1.779661016949152519e-01
1.525423728813559421e-01
1.652542372881355970e-01
1.737288135593220428e-01
1.355932203389830504e-01
1.652542372881355970e-01
1.822033898305084609e-01
1.864406779661016977e-01
1.610169491525423602e-01
1.525423728813559421e-01
1.483050847457627053e-01
1.313559322033898413e-01
1.483050847457627053e-01
