1.000000000000000000e+00
8.461538461538461453e-01
8.038029386343993332e-01
7.657735522904062231e-01
7.337942955920484511e-01
7.009507346585998055e-01
6.905790838375107654e-01
6.516853932584270037e-01
6.447709593777009029e-01
6.439066551426102514e-01
6.620570440795160438e-01
6.006914433880725657e-01
5.972342264477096263e-01
5.583405358686257536e-01
5.496974935177182386e-01
5.540190146931720516e-01
5.211754537597234060e-01
5.462402765773551883e-01
5.617977528089888040e-01
5.531547104580812890e-01
5.298184961106309210e-01
4.909248055315471038e-01
5.220397579948141686e-01
5.116681071737251285e-01
5.177182368193604667e-01
4.926534140017286290e-01
4.848746758859118211e-01
4.649956784788245590e-01
4.520311149524632865e-01
4.770959377700950688e-01
4.770959377700950688e-01
4.563526361279170440e-01
4.399308556611927212e-01
4.399308556611927212e-01
4.468452895419187665e-01
4.364736387208297264e-01
4.356093344857389638e-01
4.243733794295592165e-01
4.347450302506482012e-01
4.235090751944684540e-01
4.044943820224718989e-01
3.872082973206568690e-01
3.941227312013829143e-01
3.673292999135695514e-01
3.768366464995678289e-01
3.975799481417459091e-01
3.647363872082973191e-01
3.509075194468452841e-01
3.612791702679343242e-01
3.310285220397580219e-01
3.310285220397580219e-01
3.275713050993949715e-01
3.111495246326707043e-01
3.241140881590319767e-01
3.068280034572169468e-01
3.171996542783059869e-01
2.895419187554019169e-01
2.999135695764909015e-01
2.929991356957649118e-01
2.912705272255833866e-01
3.016421780466724267e-01
2.869490060501296291e-01
2.774416594641313516e-01
2.800345721694036394e-01
2.584269662921348520e-01
2.748487467588591193e-01
2.722558340535868870e-01
2.739844425237683567e-01
2.601555747623163217e-01
2.662057044079516044e-01
2.644770959377700792e-01
2.679343128781331296e-01
2.696629213483145993e-01
2.549697493517718017e-01
2.627484874675886095e-01
2.532411408815903320e-01
2.359550561797752743e-01
2.212618841832325045e-01
2.290406222990492568e-01
2.359550561797752743e-01
2.212618841832325045e-01
2.342264477095937769e-01
2.402765773552290318e-01
2.428694900605012919e-01
2.273120138288677594e-01
2.480553154710458119e-01
2.195332757130510071e-01
2.342264477095937769e-01
2.221261884183232393e-01
2.212618841832325045e-01
2.152117545375972218e-01
2.221261884183232393e-01
2.100259291270527295e-01
2.160760587726879844e-01
2.039757994814174469e-01
1.936041486603284345e-01
2.039757994814174469e-01
2.057044079515989721e-01
2.005185825410544520e-01
1.910112359550561745e-01
1.849611063094209196e-01
1.866897147796024170e-01
2.065687121866897069e-01
1.944684528954191971e-01
1.849611063094209196e-01
1.866897147796024170e-01
1.737251512532411446e-01
1.840968020743301570e-01
1.806395851339671621e-01
1.987899740708729546e-01
1.875540190146931796e-01
1.866897147796024170e-01
1.754537597234226420e-01
1.745894554883318794e-01
1.694036300777873871e-01
1.598962834917891096e-01
1.719965427830596472e-01
1.694036300777873871e-01
1.815038893690578969e-01
1.823681936041486595e-01
1.728608470181503820e-01
1.711322385479688846e-01
1.702679343128781220e-01
1.642178046672428671e-01
1.711322385479688846e-01
1.633535004321521045e-01
1.702679343128781220e-01
1.719965427830596472e-01
1.573033707865168496e-01
1.616248919619706070e-01
1.633535004321521045e-01
1.564390665514261147e-01
1.529818496110630921e-01
1.452031114952463398e-01
1.538461538461538547e-01
1.598962834917891096e-01
1.590319792566983470e-01
1.503889369057908321e-01
1.443388072601555772e-01
1.391529818496110571e-01
1.581676750216076122e-01
1.676750216076058897e-01
1.521175453759723295e-01
1.296456352636127796e-01
1.331028522039758022e-01
1.400172860847018197e-01
1.287813310285220447e-01
1.331028522039758022e-01
1.244598098530682734e-01
1.356957649092480622e-01
1.374243733794295597e-01
1.305099394987035422e-01
1.287813310285220447e-01
1.210025929127052785e-01
1.201382886776145159e-01
1.184096802074330185e-01
1.218668971477960272e-01
1.322385479688850396e-01
1.210025929127052785e-01
1.210025929127052785e-01
1.235955056179775247e-01
1.253241140881590221e-01
1.097666378565255035e-01
1.201382886776145159e-01
1.192739844425237672e-01
1.184096802074330185e-01
1.253241140881590221e-01
1.279170267934312821e-01
1.313742437337943048e-01
1.305099394987035422e-01
1.184096802074330185e-01
1.184096802074330185e-01
1.227312013828867759e-01
1.201382886776145159e-01
1.279170267934312821e-01
1.253241140881590221e-01
1.244598098530682734e-01
1.227312013828867759e-01
1.089023336214347409e-01
1.063094209161624948e-01
1.106309420916162523e-01
1.192739844425237672e-01
1.132238547968884984e-01
1.201382886776145159e-01
1.106309420916162523e-01
1.089023336214347409e-01
1.080380293863439922e-01
1.097666378565255035e-01
1.123595505617977497e-01
1.140881590319792610e-01
1.071737251512532435e-01
1.045808124459809835e-01
1.106309420916162523e-01
1.011235955056179747e-01
9.680207433016421725e-02
1.071737251512532435e-01
9.680207433016421725e-02
9.939498703543647729e-02
1.011235955056179747e-01
1.028522039757994860e-01
1.089023336214347409e-01
1.071737251512532435e-01
9.593777009507346853e-02
1.054451166810717322e-01
1.045808124459809835e-01
9.939498703543647729e-02
1.011235955056179747e-01
1.028522039757994860e-01
9.248055315471045978e-02
1.037165082108902348e-01
9.161624891961971107e-02
9.939498703543647729e-02
9.248055315471045978e-02
9.161624891961971107e-02
9.766637856525496597e-02
8.815903197925670232e-02
9.939498703543647729e-02
1.011235955056179747e-01
9.248055315471045978e-02
8.815903197925670232e-02
8.470181503889369357e-02
8.038029386343993610e-02
8.470181503889369357e-02
8.643042350907519100e-02
8.902333621434745103e-02
1.028522039757994860e-01
9.161624891961971107e-02
9.853068280034572857e-02
8.902333621434745103e-02
9.593777009507346853e-02
9.420916162489195722e-02
8.643042350907519100e-02
8.729472774416593972e-02
8.383751080380294485e-02
7.951598962834917350e-02
9.075194468452894847e-02
7.865168539325842478e-02
7.692307692307692735e-02
8.124459809853068482e-02
6.914433880726016113e-02
7.519446845289541603e-02
7.865168539325842478e-02
7.692307692307692735e-02
7.605877268798616475e-02
8.729472774416593972e-02
8.902333621434745103e-02
7.951598962834917350e-02
7.692307692307692735e-02
7.519446845289541603e-02
8.383751080380294485e-02
7.433016421780466731e-02
6.482281763180638978e-02
6.741573033707864981e-02
7.000864304235090985e-02
6.482281763180638978e-02
7.173725151253240728e-02
6.914433880726016113e-02
6.568712186689715238e-02
6.828003457216939853e-02
7.778738115816767607e-02
6.395851339671564106e-02
6.309420916162489235e-02
6.222990492653413669e-02
6.655142610198790110e-02
6.828003457216939853e-02
6.309420916162489235e-02
5.790838375108037922e-02
5.617977528089887485e-02
6.050129645635263925e-02
6.309420916162489235e-02
6.828003457216939853e-02
6.828003457216939853e-02
5.963699222126188360e-02
6.395851339671564106e-02
6.482281763180638978e-02
6.222990492653413669e-02
5.963699222126188360e-02
5.704407951598963050e-02
6.050129645635263925e-02
5.185825410544511738e-02
7.087294727744165856e-02
6.136560069144338797e-02
5.358686257562662175e-02
5.358686257562662175e-02
4.840103716508210863e-02
5.790838375108037922e-02
5.272255834053586609e-02
5.704407951598963050e-02
5.704407951598963050e-02
6.482281763180638978e-02
6.914433880726016113e-02
6.136560069144338797e-02
5.790838375108037922e-02
5.704407951598963050e-02
5.445116681071737047e-02
6.222990492653413669e-02
5.531547104580812613e-02
6.136560069144338797e-02
6.222990492653413669e-02
5.704407951598963050e-02
6.568712186689715238e-02
6.309420916162489235e-02
6.482281763180638978e-02
6.050129645635263925e-02
6.136560069144338797e-02
6.050129645635263925e-02
6.395851339671564106e-02
5.704407951598963050e-02
5.790838375108037922e-02
5.531547104580812613e-02
5.358686257562662175e-02
5.531547104580812613e-02
5.790838375108037922e-02
4.667242869490060425e-02
5.790838375108037922e-02
5.531547104580812613e-02
6.482281763180638978e-02
6.050129645635263925e-02
6.136560069144338797e-02
5.790838375108037922e-02
5.790838375108037922e-02
5.445116681071737047e-02
5.012964563526361300e-02
5.185825410544511738e-02
5.099394987035436172e-02
6.482281763180638978e-02
5.531547104580812613e-02
5.704407951598963050e-02
5.445116681071737047e-02
5.704407951598963050e-02
5.445116681071737047e-02
5.358686257562662175e-02
4.840103716508210863e-02
5.358686257562662175e-02
5.445116681071737047e-02
5.012964563526361300e-02
5.272255834053586609e-02
4.926534140017286428e-02
4.321521175453759550e-02
4.840103716508210863e-02
5.185825410544511738e-02
5.617977528089887485e-02
5.790838375108037922e-02
5.099394987035436172e-02
4.407951598962835116e-02
5.185825410544511738e-02
4.494382022471909988e-02
5.877268798617113488e-02
4.667242869490060425e-02
5.358686257562662175e-02
5.617977528089887485e-02
5.358686257562662175e-02
5.445116681071737047e-02
4.667242869490060425e-02
4.926534140017286428e-02
4.840103716508210863e-02
4.494382022471909988e-02
4.753673292999135991e-02
4.753673292999135991e-02
4.148660328435609113e-02
4.667242869490060425e-02
5.445116681071737047e-02
4.753673292999135991e-02
4.580812445980985553e-02
4.580812445980985553e-02
4.753673292999135991e-02
4.494382022471909988e-02
4.667242869490060425e-02
4.753673292999135991e-02
5.358686257562662175e-02
5.099394987035436172e-02
4.840103716508210863e-02
4.062229904926534241e-02
5.012964563526361300e-02
5.272255834053586609e-02
4.148660328435609113e-02
4.580812445980985553e-02
4.494382022471909988e-02
4.321521175453759550e-02
4.667242869490060425e-02
4.321521175453759550e-02
4.926534140017286428e-02
4.235090751944684678e-02
4.148660328435609113e-02
4.062229904926534241e-02
4.494382022471909988e-02
4.494382022471909988e-02
4.667242869490060425e-02
4.580812445980985553e-02
5.099394987035436172e-02
4.407951598962835116e-02
4.580812445980985553e-02
4.580812445980985553e-02
5.185825410544511738e-02
4.235090751944684678e-02
3.802938634399308238e-02
4.148660328435609113e-02
3.889369057908383803e-02
4.148660328435609113e-02
3.802938634399308238e-02
3.975799481417458675e-02
