1.000000000000000000e+00
7.969588550983899289e-01
7.915921288014311497e-01
7.558139534883721034e-01
7.450805008944544339e-01
7.093023255813953876e-01
6.842576028622540107e-01
6.556350626118068181e-01
6.556350626118068181e-01
6.440071556350626114e-01
6.350626118067979053e-01
6.216457960644007352e-01
6.162790697674418450e-01
6.171735241502683822e-01
6.127012522361359181e-01
5.930232558139535426e-01
6.171735241502683822e-01
5.957066189624329322e-01
5.831842576028622993e-01
5.357781753130590463e-01
5.608228980322003121e-01
5.429338103756707890e-01
5.348837209302325091e-01
5.241502683363148396e-01
5.053667262969588903e-01
4.955277280858676470e-01
5.116279069767442067e-01
5.214669051878354500e-01
5.152057245080501335e-01
4.847942754919499220e-01
4.973166368515205549e-01
4.490161001788908757e-01
4.543828264758497104e-01
4.713774597495527519e-01
4.606440071556350824e-01
4.588550983899821190e-01
4.606440071556350824e-01
4.534883720930232287e-01
4.615384615384615641e-01
4.355992844364937611e-01
4.570661896243291555e-01
4.194991055456171458e-01
4.221824686940965909e-01
4.150268336314847928e-01
4.230769230769230727e-01
4.105545617173524398e-01
4.051878354203935495e-01
3.953488372093023062e-01
3.944543828264758245e-01
3.962432915921287879e-01
3.980322003577817513e-01
4.007155635062611965e-01
3.917710196779964349e-01
3.837209302325581550e-01
3.926654740608229166e-01
4.007155635062611965e-01
3.711985688729874666e-01
4.016100178890876782e-01
3.801431127012522282e-01
3.828264758497316733e-01
3.837209302325581550e-01
3.747763864042933935e-01
3.685152057245080770e-01
3.640429338103756685e-01
3.452593917710196636e-01
3.533094812164579435e-01
3.676207513416815953e-01
3.533094812164579435e-01
3.309481216457960673e-01
3.524150268336314618e-01
3.345259391771019941e-01
3.372093023255813837e-01
3.452593917710196636e-01
3.184257602862253789e-01
3.121645796064400624e-01
3.318425760286225490e-01
3.228980322003577874e-01
3.139534883720930258e-01
3.246869409660107508e-01
3.363148479427549020e-01
3.193202146690518606e-01
3.059033989266547460e-01
3.014311270125223374e-01
3.067978533094812277e-01
3.166368515205724710e-01
2.996422182468694295e-01
3.273703041144901404e-01
2.924865831842575759e-01
2.871198568872987411e-01
2.880143112701252228e-01
2.871198568872987411e-01
2.808586762075134247e-01
2.933810375670840576e-01
2.808586762075134247e-01
2.772808586762074978e-01
2.728085867620751448e-01
2.737030411449016265e-01
2.710196779964221814e-01
2.620751341681574198e-01
2.638640429338103832e-01
2.701252236135956997e-01
2.611806797853309381e-01
2.567084078711985851e-01
2.593917710196779747e-01
2.737030411449016265e-01
2.522361359570661765e-01
2.504472271914132131e-01
2.415026833631484793e-01
2.406082289803219976e-01
2.504472271914132131e-01
2.397137745974955159e-01
2.495527728085867591e-01
2.513416815742396948e-01
2.182468694096600936e-01
2.388193202146690619e-01
2.423971377459749610e-01
2.379248658318425802e-01
2.423971377459749610e-01
2.325581395348837177e-01
2.298747763864043003e-01
2.325581395348837177e-01
2.307692307692307820e-01
2.343470483005366811e-01
2.262969588550984013e-01
2.370304114490160985e-01
2.441860465116278966e-01
2.361359570661896168e-01
2.423971377459749610e-01
2.307692307692307820e-01
2.388193202146690619e-01
2.325581395348837177e-01
2.218246869409660205e-01
2.307692307692307820e-01
2.209302325581395388e-01
2.432915921288014427e-01
2.280858676207513369e-01
2.209302325581395388e-01
2.227191413237924744e-01
2.415026833631484793e-01
2.110912343470482955e-01
2.128801431127012589e-01
2.254025044722719195e-01
2.030411449016100156e-01
2.084078711985688781e-01
2.137745974955277406e-01
2.218246869409660205e-01
2.110912343470482955e-01
2.128801431127012589e-01
2.164579606440071580e-01
2.191413237924865753e-01
2.003577817531305982e-01
2.048300536672629790e-01
2.066189624329159147e-01
2.084078711985688781e-01
2.039355992844364973e-01
1.985688729874776348e-01
2.110912343470482955e-01
1.958855098389982174e-01
1.923076923076923184e-01
1.797853309481216577e-01
1.914132379248658367e-01
1.869409660107334559e-01
1.896243291592128732e-01
1.860465116279069742e-01
1.949910554561717357e-01
1.735241502683363135e-01
1.717352415026833501e-01
1.771019677996422126e-01
1.788908765652951760e-01
1.753130590339892769e-01
1.735241502683363135e-01
1.797853309481216577e-01
1.735241502683363135e-01
1.744186046511627952e-01
1.833631484794275568e-01
1.753130590339892769e-01
1.779964221824686943e-01
1.779964221824686943e-01
1.788908765652951760e-01
1.842576028622540385e-01
1.851520572450804925e-01
1.681574239713774510e-01
1.744186046511627952e-01
1.690518783542039327e-01
1.744186046511627952e-01
1.708407871198568961e-01
1.618962432915921346e-01
1.618962432915921346e-01
1.744186046511627952e-01
1.788908765652951760e-01
1.672629695885509971e-01
1.690518783542039327e-01
1.601073345259391711e-01
1.645796064400715519e-01
1.708407871198568961e-01
1.645796064400715519e-01
1.601073345259391711e-01
1.627906976744186163e-01
1.565295169946332721e-01
1.583184257602862355e-01
1.610017889087656529e-01
1.645796064400715519e-01
1.592128801431126894e-01
1.529516994633273730e-01
1.457960644007155748e-01
1.618962432915921346e-01
1.645796064400715519e-01
1.636851520572450702e-01
1.627906976744186163e-01
1.475849731663685105e-01
1.601073345259391711e-01
1.592128801431126894e-01
1.538461538461538547e-01
1.618962432915921346e-01
1.592128801431126894e-01
1.502683363148479556e-01
1.583184257602862355e-01
1.520572450805008913e-01
1.395348837209302306e-01
1.502683363148479556e-01
1.547406082289803086e-01
1.627906976744186163e-01
1.618962432915921346e-01
1.466905187835420288e-01
1.520572450805008913e-01
1.529516994633273730e-01
1.583184257602862355e-01
1.457960644007155748e-01
1.413237924865831940e-01
1.493738819320214739e-01
1.440071556350626114e-01
1.350626118067978498e-01
1.538461538461538547e-01
1.314847942754919508e-01
1.332737030411449142e-01
1.395348837209302306e-01
1.288014311270125334e-01
1.350626118067978498e-01
1.395348837209302306e-01
1.386404293381037489e-01
1.261180679785330883e-01
1.323792486583184325e-01
1.261180679785330883e-01
1.314847942754919508e-01
1.288014311270125334e-01
1.216457960644007213e-01
1.359570661896243315e-01
1.252236135957066065e-01
1.252236135957066065e-01
1.252236135957066065e-01
1.305903398926654690e-01
1.252236135957066065e-01
1.305903398926654690e-01
1.234347048300536709e-01
1.180679785330948084e-01
1.243291592128801387e-01
1.162790697674418589e-01
1.207513416815742396e-01
1.144901610017889093e-01
1.153846153846153910e-01
1.109123434704830102e-01
1.162790697674418589e-01
1.207513416815742396e-01
1.207513416815742396e-01
1.091234347048300468e-01
1.109123434704830102e-01
1.171735241502683406e-01
1.288014311270125334e-01
1.144901610017889093e-01
1.234347048300536709e-01
1.135957066189624276e-01
1.234347048300536709e-01
1.153846153846153910e-01
1.207513416815742396e-01
1.225402504472271892e-01
1.127012522361359598e-01
1.127012522361359598e-01
1.135957066189624276e-01
1.135957066189624276e-01
1.189624329159212901e-01
1.082289803220035790e-01
1.153846153846153910e-01
1.073345259391770973e-01
1.118067978533094781e-01
1.028622540250447165e-01
1.109123434704830102e-01
1.127012522361359598e-01
1.028622540250447165e-01
1.001788908765652991e-01
1.037567084078711982e-01
1.046511627906976799e-01
1.037567084078711982e-01
1.082289803220035790e-01
1.073345259391770973e-01
1.109123434704830102e-01
1.082289803220035790e-01
1.082289803220035790e-01
1.019677996422182487e-01
1.064400715563506294e-01
1.046511627906976799e-01
1.162790697674418589e-01
1.091234347048300468e-01
1.073345259391770973e-01
1.109123434704830102e-01
1.019677996422182487e-01
1.028622540250447165e-01
1.019677996422182487e-01
1.001788908765652991e-01
9.123434704830053754e-02
1.055456171735241477e-01
1.082289803220035790e-01
9.660107334525938616e-02
9.660107334525938616e-02
9.660107334525938616e-02
1.037567084078711982e-01
1.046511627906976799e-01
1.028622540250447165e-01
9.302325581395348708e-02
1.019677996422182487e-01
1.046511627906976799e-01
9.391771019677996879e-02
9.928443649373881741e-02
9.928443649373881741e-02
1.010733452593917669e-01
1.037567084078711982e-01
8.765652951699463846e-02
9.302325581395348708e-02
9.123434704830053754e-02
9.123434704830053754e-02
8.855098389982110629e-02
8.855098389982110629e-02
9.212880143112701925e-02
9.033989266547405583e-02
8.586762075134167504e-02
8.676207513416815675e-02
7.871198568872987689e-02
1.010733452593917669e-01
9.391771019677996879e-02
9.391771019677996879e-02
8.586762075134167504e-02
9.123434704830053754e-02
9.302325581395348708e-02
9.033989266547405583e-02
9.302325581395348708e-02
9.123434704830053754e-02
8.765652951699463846e-02
9.123434704830053754e-02
8.407871198568872551e-02
8.139534883720930813e-02
8.407871198568872551e-02
9.123434704830053754e-02
9.928443649373881741e-02
8.318425760286225767e-02
8.676207513416815675e-02
8.139534883720930813e-02
7.692307692307692735e-02
8.139534883720930813e-02
9.302325581395348708e-02
8.586762075134167504e-02
8.497316636851520721e-02
8.676207513416815675e-02
8.944543828264758800e-02
8.139534883720930813e-02
7.960644007155634472e-02
8.586762075134167504e-02
8.228980322003577597e-02
9.033989266547405583e-02
8.586762075134167504e-02
8.855098389982110629e-02
9.033989266547405583e-02
8.139534883720930813e-02
8.228980322003577597e-02
8.586762075134167504e-02
7.960644007155634472e-02
8.497316636851520721e-02
8.586762075134167504e-02
8.050089445438282643e-02
8.407871198568872551e-02
8.407871198568872551e-02
7.423971377459749610e-02
7.155635062611806485e-02
8.497316636851520721e-02
9.033989266547405583e-02
8.407871198568872551e-02
8.765652951699463846e-02
7.960644007155634472e-02
7.513416815742397781e-02
6.976744186046511531e-02
6.708407871198568406e-02
7.960644007155634472e-02
8.407871198568872551e-02
7.423971377459749610e-02
7.960644007155634472e-02
7.334525939177101439e-02
7.334525939177101439e-02
7.781753130590339518e-02
6.529516994633273452e-02
7.066189624329159702e-02
6.618962432915921623e-02
6.618962432915921623e-02
7.155635062611806485e-02
