1.000000000000000000e+00
8.254223652453740456e-01
7.932421560740144928e-01
7.618664521319388205e-01
7.530168946098149130e-01
7.152051488334674190e-01
6.983105390185035954e-01
6.806114239742557803e-01
6.291230893000804292e-01
5.687851971037811705e-01
5.752212389380531032e-01
5.736122284794851200e-01
5.671761866452131873e-01
5.543041029766693217e-01
5.486725663716813806e-01
5.534995977473853301e-01
5.333869670152856513e-01
4.867256637168141387e-01
4.867256637168141387e-01
4.714400643604183538e-01
4.778761061946902866e-01
4.569589702333065051e-01
4.473049074818986059e-01
4.360418342719227791e-01
4.320193081255028211e-01
4.102976669348351035e-01
4.038616251005631708e-01
4.127111826226870228e-01
3.909895414320193052e-01
4.175382139983909724e-01
3.934030571198712800e-01
4.030571198712791792e-01
3.773129525341914481e-01
3.853580048270313640e-01
3.716814159292035624e-01
3.748994368463395288e-01
3.547868061142397389e-01
3.443282381335478481e-01
3.588093322606596969e-01
3.475462590506838145e-01
3.346741753821400045e-01
3.563958165728077221e-01
3.531777956556717557e-01
3.370876910699919793e-01
3.290426387771520633e-01
3.073209975864842902e-01
3.153660498793242062e-01
3.097345132743362650e-01
3.000804505229284214e-01
2.847948511665325810e-01
2.976669348350764466e-01
2.920353982300885054e-01
2.896218825422365306e-01
2.767497988736926651e-01
2.687047465808527491e-01
2.518101367658889811e-01
2.574416733708769223e-01
2.606596942880128887e-01
2.526146419951729727e-01
2.445695897023330567e-01
2.590506838294449055e-01
2.550281576830249475e-01
2.687047465808527491e-01
2.703137570394207323e-01
2.349155269509251853e-01
2.437650844730490651e-01
2.534191472244569643e-01
2.477876106194690231e-01
2.493966210780370063e-01
2.252614641995172862e-01
2.453740949316170483e-01
2.244569589702332946e-01
2.204344328238133643e-01
2.115848753016894568e-01
2.123893805309734484e-01
2.148028962188254232e-01
2.051488334674175518e-01
2.011263073209975938e-01
2.019308125502815854e-01
2.027353177795655770e-01
1.874497184231697644e-01
2.059533386967015156e-01
2.027353177795655770e-01
2.019308125502815854e-01
1.930812550281576778e-01
1.858407079646017812e-01
1.826226870474658148e-01
1.729686242960579157e-01
1.834271922767498064e-01
1.810136765888978316e-01
1.633145615446500443e-01
1.721641190667739241e-01
1.737731295253419073e-01
1.826226870474658148e-01
1.753821399839098905e-01
1.729686242960579157e-01
1.657280772325020191e-01
1.592920353982300863e-01
1.713596138374899325e-01
1.625100563153660527e-01
1.584875301689460947e-01
1.568785197103781115e-01
1.729686242960579157e-01
1.745776347546258989e-01
1.600965406275140779e-01
1.697506033789219493e-01
1.584875301689460947e-01
1.448109412711182653e-01
1.383748994368463325e-01
1.440064360418342737e-01
1.423974255832662905e-01
1.367658889782783493e-01
1.335478680611424107e-01
1.520514883346741619e-01
1.399839098954143157e-01
1.271118262268704779e-01
1.359613837489943577e-01
1.496379726468222149e-01
1.528559935639581535e-01
1.432019308125502821e-01
1.279163314561544695e-01
1.303298471440064443e-01
1.271118262268704779e-01
1.343523732904263746e-01
1.222847948511665284e-01
1.319388576025744275e-01
1.150442477876106179e-01
1.190667739340305759e-01
1.214802896218825368e-01
1.214802896218825368e-01
1.037811745776347494e-01
1.110217216411906738e-01
1.094127111826226906e-01
1.190667739340305759e-01
1.174577634754625927e-01
1.158487530168946095e-01
1.190667739340305759e-01
1.118262268704746515e-01
1.061946902654867242e-01
1.110217216411906738e-01
9.654062751407883891e-02
1.061946902654867242e-01
1.037811745776347494e-01
1.110217216411906738e-01
1.094127111826226906e-01
9.493161705551085572e-02
1.061946902654867242e-01
9.332260659694288640e-02
9.171359613837490321e-02
1.021721641190667801e-01
8.930008045052292842e-02
8.930008045052292842e-02
9.493161705551085572e-02
9.493161705551085572e-02
9.090909090909091161e-02
8.769106999195494523e-02
8.930008045052292842e-02
9.090909090909091161e-02
8.366854384553500112e-02
7.884151246983105155e-02
9.171359613837490321e-02
8.688656476267095363e-02
7.884151246983105155e-02
7.723250201126306835e-02
8.688656476267095363e-02
9.493161705551085572e-02
8.527755430410297044e-02
9.332260659694288640e-02
9.573612228479484731e-02
9.090909090909091161e-02
9.171359613837490321e-02
9.654062751407883891e-02
1.069991954947707158e-01
8.527755430410297044e-02
9.493161705551085572e-02
1.005631536604987969e-01
8.125502815768302634e-02
9.010458567980692002e-02
9.493161705551085572e-02
8.688656476267095363e-02
8.366854384553500112e-02
8.688656476267095363e-02
7.160096540627514106e-02
7.803700724054705995e-02
7.964601769911504314e-02
7.320997586484312425e-02
7.562349155269509904e-02
6.838294448913917467e-02
7.642799678197907676e-02
7.079646017699114946e-02
7.481898632341110744e-02
7.079646017699114946e-02
6.436041834271923057e-02
6.918744971842316627e-02
7.160096540627514106e-02
6.516492357200322216e-02
6.757843925985518307e-02
6.918744971842316627e-02
6.114239742558326418e-02
6.033789219629927258e-02
6.596942880128721376e-02
6.436041834271923057e-02
5.390185036202735369e-02
5.148833467417537890e-02
5.470635559131134529e-02
5.631536604987932154e-02
5.551086082059533688e-02
5.470635559131134529e-02
6.275140788415124737e-02
5.470635559131134529e-02
5.631536604987932154e-02
5.792437650844730473e-02
5.872888173773129633e-02
5.711987127916331314e-02
5.792437650844730473e-02
5.631536604987932154e-02
5.390185036202735369e-02
4.666130329847144320e-02
4.827031375703941946e-02
4.424778761061946841e-02
4.666130329847144320e-02
4.907481898632341105e-02
4.344328238133547682e-02
5.470635559131134529e-02
5.551086082059533688e-02
5.309734513274336209e-02
5.551086082059533688e-02
5.148833467417537890e-02
5.872888173773129633e-02
5.148833467417537890e-02
5.148833467417537890e-02
4.907481898632341105e-02
4.987932421560740265e-02
4.987932421560740265e-02
5.792437650844730473e-02
5.068382944489139424e-02
4.585679806918745161e-02
4.424778761061946841e-02
5.148833467417537890e-02
4.022526146419951737e-02
4.585679806918745161e-02
5.470635559131134529e-02
5.711987127916331314e-02
5.229283990345937050e-02
5.390185036202735369e-02
4.746580852775542786e-02
4.907481898632341105e-02
4.746580852775542786e-02
3.942075623491552577e-02
4.344328238133547682e-02
5.229283990345937050e-02
4.505229283990346001e-02
3.620273531777956633e-02
3.861625100563153418e-02
3.861625100563153418e-02
4.505229283990346001e-02
3.942075623491552577e-02
3.539823008849557473e-02
3.942075623491552577e-02
3.459372485921158313e-02
4.022526146419951737e-02
3.137570394207562369e-02
4.102976669348350897e-02
3.378921962992759154e-02
3.459372485921158313e-02
4.102976669348350897e-02
3.700724054706355792e-02
2.815768302493966077e-02
3.942075623491552577e-02
4.183427192276750056e-02
3.218020917135961528e-02
3.378921962992759154e-02
3.459372485921158313e-02
3.137570394207562369e-02
2.091713596138375028e-02
3.378921962992759154e-02
3.298471440064360688e-02
3.781174577634754952e-02
3.539823008849557473e-02
3.781174577634754952e-02
3.137570394207562369e-02
3.137570394207562369e-02
3.942075623491552577e-02
3.378921962992759154e-02
3.218020917135961528e-02
3.459372485921158313e-02
3.137570394207562369e-02
3.218020917135961528e-02
2.574416733708768945e-02
4.022526146419951737e-02
3.781174577634754952e-02
3.459372485921158313e-02
3.620273531777956633e-02
2.493966210780370132e-02
3.218020917135961528e-02
3.137570394207562369e-02
2.815768302493966077e-02
2.976669348350764396e-02
3.539823008849557473e-02
2.493966210780370132e-02
2.815768302493966077e-02
3.298471440064360688e-02
2.976669348350764396e-02
2.815768302493966077e-02
3.137570394207562369e-02
2.654867256637168105e-02
2.896218825422365237e-02
3.137570394207562369e-02
3.218020917135961528e-02
3.218020917135961528e-02
2.815768302493966077e-02
3.137570394207562369e-02
3.700724054706355792e-02
4.263877715205148522e-02
3.700724054706355792e-02
3.700724054706355792e-02
3.298471440064360688e-02
2.815768302493966077e-02
3.781174577634754952e-02
3.861625100563153418e-02
3.700724054706355792e-02
2.896218825422365237e-02
3.539823008849557473e-02
3.620273531777956633e-02
3.057119871279163209e-02
2.735317779565567264e-02
3.298471440064360688e-02
3.057119871279163209e-02
2.654867256637168105e-02
2.574416733708768945e-02
3.298471440064360688e-02
3.620273531777956633e-02
3.137570394207562369e-02
3.378921962992759154e-02
2.976669348350764396e-02
3.700724054706355792e-02
2.413515687851970973e-02
2.735317779565567264e-02
3.781174577634754952e-02
3.298471440064360688e-02
2.976669348350764396e-02
2.976669348350764396e-02
3.137570394207562369e-02
2.735317779565567264e-02
2.493966210780370132e-02
2.896218825422365237e-02
2.252614641995173000e-02
2.574416733708768945e-02
2.735317779565567264e-02
2.735317779565567264e-02
2.252614641995173000e-02
2.011263073209975868e-02
2.333065164923572160e-02
2.896218825422365237e-02
1.850362027353177896e-02
2.493966210780370132e-02
2.654867256637168105e-02
2.735317779565567264e-02
2.413515687851970973e-02
2.091713596138375028e-02
2.493966210780370132e-02
2.252614641995173000e-02
2.735317779565567264e-02
2.654867256637168105e-02
2.091713596138375028e-02
2.252614641995173000e-02
1.850362027353177896e-02
2.091713596138375028e-02
2.252614641995173000e-02
1.769911504424778736e-02
2.413515687851970973e-02
2.091713596138375028e-02
1.930812550281576709e-02
1.850362027353177896e-02
2.252614641995173000e-02
1.769911504424778736e-02
1.689460981496379577e-02
1.689460981496379577e-02
2.091713596138375028e-02
2.413515687851970973e-02
2.011263073209975868e-02
2.333065164923572160e-02
2.172164119066773841e-02
2.413515687851970973e-02
2.413515687851970973e-02
2.252614641995173000e-02
2.654867256637168105e-02
2.091713596138375028e-02
2.011263073209975868e-02
2.172164119066773841e-02
2.654867256637168105e-02
2.493966210780370132e-02
2.333065164923572160e-02
2.735317779565567264e-02
3.218020917135961528e-02
1.930812550281576709e-02
2.091713596138375028e-02
2.011263073209975868e-02
2.011263073209975868e-02
1.769911504424778736e-02
1.689460981496379577e-02
