1.000000000000000000e+00
8.163265306122449161e-01
7.877551020408163351e-01
7.693877551020408267e-01
7.020408163265305923e-01
7.408163265306122458e-01
7.061224489795918657e-01
6.877551020408163573e-01
6.653061224489795755e-01
6.367346938775509946e-01
6.755102040816326481e-01
6.428571428571429047e-01
6.346938775510203579e-01
6.591836734693877764e-01
5.795918367346938327e-01
6.346938775510203579e-01
5.877551020408163795e-01
5.469387755102040893e-01
5.387755102040816535e-01
5.448979591836734526e-01
5.653061224489795977e-01
5.530612244897958885e-01
5.734693877551020336e-01
5.816326530612244694e-01
5.224489795918367818e-01
5.326530612244897434e-01
5.755102040816326703e-01
5.775510204081633070e-01
5.448979591836734526e-01
5.224489795918367818e-01
5.000000000000000000e-01
5.142857142857142350e-01
5.244897959183673075e-01
4.857142857142857095e-01
4.959183673469387821e-01
4.857142857142857095e-01
4.714285714285714191e-01
4.918367346938775642e-01
4.653061224489795644e-01
4.469387755102040560e-01
4.367346938775510390e-01
4.081632653061224580e-01
4.448979591836734748e-01
4.244897959183673297e-01
4.346938775510204023e-01
4.612244897959183465e-01
4.489795918367346927e-01
4.061224489795918213e-01
4.081632653061224580e-01
4.081632653061224580e-01
3.979591836734693855e-01
3.979591836734693855e-01
3.959183673469387488e-01
4.244897959183673297e-01
4.387755102040816202e-01
3.857142857142857317e-01
4.102040816326530392e-01
3.775510204081632404e-01
3.673469387755102233e-01
3.795918367346938771e-01
3.571428571428571508e-01
3.693877551020408045e-01
3.979591836734693855e-01
3.816326530612245138e-01
3.591836734693877320e-01
3.857142857142857317e-01
3.795918367346938771e-01
3.632653061224490054e-01
3.612244897959183687e-01
3.265306122448979331e-01
3.979591836734693855e-01
3.530612244897959329e-01
3.653061224489795866e-01
3.061224489795918435e-01
3.387755102040816424e-01
3.591836734693877320e-01
3.306122448979592066e-01
3.510204081632652962e-01
3.530612244897959329e-01
3.142857142857142794e-01
3.224489795918367152e-01
3.020408163265306256e-01
3.163265306122449161e-01
3.081632653061224247e-01
3.428571428571428603e-01
3.326530612244897878e-01
3.448979591836734970e-01
2.959183673469387710e-01
3.102040816326530615e-01
3.326530612244897878e-01
3.367346938775510057e-01
3.040816326530612068e-01
3.122448979591836982e-01
3.122448979591836982e-01
2.877551020408163351e-01
2.836734693877551172e-01
2.836734693877551172e-01
2.836734693877551172e-01
2.795918367346938993e-01
2.857142857142856984e-01
2.979591836734694077e-01
2.795918367346938993e-01
2.918367346938775531e-01
2.510204081632653184e-01
2.918367346938775531e-01
2.693877551020408267e-01
2.999999999999999889e-01
2.653061224489796088e-01
2.693877551020408267e-01
2.938775510204081898e-01
2.693877551020408267e-01
2.979591836734694077e-01
2.877551020408163351e-01
2.836734693877551172e-01
2.469387755102040727e-01
2.591836734693877542e-01
2.755102040816326259e-01
2.469387755102040727e-01
2.326530612244897822e-01
2.632653061224489721e-01
2.326530612244897822e-01
2.877551020408163351e-01
2.530612244897958996e-01
2.510204081632653184e-01
2.530612244897958996e-01
2.530612244897958996e-01
2.612244897959183909e-01
2.408163265306122458e-01
2.448979591836734637e-01
2.714285714285714080e-01
2.346938775510204189e-01
2.469387755102040727e-01
2.489795918367346816e-01
2.428571428571428548e-01
2.142857142857142738e-01
2.448979591836734637e-01
2.408163265306122458e-01
2.387755102040816368e-01
2.367346938775510279e-01
2.367346938775510279e-01
2.367346938775510279e-01
2.387755102040816368e-01
2.265306122448979553e-01
2.142857142857142738e-01
2.244897959183673464e-01
2.285714285714285643e-01
2.428571428571428548e-01
2.224489795918367374e-01
2.387755102040816368e-01
2.163265306122449105e-01
2.142857142857142738e-01
2.408163265306122458e-01
2.306122448979591733e-01
2.000000000000000111e-01
1.857142857142857206e-01
2.163265306122449105e-01
2.061224489795918380e-01
2.122448979591836649e-01
2.346938775510204189e-01
2.122448979591836649e-01
2.265306122448979553e-01
1.816326530612245027e-01
2.000000000000000111e-01
2.061224489795918380e-01
1.897959183673469385e-01
2.000000000000000111e-01
2.102040816326530559e-01
2.020408163265306201e-01
2.000000000000000111e-01
2.000000000000000111e-01
1.897959183673469385e-01
1.897959183673469385e-01
1.897959183673469385e-01
1.755102040816326481e-01
1.979591836734693744e-01
1.857142857142857206e-01
1.734693877551020391e-01
1.836734693877551117e-01
1.714285714285714302e-01
1.816326530612245027e-01
1.795918367346938660e-01
1.734693877551020391e-01
1.897959183673469385e-01
1.938775510204081565e-01
1.734693877551020391e-01
1.734693877551020391e-01
1.571428571428571397e-01
1.612244897959183576e-01
1.612244897959183576e-01
1.918367346938775475e-01
1.816326530612245027e-01
1.653061224489796033e-01
1.469387755102040949e-01
1.755102040816326481e-01
1.795918367346938660e-01
1.653061224489796033e-01
1.612244897959183576e-01
1.510204081632653128e-01
1.387755102040816313e-01
1.408163265306122403e-01
1.448979591836734582e-01
1.591836734693877486e-01
1.551020408163265307e-01
1.591836734693877486e-01
1.387755102040816313e-01
1.489795918367347038e-01
1.571428571428571397e-01
1.510204081632653128e-01
1.265306122448979498e-01
1.510204081632653128e-01
1.530612244897959218e-01
1.285714285714285587e-01
1.367346938775510223e-01
1.530612244897959218e-01
1.530612244897959218e-01
1.346938775510204134e-01
1.285714285714285587e-01
1.428571428571428492e-01
1.551020408163265307e-01
1.387755102040816313e-01
1.346938775510204134e-01
1.469387755102040949e-01
1.510204081632653128e-01
1.510204081632653128e-01
1.183673469387755139e-01
1.387755102040816313e-01
1.428571428571428492e-01
1.326530612244898044e-01
1.346938775510204134e-01
1.346938775510204134e-01
1.326530612244898044e-01
1.163265306122448911e-01
1.285714285714285587e-01
1.367346938775510223e-01
1.163265306122448911e-01
1.346938775510204134e-01
1.326530612244898044e-01
1.265306122448979498e-01
1.265306122448979498e-01
1.244897959183673408e-01
1.224489795918367319e-01
1.244897959183673408e-01
1.265306122448979498e-01
1.142857142857142821e-01
1.183673469387755139e-01
1.285714285714285587e-01
1.285714285714285587e-01
1.285714285714285587e-01
1.142857142857142821e-01
1.306122448979591955e-01
1.285714285714285587e-01
1.326530612244898044e-01
1.285714285714285587e-01
1.142857142857142821e-01
1.142857142857142821e-01
1.061224489795918324e-01
1.285714285714285587e-01
1.142857142857142821e-01
1.142857142857142821e-01
1.000000000000000056e-01
1.102040816326530642e-01
1.204081632653061229e-01
1.244897959183673408e-01
1.081632653061224553e-01
1.040816326530612235e-01
1.122448979591836732e-01
1.204081632653061229e-01
1.122448979591836732e-01
1.183673469387755139e-01
1.244897959183673408e-01
1.306122448979591955e-01
1.448979591836734582e-01
1.224489795918367319e-01
1.122448979591836732e-01
1.142857142857142821e-01
1.285714285714285587e-01
1.142857142857142821e-01
1.081632653061224553e-01
1.020408163265306145e-01
1.265306122448979498e-01
1.408163265306122403e-01
1.367346938775510223e-01
1.183673469387755139e-01
1.346938775510204134e-01
1.142857142857142821e-01
1.163265306122448911e-01
1.183673469387755139e-01
1.204081632653061229e-01
1.163265306122448911e-01
1.224489795918367319e-01
1.142857142857142821e-01
1.000000000000000056e-01
1.204081632653061229e-01
1.265306122448979498e-01
1.265306122448979498e-01
1.142857142857142821e-01
1.102040816326530642e-01
1.204081632653061229e-01
1.285714285714285587e-01
1.102040816326530642e-01
1.102040816326530642e-01
1.265306122448979498e-01
1.285714285714285587e-01
1.408163265306122403e-01
1.061224489795918324e-01
1.122448979591836732e-01
1.163265306122448911e-01
9.387755102040816479e-02
1.040816326530612235e-01
1.020408163265306145e-01
1.122448979591836732e-01
1.081632653061224553e-01
1.142857142857142821e-01
1.020408163265306145e-01
1.061224489795918324e-01
1.081632653061224553e-01
1.102040816326530642e-01
1.020408163265306145e-01
1.102040816326530642e-01
1.040816326530612235e-01
1.081632653061224553e-01
1.122448979591836732e-01
8.979591836734693300e-02
1.183673469387755139e-01
1.122448979591836732e-01
1.040816326530612235e-01
1.061224489795918324e-01
1.163265306122448911e-01
1.224489795918367319e-01
1.040816326530612235e-01
9.387755102040816479e-02
1.020408163265306145e-01
1.020408163265306145e-01
1.102040816326530642e-01
1.081632653061224553e-01
1.102040816326530642e-01
1.183673469387755139e-01
1.204081632653061229e-01
9.795918367346938271e-02
1.122448979591836732e-01
8.571428571428571508e-02
1.000000000000000056e-01
1.061224489795918324e-01
1.061224489795918324e-01
1.102040816326530642e-01
9.387755102040816479e-02
8.979591836734693300e-02
1.122448979591836732e-01
1.122448979591836732e-01
1.224489795918367319e-01
1.000000000000000056e-01
9.183673469387755584e-02
9.387755102040816479e-02
9.387755102040816479e-02
8.163265306122448328e-02
9.795918367346938271e-02
1.000000000000000056e-01
9.591836734693877375e-02
9.591836734693877375e-02
1.040816326530612235e-01
8.979591836734693300e-02
8.775510204081632404e-02
9.387755102040816479e-02
1.040816326530612235e-01
1.020408163265306145e-01
8.775510204081632404e-02
6.938775510204081565e-02
8.775510204081632404e-02
7.346938775510204744e-02
8.979591836734693300e-02
7.755102040816326536e-02
7.755102040816326536e-02
7.346938775510204744e-02
7.142857142857142461e-02
7.755102040816326536e-02
8.775510204081632404e-02
8.163265306122448328e-02
9.183673469387755584e-02
8.979591836734693300e-02
8.979591836734693300e-02
7.551020408163265640e-02
7.346938775510204744e-02
7.551020408163265640e-02
7.755102040816326536e-02
6.122448979591836593e-02
7.551020408163265640e-02
5.918367346938775697e-02
8.979591836734693300e-02
7.346938775510204744e-02
7.551020408163265640e-02
7.755102040816326536e-02
6.938775510204081565e-02
7.551020408163265640e-02
6.122448979591836593e-02
6.122448979591836593e-02
7.551020408163265640e-02
7.142857142857142461e-02
6.530612244897959773e-02
5.918367346938775697e-02
6.326530612244897489e-02
7.142857142857142461e-02
