1.000000000000000000e+00
9.132947976878612595e-01
8.843930635838149756e-01
8.439306358381503115e-01
8.786127167630057855e-01
8.901734104046242768e-01
9.132947976878612595e-01
8.612716763005779930e-01
8.323699421965318201e-01
8.786127167630057855e-01
8.959537572254335780e-01
8.208092485549133288e-01
8.323699421965318201e-01
7.976878612716763461e-01
8.150289017341040276e-01
8.150289017341040276e-01
8.092485549132948375e-01
8.843930635838149756e-01
8.612716763005779930e-01
8.728323699421964843e-01
8.554913294797688028e-01
8.959537572254335780e-01
8.554913294797688028e-01
8.150289017341040276e-01
8.208092485549133288e-01
8.208092485549133288e-01
8.265895953757225190e-01
7.919075144508670450e-01
8.323699421965318201e-01
7.919075144508670450e-01
8.381502890173410103e-01
8.208092485549133288e-01
7.976878612716763461e-01
8.323699421965318201e-01
7.976878612716763461e-01
7.745664739884392525e-01
8.034682080924855363e-01
7.861271676300578548e-01
7.630057803468207611e-01
7.687861271676300623e-01
8.034682080924855363e-01
7.976878612716763461e-01
7.861271676300578548e-01
7.861271676300578548e-01
7.976878612716763461e-01
7.919075144508670450e-01
7.976878612716763461e-01
7.745664739884392525e-01
7.861271676300578548e-01
7.514450867052022698e-01
7.514450867052022698e-01
7.572254335260115710e-01
7.572254335260115710e-01
7.283236994219652871e-01
7.803468208092485536e-01
7.745664739884392525e-01
7.687861271676300623e-01
7.283236994219652871e-01
7.745664739884392525e-01
6.878612716763006230e-01
7.109826589595376056e-01
7.745664739884392525e-01
8.208092485549133288e-01
7.398843930635837784e-01
7.687861271676300623e-01
7.283236994219652871e-01
7.803468208092485536e-01
7.341040462427745883e-01
7.398843930635837784e-01
7.283236994219652871e-01
7.283236994219652871e-01
6.936416184971098131e-01
7.283236994219652871e-01
7.398843930635837784e-01
7.341040462427745883e-01
7.052023121387283044e-01
7.572254335260115710e-01
7.341040462427745883e-01
7.225433526011560970e-01
7.398843930635837784e-01
6.878612716763006230e-01
7.687861271676300623e-01
7.398843930635837784e-01
6.994219653179191143e-01
7.456647398843930796e-01
7.109826589595376056e-01
7.167630057803467958e-01
7.456647398843930796e-01
7.687861271676300623e-01
7.283236994219652871e-01
7.514450867052022698e-01
7.109826589595376056e-01
7.341040462427745883e-01
7.341040462427745883e-01
7.687861271676300623e-01
6.936416184971098131e-01
7.687861271676300623e-01
7.398843930635837784e-01
7.283236994219652871e-01
7.514450867052022698e-01
7.225433526011560970e-01
6.994219653179191143e-01
7.456647398843930796e-01
7.341040462427745883e-01
6.936416184971098131e-01
7.109826589595376056e-01
7.341040462427745883e-01
6.994219653179191143e-01
7.803468208092485536e-01
6.763005780346821316e-01
7.167630057803467958e-01
6.820809248554913218e-01
7.398843930635837784e-01
7.283236994219652871e-01
7.341040462427745883e-01
7.109826589595376056e-01
6.473988439306358478e-01
6.647398843930635293e-01
7.052023121387283044e-01
6.531791907514450379e-01
6.994219653179191143e-01
7.052023121387283044e-01
6.878612716763006230e-01
6.705202312138728304e-01
7.109826589595376056e-01
6.647398843930635293e-01
7.109826589595376056e-01
7.052023121387283044e-01
6.936416184971098131e-01
7.109826589595376056e-01
7.052023121387283044e-01
6.763005780346821316e-01
6.936416184971098131e-01
6.820809248554913218e-01
6.763005780346821316e-01
6.936416184971098131e-01
6.878612716763006230e-01
6.705202312138728304e-01
6.936416184971098131e-01
6.820809248554913218e-01
6.705202312138728304e-01
6.416184971098265466e-01
6.705202312138728304e-01
6.705202312138728304e-01
6.820809248554913218e-01
7.109826589595376056e-01
6.878612716763006230e-01
6.531791907514450379e-01
6.936416184971098131e-01
6.705202312138728304e-01
7.225433526011560970e-01
6.763005780346821316e-01
6.936416184971098131e-01
6.936416184971098131e-01
6.647398843930635293e-01
6.763005780346821316e-01
7.167630057803467958e-01
6.994219653179191143e-01
6.705202312138728304e-01
6.936416184971098131e-01
6.878612716763006230e-01
6.936416184971098131e-01
6.820809248554913218e-01
6.763005780346821316e-01
6.878612716763006230e-01
6.589595375722543391e-01
6.763005780346821316e-01
6.705202312138728304e-01
6.589595375722543391e-01
6.763005780346821316e-01
6.878612716763006230e-01
6.647398843930635293e-01
6.647398843930635293e-01
6.705202312138728304e-01
6.878612716763006230e-01
7.109826589595376056e-01
6.705202312138728304e-01
6.936416184971098131e-01
7.283236994219652871e-01
6.878612716763006230e-01
7.167630057803467958e-01
7.109826589595376056e-01
6.994219653179191143e-01
6.878612716763006230e-01
6.647398843930635293e-01
6.416184971098265466e-01
6.531791907514450379e-01
6.936416184971098131e-01
6.820809248554913218e-01
6.763005780346821316e-01
6.705202312138728304e-01
6.589595375722543391e-01
6.878612716763006230e-01
6.820809248554913218e-01
6.878612716763006230e-01
6.531791907514450379e-01
6.878612716763006230e-01
6.705202312138728304e-01
6.705202312138728304e-01
6.647398843930635293e-01
6.763005780346821316e-01
6.647398843930635293e-01
6.647398843930635293e-01
6.878612716763006230e-01
6.300578034682080553e-01
6.589595375722543391e-01
6.705202312138728304e-01
6.705202312138728304e-01
6.763005780346821316e-01
6.589595375722543391e-01
6.647398843930635293e-01
6.416184971098265466e-01
6.589595375722543391e-01
6.531791907514450379e-01
6.705202312138728304e-01
6.820809248554913218e-01
6.358381502890173564e-01
6.763005780346821316e-01
6.763005780346821316e-01
6.878612716763006230e-01
6.705202312138728304e-01
6.358381502890173564e-01
6.473988439306358478e-01
6.473988439306358478e-01
6.820809248554913218e-01
6.531791907514450379e-01
6.820809248554913218e-01
6.358381502890173564e-01
6.589595375722543391e-01
6.473988439306358478e-01
6.473988439306358478e-01
6.763005780346821316e-01
6.647398843930635293e-01
6.763005780346821316e-01
6.705202312138728304e-01
6.878612716763006230e-01
6.820809248554913218e-01
6.589595375722543391e-01
6.763005780346821316e-01
6.878612716763006230e-01
6.531791907514450379e-01
6.820809248554913218e-01
6.589595375722543391e-01
6.820809248554913218e-01
6.705202312138728304e-01
6.647398843930635293e-01
6.589595375722543391e-01
6.589595375722543391e-01
6.531791907514450379e-01
6.647398843930635293e-01
6.763005780346821316e-01
6.300578034682080553e-01
6.300578034682080553e-01
6.242774566473988651e-01
6.416184971098265466e-01
6.416184971098265466e-01
6.531791907514450379e-01
6.416184971098265466e-01
6.300578034682080553e-01
6.358381502890173564e-01
6.473988439306358478e-01
6.531791907514450379e-01
6.127167630057803738e-01
6.358381502890173564e-01
6.820809248554913218e-01
6.589595375722543391e-01
6.531791907514450379e-01
6.647398843930635293e-01
6.358381502890173564e-01
6.763005780346821316e-01
6.531791907514450379e-01
6.473988439306358478e-01
6.820809248554913218e-01
6.647398843930635293e-01
6.647398843930635293e-01
6.589595375722543391e-01
6.531791907514450379e-01
6.473988439306358478e-01
6.531791907514450379e-01
6.358381502890173564e-01
6.531791907514450379e-01
6.242774566473988651e-01
6.300578034682080553e-01
6.531791907514450379e-01
6.416184971098265466e-01
6.473988439306358478e-01
6.473988439306358478e-01
6.531791907514450379e-01
6.300578034682080553e-01
6.184971098265895639e-01
6.589595375722543391e-01
6.589595375722543391e-01
6.647398843930635293e-01
6.473988439306358478e-01
6.416184971098265466e-01
6.242774566473988651e-01
6.589595375722543391e-01
6.531791907514450379e-01
6.127167630057803738e-01
6.011560693641618824e-01
6.300578034682080553e-01
6.300578034682080553e-01
6.242774566473988651e-01
6.416184971098265466e-01
6.300578034682080553e-01
6.473988439306358478e-01
6.589595375722543391e-01
6.473988439306358478e-01
6.358381502890173564e-01
6.416184971098265466e-01
6.184971098265895639e-01
6.416184971098265466e-01
6.300578034682080553e-01
6.242774566473988651e-01
6.416184971098265466e-01
6.300578034682080553e-01
6.589595375722543391e-01
6.531791907514450379e-01
6.473988439306358478e-01
6.069364161849710726e-01
6.531791907514450379e-01
6.300578034682080553e-01
6.184971098265895639e-01
6.531791907514450379e-01
6.184971098265895639e-01
6.184971098265895639e-01
6.242774566473988651e-01
6.242774566473988651e-01
6.184971098265895639e-01
5.953757225433525813e-01
6.242774566473988651e-01
6.705202312138728304e-01
6.358381502890173564e-01
6.242774566473988651e-01
6.300578034682080553e-01
6.358381502890173564e-01
6.531791907514450379e-01
6.184971098265895639e-01
6.184971098265895639e-01
6.069364161849710726e-01
6.184971098265895639e-01
6.242774566473988651e-01
6.069364161849710726e-01
6.416184971098265466e-01
6.416184971098265466e-01
6.705202312138728304e-01
6.242774566473988651e-01
6.300578034682080553e-01
6.416184971098265466e-01
6.127167630057803738e-01
6.300578034682080553e-01
6.416184971098265466e-01
6.416184971098265466e-01
6.705202312138728304e-01
6.300578034682080553e-01
6.416184971098265466e-01
6.416184971098265466e-01
6.242774566473988651e-01
6.531791907514450379e-01
6.242774566473988651e-01
6.531791907514450379e-01
6.473988439306358478e-01
6.531791907514450379e-01
6.589595375722543391e-01
6.358381502890173564e-01
6.416184971098265466e-01
6.416184971098265466e-01
6.242774566473988651e-01
6.473988439306358478e-01
6.300578034682080553e-01
6.358381502890173564e-01
6.647398843930635293e-01
6.300578034682080553e-01
6.878612716763006230e-01
6.416184971098265466e-01
6.705202312138728304e-01
6.531791907514450379e-01
6.300578034682080553e-01
6.416184971098265466e-01
6.300578034682080553e-01
6.300578034682080553e-01
6.358381502890173564e-01
6.589595375722543391e-01
6.358381502890173564e-01
6.416184971098265466e-01
6.416184971098265466e-01
6.473988439306358478e-01
6.242774566473988651e-01
6.300578034682080553e-01
6.416184971098265466e-01
6.416184971098265466e-01
6.531791907514450379e-01
6.416184971098265466e-01
6.127167630057803738e-01
6.416184971098265466e-01
6.416184971098265466e-01
6.416184971098265466e-01
6.358381502890173564e-01
6.242774566473988651e-01
6.300578034682080553e-01
6.358381502890173564e-01
