1.000000000000000000e+00
9.266055045871559592e-01
8.669724770642202039e-01
8.302752293577981835e-01
8.555045871559633364e-01
7.912844036697247452e-01
7.935779816513761631e-01
7.591743119266054496e-01
7.247706422018348471e-01
7.431192660550458573e-01
7.293577981651375719e-01
7.316513761467889898e-01
7.064220183486238369e-01
7.224770642201835402e-01
6.857798165137615198e-01
6.743119266055045413e-01
6.284403669724770714e-01
6.857798165137615198e-01
6.490825688073394995e-01
6.353211009174312141e-01
6.330275229357797961e-01
6.123853211009174791e-01
6.169724770642202039e-01
6.055045871559633364e-01
5.986238532110091937e-01
5.756880733944954587e-01
5.711009174311926229e-01
6.032110091743119185e-01
5.344036697247706025e-01
5.183486238532110102e-01
5.711009174311926229e-01
5.389908256880734383e-01
5.642201834862384802e-01
5.504587155963303058e-01
5.206422018348624281e-01
5.091743119266054496e-01
5.183486238532110102e-01
5.229357798165137350e-01
5.068807339449541427e-01
5.550458715596330306e-01
5.894495412844036331e-01
5.298165137614678777e-01
5.114678899082568675e-01
5.000000000000000000e-01
4.885321100917431325e-01
5.114678899082568675e-01
4.908256880733944949e-01
4.495412844036697497e-01
4.839449541284403522e-01
4.449541284403669694e-01
4.633027522935779796e-01
4.288990825688073216e-01
4.587155963302752548e-01
4.243119266055045968e-01
4.472477064220183318e-01
4.334862385321101019e-01
4.403669724770642446e-01
4.082568807339449490e-01
4.220183486238532344e-01
4.036697247706422242e-01
4.059633027522935866e-01
4.311926605504587395e-01
3.922018348623853012e-01
4.266055045871559592e-01
4.105504587155963114e-01
4.036697247706422242e-01
3.990825688073394439e-01
4.174311926605504541e-01
4.059633027522935866e-01
4.082568807339449490e-01
3.738532110091742910e-01
4.059633027522935866e-01
4.059633027522935866e-01
4.128440366972477293e-01
4.403669724770642446e-01
4.266055045871559592e-01
3.944954128440367191e-01
4.334862385321101019e-01
3.922018348623853012e-01
3.853211009174312141e-01
3.967889908256880815e-01
3.967889908256880815e-01
3.371559633027522707e-01
3.417431192660550510e-01
3.509174311926605561e-01
3.440366972477064134e-01
3.371559633027522707e-01
3.486238532110091937e-01
3.555045871559632809e-01
3.417431192660550510e-01
3.325688073394495459e-01
3.256880733944954032e-01
3.279816513761467656e-01
3.302752293577981835e-01
3.211009174311926784e-01
3.463302752293577758e-01
3.256880733944954032e-01
3.440366972477064134e-01
3.256880733944954032e-01
3.302752293577981835e-01
3.279816513761467656e-01
3.325688073394495459e-01
3.142201834862385357e-01
3.027522935779816682e-01
3.188073394495412605e-01
3.440366972477064134e-01
3.096330275229357554e-01
3.302752293577981835e-01
3.256880733944954032e-01
2.752293577981651529e-01
2.912844036697247452e-01
2.981651376146788879e-01
2.591743119266055051e-01
2.958715596330275255e-01
3.027522935779816682e-01
2.981651376146788879e-01
2.889908256880733828e-01
2.821100917431192401e-01
2.889908256880733828e-01
3.004587155963302503e-01
2.935779816513761631e-01
3.211009174311926784e-01
2.591743119266055051e-01
2.683486238532110102e-01
2.958715596330275255e-01
2.981651376146788879e-01
3.165137614678898981e-01
2.798165137614678777e-01
3.279816513761467656e-01
2.981651376146788879e-01
2.889908256880733828e-01
2.981651376146788879e-01
2.866972477064220204e-01
2.935779816513761631e-01
3.050458715596330306e-01
2.935779816513761631e-01
2.912844036697247452e-01
2.729357798165137350e-01
2.752293577981651529e-01
2.522935779816513624e-01
2.339449541284403800e-01
2.500000000000000000e-01
2.522935779816513624e-01
2.591743119266055051e-01
2.889908256880733828e-01
2.454128440366972475e-01
2.591743119266055051e-01
2.339449541284403800e-01
2.752293577981651529e-01
2.247706422018348749e-01
2.889908256880733828e-01
2.591743119266055051e-01
2.637614678899082299e-01
2.706422018348623726e-01
2.752293577981651529e-01
2.522935779816513624e-01
2.500000000000000000e-01
2.614678899082568675e-01
2.408256880733944949e-01
2.362385321100917424e-01
2.270642201834862373e-01
2.362385321100917424e-01
2.545871559633027248e-01
2.431192660550458851e-01
2.591743119266055051e-01
2.431192660550458851e-01
2.178899082568807322e-01
2.224770642201834847e-01
2.155963302752293698e-01
2.522935779816513624e-01
2.110091743119266172e-01
2.500000000000000000e-01
2.224770642201834847e-01
2.522935779816513624e-01
2.500000000000000000e-01
2.316513761467889898e-01
2.362385321100917424e-01
1.926605504587156070e-01
2.087155963302752271e-01
2.201834862385321223e-01
2.293577981651376274e-01
2.133027522935779796e-01
2.018348623853211121e-01
2.087155963302752271e-01
2.110091743119266172e-01
2.087155963302752271e-01
1.834862385321101019e-01
2.133027522935779796e-01
2.270642201834862373e-01
2.201834862385321223e-01
2.270642201834862373e-01
1.857798165137614643e-01
2.155963302752293698e-01
2.041284403669724745e-01
1.926605504587156070e-01
1.995412844036697220e-01
1.972477064220183596e-01
2.155963302752293698e-01
1.949541284403669694e-01
2.155963302752293698e-01
2.064220183486238647e-01
2.270642201834862373e-01
2.155963302752293698e-01
2.110091743119266172e-01
2.316513761467889898e-01
2.316513761467889898e-01
2.362385321100917424e-01
1.880733944954128545e-01
2.293577981651376274e-01
2.133027522935779796e-01
2.270642201834862373e-01
1.766055045871559592e-01
1.857798165137614643e-01
2.064220183486238647e-01
2.247706422018348749e-01
2.110091743119266172e-01
2.064220183486238647e-01
1.972477064220183596e-01
1.949541284403669694e-01
1.903669724770642169e-01
1.857798165137614643e-01
2.018348623853211121e-01
1.743119266055045968e-01
2.041284403669724745e-01
1.972477064220183596e-01
1.903669724770642169e-01
1.995412844036697220e-01
1.995412844036697220e-01
1.972477064220183596e-01
1.972477064220183596e-01
1.903669724770642169e-01
2.110091743119266172e-01
1.674311926605504541e-01
1.788990825688073494e-01
1.766055045871559592e-01
2.018348623853211121e-01
1.903669724770642169e-01
1.788990825688073494e-01
1.880733944954128545e-01
1.949541284403669694e-01
1.926605504587156070e-01
1.697247706422018443e-01
1.720183486238532067e-01
1.720183486238532067e-01
1.422018348623853290e-01
1.674311926605504541e-01
1.605504587155963392e-01
1.743119266055045968e-01
1.490825688073394439e-01
1.444954128440366914e-01
1.559633027522935866e-01
1.513761467889908341e-01
1.284403669724770714e-01
1.422018348623853290e-01
1.536697247706421965e-01
1.513761467889908341e-01
1.536697247706421965e-01
1.628440366972477016e-01
1.513761467889908341e-01
1.513761467889908341e-01
1.422018348623853290e-01
1.146788990825688137e-01
1.307339449541284337e-01
1.399082568807339388e-01
1.284403669724770714e-01
1.330275229357798239e-01
1.123853211009174374e-01
1.467889908256880815e-01
1.559633027522935866e-01
1.490825688073394439e-01
1.330275229357798239e-01
1.376146788990825764e-01
1.238532110091743188e-01
1.536697247706421965e-01
1.467889908256880815e-01
1.559633027522935866e-01
1.376146788990825764e-01
1.261467889908256812e-01
1.376146788990825764e-01
1.422018348623853290e-01
1.376146788990825764e-01
1.261467889908256812e-01
1.169724770642201900e-01
1.307339449541284337e-01
1.330275229357798239e-01
1.422018348623853290e-01
9.174311926605505096e-02
1.536697247706421965e-01
1.238532110091743188e-01
1.330275229357798239e-01
1.192660550458715663e-01
1.123853211009174374e-01
1.284403669724770714e-01
1.467889908256880815e-01
1.238532110091743188e-01
1.215596330275229425e-01
1.146788990825688137e-01
1.192660550458715663e-01
1.490825688073394439e-01
1.444954128440366914e-01
1.444954128440366914e-01
1.192660550458715663e-01
1.307339449541284337e-01
1.215596330275229425e-01
1.376146788990825764e-01
1.307339449541284337e-01
1.353211009174311863e-01
1.146788990825688137e-01
9.403669724770642724e-02
1.307339449541284337e-01
1.284403669724770714e-01
1.284403669724770714e-01
1.284403669724770714e-01
1.284403669724770714e-01
1.238532110091743188e-01
1.192660550458715663e-01
1.032110091743119323e-01
1.284403669724770714e-01
1.123853211009174374e-01
1.330275229357798239e-01
9.862385321100917979e-02
1.215596330275229425e-01
1.422018348623853290e-01
1.353211009174311863e-01
1.123853211009174374e-01
1.077981651376146849e-01
1.261467889908256812e-01
1.032110091743119323e-01
1.032110091743119323e-01
1.055045871559633086e-01
1.032110091743119323e-01
1.032110091743119323e-01
1.169724770642201900e-01
1.032110091743119323e-01
1.055045871559633086e-01
9.403669724770642724e-02
1.169724770642201900e-01
1.123853211009174374e-01
1.009174311926605561e-01
1.009174311926605561e-01
9.633027522935780351e-02
9.174311926605505096e-02
9.633027522935780351e-02
1.077981651376146849e-01
1.238532110091743188e-01
1.077981651376146849e-01
9.403669724770642724e-02
9.862385321100917979e-02
9.174311926605505096e-02
8.027522935779816959e-02
8.027522935779816959e-02
1.123853211009174374e-01
1.009174311926605561e-01
1.100917431192660612e-01
8.486238532110092214e-02
1.009174311926605561e-01
8.944954128440367469e-02
9.633027522935780351e-02
7.798165137614679332e-02
9.403669724770642724e-02
1.146788990825688137e-01
9.403669724770642724e-02
8.486238532110092214e-02
9.174311926605505096e-02
8.715596330275229842e-02
7.568807339449541705e-02
8.715596330275229842e-02
9.174311926605505096e-02
8.486238532110092214e-02
8.256880733944954587e-02
1.009174311926605561e-01
9.174311926605505096e-02
8.944954128440367469e-02
8.256880733944954587e-02
8.486238532110092214e-02
8.027522935779816959e-02
7.110091743119266450e-02
7.798165137614679332e-02
8.027522935779816959e-02
7.798165137614679332e-02
7.568807339449541705e-02
8.715596330275229842e-02
8.486238532110092214e-02
6.651376146788991195e-02
5.733944954128440685e-02
7.339449541284404077e-02
6.880733944954128822e-02
6.192660550458715940e-02
8.715596330275229842e-02
7.110091743119266450e-02
7.339449541284404077e-02
8.486238532110092214e-02
7.339449541284404077e-02
8.027522935779816959e-02
8.486238532110092214e-02
8.027522935779816959e-02
7.568807339449541705e-02
6.880733944954128822e-02
7.339449541284404077e-02
7.568807339449541705e-02
6.880733944954128822e-02
