1.000000000000000000e+00
8.051001821493625199e-01
7.322404371584699811e-01
7.449908925318761144e-01
6.448087431693989569e-01
6.375227686703096586e-01
6.174863387978142271e-01
5.500910746812386343e-01
5.755919854280510117e-01
5.264116575591984981e-01
5.191256830601093109e-01
4.754098360655737432e-01
4.845173041894353383e-01
4.225865209471766915e-01
4.462659380692167721e-01
4.080145719489982059e-01
4.098360655737705027e-01
4.244080145719489883e-01
4.134790528233150964e-01
4.043715846994535568e-01
3.825136612021857729e-01
3.679417122040072874e-01
3.934426229508196649e-01
3.642987249544626382e-01
3.624772313296903414e-01
3.387978142076502608e-01
3.515482695810564495e-01
3.533697632058288018e-01
3.406193078324226131e-01
3.624772313296903414e-01
3.606557377049180446e-01
3.479052823315118559e-01
3.205828779599271261e-01
3.096539162112932342e-01
3.187613843351548293e-01
3.005464480874316946e-01
2.969034608378870455e-01
2.859744990892532090e-01
2.823315118397085599e-01
2.877959927140255059e-01
2.805100182149362631e-01
2.641165755919854252e-01
2.641165755919854252e-01
2.750455373406193171e-01
2.586520947176684793e-01
2.513661202185792365e-01
2.677595628415300744e-01
2.386156648451730478e-01
2.477231329690346151e-01
2.003642987249544538e-01
2.386156648451730478e-01
2.003642987249544538e-01
2.149362477231329671e-01
1.839708561020036437e-01
2.076502732240437243e-01
2.040072859744991030e-01
2.076502732240437243e-01
1.912568306010928865e-01
1.876138433515482651e-01
1.912568306010928865e-01
1.602914389799635630e-01
1.693989071038251304e-01
1.657559198542805090e-01
1.693989071038251304e-01
1.766848816029144009e-01
1.675774134790528336e-01
1.584699453551912662e-01
1.839708561020036437e-01
1.602914389799635630e-01
1.457194899817850775e-01
1.675774134790528336e-01
1.566484517304189417e-01
1.511839708561019957e-01
1.329690346083788610e-01
1.438979963570127529e-01
1.584699453551912662e-01
1.493624772313296989e-01
1.256830601092896182e-01
1.402550091074681315e-01
1.457194899817850775e-01
1.457194899817850775e-01
1.238615664845173076e-01
1.347905282331511856e-01
1.475409836065573743e-01
1.366120218579235102e-01
1.311475409836065642e-01
1.329690346083788610e-01
1.111111111111111049e-01
1.256830601092896182e-01
1.329690346083788610e-01
1.293260473588342396e-01
1.165755919854280509e-01
1.311475409836065642e-01
1.111111111111111049e-01
1.147540983606557402e-01
1.202185792349726723e-01
1.275045537340619428e-01
1.147540983606557402e-01
1.001821493624772269e-01
8.561020036429872748e-02
9.653916211293260552e-02
9.289617486338798413e-02
9.107468123861565956e-02
1.020036429872495515e-01
8.196721311475409222e-02
9.836065573770491621e-02
1.001821493624772269e-01
8.925318761384334887e-02
8.378870673952641679e-02
1.092896174863387942e-01
1.056466302367941729e-01
9.471766848816029483e-02
9.836065573770491621e-02
9.653916211293260552e-02
9.289617486338798413e-02
9.107468123861565956e-02
6.921675774134790349e-02
9.289617486338798413e-02
8.743169398907103818e-02
8.014571948998178152e-02
7.832422586520947083e-02
8.378870673952641679e-02
7.650273224043716014e-02
7.832422586520947083e-02
7.832422586520947083e-02
6.557377049180328210e-02
9.107468123861565956e-02
8.014571948998178152e-02
6.921675774134790349e-02
7.832422586520947083e-02
7.285974499089253875e-02
8.561020036429872748e-02
8.196721311475409222e-02
8.378870673952641679e-02
7.832422586520947083e-02
7.468123861566484945e-02
8.561020036429872748e-02
8.378870673952641679e-02
7.832422586520947083e-02
7.285974499089253875e-02
7.468123861566484945e-02
6.921675774134790349e-02
9.107468123861565956e-02
7.285974499089253875e-02
7.285974499089253875e-02
6.921675774134790349e-02
6.193078324225865378e-02
5.828779599271402545e-02
7.103825136612021418e-02
7.285974499089253875e-02
7.103825136612021418e-02
7.103825136612021418e-02
8.378870673952641679e-02
7.285974499089253875e-02
7.103825136612021418e-02
5.828779599271402545e-02
7.650273224043716014e-02
6.557377049180328210e-02
6.557377049180328210e-02
7.468123861566484945e-02
4.735883424408014741e-02
6.010928961748633614e-02
6.557377049180328210e-02
5.464480874316939712e-02
5.282331511839708643e-02
5.464480874316939712e-02
5.282331511839708643e-02
5.646630236794171476e-02
4.553734061930782978e-02
6.739526411657559279e-02
6.375227686703097141e-02
6.739526411657559279e-02
7.468123861566484945e-02
6.010928961748633614e-02
6.193078324225865378e-02
6.193078324225865378e-02
6.193078324225865378e-02
5.646630236794171476e-02
4.553734061930782978e-02
4.007285974499089076e-02
5.282331511839708643e-02
4.735883424408014741e-02
4.918032786885245811e-02
4.553734061930782978e-02
4.735883424408014741e-02
5.100182149362477574e-02
4.918032786885245811e-02
4.553734061930782978e-02
4.007285974499089076e-02
5.646630236794171476e-02
4.553734061930782978e-02
3.825136612021858007e-02
4.735883424408014741e-02
5.282331511839708643e-02
4.918032786885245811e-02
4.918032786885245811e-02
4.553734061930782978e-02
4.553734061930782978e-02
4.007285974499089076e-02
4.189435336976320839e-02
4.007285974499089076e-02
5.100182149362477574e-02
4.371584699453551909e-02
3.825136612021858007e-02
4.735883424408014741e-02
4.735883424408014741e-02
5.282331511839708643e-02
4.553734061930782978e-02
3.825136612021858007e-02
4.189435336976320839e-02
4.371584699453551909e-02
3.096539162112932689e-02
4.735883424408014741e-02
4.007285974499089076e-02
3.825136612021858007e-02
3.642987249544626938e-02
2.732240437158469856e-02
3.825136612021858007e-02
3.825136612021858007e-02
2.732240437158469856e-02
2.914389799635701273e-02
2.914389799635701273e-02
3.096539162112932689e-02
2.367941712204007371e-02
2.732240437158469856e-02
3.096539162112932689e-02
2.914389799635701273e-02
2.732240437158469856e-02
3.096539162112932689e-02
3.642987249544626938e-02
3.278688524590164105e-02
2.367941712204007371e-02
3.096539162112932689e-02
3.642987249544626938e-02
3.096539162112932689e-02
2.367941712204007371e-02
1.639344262295082053e-02
2.732240437158469856e-02
2.732240437158469856e-02
3.278688524590164105e-02
3.825136612021858007e-02
3.096539162112932689e-02
2.185792349726775954e-02
2.367941712204007371e-02
3.278688524590164105e-02
3.096539162112932689e-02
2.367941712204007371e-02
2.550091074681238787e-02
2.185792349726775954e-02
1.639344262295082053e-02
2.550091074681238787e-02
2.367941712204007371e-02
3.278688524590164105e-02
2.914389799635701273e-02
2.185792349726775954e-02
2.550091074681238787e-02
1.821493624772313469e-02
1.457194899817850636e-02
1.457194899817850636e-02
2.185792349726775954e-02
2.003642987249544538e-02
1.639344262295082053e-02
1.821493624772313469e-02
1.639344262295082053e-02
1.821493624772313469e-02
1.821493624772313469e-02
2.185792349726775954e-02
2.367941712204007371e-02
2.185792349726775954e-02
1.275045537340619393e-02
2.003642987249544538e-02
1.821493624772313469e-02
1.639344262295082053e-02
2.367941712204007371e-02
2.003642987249544538e-02
2.185792349726775954e-02
1.092896174863387977e-02
2.003642987249544538e-02
2.185792349726775954e-02
2.914389799635701273e-02
2.550091074681238787e-02
3.096539162112932689e-02
2.550091074681238787e-02
2.914389799635701273e-02
2.732240437158469856e-02
2.914389799635701273e-02
2.732240437158469856e-02
1.639344262295082053e-02
1.639344262295082053e-02
2.367941712204007371e-02
2.550091074681238787e-02
3.096539162112932689e-02
2.914389799635701273e-02
2.367941712204007371e-02
2.550091074681238787e-02
2.367941712204007371e-02
2.003642987249544538e-02
2.732240437158469856e-02
2.003642987249544538e-02
1.639344262295082053e-02
1.092896174863387977e-02
1.457194899817850636e-02
1.821493624772313469e-02
1.639344262295082053e-02
1.639344262295082053e-02
7.285974499089253181e-03
1.457194899817850636e-02
1.275045537340619393e-02
1.639344262295082053e-02
1.275045537340619393e-02
1.639344262295082053e-02
1.821493624772313469e-02
1.821493624772313469e-02
1.275045537340619393e-02
1.639344262295082053e-02
1.092896174863387977e-02
2.185792349726775954e-02
1.457194899817850636e-02
2.003642987249544538e-02
1.821493624772313469e-02
1.821493624772313469e-02
2.003642987249544538e-02
2.185792349726775954e-02
2.185792349726775954e-02
1.821493624772313469e-02
2.003642987249544538e-02
1.457194899817850636e-02
1.275045537340619393e-02
1.821493624772313469e-02
2.003642987249544538e-02
2.914389799635701273e-02
2.550091074681238787e-02
1.639344262295082053e-02
2.732240437158469856e-02
1.821493624772313469e-02
2.185792349726775954e-02
2.550091074681238787e-02
1.639344262295082053e-02
1.821493624772313469e-02
2.367941712204007371e-02
2.185792349726775954e-02
2.367941712204007371e-02
2.914389799635701273e-02
1.457194899817850636e-02
2.550091074681238787e-02
2.732240437158469856e-02
2.185792349726775954e-02
1.457194899817850636e-02
2.003642987249544538e-02
1.639344262295082053e-02
1.457194899817850636e-02
2.185792349726775954e-02
1.821493624772313469e-02
1.639344262295082053e-02
1.639344262295082053e-02
2.732240437158469856e-02
2.550091074681238787e-02
2.003642987249544538e-02
1.275045537340619393e-02
1.821493624772313469e-02
1.092896174863387977e-02
2.003642987249544538e-02
1.275045537340619393e-02
1.821493624772313469e-02
1.457194899817850636e-02
1.092896174863387977e-02
1.639344262295082053e-02
1.092896174863387977e-02
2.003642987249544538e-02
1.821493624772313469e-02
2.003642987249544538e-02
1.639344262295082053e-02
1.457194899817850636e-02
2.003642987249544538e-02
1.092896174863387977e-02
1.457194899817850636e-02
1.275045537340619393e-02
1.821493624772313469e-02
1.092896174863387977e-02
2.003642987249544538e-02
1.821493624772313469e-02
1.821493624772313469e-02
1.821493624772313469e-02
1.821493624772313469e-02
2.003642987249544538e-02
1.275045537340619393e-02
2.185792349726775954e-02
2.185792349726775954e-02
2.185792349726775954e-02
1.821493624772313469e-02
2.185792349726775954e-02
1.457194899817850636e-02
1.457194899817850636e-02
1.457194899817850636e-02
1.092896174863387977e-02
1.639344262295082053e-02
2.367941712204007371e-02
1.639344262295082053e-02
2.003642987249544538e-02
1.275045537340619393e-02
1.092896174863387977e-02
