1.000000000000000000e+00
8.184615384615384626e-01
7.723076923076923617e-01
7.723076923076923617e-01
7.107692307692308198e-01
7.692307692307692735e-01
6.800000000000000488e-01
7.076923076923077316e-01
6.800000000000000488e-01
7.015384615384615552e-01
6.953846153846153788e-01
6.707692307692307843e-01
6.769230769230769607e-01
6.400000000000000133e-01
6.461538461538461897e-01
5.876923076923077360e-01
5.600000000000000533e-01
5.630769230769230305e-01
6.092307692307692424e-01
5.907692307692308242e-01
5.476923076923077005e-01
5.661538461538461187e-01
6.030769230769230660e-01
5.969230769230768896e-01
5.015384615384614886e-01
5.846153846153846478e-01
4.676923076923076850e-01
5.261538461538461942e-01
5.046153846153845768e-01
4.953846153846153677e-01
5.107692307692307532e-01
4.923076923076923350e-01
4.707692307692307732e-01
5.046153846153845768e-01
4.276923076923077049e-01
4.276923076923077049e-01
4.492307692307692113e-01
4.461538461538461786e-01
4.430769230769230904e-01
4.984615384615384559e-01
4.830769230769230704e-01
4.400000000000000022e-01
4.584615384615384759e-01
4.523076923076922995e-01
4.400000000000000022e-01
4.307692307692307931e-01
4.184615384615384404e-01
4.615384615384615641e-01
4.276923076923077049e-01
4.584615384615384759e-01
4.307692307692307931e-01
3.938461538461538458e-01
4.523076923076922995e-01
4.246153846153846168e-01
4.646153846153845968e-01
4.461538461538461786e-01
4.184615384615384404e-01
4.276923076923077049e-01
4.000000000000000222e-01
3.753846153846153721e-01
4.461538461538461786e-01
4.153846153846154077e-01
4.061538461538461431e-01
4.400000000000000022e-01
4.092307692307692313e-01
4.000000000000000222e-01
4.400000000000000022e-01
4.215384615384615286e-01
4.215384615384615286e-01
3.907692307692307576e-01
4.061538461538461431e-01
4.153846153846154077e-01
3.784615384615384603e-01
3.938461538461538458e-01
3.784615384615384603e-01
4.092307692307692313e-01
4.061538461538461431e-01
3.538461538461538658e-01
3.692307692307692513e-01
3.384615384615384803e-01
3.261538461538461275e-01
3.753846153846153721e-01
3.353846153846153921e-01
3.538461538461538658e-01
3.446153846153846012e-01
3.384615384615384803e-01
3.446153846153846012e-01
3.815384615384615485e-01
3.569230769230768985e-01
3.538461538461538658e-01
3.538461538461538658e-01
3.476923076923076894e-01
3.415384615384615130e-01
3.323076923076923039e-01
3.723076923076922840e-01
3.476923076923076894e-01
3.507692307692307776e-01
3.476923076923076894e-01
3.323076923076923039e-01
3.784615384615384603e-01
3.599999999999999867e-01
3.200000000000000067e-01
3.415384615384615130e-01
3.476923076923076894e-01
2.953846153846154121e-01
3.415384615384615130e-01
3.200000000000000067e-01
3.138461538461538303e-01
3.230769230769230949e-01
2.769230769230769384e-01
2.738461538461538503e-01
3.138461538461538303e-01
3.015384615384615330e-01
3.323076923076923039e-01
3.353846153846153921e-01
2.646153846153846412e-01
2.984615384615384448e-01
3.046153846153846212e-01
3.046153846153846212e-01
2.861538461538461475e-01
2.953846153846154121e-01
2.615384615384615530e-01
3.015384615384615330e-01
3.107692307692307421e-01
2.707692307692307621e-01
2.769230769230769384e-01
2.923076923076923239e-01
3.107692307692307421e-01
3.107692307692307421e-01
3.292307692307692157e-01
3.107692307692307421e-01
3.138461538461538303e-01
2.800000000000000266e-01
3.230769230769230949e-01
3.046153846153846212e-01
2.769230769230769384e-01
2.830769230769230593e-01
2.676923076923076739e-01
2.430769230769230793e-01
2.676923076923076739e-01
2.923076923076923239e-01
2.984615384615384448e-01
2.800000000000000266e-01
2.461538461538461675e-01
2.430769230769230793e-01
2.399999999999999911e-01
2.646153846153846412e-01
2.707692307692307621e-01
2.523076923076922884e-01
2.923076923076923239e-01
2.861538461538461475e-01
2.615384615384615530e-01
2.707692307692307621e-01
2.769230769230769384e-01
2.738461538461538503e-01
2.676923076923076739e-01
2.707692307692307621e-01
2.246153846153846056e-01
2.830769230769230593e-01
2.707692307692307621e-01
2.861538461538461475e-01
2.369230769230769307e-01
2.523076923076922884e-01
2.800000000000000266e-01
2.492307692307692280e-01
2.492307692307692280e-01
2.676923076923076739e-01
2.430769230769230793e-01
2.461538461538461675e-01
2.307692307692307820e-01
2.338461538461538425e-01
2.615384615384615530e-01
2.615384615384615530e-01
2.430769230769230793e-01
2.307692307692307820e-01
2.307692307692307820e-01
2.246153846153846056e-01
2.430769230769230793e-01
2.184615384615384570e-01
2.215384615384615452e-01
2.092307692307692202e-01
2.184615384615384570e-01
2.584615384615384648e-01
2.430769230769230793e-01
2.399999999999999911e-01
2.307692307692307820e-01
2.246153846153846056e-01
2.276923076923076938e-01
2.246153846153846056e-01
2.430769230769230793e-01
2.584615384615384648e-01
2.399999999999999911e-01
2.430769230769230793e-01
2.584615384615384648e-01
2.338461538461538425e-01
2.338461538461538425e-01
2.461538461538461675e-01
2.523076923076922884e-01
2.184615384615384570e-01
2.153846153846153966e-01
2.369230769230769307e-01
2.276923076923076938e-01
2.615384615384615530e-01
2.399999999999999911e-01
2.553846153846153766e-01
2.523076923076922884e-01
2.369230769230769307e-01
2.215384615384615452e-01
2.523076923076922884e-01
2.492307692307692280e-01
2.369230769230769307e-01
2.092307692307692202e-01
2.276923076923076938e-01
2.215384615384615452e-01
2.338461538461538425e-01
2.030769230769230715e-01
2.123076923076923084e-01
2.276923076923076938e-01
2.000000000000000111e-01
1.846153846153846256e-01
1.907692307692307743e-01
2.030769230769230715e-01
2.369230769230769307e-01
1.846153846153846256e-01
2.092307692307692202e-01
2.123076923076923084e-01
2.123076923076923084e-01
1.938461538461538347e-01
1.938461538461538347e-01
2.092307692307692202e-01
2.030769230769230715e-01
1.876923076923076861e-01
2.153846153846153966e-01
2.123076923076923084e-01
2.184615384615384570e-01
2.153846153846153966e-01
2.123076923076923084e-01
1.753846153846153888e-01
2.276923076923076938e-01
1.876923076923076861e-01
2.092307692307692202e-01
2.061538461538461597e-01
2.153846153846153966e-01
1.938461538461538347e-01
2.061538461538461597e-01
1.938461538461538347e-01
2.030769230769230715e-01
2.246153846153846056e-01
2.215384615384615452e-01
2.092307692307692202e-01
2.061538461538461597e-01
2.092307692307692202e-01
2.276923076923076938e-01
1.784615384615384492e-01
2.092307692307692202e-01
1.846153846153846256e-01
1.907692307692307743e-01
1.784615384615384492e-01
1.784615384615384492e-01
1.753846153846153888e-01
1.630769230769230638e-01
1.815384615384615374e-01
1.815384615384615374e-01
1.784615384615384492e-01
1.907692307692307743e-01
1.969230769230769229e-01
1.907692307692307743e-01
2.092307692307692202e-01
2.000000000000000111e-01
1.969230769230769229e-01
1.969230769230769229e-01
1.846153846153846256e-01
1.723076923076923006e-01
1.969230769230769229e-01
1.938461538461538347e-01
1.661538461538461520e-01
2.092307692307692202e-01
1.907692307692307743e-01
1.938461538461538347e-01
1.969230769230769229e-01
2.123076923076923084e-01
1.969230769230769229e-01
1.753846153846153888e-01
1.661538461538461520e-01
1.723076923076923006e-01
1.815384615384615374e-01
1.907692307692307743e-01
1.938461538461538347e-01
1.692307692307692402e-01
1.846153846153846256e-01
1.907692307692307743e-01
1.723076923076923006e-01
1.630769230769230638e-01
1.753846153846153888e-01
1.815384615384615374e-01
1.969230769230769229e-01
1.846153846153846256e-01
1.600000000000000033e-01
1.969230769230769229e-01
1.723076923076923006e-01
1.723076923076923006e-01
1.784615384615384492e-01
1.876923076923076861e-01
1.846153846153846256e-01
1.784615384615384492e-01
1.784615384615384492e-01
1.630769230769230638e-01
1.815384615384615374e-01
1.876923076923076861e-01
1.907692307692307743e-01
1.600000000000000033e-01
1.630769230769230638e-01
1.630769230769230638e-01
1.569230769230769151e-01
1.446153846153846179e-01
1.600000000000000033e-01
1.507692307692307665e-01
1.600000000000000033e-01
1.507692307692307665e-01
1.446153846153846179e-01
1.476923076923077061e-01
1.661538461538461520e-01
1.507692307692307665e-01
1.630769230769230638e-01
1.661538461538461520e-01
1.600000000000000033e-01
1.538461538461538547e-01
1.507692307692307665e-01
1.507692307692307665e-01
1.446153846153846179e-01
1.723076923076923006e-01
1.569230769230769151e-01
1.723076923076923006e-01
1.507692307692307665e-01
1.600000000000000033e-01
1.476923076923077061e-01
1.661538461538461520e-01
1.476923076923077061e-01
1.415384615384615297e-01
1.476923076923077061e-01
1.415384615384615297e-01
1.538461538461538547e-01
1.476923076923077061e-01
1.476923076923077061e-01
1.569230769230769151e-01
1.415384615384615297e-01
1.384615384615384692e-01
1.630769230769230638e-01
1.446153846153846179e-01
1.630769230769230638e-01
1.446153846153846179e-01
1.538461538461538547e-01
1.600000000000000033e-01
1.384615384615384692e-01
1.476923076923077061e-01
1.384615384615384692e-01
1.446153846153846179e-01
1.476923076923077061e-01
1.323076923076923206e-01
1.446153846153846179e-01
1.323076923076923206e-01
1.353846153846153810e-01
1.446153846153846179e-01
1.569230769230769151e-01
1.415384615384615297e-01
1.415384615384615297e-01
1.384615384615384692e-01
1.323076923076923206e-01
1.507692307692307665e-01
1.323076923076923206e-01
1.446153846153846179e-01
1.415384615384615297e-01
1.384615384615384692e-01
1.446153846153846179e-01
1.323076923076923206e-01
1.507692307692307665e-01
1.507692307692307665e-01
1.415384615384615297e-01
1.292307692307692324e-01
1.446153846153846179e-01
1.323076923076923206e-01
1.323076923076923206e-01
1.353846153846153810e-01
1.507692307692307665e-01
1.538461538461538547e-01
1.538461538461538547e-01
1.415384615384615297e-01
1.446153846153846179e-01
1.415384615384615297e-01
1.507692307692307665e-01
1.446153846153846179e-01
1.384615384615384692e-01
1.538461538461538547e-01
1.323076923076923206e-01
1.292307692307692324e-01
1.446153846153846179e-01
1.199999999999999956e-01
1.138461538461538469e-01
1.569230769230769151e-01
1.261538461538461442e-01
1.446153846153846179e-01
