1.000000000000000000e+00
8.033472803347280200e-01
8.117154811715481255e-01
7.824267782426778117e-01
7.531380753138074979e-01
7.573221757322176062e-01
6.861924686192468759e-01
7.112970711297070814e-01
6.610878661087865593e-01
6.778242677824267703e-01
6.736401673640167731e-01
6.485355648535564566e-01
7.154811715481171897e-01
7.573221757322176062e-01
6.820083682008367676e-01
6.401673640167363510e-01
5.815899581589958345e-01
6.066945606694560400e-01
6.276150627615062483e-01
6.150627615062761455e-01
6.276150627615062483e-01
6.569037656903765621e-01
6.150627615062761455e-01
6.108786610878661483e-01
5.899581589958159400e-01
6.359832635983263538e-01
5.355648535564853097e-01
5.648535564853556235e-01
5.564853556485355179e-01
5.690376569037657317e-01
5.523012552301255207e-01
5.899581589958159400e-01
5.523012552301255207e-01
6.192468619246861428e-01
5.774058577405857262e-01
5.732217573221757290e-01
5.899581589958159400e-01
5.439330543933054152e-01
5.481171548117155234e-01
5.732217573221757290e-01
5.313807531380753124e-01
5.397489539748954179e-01
5.523012552301255207e-01
5.815899581589958345e-01
5.188284518828452097e-01
5.355648535564853097e-01
5.104602510460251041e-01
4.769874476987447931e-01
5.355648535564853097e-01
5.481171548117155234e-01
5.188284518828452097e-01
5.397489539748954179e-01
4.811715481171547903e-01
4.728033472803347403e-01
5.146443514644351014e-01
4.853556485355648431e-01
4.560669456066945848e-01
4.602510460251045821e-01
4.811715481171547903e-01
4.728033472803347403e-01
4.267782426778242710e-01
4.393305439330543738e-01
4.560669456066945848e-01
4.393305439330543738e-01
4.058577405857740628e-01
4.267782426778242710e-01
4.476987447698744793e-01
4.058577405857740628e-01
4.393305439330543738e-01
4.435146443514644266e-01
4.560669456066945848e-01
4.142259414225941683e-01
4.518828451882845321e-01
4.769874476987447931e-01
4.142259414225941683e-01
4.435146443514644266e-01
4.100418410041841155e-01
4.267782426778242710e-01
4.518828451882845321e-01
4.518828451882845321e-01
4.309623430962343238e-01
3.807531380753138017e-01
4.393305439330543738e-01
3.849372384937238545e-01
4.602510460251045821e-01
4.435146443514644266e-01
3.891213389121339072e-01
4.602510460251045821e-01
3.640167364016736462e-01
3.807531380753138017e-01
3.891213389121339072e-01
3.974895397489539572e-01
4.184100418410041655e-01
4.016736401673640100e-01
3.723849372384936962e-01
4.016736401673640100e-01
3.807531380753138017e-01
4.142259414225941683e-01
4.058577405857740628e-01
3.849372384937238545e-01
3.723849372384936962e-01
4.225941422594142183e-01
3.682008368200836990e-01
3.640167364016736462e-01
3.974895397489539572e-01
3.723849372384936962e-01
3.974895397489539572e-01
3.723849372384936962e-01
3.933054393305439600e-01
3.974895397489539572e-01
3.640167364016736462e-01
3.598326359832635934e-01
3.347280334728033324e-01
3.305439330543932797e-01
3.389121338912133852e-01
3.096234309623430714e-01
3.305439330543932797e-01
3.556485355648535407e-01
3.347280334728033324e-01
2.928870292887029159e-01
2.970711297071129686e-01
3.221757322175732297e-01
3.514644351464434879e-01
3.179916317991631769e-01
3.682008368200836990e-01
3.514644351464434879e-01
3.514644351464434879e-01
3.012552301255230214e-01
3.682008368200836990e-01
3.221757322175732297e-01
3.263598326359832824e-01
3.556485355648535407e-01
3.430962343096234379e-01
2.970711297071129686e-01
3.221757322175732297e-01
2.887029288702928631e-01
3.054393305439330741e-01
3.096234309623430714e-01
2.887029288702928631e-01
2.887029288702928631e-01
2.719665271966527076e-01
3.012552301255230214e-01
2.677824267782426548e-01
2.552301255230125521e-01
2.803347280334728131e-01
2.887029288702928631e-01
3.012552301255230214e-01
2.510460251046024993e-01
2.719665271966527076e-01
2.426778242677824216e-01
2.426778242677824216e-01
2.468619246861924743e-01
2.719665271966527076e-01
3.012552301255230214e-01
3.221757322175732297e-01
2.635983263598326576e-01
2.677824267782426548e-01
2.970711297071129686e-01
2.887029288702928631e-01
2.845188284518828659e-01
2.426778242677824216e-01
2.426778242677824216e-01
2.426778242677824216e-01
2.426778242677824216e-01
2.133891213389121355e-01
2.175732217573221883e-01
2.510460251046024993e-01
2.552301255230125521e-01
2.677824267782426548e-01
2.510460251046024993e-01
2.510460251046024993e-01
2.552301255230125521e-01
2.552301255230125521e-01
2.133891213389121355e-01
2.259414225941422660e-01
2.217573221757322133e-01
2.552301255230125521e-01
2.426778242677824216e-01
2.301255230125522910e-01
2.343096234309623438e-01
2.301255230125522910e-01
2.384937238493723966e-01
2.259414225941422660e-01
2.133891213389121355e-01
2.552301255230125521e-01
2.594142259414226048e-01
2.092050209205020828e-01
2.426778242677824216e-01
2.343096234309623438e-01
2.259414225941422660e-01
2.426778242677824216e-01
2.426778242677824216e-01
2.928870292887029159e-01
2.426778242677824216e-01
2.635983263598326576e-01
2.426778242677824216e-01
2.594142259414226048e-01
2.510460251046024993e-01
2.301255230125522910e-01
2.761506276150627603e-01
2.301255230125522910e-01
2.761506276150627603e-01
2.510460251046024993e-01
2.301255230125522910e-01
2.468619246861924743e-01
2.008368200836820050e-01
2.343096234309623438e-01
2.510460251046024993e-01
2.426778242677824216e-01
2.426778242677824216e-01
2.468619246861924743e-01
2.384937238493723966e-01
2.301255230125522910e-01
2.301255230125522910e-01
2.259414225941422660e-01
2.092050209205020828e-01
2.217573221757322133e-01
2.092050209205020828e-01
1.799163179916317967e-01
2.092050209205020828e-01
2.008368200836820050e-01
2.050209205020920578e-01
1.966527196652719800e-01
1.799163179916317967e-01
1.757322175732217440e-01
1.966527196652719800e-01
1.757322175732217440e-01
1.757322175732217440e-01
1.841004184100418495e-01
1.799163179916317967e-01
2.092050209205020828e-01
2.008368200836820050e-01
1.841004184100418495e-01
2.133891213389121355e-01
2.008368200836820050e-01
1.841004184100418495e-01
1.924686192468619272e-01
1.799163179916317967e-01
1.673640167364016662e-01
1.966527196652719800e-01
2.008368200836820050e-01
1.799163179916317967e-01
1.589958158995815884e-01
1.757322175732217440e-01
1.882845188284518745e-01
1.841004184100418495e-01
1.924686192468619272e-01
1.966527196652719800e-01
1.924686192468619272e-01
1.966527196652719800e-01
1.924686192468619272e-01
1.631799163179916412e-01
1.882845188284518745e-01
1.966527196652719800e-01
1.841004184100418495e-01
1.631799163179916412e-01
1.841004184100418495e-01
1.924686192468619272e-01
1.757322175732217440e-01
1.924686192468619272e-01
1.966527196652719800e-01
1.882845188284518745e-01
1.757322175732217440e-01
1.589958158995815884e-01
1.589958158995815884e-01
1.841004184100418495e-01
1.757322175732217440e-01
1.589958158995815884e-01
1.673640167364016662e-01
1.464435146443514579e-01
1.673640167364016662e-01
1.589958158995815884e-01
1.631799163179916412e-01
1.799163179916317967e-01
1.799163179916317967e-01
1.966527196652719800e-01
1.715481171548117190e-01
1.548117154811715357e-01
1.422594142259414329e-01
1.673640167364016662e-01
1.799163179916317967e-01
1.715481171548117190e-01
1.841004184100418495e-01
1.548117154811715357e-01
1.589958158995815884e-01
1.422594142259414329e-01
1.297071129707113024e-01
1.548117154811715357e-01
1.589958158995815884e-01
1.631799163179916412e-01
1.422594142259414329e-01
1.464435146443514579e-01
1.715481171548117190e-01
1.673640167364016662e-01
1.673640167364016662e-01
1.464435146443514579e-01
1.255230125523012497e-01
1.171548117154811719e-01
1.506276150627615107e-01
1.673640167364016662e-01
1.715481171548117190e-01
1.589958158995815884e-01
1.548117154811715357e-01
1.506276150627615107e-01
1.506276150627615107e-01
1.506276150627615107e-01
1.757322175732217440e-01
1.464435146443514579e-01
1.966527196652719800e-01
1.589958158995815884e-01
1.422594142259414329e-01
1.464435146443514579e-01
1.548117154811715357e-01
1.506276150627615107e-01
1.715481171548117190e-01
1.506276150627615107e-01
1.673640167364016662e-01
1.799163179916317967e-01
1.589958158995815884e-01
1.589958158995815884e-01
1.882845188284518745e-01
1.631799163179916412e-01
1.589958158995815884e-01
1.506276150627615107e-01
1.799163179916317967e-01
1.548117154811715357e-01
1.799163179916317967e-01
1.924686192468619272e-01
1.548117154811715357e-01
1.715481171548117190e-01
1.673640167364016662e-01
1.506276150627615107e-01
1.757322175732217440e-01
1.422594142259414329e-01
1.589958158995815884e-01
1.297071129707113024e-01
1.506276150627615107e-01
1.757322175732217440e-01
1.548117154811715357e-01
1.297071129707113024e-01
1.380753138075313802e-01
1.213389121338912108e-01
1.297071129707113024e-01
1.255230125523012497e-01
1.506276150627615107e-01
1.589958158995815884e-01
1.338912133891213274e-01
1.380753138075313802e-01
1.338912133891213274e-01
1.338912133891213274e-01
1.338912133891213274e-01
1.589958158995815884e-01
1.506276150627615107e-01
1.673640167364016662e-01
1.506276150627615107e-01
1.589958158995815884e-01
1.589958158995815884e-01
1.631799163179916412e-01
1.506276150627615107e-01
1.673640167364016662e-01
1.297071129707113024e-01
1.631799163179916412e-01
1.171548117154811719e-01
1.422594142259414329e-01
1.464435146443514579e-01
1.338912133891213274e-01
1.464435146443514579e-01
1.589958158995815884e-01
1.380753138075313802e-01
1.129707112970711330e-01
1.213389121338912108e-01
1.213389121338912108e-01
1.213389121338912108e-01
1.046025104602510414e-01
1.213389121338912108e-01
1.422594142259414329e-01
1.046025104602510414e-01
1.464435146443514579e-01
1.255230125523012497e-01
1.255230125523012497e-01
1.297071129707113024e-01
1.338912133891213274e-01
1.338912133891213274e-01
1.087866108786610941e-01
1.338912133891213274e-01
1.297071129707113024e-01
1.255230125523012497e-01
1.213389121338912108e-01
1.213389121338912108e-01
1.338912133891213274e-01
1.213389121338912108e-01
1.213389121338912108e-01
1.171548117154811719e-01
1.213389121338912108e-01
1.129707112970711330e-01
1.297071129707113024e-01
1.338912133891213274e-01
1.213389121338912108e-01
1.213389121338912108e-01
1.297071129707113024e-01
1.129707112970711330e-01
