1.000000000000000000e+00
8.084358523725835299e-01
7.697715289982425269e-01
7.029876977152900164e-01
7.047451669595782286e-01
7.346221441124780593e-01
7.152899824253075023e-01
6.467486818980667795e-01
6.344463971880491826e-01
6.239015817223199090e-01
6.028119507908611396e-01
5.817223198594024813e-01
5.817223198594024813e-01
5.536028119507908629e-01
5.536028119507908629e-01
5.465729349736380138e-01
5.553602811950790752e-01
5.008787346221441616e-01
5.184534270650263954e-01
5.149384885764498598e-01
5.026362038664323739e-01
5.149384885764498598e-01
4.762741652021089678e-01
4.920913884007029893e-01
4.516695957820738294e-01
4.182776801405975187e-01
4.463971880492091371e-01
4.253075571177504233e-01
4.024604569420034972e-01
3.901581722319859558e-01
4.077328646748681895e-01
3.813708260105448389e-01
3.936731107205623803e-01
3.884007029876976880e-01
3.655536028119508174e-01
3.655536028119508174e-01
3.479789103690685281e-01
3.708260105448154542e-01
3.848857644991212634e-01
3.356766256590509867e-01
3.339191564147627189e-01
3.251318101933216020e-01
3.251318101933216020e-01
3.268892794376098143e-01
3.444639718804921036e-01
3.128295254833040606e-01
3.268892794376098143e-01
3.251318101933216020e-01
3.181019332161686974e-01
3.181019332161686974e-01
3.057996485061511560e-01
3.216168717047451775e-01
2.987697715289982514e-01
2.917398945518453468e-01
3.040421792618629437e-01
2.934973637961335591e-01
2.811950790861160177e-01
3.093145869947275806e-01
2.970123022847100391e-01
3.514938488576450082e-01
2.882249560632688667e-01
3.022847100175746760e-01
2.776801405975395376e-01
2.794376098418277499e-01
2.724077328646748453e-01
2.864674868189806545e-01
2.636203866432337284e-01
2.776801405975395376e-01
2.847100175746924422e-01
2.565905096660808238e-01
2.513181019332161870e-01
2.548330404217926115e-01
2.636203866432337284e-01
2.442882249560632824e-01
2.530755711775043992e-01
2.583479789103690916e-01
2.390158172231985900e-01
2.618629173989455161e-01
2.179261862917399040e-01
2.231985940246045685e-01
2.196836555360281162e-01
2.249560632688927808e-01
2.284710017574692331e-01
2.214411247803163563e-01
2.249560632688927808e-01
2.319859402460456854e-01
2.161687170474516639e-01
2.108963093145869994e-01
2.038664323374340948e-01
2.231985940246045685e-01
1.880492091388400733e-01
1.968365553602811902e-01
2.161687170474516639e-01
2.021089630931458825e-01
2.003514938488576425e-01
1.862917398945518332e-01
1.985940246045694302e-01
1.528998242530755780e-01
1.722319859402460518e-01
1.862917398945518332e-01
1.757469244288225041e-01
1.599297012302284826e-01
1.810193321616871687e-01
1.862917398945518332e-01
1.880492091388400733e-01
1.757469244288225041e-01
1.757469244288225041e-01
1.722319859402460518e-01
1.722319859402460518e-01
1.511423550087873380e-01
1.792618629173989564e-01
1.775043936731107164e-01
1.634446397188049072e-01
1.669595782073813595e-01
1.581722319859402426e-01
1.652021089630931472e-01
1.792618629173989564e-01
1.528998242530755780e-01
1.476274165202108857e-01
1.616871704745166949e-01
1.405975395430580088e-01
1.564147627416520303e-01
1.669595782073813595e-01
1.441124780316344334e-01
1.388400702987697688e-01
1.441124780316344334e-01
1.441124780316344334e-01
1.335676625659051042e-01
1.493848857644991257e-01
1.441124780316344334e-01
1.441124780316344334e-01
1.405975395430580088e-01
1.423550087873462211e-01
1.528998242530755780e-01
1.493848857644991257e-01
1.599297012302284826e-01
1.458699472759226734e-01
1.318101933216168642e-01
1.528998242530755780e-01
1.669595782073813595e-01
1.265377855887521996e-01
1.704745166959578118e-01
1.528998242530755780e-01
1.353251318101933165e-01
1.318101933216168642e-01
1.282952548330404119e-01
1.370826010544815565e-01
1.388400702987697688e-01
1.282952548330404119e-01
1.388400702987697688e-01
1.282952548330404119e-01
1.405975395430580088e-01
1.300527240773286519e-01
1.335676625659051042e-01
1.476274165202108857e-01
1.353251318101933165e-01
1.247803163444639735e-01
1.300527240773286519e-01
1.405975395430580088e-01
1.177504393673110689e-01
1.528998242530755780e-01
1.335676625659051042e-01
1.212653778558875212e-01
1.230228471001757473e-01
1.072056239015817258e-01
1.318101933216168642e-01
1.142355008787346166e-01
1.159929701230228427e-01
1.072056239015817258e-01
1.124780316344463904e-01
1.107205623901581781e-01
1.159929701230228427e-01
1.142355008787346166e-01
1.072056239015817258e-01
1.072056239015817258e-01
1.107205623901581781e-01
1.036906854130052735e-01
1.142355008787346166e-01
9.314586994727591662e-02
1.124780316344463904e-01
9.314586994727591662e-02
1.195079086115992950e-01
1.036906854130052735e-01
1.072056239015817258e-01
9.490333919156414277e-02
9.841827768014059508e-02
1.072056239015817258e-01
1.001757469244288212e-01
9.841827768014059508e-02
9.666080843585236893e-02
1.054481546572934997e-01
9.138840070298770435e-02
8.611599297012302590e-02
9.490333919156414277e-02
9.490333919156414277e-02
9.138840070298770435e-02
1.036906854130052735e-01
8.611599297012302590e-02
8.611599297012302590e-02
8.435852372583479974e-02
8.084358523725834744e-02
8.084358523725834744e-02
8.963093145869947820e-02
9.841827768014059508e-02
8.787346221441125205e-02
8.084358523725834744e-02
7.908611599297012129e-02
7.732864674868189514e-02
8.963093145869947820e-02
8.084358523725834744e-02
8.611599297012302590e-02
1.001757469244288212e-01
7.732864674868189514e-02
7.029876977152900441e-02
7.205623901581721669e-02
6.854130052724077826e-02
6.326889279437609981e-02
6.854130052724077826e-02
6.326889279437609981e-02
5.096660808435852369e-02
6.854130052724077826e-02
6.854130052724077826e-02
6.502636203866432596e-02
6.151142355008787366e-02
6.326889279437609981e-02
6.151142355008787366e-02
8.084358523725834744e-02
7.557117750439366899e-02
6.854130052724077826e-02
7.205623901581721669e-02
6.326889279437609981e-02
8.435852372583479974e-02
7.557117750439366899e-02
6.502636203866432596e-02
8.084358523725834744e-02
7.029876977152900441e-02
7.029876977152900441e-02
5.975395430579964751e-02
6.326889279437609981e-02
7.732864674868189514e-02
7.029876977152900441e-02
7.205623901581721669e-02
6.502636203866432596e-02
6.502636203866432596e-02
5.799648506151142136e-02
7.908611599297012129e-02
7.205623901581721669e-02
6.678383128295255211e-02
6.678383128295255211e-02
7.732864674868189514e-02
6.502636203866432596e-02
5.623901581722319520e-02
7.205623901581721669e-02
5.975395430579964751e-02
6.678383128295255211e-02
5.975395430579964751e-02
6.326889279437609981e-02
5.975395430579964751e-02
6.151142355008787366e-02
4.393673110720562602e-02
5.623901581722319520e-02
5.975395430579964751e-02
5.623901581722319520e-02
5.096660808435852369e-02
6.678383128295255211e-02
6.151142355008787366e-02
5.623901581722319520e-02
5.799648506151142136e-02
4.745166959578207139e-02
5.096660808435852369e-02
5.272407732864674984e-02
4.217926186291739987e-02
4.920913884007029754e-02
5.623901581722319520e-02
5.096660808435852369e-02
5.799648506151142136e-02
5.799648506151142136e-02
6.151142355008787366e-02
6.151142355008787366e-02
5.272407732864674984e-02
5.799648506151142136e-02
5.448154657293497599e-02
7.205623901581721669e-02
5.975395430579964751e-02
4.920913884007029754e-02
4.920913884007029754e-02
5.096660808435852369e-02
4.042179261862917372e-02
5.799648506151142136e-02
5.623901581722319520e-02
3.163444639718804990e-02
5.272407732864674984e-02
5.096660808435852369e-02
4.569420035149385217e-02
4.393673110720562602e-02
4.393673110720562602e-02
5.096660808435852369e-02
4.745166959578207139e-02
5.975395430579964751e-02
5.623901581722319520e-02
5.448154657293497599e-02
5.448154657293497599e-02
5.975395430579964751e-02
6.502636203866432596e-02
5.799648506151142136e-02
4.920913884007029754e-02
4.920913884007029754e-02
5.799648506151142136e-02
6.326889279437609981e-02
4.569420035149385217e-02
4.745166959578207139e-02
5.272407732864674984e-02
5.975395430579964751e-02
5.272407732864674984e-02
5.096660808435852369e-02
4.920913884007029754e-02
3.866432337434094757e-02
4.393673110720562602e-02
3.690685413005272142e-02
2.987697715289982375e-02
4.393673110720562602e-02
3.514938488576450221e-02
4.217926186291739987e-02
3.866432337434094757e-02
3.339191564147627606e-02
3.163444639718804990e-02
4.042179261862917372e-02
3.339191564147627606e-02
3.866432337434094757e-02
4.393673110720562602e-02
3.514938488576450221e-02
3.866432337434094757e-02
3.514938488576450221e-02
3.339191564147627606e-02
2.811950790861159760e-02
4.042179261862917372e-02
4.745166959578207139e-02
3.690685413005272142e-02
4.217926186291739987e-02
3.866432337434094757e-02
3.514938488576450221e-02
3.514938488576450221e-02
3.514938488576450221e-02
4.217926186291739987e-02
3.690685413005272142e-02
3.690685413005272142e-02
3.339191564147627606e-02
3.866432337434094757e-02
4.042179261862917372e-02
4.569420035149385217e-02
4.042179261862917372e-02
4.217926186291739987e-02
4.217926186291739987e-02
4.393673110720562602e-02
4.393673110720562602e-02
3.866432337434094757e-02
3.866432337434094757e-02
4.393673110720562602e-02
4.042179261862917372e-02
3.690685413005272142e-02
4.217926186291739987e-02
4.042179261862917372e-02
2.987697715289982375e-02
3.514938488576450221e-02
3.690685413005272142e-02
4.217926186291739987e-02
2.987697715289982375e-02
3.339191564147627606e-02
3.339191564147627606e-02
3.339191564147627606e-02
2.987697715289982375e-02
3.339191564147627606e-02
2.987697715289982375e-02
3.514938488576450221e-02
3.339191564147627606e-02
3.514938488576450221e-02
2.284710017574692609e-02
3.690685413005272142e-02
4.569420035149385217e-02
3.339191564147627606e-02
3.163444639718804990e-02
3.514938488576450221e-02
4.042179261862917372e-02
3.866432337434094757e-02
3.339191564147627606e-02
3.339191564147627606e-02
4.217926186291739987e-02
2.987697715289982375e-02
3.339191564147627606e-02
3.514938488576450221e-02
3.690685413005272142e-02
4.217926186291739987e-02
3.866432337434094757e-02
4.569420035149385217e-02
4.217926186291739987e-02
4.217926186291739987e-02
3.690685413005272142e-02
3.163444639718804990e-02
4.217926186291739987e-02
3.514938488576450221e-02
2.811950790861159760e-02
