1.000000000000000000e+00
7.417840375586854940e-01
7.652582159624413682e-01
7.089201877934272478e-01
7.558685446009389963e-01
7.276995305164318806e-01
6.901408450704225039e-01
6.525821596244131273e-01
6.150234741784037507e-01
6.056338028169013787e-01
5.915492957746478764e-01
5.868544600938967459e-01
5.868544600938967459e-01
5.680751173708920021e-01
5.586854460093896302e-01
5.399061032863849974e-01
5.868544600938967459e-01
5.070422535211267512e-01
5.492957746478873693e-01
5.680751173708920021e-01
5.446009389671361278e-01
5.305164319248826255e-01
4.882629107981220629e-01
4.929577464788732488e-01
5.070422535211267512e-01
4.131455399061033096e-01
4.882629107981220629e-01
5.258215962441314950e-01
4.741784037558685605e-01
4.600938967136150026e-01
4.366197183098591283e-01
5.117370892018778816e-01
4.647887323943661886e-01
4.741784037558685605e-01
4.929577464788732488e-01
4.647887323943661886e-01
4.366197183098591283e-01
4.225352112676056260e-01
4.460093896713615003e-01
4.084507042253521236e-01
3.990610328638497517e-01
3.755868544600938774e-01
3.990610328638497517e-01
3.896713615023474353e-01
3.802816901408450634e-01
4.366197183098591283e-01
3.849765258215962493e-01
3.943661971830985657e-01
3.615023474178403751e-01
3.192488262910798125e-01
3.333333333333333148e-01
3.568075117370891891e-01
3.286384976525821844e-01
3.474178403755868727e-01
3.474178403755868727e-01
3.098591549295774406e-01
3.474178403755868727e-01
3.380281690140845008e-01
3.333333333333333148e-01
2.910798122065727522e-01
3.333333333333333148e-01
2.957746478873239382e-01
3.004694835680751241e-01
3.192488262910798125e-01
3.568075117370891891e-01
3.286384976525821844e-01
3.004694835680751241e-01
2.910798122065727522e-01
2.910798122065727522e-01
2.957746478873239382e-01
2.723004694835680639e-01
2.769953051643192499e-01
2.488262910798122174e-01
2.723004694835680639e-01
2.300469483568075013e-01
2.488262910798122174e-01
2.582159624413145615e-01
2.206572769953051572e-01
2.112676056338028130e-01
2.676056338028168780e-01
2.629107981220657475e-01
2.394366197183098455e-01
2.441314553990610314e-01
2.253521126760563431e-01
2.347417840375586873e-01
2.394366197183098455e-01
2.394366197183098455e-01
2.535211267605633756e-01
2.488262910798122174e-01
2.253521126760563431e-01
2.206572769953051572e-01
2.112676056338028130e-01
2.206572769953051572e-01
2.253521126760563431e-01
2.206572769953051572e-01
2.253521126760563431e-01
2.018779342723004688e-01
2.206572769953051572e-01
2.206572769953051572e-01
2.065727699530516548e-01
1.830985915492957805e-01
2.018779342723004688e-01
1.737089201877934364e-01
2.112676056338028130e-01
1.690140845070422504e-01
2.018779342723004688e-01
2.112676056338028130e-01
2.018779342723004688e-01
1.877934272300469387e-01
1.690140845070422504e-01
1.877934272300469387e-01
1.737089201877934364e-01
1.784037558685445946e-01
1.924882629107981247e-01
1.924882629107981247e-01
1.737089201877934364e-01
1.784037558685445946e-01
1.596244131455399062e-01
1.737089201877934364e-01
2.065727699530516548e-01
1.784037558685445946e-01
1.830985915492957805e-01
1.971830985915492829e-01
2.018779342723004688e-01
1.455399061032863761e-01
1.361502347417840320e-01
1.361502347417840320e-01
1.690140845070422504e-01
1.549295774647887203e-01
1.596244131455399062e-01
1.596244131455399062e-01
1.924882629107981247e-01
1.502347417840375621e-01
1.643192488262910922e-01
1.784037558685445946e-01
1.690140845070422504e-01
1.502347417840375621e-01
1.596244131455399062e-01
1.784037558685445946e-01
1.737089201877934364e-01
1.361502347417840320e-01
1.643192488262910922e-01
1.643192488262910922e-01
1.455399061032863761e-01
1.643192488262910922e-01
1.549295774647887203e-01
1.784037558685445946e-01
1.643192488262910922e-01
1.549295774647887203e-01
1.455399061032863761e-01
1.784037558685445946e-01
1.032863849765258274e-01
1.408450704225352179e-01
1.830985915492957805e-01
1.596244131455399062e-01
1.549295774647887203e-01
1.924882629107981247e-01
1.408450704225352179e-01
1.737089201877934364e-01
1.971830985915492829e-01
2.018779342723004688e-01
1.971830985915492829e-01
1.784037558685445946e-01
1.455399061032863761e-01
1.877934272300469387e-01
1.596244131455399062e-01
1.784037558685445946e-01
1.737089201877934364e-01
1.596244131455399062e-01
1.455399061032863761e-01
1.502347417840375621e-01
1.361502347417840320e-01
1.502347417840375621e-01
1.455399061032863761e-01
1.267605633802816878e-01
1.173708920187793436e-01
1.079812206572769995e-01
1.549295774647887203e-01
1.408450704225352179e-01
1.361502347417840320e-01
1.361502347417840320e-01
1.173708920187793436e-01
1.361502347417840320e-01
1.173708920187793436e-01
1.079812206572769995e-01
1.079812206572769995e-01
1.032863849765258274e-01
1.408450704225352179e-01
1.173708920187793436e-01
1.361502347417840320e-01
1.220657276995305157e-01
1.032863849765258274e-01
1.032863849765258274e-01
1.032863849765258274e-01
1.220657276995305157e-01
1.079812206572769995e-01
9.389671361502346936e-02
9.859154929577464144e-02
8.920187793427229728e-02
1.032863849765258274e-01
1.079812206572769995e-01
1.173708920187793436e-01
1.032863849765258274e-01
9.859154929577464144e-02
7.981220657276995312e-02
9.859154929577464144e-02
1.032863849765258274e-01
1.079812206572769995e-01
7.981220657276995312e-02
8.450704225352112520e-02
7.511737089201878104e-02
1.079812206572769995e-01
9.389671361502346936e-02
9.859154929577464144e-02
9.859154929577464144e-02
8.920187793427229728e-02
7.981220657276995312e-02
9.389671361502346936e-02
9.389671361502346936e-02
9.389671361502346936e-02
7.042253521126760896e-02
6.103286384976525786e-02
7.042253521126760896e-02
6.572769953051643688e-02
4.694835680751173468e-02
6.572769953051643688e-02
8.920187793427229728e-02
6.572769953051643688e-02
5.633802816901408578e-02
7.511737089201878104e-02
6.103286384976525786e-02
7.981220657276995312e-02
6.572769953051643688e-02
7.042253521126760896e-02
5.633802816901408578e-02
8.920187793427229728e-02
6.572769953051643688e-02
6.572769953051643688e-02
7.511737089201878104e-02
7.042253521126760896e-02
7.511737089201878104e-02
7.511737089201878104e-02
6.572769953051643688e-02
8.450704225352112520e-02
8.450704225352112520e-02
9.389671361502346936e-02
7.042253521126760896e-02
6.103286384976525786e-02
5.633802816901408578e-02
7.981220657276995312e-02
7.042253521126760896e-02
7.042253521126760896e-02
7.511737089201878104e-02
7.981220657276995312e-02
7.511737089201878104e-02
7.981220657276995312e-02
7.511737089201878104e-02
7.511737089201878104e-02
7.981220657276995312e-02
5.164319248826291370e-02
6.103286384976525786e-02
4.694835680751173468e-02
5.164319248826291370e-02
4.225352112676056260e-02
7.511737089201878104e-02
5.633802816901408578e-02
6.103286384976525786e-02
6.103286384976525786e-02
6.103286384976525786e-02
4.694835680751173468e-02
7.511737089201878104e-02
9.859154929577464144e-02
6.103286384976525786e-02
6.572769953051643688e-02
4.225352112676056260e-02
5.633802816901408578e-02
7.042253521126760896e-02
5.633802816901408578e-02
6.103286384976525786e-02
6.572769953051643688e-02
4.694835680751173468e-02
5.633802816901408578e-02
5.633802816901408578e-02
5.164319248826291370e-02
4.694835680751173468e-02
6.103286384976525786e-02
5.633802816901408578e-02
6.103286384976525786e-02
3.286384976525821844e-02
2.816901408450704289e-02
3.755868544600939052e-02
3.286384976525821844e-02
3.755868544600939052e-02
4.225352112676056260e-02
5.633802816901408578e-02
5.633802816901408578e-02
5.633802816901408578e-02
5.164319248826291370e-02
3.755868544600939052e-02
5.164319248826291370e-02
4.694835680751173468e-02
4.225352112676056260e-02
5.164319248826291370e-02
4.225352112676056260e-02
5.164319248826291370e-02
5.633802816901408578e-02
6.572769953051643688e-02
4.694835680751173468e-02
5.164319248826291370e-02
4.694835680751173468e-02
5.164319248826291370e-02
5.164319248826291370e-02
4.694835680751173468e-02
5.164319248826291370e-02
2.816901408450704289e-02
6.103286384976525786e-02
3.755868544600939052e-02
5.164319248826291370e-02
3.755868544600939052e-02
3.755868544600939052e-02
4.225352112676056260e-02
5.164319248826291370e-02
3.755868544600939052e-02
5.164319248826291370e-02
3.755868544600939052e-02
4.225352112676056260e-02
5.164319248826291370e-02
4.694835680751173468e-02
3.286384976525821844e-02
2.347417840375586734e-02
3.755868544600939052e-02
4.694835680751173468e-02
3.755868544600939052e-02
4.225352112676056260e-02
4.694835680751173468e-02
4.694835680751173468e-02
4.225352112676056260e-02
5.164319248826291370e-02
4.225352112676056260e-02
4.694835680751173468e-02
3.755868544600939052e-02
2.347417840375586734e-02
3.755868544600939052e-02
3.286384976525821844e-02
1.877934272300469526e-02
1.877934272300469526e-02
3.286384976525821844e-02
3.286384976525821844e-02
2.816901408450704289e-02
1.877934272300469526e-02
2.347417840375586734e-02
1.877934272300469526e-02
4.225352112676056260e-02
2.816901408450704289e-02
2.816901408450704289e-02
3.755868544600939052e-02
3.286384976525821844e-02
3.755868544600939052e-02
3.755868544600939052e-02
2.816901408450704289e-02
1.408450704225352144e-02
2.816901408450704289e-02
2.347417840375586734e-02
1.408450704225352144e-02
3.755868544600939052e-02
2.816901408450704289e-02
2.347417840375586734e-02
1.877934272300469526e-02
1.877934272300469526e-02
4.694835680751173815e-03
1.877934272300469526e-02
1.408450704225352144e-02
1.877934272300469526e-02
2.347417840375586734e-02
3.286384976525821844e-02
3.286384976525821844e-02
2.347417840375586734e-02
1.408450704225352144e-02
1.877934272300469526e-02
1.877934272300469526e-02
2.347417840375586734e-02
2.347417840375586734e-02
3.755868544600939052e-02
2.816901408450704289e-02
4.225352112676056260e-02
1.408450704225352144e-02
3.286384976525821844e-02
3.286384976525821844e-02
2.816901408450704289e-02
3.286384976525821844e-02
2.816901408450704289e-02
2.347417840375586734e-02
1.877934272300469526e-02
3.286384976525821844e-02
2.347417840375586734e-02
1.877934272300469526e-02
2.816901408450704289e-02
2.347417840375586734e-02
9.389671361502347630e-03
2.347417840375586734e-02
2.816901408450704289e-02
