1.000000000000000000e+00
8.913649025069637633e-01
8.792943361188486628e-01
8.402971216341690308e-01
8.198700092850510490e-01
8.170844939647168292e-01
7.780872794800370862e-01
7.743732590529247561e-01
7.669452181987000960e-01
7.641597028783658763e-01
7.242339832869080229e-01
7.158774373259052526e-01
7.065923862581243720e-01
7.149489322191272533e-01
7.112349117920148123e-01
7.010213556174559324e-01
6.917363045496750518e-01
7.065923862581243720e-01
6.750232126276694000e-01
6.750232126276694000e-01
6.685236768802228502e-01
6.768802228412256206e-01
6.731662024141132905e-01
6.425255338904364288e-01
6.397400185701020980e-01
6.480965645311048684e-01
6.443825441039925384e-01
6.323119777158774379e-01
6.211699164345403368e-01
6.174558960074280067e-01
5.951717734447539154e-01
6.081708449396471261e-01
6.128133704735375664e-01
5.793871866295264850e-01
5.896007428040854759e-01
5.979572887650882462e-01
6.118848653667595672e-01
6.007428040854224660e-01
5.598885793871866134e-01
5.673166202414112735e-01
5.766016713091921542e-01
5.450324976787371822e-01
5.626740947075209442e-01
5.710306406685237146e-01
5.766016713091921542e-01
5.506035283194057328e-01
5.468895078922934028e-01
5.468895078922934028e-01
5.376044568245125221e-01
5.348189415041783024e-01
5.171773444753946514e-01
5.301764159702878620e-01
5.357474466109564126e-01
5.190343546889507609e-01
5.097493036211698803e-01
4.902506963788300642e-01
4.911792014856081745e-01
4.902506963788300642e-01
4.902506963788300642e-01
4.744661095636025783e-01
4.809656453110491836e-01
4.846796657381615692e-01
4.558960074280408725e-01
4.791086350974930186e-01
4.911792014856081745e-01
4.856081708449396239e-01
4.791086350974930186e-01
4.577530176415970375e-01
4.781801299907149638e-01
4.623955431754874779e-01
4.596100278551532026e-01
4.345403899721448360e-01
4.456824512534818816e-01
4.735376044568245235e-01
4.577530176415970375e-01
4.493964716805942672e-01
4.633240482822655326e-01
4.484679665738161569e-01
4.596100278551532026e-01
4.308263695450325059e-01
4.438254410399257166e-01
4.401114206128133866e-01
4.512534818941504322e-01
4.466109563602599919e-01
4.512534818941504322e-01
4.438254410399257166e-01
4.289693593314763409e-01
4.178272980501392952e-01
4.196843082636954603e-01
4.391829155060352763e-01
4.261838440111420656e-01
4.150417827298050200e-01
4.066852367688022496e-01
4.141132776230269097e-01
3.844011142061281583e-01
4.057567316620241393e-01
4.122562674094707447e-01
3.918291550603528184e-01
3.955431754874652039e-01
3.881151346332404883e-01
4.001857010213556443e-01
3.955431754874652039e-01
3.871866295264623781e-01
3.806870937790157727e-01
3.667595171773444518e-01
3.964716805942432587e-01
3.871866295264623781e-01
3.769730733519034427e-01
3.797585886722377180e-01
3.909006499535747636e-01
3.946146703806870937e-01
3.760445682451253324e-01
3.760445682451253324e-01
3.825441039925719378e-01
3.658310120705663970e-01
3.621169916434540115e-01
3.779015784586814974e-01
3.686165273909006723e-01
3.426183844011141955e-01
3.621169916434540115e-01
3.574744661095636267e-01
3.862581244196843233e-01
3.797585886722377180e-01
3.611884865366759567e-01
3.639740018570102320e-01
3.584029712163416814e-01
3.593314763231197917e-01
3.333333333333333148e-01
3.389043639740018654e-01
3.537604456824512411e-01
3.435468895078923057e-01
3.333333333333333148e-01
3.463324048282265810e-01
3.314763231197771498e-01
3.370473537604457004e-01
3.407613741875580304e-01
3.351903435468895354e-01
3.296193129062209848e-01
3.370473537604457004e-01
3.370473537604457004e-01
3.472609099350046358e-01
3.314763231197771498e-01
3.296193129062209848e-01
3.175487465181058289e-01
3.221912720519962692e-01
3.184772516248839391e-01
3.277623026926648198e-01
3.166202414113277741e-01
3.101207056638811688e-01
3.091922005571030585e-01
2.971216341689879026e-01
3.138347260909934988e-01
3.101207056638811688e-01
3.231197771587743794e-01
3.194057567316620494e-01
3.045496750232126182e-01
3.082636954503250037e-01
3.175487465181058289e-01
2.971216341689879026e-01
2.999071494893221779e-01
3.249767873723305445e-01
3.184772516248839391e-01
3.073351903435468935e-01
3.017641597028783429e-01
3.166202414113277741e-01
2.869080779944289672e-01
2.952646239554317376e-01
3.110492107706592235e-01
3.073351903435468935e-01
2.841225626740946919e-01
2.971216341689879026e-01
2.785515320334261968e-01
2.822655524605385269e-01
2.878365831012070775e-01
2.757660167130919215e-01
2.776230269266480866e-01
2.906220984215412972e-01
2.859795728876508569e-01
2.757660167130919215e-01
2.720519962859795915e-01
2.859795728876508569e-01
2.822655524605385269e-01
2.831940575673166371e-01
2.859795728876508569e-01
2.748375116063138113e-01
2.822655524605385269e-01
2.720519962859795915e-01
2.971216341689879026e-01
2.804085422469823619e-01
2.971216341689879026e-01
2.562674094707521055e-01
2.878365831012070775e-01
2.618384401114206006e-01
2.655524605385329862e-01
2.813370473537604721e-01
2.655524605385329862e-01
2.683379758588672059e-01
2.850510677808728022e-01
2.497678737233054724e-01
2.469823584029712249e-01
2.590529247910863253e-01
2.720519962859795915e-01
2.599814298978644356e-01
2.655524605385329862e-01
2.553389043639739953e-01
2.516248839368616652e-01
2.534818941504178302e-01
2.451253481894150321e-01
2.534818941504178302e-01
2.627669452181987109e-01
2.757660167130919215e-01
2.720519962859795915e-01
2.311977715877437389e-01
2.534818941504178302e-01
2.525533890436397200e-01
2.571959145775301603e-01
2.590529247910863253e-01
2.358402971216341792e-01
2.553389043639739953e-01
2.525533890436397200e-01
2.646239554317548759e-01
2.423398328690807846e-01
2.376973073351903443e-01
2.562674094707521055e-01
2.441968430826369496e-01
2.571959145775301603e-01
2.414113277623027021e-01
2.701949860724233710e-01
2.497678737233054724e-01
2.618384401114206006e-01
2.451253481894150321e-01
2.664809656453110409e-01
2.479108635097493074e-01
2.460538532961931424e-01
2.525533890436397200e-01
2.349117920148560690e-01
2.423398328690807846e-01
2.246982358402971336e-01
2.469823584029712249e-01
2.293407613741875462e-01
2.404828226555245918e-01
2.609099350046425458e-01
2.571959145775301603e-01
2.609099350046425458e-01
2.451253481894150321e-01
2.404828226555245918e-01
2.451253481894150321e-01
2.432683379758588671e-01
2.562674094707521055e-01
2.423398328690807846e-01
2.581244196843082706e-01
2.441968430826369496e-01
2.506963788300835549e-01
2.395543175487465093e-01
2.618384401114206006e-01
2.469823584029712249e-01
2.339832869080779865e-01
2.367688022284122618e-01
2.265552460538532986e-01
2.395543175487465093e-01
2.497678737233054724e-01
2.460538532961931424e-01
2.358402971216341792e-01
2.349117920148560690e-01
2.432683379758588671e-01
2.274837511606313811e-01
2.330547818012999040e-01
2.339832869080779865e-01
2.404828226555245918e-01
2.265552460538532986e-01
2.432683379758588671e-01
2.432683379758588671e-01
2.274837511606313811e-01
2.386258124419684268e-01
2.376973073351903443e-01
2.209842154131847758e-01
2.256267409470752161e-01
2.219127205199628583e-01
2.144846796657381705e-01
2.321262766945218214e-01
2.293407613741875462e-01
2.246982358402971336e-01
2.376973073351903443e-01
2.460538532961931424e-01
2.339832869080779865e-01
2.349117920148560690e-01
2.488393686165273899e-01
2.432683379758588671e-01
2.404828226555245918e-01
2.544103992571959405e-01
2.414113277623027021e-01
2.349117920148560690e-01
2.469823584029712249e-01
2.460538532961931424e-01
2.488393686165273899e-01
2.562674094707521055e-01
2.423398328690807846e-01
2.367688022284122618e-01
2.386258124419684268e-01
2.302692664809656564e-01
2.497678737233054724e-01
2.274837511606313811e-01
2.284122562674094636e-01
2.395543175487465093e-01
2.488393686165273899e-01
2.228412256267409408e-01
2.284122562674094636e-01
2.144846796657381705e-01
2.209842154131847758e-01
2.265552460538532986e-01
2.107706592386258126e-01
2.163416898792943355e-01
2.367688022284122618e-01
2.172701949860724180e-01
2.181987000928505005e-01
2.116991643454038952e-01
2.107706592386258126e-01
2.274837511606313811e-01
2.246982358402971336e-01
2.181987000928505005e-01
2.246982358402971336e-01
2.200557103064066933e-01
2.116991643454038952e-01
2.339832869080779865e-01
2.172701949860724180e-01
2.033426183844011248e-01
2.107706592386258126e-01
2.172701949860724180e-01
2.209842154131847758e-01
2.098421541318477301e-01
2.181987000928505005e-01
1.912720519962859689e-01
2.070566388115134548e-01
2.051996285979572898e-01
2.014856081708449320e-01
1.949860724233983267e-01
1.949860724233983267e-01
2.042711234911792073e-01
2.135561745589600879e-01
1.987000928505106845e-01
2.061281337047353723e-01
1.959145775301764092e-01
2.079851439182915374e-01
2.061281337047353723e-01
1.996285979572887670e-01
2.089136490250696476e-01
1.968430826369544917e-01
2.070566388115134548e-01
1.940575673166202442e-01
2.014856081708449320e-01
2.024141132776230145e-01
1.912720519962859689e-01
1.977715877437326020e-01
2.061281337047353723e-01
2.061281337047353723e-01
2.042711234911792073e-01
1.996285979572887670e-01
1.829155060352831985e-01
1.847725162488393635e-01
1.875580315691736388e-01
1.801299907149489232e-01
1.912720519962859689e-01
1.801299907149489232e-01
2.005571030640668495e-01
1.987000928505106845e-01
1.922005571030640791e-01
1.819870009285051160e-01
1.912720519962859689e-01
1.912720519962859689e-01
1.866295264623955563e-01
1.949860724233983267e-01
1.959145775301764092e-01
1.987000928505106845e-01
1.857010213556174461e-01
2.089136490250696476e-01
1.912720519962859689e-01
1.977715877437326020e-01
1.949860724233983267e-01
1.754874651810584829e-01
1.773444753946146757e-01
1.968430826369544917e-01
1.903435468895078864e-01
1.745589600742804004e-01
1.699164345403899601e-01
1.857010213556174461e-01
1.977715877437326020e-01
1.884865366759517213e-01
1.754874651810584829e-01
1.922005571030640791e-01
1.810584958217270057e-01
1.810584958217270057e-01
1.773444753946146757e-01
1.949860724233983267e-01
1.801299907149489232e-01
1.847725162488393635e-01
1.727019498607242354e-01
1.708449396471680704e-01
1.773444753946146757e-01
1.782729805013927582e-01
1.773444753946146757e-01
1.782729805013927582e-01
