1.000000000000000000e+00
8.976169461606354760e-01
8.605472197705207327e-01
8.234774933804059893e-01
8.120035304501324047e-01
8.473080317740512291e-01
8.031774051191526986e-01
8.014121800529567796e-01
7.634598411297440768e-01
7.555163283318623302e-01
7.458075904677846646e-01
7.422771403353927155e-01
7.528684907325684517e-01
7.316857899382170904e-01
7.378640776699029180e-01
6.910856134157105091e-01
7.078552515445719617e-01
6.990291262135922556e-01
7.113857016769637998e-01
6.804942630185348840e-01
6.884377758164166305e-01
6.566637246248896442e-01
7.007943512797881747e-01
6.840247131509267220e-01
6.804942630185348840e-01
6.699029126213592589e-01
6.496028243601059682e-01
6.248896734333627689e-01
6.081200353045013163e-01
6.142983230361871438e-01
6.487202118270078977e-01
6.257722859664607284e-01
6.213592233009708199e-01
6.010591350397175292e-01
5.931156222418357826e-01
6.090026478375992758e-01
5.851721094439541471e-01
5.834068843777581170e-01
6.125330979699912248e-01
5.639894086496027859e-01
5.772285966460724005e-01
5.834068843777581170e-01
5.887025595763459851e-01
5.781112091791703600e-01
5.383936451897617381e-01
5.701676963812886134e-01
5.401588702559576571e-01
5.242718446601941640e-01
5.481023830538394037e-01
5.339805825242718296e-01
5.472197705207414442e-01
5.419240953221535761e-01
5.410414827890556166e-01
5.225066195939982450e-01
5.330979699911738701e-01
5.286849073256840725e-01
5.172109443954103769e-01
5.180935569285083364e-01
5.083848190644306708e-01
4.977934686672551012e-01
4.889673433362753951e-01
5.136804942630185389e-01
4.942630185348632077e-01
5.101500441306267009e-01
5.101500441306267009e-01
5.066195939982347518e-01
4.783759929390997145e-01
5.013239187996469948e-01
4.819064430714916081e-01
4.898499558693733547e-01
4.774933804060017550e-01
4.986760812003530607e-01
4.836716681376875826e-01
4.466019417475728392e-01
4.695498676081200085e-01
4.527802294792586113e-01
4.660194174757281704e-01
4.536628420123565708e-01
4.501323918799646773e-01
4.510150044130626923e-01
4.492497793468667178e-01
4.448367166813768647e-01
4.695498676081200085e-01
4.527802294792586113e-01
4.360105913503971586e-01
4.333627537511032801e-01
4.448367166813768647e-01
4.527802294792586113e-01
4.060017652250662024e-01
4.192409532215357615e-01
4.024713150926743088e-01
4.218887908208296400e-01
4.395410414827890522e-01
4.492497793468667178e-01
4.280670785525154676e-01
4.148278905560459084e-01
4.271844660194174526e-01
4.227714033539275995e-01
4.183583406884378020e-01
4.227714033539275995e-01
4.015887025595763493e-01
4.236540158870256145e-01
4.174757281553397870e-01
3.962930273609885368e-01
4.095322153574580959e-01
4.095322153574580959e-01
3.989408649602824153e-01
3.812886142983230586e-01
3.892321270962047497e-01
3.857016769638129117e-01
3.954104148278905773e-01
4.015887025595763493e-01
3.759929390997351906e-01
3.821712268314210181e-01
3.565754633715798594e-01
3.636363636363636465e-01
3.680494263018534995e-01
3.795233892321270841e-01
3.927625772285966432e-01
3.706972639011473780e-01
3.698146513680494185e-01
3.777581641659311651e-01
3.848190644307148967e-01
3.503971756398940873e-01
3.777581641659311651e-01
3.565754633715798594e-01
3.574580759046778189e-01
3.574580759046778189e-01
3.459841129744042343e-01
3.521624007060900063e-01
3.459841129744042343e-01
3.327449249779346752e-01
3.142100617828773035e-01
3.548102383053839404e-01
3.442188879082083153e-01
3.380406001765224877e-01
3.283318623124448221e-01
3.574580759046778189e-01
3.265666372462489031e-01
3.283318623124448221e-01
3.336275375110326347e-01
3.115622241835834250e-01
3.115622241835834250e-01
3.433362753751103003e-01
3.256840247131509436e-01
3.195057369814651160e-01
3.150926743159752630e-01
3.212709620476610906e-01
3.212709620476610906e-01
3.115622241835834250e-01
3.248014121800529841e-01
3.133274492497793440e-01
3.265666372462489031e-01
3.159752868490732780e-01
3.195057369814651160e-01
3.089143865842894909e-01
3.300970873786407966e-01
3.177405119152691970e-01
3.221535745807590501e-01
3.080317740511915314e-01
3.027360988526037189e-01
3.071491615180935719e-01
2.965578111209178913e-01
3.009708737864077444e-01
3.089143865842894909e-01
3.195057369814651160e-01
3.106796116504854099e-01
3.080317740511915314e-01
3.045013239187996379e-01
3.124448367166813845e-01
2.992056487202118253e-01
2.947925860547219723e-01
2.930273609885260533e-01
3.027360988526037189e-01
2.886142983230362002e-01
2.789055604589585347e-01
2.771403353927625601e-01
2.956751985878199318e-01
3.027360988526037189e-01
3.018534863195057594e-01
3.009708737864077444e-01
3.000882612533097848e-01
2.886142983230362002e-01
2.859664607237422662e-01
2.744924977934686816e-01
2.921447484554280938e-01
2.921447484554280938e-01
2.797881729920564942e-01
2.744924977934686816e-01
2.806707855251544537e-01
3.062665489849956124e-01
2.894969108561341598e-01
2.859664607237422662e-01
2.753751103265666411e-01
2.903795233892321193e-01
2.744924977934686816e-01
2.833186231244483877e-01
2.727272727272727071e-01
2.727272727272727071e-01
2.780229479258605196e-01
2.700794351279788286e-01
2.709620476610767881e-01
2.621359223300970820e-01
2.674315975286848945e-01
2.533097969991173759e-01
2.727272727272727071e-01
2.586054721977051885e-01
2.842012356575463472e-01
2.656663724624889755e-01
2.647837599293910160e-01
2.568402471315092694e-01
2.621359223300970820e-01
2.586054721977051885e-01
2.586054721977051885e-01
2.656663724624889755e-01
2.559576345984113099e-01
2.418358340688437913e-01
2.559576345984113099e-01
2.674315975286848945e-01
2.630185348631950415e-01
2.541924095322153354e-01
2.436010591350397103e-01
2.656663724624889755e-01
2.603706972639011630e-01
2.736098852603707221e-01
2.744924977934686816e-01
2.586054721977051885e-01
2.639011473962930010e-01
2.541924095322153354e-01
2.436010591350397103e-01
2.524271844660194164e-01
2.524271844660194164e-01
2.683142100617828540e-01
2.612533097969991225e-01
2.647837599293910160e-01
2.683142100617828540e-01
2.453662842012356571e-01
2.541924095322153354e-01
2.630185348631950415e-01
2.444836716681376976e-01
2.480141218005295634e-01
2.418358340688437913e-01
2.480141218005295634e-01
2.383053839364518978e-01
2.321270962047660980e-01
2.374227714033539383e-01
2.356575463371579915e-01
2.436010591350397103e-01
2.400706090026478445e-01
2.330097087378640852e-01
2.365401588702559510e-01
2.285966460723742322e-01
2.171226831421006198e-01
2.171226831421006198e-01
2.321270962047660980e-01
2.047661076787290479e-01
2.241835834068843791e-01
2.303618711385701789e-01
2.162400706090026603e-01
2.277140335392762449e-01
2.233009708737864196e-01
2.400706090026478445e-01
2.206531332744924856e-01
2.277140335392762449e-01
2.082965578111209137e-01
2.215357458075904729e-01
2.021182700794351417e-01
2.144748455428067135e-01
2.056487202118270075e-01
2.127096204766107668e-01
2.091791703442189010e-01
2.082965578111209137e-01
2.091791703442189010e-01
2.109443954104148200e-01
2.012356575463371544e-01
2.144748455428067135e-01
2.065313327449249670e-01
1.950573698146513546e-01
2.030008826125331012e-01
2.091791703442189010e-01
1.915269196822594888e-01
1.932921447484554356e-01
1.774051191526919702e-01
2.012356575463371544e-01
2.012356575463371544e-01
1.924095322153574483e-01
1.941747572815533951e-01
1.827007943512797827e-01
1.818181818181818232e-01
1.879964695498675953e-01
1.906443071491615293e-01
1.897616946160635421e-01
1.774051191526919702e-01
1.738746690203000766e-01
1.827007943512797827e-01
1.871138570167696358e-01
1.853486319505736890e-01
2.003530450132391949e-01
1.853486319505736890e-01
1.959399823477493419e-01
1.871138570167696358e-01
1.897616946160635421e-01
1.968225948808473014e-01
1.871138570167696358e-01
1.835834068843777700e-01
1.712268314210061704e-01
1.791703442188879170e-01
1.712268314210061704e-01
1.729920564872021171e-01
1.862312444836716763e-01
1.774051191526919702e-01
1.712268314210061704e-01
1.818181818181818232e-01
1.712268314210061704e-01
1.871138570167696358e-01
1.624007060900264920e-01
1.659311562224183578e-01
1.668137687555163173e-01
1.791703442188879170e-01
1.668137687555163173e-01
1.694616063548102514e-01
1.553398058252427050e-01
1.765225066195940107e-01
1.747572815533980639e-01
1.738746690203000766e-01
1.641659311562224111e-01
1.721094439541041576e-01
1.650485436893203983e-01
1.641659311562224111e-01
1.703442188879082109e-01
1.685789938217122641e-01
1.659311562224183578e-01
1.712268314210061704e-01
1.597528684907325580e-01
1.473962930273609861e-01
1.571050308914386517e-01
1.774051191526919702e-01
1.685789938217122641e-01
1.650485436893203983e-01
1.712268314210061704e-01
1.729920564872021171e-01
1.650485436893203983e-01
1.579876434245366390e-01
1.544571932921447455e-01
1.597528684907325580e-01
1.562224183583406922e-01
1.588702559576345985e-01
1.659311562224183578e-01
1.447484554280670799e-01
1.641659311562224111e-01
1.659311562224183578e-01
1.447484554280670799e-01
1.544571932921447455e-01
1.518093556928508392e-01
1.588702559576345985e-01
1.544571932921447455e-01
1.491615180935569329e-01
1.473962930273609861e-01
1.571050308914386517e-01
1.553398058252427050e-01
1.571050308914386517e-01
1.588702559576345985e-01
1.500441306266548924e-01
1.606354810238305453e-01
1.509267431597528797e-01
1.562224183583406922e-01
1.341571050308914270e-01
1.526919682259487987e-01
1.535745807590467860e-01
1.412180052956751863e-01
1.526919682259487987e-01
1.526919682259487987e-01
1.491615180935569329e-01
1.526919682259487987e-01
1.465136804942630266e-01
1.588702559576345985e-01
1.535745807590467860e-01
1.438658428949691204e-01
1.394527802294792673e-01
1.447484554280670799e-01
1.473962930273609861e-01
1.544571932921447455e-01
1.473962930273609861e-01
1.562224183583406922e-01
1.500441306266548924e-01
1.412180052956751863e-01
1.473962930273609861e-01
1.482789055604589457e-01
1.429832303618711331e-01
1.482789055604589457e-01
1.412180052956751863e-01
1.421006178287731736e-01
1.429832303618711331e-01
1.412180052956751863e-01
1.412180052956751863e-01
1.297440423654016017e-01
1.482789055604589457e-01
1.509267431597528797e-01
1.518093556928508392e-01
1.323918799646955080e-01
1.456310679611650394e-01
