1.000000000000000000e+00
7.904085257548845167e-01
7.868561278863233088e-01
7.175843694493783120e-01
7.033747779751332585e-01
7.140319715808171042e-01
6.749555950266429294e-01
6.110124333925399664e-01
6.642984014209591948e-01
6.181172291296624932e-01
5.719360568383659027e-01
5.630550621669626610e-01
5.275310834813499161e-01
5.488454706927176074e-01
5.648312611012433759e-01
5.222024866785079933e-01
5.257548845470693122e-01
4.884547069271758524e-01
5.008880994671403020e-01
5.079928952042628287e-01
4.849023090586145890e-01
5.079928952042628287e-01
4.920071047957371158e-01
4.351687388987566796e-01
4.813499111900532701e-01
4.618117229129662382e-01
4.440497335701598658e-01
4.529307282415630520e-01
4.387211367673179430e-01
4.031971580817051426e-01
4.191829484902309111e-01
4.245115452930728339e-01
4.156305506216696477e-01
3.943161634103019564e-01
3.872113676731793741e-01
3.960923623445826158e-01
3.872113676731793741e-01
3.907637655417406930e-01
3.747779751332149245e-01
3.268206039076376745e-01
3.357015985790408608e-01
3.428063943161633875e-01
3.161634103019538289e-01
3.037300177619893238e-01
2.984014209591474009e-01
3.250444049733570151e-01
3.001776198934280604e-01
2.877442273534636108e-01
3.090586145648312466e-01
3.019538188277087198e-01
2.841918294849022919e-01
3.072824156305506427e-01
3.019538188277087198e-01
2.806394316163410285e-01
2.593250444049733372e-01
2.646536412078152600e-01
2.628774422735346561e-01
2.824156305506216880e-01
2.699822380106571829e-01
2.664298401420959195e-01
2.628774422735346561e-01
2.451154529307282282e-01
2.468916518650088876e-01
2.397868561278863331e-01
2.824156305506216880e-01
2.486678507992895193e-01
2.380106571936056736e-01
2.362344582593250419e-01
2.238010657193605646e-01
2.380106571936056736e-01
2.486678507992895193e-01
2.415630550621669648e-01
2.397868561278863331e-01
2.291296625222024874e-01
2.184724689165186418e-01
2.078152753108348239e-01
2.326820603907637786e-01
1.989342806394316099e-01
2.326820603907637786e-01
2.131438721136767189e-01
1.865008880994671325e-01
2.007104795737122693e-01
2.042628774422735327e-01
1.776198934280639463e-01
2.042628774422735327e-01
2.149200710479573784e-01
2.007104795737122693e-01
1.847246891651865008e-01
1.829484902309058691e-01
2.113676731793960872e-01
2.166962699822380101e-01
2.024866785079929010e-01
1.829484902309058691e-01
1.989342806394316099e-01
2.095914742451154555e-01
1.953818827708703465e-01
1.740674955595026552e-01
1.829484902309058691e-01
1.847246891651865008e-01
2.166962699822380101e-01
2.024866785079929010e-01
1.811722912966252097e-01
1.740674955595026552e-01
1.811722912966252097e-01
1.953818827708703465e-01
1.580817051509769144e-01
1.598579040852575461e-01
1.705150976909413918e-01
1.829484902309058691e-01
1.829484902309058691e-01
1.793960923623445780e-01
1.722912966252220235e-01
1.598579040852575461e-01
1.722912966252220235e-01
1.563055062166962828e-01
1.509769094138543599e-01
1.580817051509769144e-01
1.509769094138543599e-01
1.616341030195381778e-01
1.438721136767318054e-01
1.616341030195381778e-01
1.527531083481349916e-01
1.492007104795737005e-01
1.705150976909413918e-01
1.580817051509769144e-01
1.651865008880994690e-01
1.580817051509769144e-01
1.509769094138543599e-01
1.492007104795737005e-01
1.545293072824156233e-01
1.332149200710479597e-01
1.438721136767318054e-01
1.545293072824156233e-01
1.243339253996447596e-01
1.420959147424511460e-01
1.527531083481349916e-01
1.634103019538188373e-01
1.438721136767318054e-01
1.580817051509769144e-01
1.580817051509769144e-01
1.349911190053285914e-01
1.598579040852575461e-01
1.420959147424511460e-01
1.509769094138543599e-01
1.296625222024866686e-01
1.332149200710479597e-01
1.456483126110124371e-01
1.563055062166962828e-01
1.403197158081705143e-01
1.243339253996447596e-01
1.207815275310834824e-01
1.420959147424511460e-01
1.207815275310834824e-01
1.420959147424511460e-01
1.261101243339254052e-01
1.474245115452930688e-01
1.296625222024866686e-01
1.154529307282415596e-01
1.101243339253996506e-01
1.083481349911190050e-01
1.172291296625222051e-01
1.030195381882770822e-01
1.172291296625222051e-01
1.065719360568383595e-01
1.207815275310834824e-01
1.047957371225577278e-01
1.119005328596802823e-01
1.332149200710479597e-01
1.083481349911190050e-01
1.243339253996447596e-01
1.119005328596802823e-01
1.083481349911190050e-01
1.030195381882770822e-01
1.190053285968028368e-01
1.101243339253996506e-01
9.769094138543517325e-02
1.030195381882770822e-01
1.065719360568383595e-01
1.119005328596802823e-01
1.101243339253996506e-01
1.225577264653641141e-01
9.591474245115452768e-02
1.154529307282415596e-01
1.101243339253996506e-01
1.119005328596802823e-01
9.236234458259325042e-02
1.101243339253996506e-01
8.880994671403197316e-02
9.236234458259325042e-02
9.413854351687389599e-02
1.047957371225577278e-01
1.083481349911190050e-01
1.065719360568383595e-01
9.236234458259325042e-02
7.992895204262877307e-02
1.012433392539964505e-01
1.136767317939609279e-01
9.591474245115452768e-02
1.012433392539964505e-01
1.030195381882770822e-01
8.703374777975132759e-02
1.047957371225577278e-01
8.880994671403197316e-02
8.880994671403197316e-02
1.065719360568383595e-01
9.946714031971580494e-02
1.119005328596802823e-01
8.880994671403197316e-02
1.172291296625222051e-01
1.065719360568383595e-01
1.065719360568383595e-01
8.703374777975132759e-02
1.065719360568383595e-01
1.030195381882770822e-01
9.236234458259325042e-02
1.012433392539964505e-01
8.880994671403197316e-02
9.236234458259325042e-02
9.058614564831260485e-02
8.170515097690941864e-02
8.525754884547069590e-02
7.992895204262877307e-02
9.413854351687389599e-02
8.525754884547069590e-02
1.083481349911190050e-01
7.104795737122557298e-02
9.058614564831260485e-02
9.058614564831260485e-02
9.058614564831260485e-02
9.591474245115452768e-02
7.815275310834814138e-02
9.769094138543517325e-02
1.065719360568383595e-01
8.880994671403197316e-02
1.101243339253996506e-01
9.769094138543517325e-02
1.030195381882770822e-01
7.637655417406749581e-02
8.880994671403197316e-02
8.170515097690941864e-02
7.992895204262877307e-02
8.525754884547069590e-02
7.104795737122557298e-02
9.236234458259325042e-02
8.170515097690941864e-02
8.170515097690941864e-02
7.992895204262877307e-02
7.992895204262877307e-02
9.058614564831260485e-02
9.058614564831260485e-02
8.348134991119005033e-02
9.413854351687389599e-02
9.058614564831260485e-02
8.525754884547069590e-02
9.413854351687389599e-02
8.170515097690941864e-02
8.525754884547069590e-02
9.413854351687389599e-02
7.815275310834814138e-02
6.927175843694494128e-02
6.927175843694494128e-02
6.216696269982237982e-02
7.460035523978685024e-02
7.992895204262877307e-02
7.460035523978685024e-02
7.282415630550621854e-02
7.992895204262877307e-02
7.815275310834814138e-02
9.058614564831260485e-02
8.880994671403197316e-02
8.703374777975132759e-02
5.861456483126110256e-02
6.571936056838366402e-02
8.170515097690941864e-02
7.460035523978685024e-02
7.104795737122557298e-02
6.927175843694494128e-02
7.637655417406749581e-02
6.394316163410301845e-02
7.992895204262877307e-02
8.703374777975132759e-02
7.637655417406749581e-02
6.571936056838366402e-02
7.282415630550621854e-02
7.815275310834814138e-02
6.927175843694494128e-02
6.571936056838366402e-02
6.749555950266429571e-02
6.039076376554174119e-02
6.216696269982237982e-02
6.216696269982237982e-02
7.104795737122557298e-02
5.506216696269982530e-02
5.861456483126110256e-02
6.927175843694494128e-02
7.460035523978685024e-02
6.394316163410301845e-02
6.749555950266429571e-02
5.506216696269982530e-02
6.749555950266429571e-02
8.348134991119005033e-02
7.992895204262877307e-02
5.683836589698046393e-02
5.683836589698046393e-02
7.282415630550621854e-02
6.927175843694494128e-02
7.104795737122557298e-02
6.927175843694494128e-02
6.927175843694494128e-02
6.039076376554174119e-02
6.394316163410301845e-02
6.394316163410301845e-02
6.394316163410301845e-02
6.216696269982237982e-02
6.749555950266429571e-02
5.683836589698046393e-02
7.104795737122557298e-02
7.637655417406749581e-02
7.282415630550621854e-02
6.394316163410301845e-02
6.039076376554174119e-02
6.571936056838366402e-02
7.104795737122557298e-02
6.216696269982237982e-02
6.749555950266429571e-02
5.150976909413854110e-02
6.394316163410301845e-02
5.328596802841917973e-02
6.039076376554174119e-02
5.683836589698046393e-02
5.328596802841917973e-02
4.973357015985790247e-02
3.730017761989342512e-02
5.861456483126110256e-02
6.039076376554174119e-02
4.973357015985790247e-02
4.795737122557726384e-02
4.973357015985790247e-02
6.394316163410301845e-02
5.150976909413854110e-02
5.506216696269982530e-02
4.973357015985790247e-02
4.440497335701598658e-02
4.440497335701598658e-02
4.262877442273534795e-02
3.730017761989342512e-02
3.907637655417407069e-02
4.262877442273534795e-02
4.085257548845470932e-02
4.618117229129662521e-02
3.552397868561278649e-02
4.262877442273534795e-02
3.907637655417407069e-02
3.197158081705150923e-02
3.907637655417407069e-02
3.730017761989342512e-02
3.197158081705150923e-02
4.795737122557726384e-02
3.374777975133214786e-02
3.374777975133214786e-02
3.730017761989342512e-02
3.019538188277087060e-02
3.730017761989342512e-02
3.374777975133214786e-02
2.664298401420958987e-02
3.374777975133214786e-02
4.085257548845470932e-02
3.730017761989342512e-02
3.197158081705150923e-02
3.552397868561278649e-02
2.841918294849023197e-02
4.262877442273534795e-02
3.197158081705150923e-02
3.907637655417407069e-02
3.552397868561278649e-02
3.552397868561278649e-02
3.197158081705150923e-02
3.197158081705150923e-02
5.150976909413854110e-02
2.486678507992895124e-02
3.374777975133214786e-02
4.085257548845470932e-02
3.197158081705150923e-02
3.552397868561278649e-02
3.374777975133214786e-02
4.440497335701598658e-02
3.730017761989342512e-02
3.730017761989342512e-02
3.552397868561278649e-02
3.907637655417407069e-02
3.552397868561278649e-02
4.795737122557726384e-02
4.440497335701598658e-02
4.085257548845470932e-02
4.262877442273534795e-02
4.085257548845470932e-02
3.197158081705150923e-02
4.440497335701598658e-02
3.730017761989342512e-02
3.374777975133214786e-02
4.618117229129662521e-02
