1.000000000000000000e+00
7.929936305732484536e-01
8.025477707006369865e-01
7.802547770700637431e-01
7.165605095541400793e-01
7.261146496815286122e-01
6.910828025477706582e-01
6.496815286624203489e-01
6.560509554140127042e-01
6.242038216560509278e-01
5.955414012738853291e-01
6.050955414012738620e-01
6.019108280254776844e-01
5.891719745222929738e-01
5.891719745222929738e-01
5.159235668789808882e-01
5.127388535031847105e-01
4.713375796178344013e-01
4.777070063694267565e-01
5.095541401273885329e-01
5.350318471337579540e-01
5.222929936305732435e-01
4.649681528662420460e-01
4.394904458598726249e-01
4.235668789808917367e-01
4.426751592356688025e-01
4.426751592356688025e-01
4.331210191082802696e-01
4.331210191082802696e-01
4.585987261146496907e-01
4.108280254777070262e-01
3.885350318471337827e-01
4.012738853503184933e-01
3.821656050955414274e-01
3.980891719745223156e-01
3.503184713375795956e-01
3.757961783439490722e-01
3.949044585987261380e-01
3.726114649681528390e-01
3.343949044585987074e-01
3.471337579617834179e-01
3.503184713375795956e-01
3.789808917197452498e-01
3.726114649681528390e-01
3.630573248407643061e-01
3.375796178343948850e-01
3.662420382165604837e-01
3.630573248407643061e-01
3.726114649681528390e-01
3.535031847133757732e-01
3.248407643312101745e-01
3.184713375796178192e-01
3.503184713375795956e-01
3.280254777070063521e-01
3.025477707006369310e-01
3.216560509554139968e-01
3.471337579617834179e-01
3.343949044585987074e-01
2.993630573248407534e-01
3.121019108280254639e-01
2.770700636942675099e-01
2.898089171974522205e-01
2.802547770700636875e-01
2.929936305732483981e-01
2.643312101910827994e-01
3.216560509554139968e-01
2.898089171974522205e-01
3.152866242038216416e-01
2.738853503184713323e-01
3.375796178343948850e-01
3.025477707006369310e-01
2.643312101910827994e-01
2.707006369426751546e-01
2.579617834394904441e-01
2.770700636942675099e-01
2.898089171974522205e-01
2.929936305732483981e-01
2.707006369426751546e-01
3.057324840764331086e-01
2.420382165605095559e-01
2.707006369426751546e-01
2.356687898089172006e-01
2.707006369426751546e-01
2.611464968152866217e-01
2.993630573248407534e-01
2.484076433121019112e-01
2.515923566878980888e-01
2.611464968152866217e-01
2.420382165605095559e-01
2.643312101910827994e-01
2.197452229299363125e-01
2.324840764331210230e-01
2.101910828025477795e-01
2.834394904458598652e-01
2.420382165605095559e-01
2.388535031847133783e-01
2.261146496815286677e-01
2.229299363057324901e-01
2.643312101910827994e-01
2.579617834394904441e-01
2.420382165605095559e-01
2.324840764331210230e-01
2.420382165605095559e-01
2.261146496815286677e-01
2.356687898089172006e-01
2.101910828025477795e-01
2.484076433121019112e-01
2.356687898089172006e-01
2.420382165605095559e-01
2.643312101910827994e-01
2.547770700636942665e-01
2.165605095541401348e-01
2.292993630573248454e-01
2.324840764331210230e-01
2.165605095541401348e-01
2.197452229299363125e-01
2.101910828025477795e-01
2.484076433121019112e-01
1.942675159235668914e-01
2.133757961783439572e-01
2.388535031847133783e-01
2.356687898089172006e-01
2.229299363057324901e-01
2.101910828025477795e-01
2.324840764331210230e-01
1.974522292993630690e-01
2.101910828025477795e-01
2.229299363057324901e-01
2.165605095541401348e-01
2.484076433121019112e-01
2.515923566878980888e-01
2.292993630573248454e-01
2.515923566878980888e-01
2.292993630573248454e-01
2.229299363057324901e-01
2.292993630573248454e-01
2.388535031847133783e-01
2.197452229299363125e-01
2.420382165605095559e-01
2.452229299363057335e-01
2.165605095541401348e-01
2.006369426751592466e-01
1.942675159235668914e-01
2.356687898089172006e-01
2.165605095541401348e-01
2.292993630573248454e-01
2.133757961783439572e-01
2.388535031847133783e-01
1.974522292993630690e-01
2.101910828025477795e-01
2.133757961783439572e-01
2.038216560509554243e-01
2.579617834394904441e-01
2.197452229299363125e-01
2.452229299363057335e-01
2.515923566878980888e-01
2.070063694267516019e-01
1.910828025477707137e-01
1.815286624203821531e-01
2.324840764331210230e-01
2.292993630573248454e-01
1.847133757961783307e-01
1.974522292993630690e-01
2.101910828025477795e-01
1.751592356687897978e-01
1.687898089171974425e-01
1.719745222929936201e-01
2.165605095541401348e-01
1.815286624203821531e-01
1.783439490445859754e-01
1.719745222929936201e-01
1.783439490445859754e-01
1.847133757961783307e-01
1.719745222929936201e-01
1.592356687898089096e-01
1.719745222929936201e-01
1.942675159235668914e-01
2.006369426751592466e-01
1.847133757961783307e-01
2.038216560509554243e-01
2.070063694267516019e-01
1.910828025477707137e-01
1.815286624203821531e-01
1.719745222929936201e-01
2.133757961783439572e-01
1.878980891719745361e-01
1.783439490445859754e-01
1.847133757961783307e-01
1.815286624203821531e-01
1.783439490445859754e-01
1.719745222929936201e-01
1.560509554140127320e-01
1.815286624203821531e-01
1.592356687898089096e-01
2.006369426751592466e-01
1.815286624203821531e-01
1.560509554140127320e-01
1.464968152866241990e-01
1.687898089171974425e-01
1.592356687898089096e-01
1.719745222929936201e-01
1.496815286624203767e-01
1.719745222929936201e-01
1.592356687898089096e-01
1.433121019108280214e-01
1.687898089171974425e-01
1.560509554140127320e-01
1.656050955414012649e-01
1.687898089171974425e-01
1.401273885350318438e-01
1.401273885350318438e-01
1.464968152866241990e-01
1.273885350318471332e-01
1.496815286624203767e-01
1.592356687898089096e-01
1.719745222929936201e-01
1.847133757961783307e-01
1.560509554140127320e-01
1.528662420382165543e-01
1.656050955414012649e-01
1.464968152866241990e-01
1.687898089171974425e-01
1.592356687898089096e-01
1.592356687898089096e-01
1.528662420382165543e-01
1.560509554140127320e-01
1.624203821656050872e-01
1.592356687898089096e-01
1.464968152866241990e-01
1.847133757961783307e-01
1.496815286624203767e-01
1.656050955414012649e-01
1.592356687898089096e-01
1.751592356687897978e-01
1.401273885350318438e-01
1.464968152866241990e-01
1.401273885350318438e-01
1.624203821656050872e-01
1.337579617834394885e-01
1.624203821656050872e-01
1.624203821656050872e-01
1.242038216560509556e-01
1.146496815286624227e-01
1.687898089171974425e-01
1.369426751592356661e-01
1.369426751592356661e-01
1.464968152866241990e-01
1.401273885350318438e-01
1.464968152866241990e-01
1.528662420382165543e-01
1.369426751592356661e-01
1.273885350318471332e-01
1.496815286624203767e-01
1.464968152866241990e-01
1.369426751592356661e-01
1.242038216560509556e-01
1.433121019108280214e-01
1.146496815286624227e-01
1.337579617834394885e-01
1.464968152866241990e-01
1.401273885350318438e-01
1.369426751592356661e-01
1.114649681528662450e-01
1.464968152866241990e-01
1.305732484076433109e-01
1.401273885350318438e-01
1.337579617834394885e-01
1.433121019108280214e-01
1.082802547770700674e-01
1.242038216560509556e-01
9.554140127388535686e-02
1.146496815286624227e-01
1.114649681528662450e-01
1.178343949044586003e-01
1.019108280254777121e-01
1.210191082802547780e-01
1.560509554140127320e-01
1.433121019108280214e-01
1.082802547770700674e-01
1.528662420382165543e-01
1.464968152866241990e-01
1.433121019108280214e-01
1.242038216560509556e-01
1.369426751592356661e-01
1.305732484076433109e-01
1.242038216560509556e-01
1.401273885350318438e-01
1.210191082802547780e-01
1.464968152866241990e-01
1.464968152866241990e-01
1.305732484076433109e-01
1.464968152866241990e-01
1.401273885350318438e-01
1.305732484076433109e-01
1.369426751592356661e-01
1.337579617834394885e-01
1.624203821656050872e-01
1.210191082802547780e-01
1.178343949044586003e-01
1.369426751592356661e-01
1.210191082802547780e-01
1.401273885350318438e-01
1.114649681528662450e-01
1.242038216560509556e-01
1.273885350318471332e-01
1.273885350318471332e-01
1.050955414012738898e-01
1.337579617834394885e-01
1.178343949044586003e-01
1.178343949044586003e-01
1.337579617834394885e-01
1.146496815286624227e-01
1.369426751592356661e-01
1.369426751592356661e-01
1.146496815286624227e-01
1.019108280254777121e-01
1.242038216560509556e-01
1.178343949044586003e-01
1.050955414012738898e-01
1.114649681528662450e-01
1.401273885350318438e-01
1.050955414012738898e-01
1.337579617834394885e-01
1.337579617834394885e-01
1.305732484076433109e-01
9.872611464968153450e-02
1.337579617834394885e-01
1.337579617834394885e-01
1.146496815286624227e-01
1.210191082802547780e-01
1.146496815286624227e-01
1.019108280254777121e-01
1.305732484076433109e-01
1.178343949044586003e-01
1.178343949044586003e-01
1.401273885350318438e-01
1.401273885350318438e-01
1.337579617834394885e-01
1.082802547770700674e-01
1.273885350318471332e-01
1.464968152866241990e-01
1.210191082802547780e-01
1.114649681528662450e-01
9.554140127388535686e-02
1.305732484076433109e-01
1.210191082802547780e-01
1.178343949044586003e-01
1.401273885350318438e-01
1.178343949044586003e-01
1.146496815286624227e-01
1.242038216560509556e-01
1.210191082802547780e-01
1.242038216560509556e-01
1.050955414012738898e-01
1.210191082802547780e-01
1.050955414012738898e-01
1.178343949044586003e-01
1.337579617834394885e-01
1.210191082802547780e-01
1.178343949044586003e-01
1.210191082802547780e-01
9.872611464968153450e-02
1.082802547770700674e-01
1.050955414012738898e-01
1.305732484076433109e-01
1.082802547770700674e-01
1.082802547770700674e-01
9.872611464968153450e-02
1.242038216560509556e-01
1.019108280254777121e-01
1.178343949044586003e-01
1.401273885350318438e-01
1.050955414012738898e-01
1.019108280254777121e-01
1.210191082802547780e-01
1.050955414012738898e-01
1.050955414012738898e-01
9.872611464968153450e-02
1.019108280254777121e-01
1.146496815286624227e-01
1.114649681528662450e-01
1.369426751592356661e-01
1.273885350318471332e-01
1.082802547770700674e-01
7.643312101910827716e-02
9.872611464968153450e-02
1.082802547770700674e-01
1.114649681528662450e-01
9.235668789808916535e-02
9.235668789808916535e-02
8.598726114649681007e-02
1.114649681528662450e-01
1.050955414012738898e-01
1.050955414012738898e-01
1.146496815286624227e-01
8.917197452229298771e-02
9.872611464968153450e-02
8.917197452229298771e-02
1.050955414012738898e-01
1.019108280254777121e-01
9.872611464968153450e-02
