1.000000000000000000e+00
8.226950354609928739e-01
7.446808510638297518e-01
7.304964539007092750e-01
6.879432624113475114e-01
7.163120567375886871e-01
6.737588652482269236e-01
7.021276595744680993e-01
7.375886524822694579e-01
6.737588652482269236e-01
7.234042553191489811e-01
7.092198581560283932e-01
7.588652482269503396e-01
6.808510638297872175e-01
8.297872340425531679e-01
6.737588652482269236e-01
6.595744680851063357e-01
7.021276595744680993e-01
6.028368794326240954e-01
6.382978723404255650e-01
7.234042553191489811e-01
6.595744680851063357e-01
6.170212765957446832e-01
5.460992907801418550e-01
6.737588652482269236e-01
6.950354609929078054e-01
6.524822695035461528e-01
6.666666666666666297e-01
6.453900709219858589e-01
5.602836879432624428e-01
6.808510638297872175e-01
5.957446808510638014e-01
6.099290780141843893e-01
6.099290780141843893e-01
6.524822695035461528e-01
6.382978723404255650e-01
6.312056737588652711e-01
5.177304964539006793e-01
5.815602836879432136e-01
5.673758865248227368e-01
6.099290780141843893e-01
6.737588652482269236e-01
6.028368794326240954e-01
6.595744680851063357e-01
6.241134751773049771e-01
6.666666666666666297e-01
5.957446808510638014e-01
6.312056737588652711e-01
5.815602836879432136e-01
5.460992907801418550e-01
5.602836879432624428e-01
6.241134751773049771e-01
7.730496453900709275e-01
6.808510638297872175e-01
6.241134751773049771e-01
5.886524822695035075e-01
5.248226950354609732e-01
5.460992907801418550e-01
6.808510638297872175e-01
5.673758865248227368e-01
6.382978723404255650e-01
5.460992907801418550e-01
6.312056737588652711e-01
6.099290780141843893e-01
5.886524822695035075e-01
7.092198581560283932e-01
6.099290780141843893e-01
6.382978723404255650e-01
6.808510638297872175e-01
5.815602836879432136e-01
5.460992907801418550e-01
5.531914893617021489e-01
6.312056737588652711e-01
6.382978723404255650e-01
5.886524822695035075e-01
5.248226950354609732e-01
6.241134751773049771e-01
5.106382978723403854e-01
6.808510638297872175e-01
5.319148936170212671e-01
6.950354609929078054e-01
6.028368794326240954e-01
6.879432624113475114e-01
6.312056737588652711e-01
6.453900709219858589e-01
5.886524822695035075e-01
6.595744680851063357e-01
6.099290780141843893e-01
6.241134751773049771e-01
7.021276595744680993e-01
5.815602836879432136e-01
5.460992907801418550e-01
6.382978723404255650e-01
6.453900709219858589e-01
6.028368794326240954e-01
5.744680851063830307e-01
6.241134751773049771e-01
5.957446808510638014e-01
6.879432624113475114e-01
6.595744680851063357e-01
6.666666666666666297e-01
5.390070921985815611e-01
5.886524822695035075e-01
6.595744680851063357e-01
5.673758865248227368e-01
5.390070921985815611e-01
4.255319148936170248e-01
5.602836879432624428e-01
4.893617021276595591e-01
5.531914893617021489e-01
5.602836879432624428e-01
5.106382978723403854e-01
4.964539007092198530e-01
5.177304964539006793e-01
5.673758865248227368e-01
5.390070921985815611e-01
5.531914893617021489e-01
6.524822695035461528e-01
6.382978723404255650e-01
6.099290780141843893e-01
5.248226950354609732e-01
5.957446808510638014e-01
5.319148936170212671e-01
5.106382978723403854e-01
5.319148936170212671e-01
6.312056737588652711e-01
6.241134751773049771e-01
5.673758865248227368e-01
5.957446808510638014e-01
6.170212765957446832e-01
5.177304964539006793e-01
6.099290780141843893e-01
6.666666666666666297e-01
5.602836879432624428e-01
5.390070921985815611e-01
6.028368794326240954e-01
6.170212765957446832e-01
5.531914893617021489e-01
6.241134751773049771e-01
5.957446808510638014e-01
6.241134751773049771e-01
5.106382978723403854e-01
6.099290780141843893e-01
5.744680851063830307e-01
5.886524822695035075e-01
5.957446808510638014e-01
6.028368794326240954e-01
6.241134751773049771e-01
6.170212765957446832e-01
6.241134751773049771e-01
6.312056737588652711e-01
5.390070921985815611e-01
6.666666666666666297e-01
4.822695035460992652e-01
6.241134751773049771e-01
6.028368794326240954e-01
5.602836879432624428e-01
5.815602836879432136e-01
6.028368794326240954e-01
5.531914893617021489e-01
4.893617021276595591e-01
6.453900709219858589e-01
5.460992907801418550e-01
4.822695035460992652e-01
5.248226950354609732e-01
6.170212765957446832e-01
5.957446808510638014e-01
5.035460992907800915e-01
5.673758865248227368e-01
6.099290780141843893e-01
5.815602836879432136e-01
6.879432624113475114e-01
5.744680851063830307e-01
5.248226950354609732e-01
6.808510638297872175e-01
5.744680851063830307e-01
5.035460992907800915e-01
5.460992907801418550e-01
5.531914893617021489e-01
5.673758865248227368e-01
5.035460992907800915e-01
4.609929078014184389e-01
5.602836879432624428e-01
6.737588652482269236e-01
5.319148936170212671e-01
5.106382978723403854e-01
5.673758865248227368e-01
5.531914893617021489e-01
5.886524822695035075e-01
4.751773049645390268e-01
6.312056737588652711e-01
6.312056737588652711e-01
6.524822695035461528e-01
5.319148936170212671e-01
5.886524822695035075e-01
5.673758865248227368e-01
5.602836879432624428e-01
5.460992907801418550e-01
5.815602836879432136e-01
5.319148936170212671e-01
5.177304964539006793e-01
4.964539007092198530e-01
5.673758865248227368e-01
6.170212765957446832e-01
5.248226950354609732e-01
6.312056737588652711e-01
5.602836879432624428e-01
6.595744680851063357e-01
6.099290780141843893e-01
5.390070921985815611e-01
5.673758865248227368e-01
5.744680851063830307e-01
5.248226950354609732e-01
5.531914893617021489e-01
5.602836879432624428e-01
5.744680851063830307e-01
5.886524822695035075e-01
6.241134751773049771e-01
6.453900709219858589e-01
6.170212765957446832e-01
5.319148936170212671e-01
5.319148936170212671e-01
6.595744680851063357e-01
6.170212765957446832e-01
5.957446808510638014e-01
5.319148936170212671e-01
6.382978723404255650e-01
6.241134751773049771e-01
6.028368794326240954e-01
5.744680851063830307e-01
6.241134751773049771e-01
6.453900709219858589e-01
4.822695035460992652e-01
5.602836879432624428e-01
5.815602836879432136e-01
5.673758865248227368e-01
6.028368794326240954e-01
5.957446808510638014e-01
5.319148936170212671e-01
5.673758865248227368e-01
5.248226950354609732e-01
5.602836879432624428e-01
5.886524822695035075e-01
6.808510638297872175e-01
4.893617021276595591e-01
5.602836879432624428e-01
5.035460992907800915e-01
5.460992907801418550e-01
5.531914893617021489e-01
5.319148936170212671e-01
6.312056737588652711e-01
5.602836879432624428e-01
5.673758865248227368e-01
5.886524822695035075e-01
4.042553191489361430e-01
5.390070921985815611e-01
5.744680851063830307e-01
6.028368794326240954e-01
5.390070921985815611e-01
5.460992907801418550e-01
6.382978723404255650e-01
5.673758865248227368e-01
5.815602836879432136e-01
5.886524822695035075e-01
6.099290780141843893e-01
5.390070921985815611e-01
5.248226950354609732e-01
5.248226950354609732e-01
5.957446808510638014e-01
4.893617021276595591e-01
4.680851063829787329e-01
6.170212765957446832e-01
6.453900709219858589e-01
6.099290780141843893e-01
5.319148936170212671e-01
5.248226950354609732e-01
5.957446808510638014e-01
5.673758865248227368e-01
6.241134751773049771e-01
5.390070921985815611e-01
5.390070921985815611e-01
5.531914893617021489e-01
6.312056737588652711e-01
5.673758865248227368e-01
5.390070921985815611e-01
5.177304964539006793e-01
5.744680851063830307e-01
5.460992907801418550e-01
4.822695035460992652e-01
5.390070921985815611e-01
6.170212765957446832e-01
7.234042553191489811e-01
5.531914893617021489e-01
4.822695035460992652e-01
5.460992907801418550e-01
4.397163120567376127e-01
5.177304964539006793e-01
5.744680851063830307e-01
4.609929078014184389e-01
5.815602836879432136e-01
5.957446808510638014e-01
5.531914893617021489e-01
4.822695035460992652e-01
5.319148936170212671e-01
6.028368794326240954e-01
5.460992907801418550e-01
5.531914893617021489e-01
5.886524822695035075e-01
5.531914893617021489e-01
5.319148936170212671e-01
5.390070921985815611e-01
4.680851063829787329e-01
6.028368794326240954e-01
5.319148936170212671e-01
5.602836879432624428e-01
4.964539007092198530e-01
4.822695035460992652e-01
6.170212765957446832e-01
5.744680851063830307e-01
4.893617021276595591e-01
5.531914893617021489e-01
5.673758865248227368e-01
5.673758865248227368e-01
6.028368794326240954e-01
6.099290780141843893e-01
5.815602836879432136e-01
5.035460992907800915e-01
5.815602836879432136e-01
5.531914893617021489e-01
5.531914893617021489e-01
4.680851063829787329e-01
5.673758865248227368e-01
4.680851063829787329e-01
5.106382978723403854e-01
6.453900709219858589e-01
6.099290780141843893e-01
5.957446808510638014e-01
5.886524822695035075e-01
5.248226950354609732e-01
5.744680851063830307e-01
5.460992907801418550e-01
5.531914893617021489e-01
5.460992907801418550e-01
5.957446808510638014e-01
5.673758865248227368e-01
4.893617021276595591e-01
6.312056737588652711e-01
6.028368794326240954e-01
5.673758865248227368e-01
6.524822695035461528e-01
6.028368794326240954e-01
6.028368794326240954e-01
5.531914893617021489e-01
4.964539007092198530e-01
5.957446808510638014e-01
5.744680851063830307e-01
5.886524822695035075e-01
6.737588652482269236e-01
5.744680851063830307e-01
5.602836879432624428e-01
5.177304964539006793e-01
5.673758865248227368e-01
5.815602836879432136e-01
6.028368794326240954e-01
5.390070921985815611e-01
4.042553191489361430e-01
4.893617021276595591e-01
4.822695035460992652e-01
5.673758865248227368e-01
5.177304964539006793e-01
4.751773049645390268e-01
5.531914893617021489e-01
5.319148936170212671e-01
4.822695035460992652e-01
4.822695035460992652e-01
5.602836879432624428e-01
5.602836879432624428e-01
5.248226950354609732e-01
4.751773049645390268e-01
4.468085106382978511e-01
5.106382978723403854e-01
5.035460992907800915e-01
4.751773049645390268e-01
5.177304964539006793e-01
5.602836879432624428e-01
5.673758865248227368e-01
6.028368794326240954e-01
5.106382978723403854e-01
4.539007092198581450e-01
5.035460992907800915e-01
4.609929078014184389e-01
5.744680851063830307e-01
5.035460992907800915e-01
4.326241134751773187e-01
4.255319148936170248e-01
5.673758865248227368e-01
5.177304964539006793e-01
5.390070921985815611e-01
5.106382978723403854e-01
5.815602836879432136e-01
5.602836879432624428e-01
