1.000000000000000000e+00
7.725856697819314389e-01
7.274143302180685611e-01
7.102803738317756688e-01
6.869158878504673105e-01
6.183800623052959633e-01
5.841121495327102897e-01
5.981308411214952825e-01
5.700934579439251859e-01
5.576323987538940319e-01
5.404984423676012506e-01
5.887850467289719170e-01
5.358255451713395123e-01
5.420560747663550893e-01
5.342679127725856736e-01
5.436137071651090391e-01
5.077881619937694158e-01
5.233644859813083583e-01
5.482866043613706664e-01
4.766355140186915862e-01
4.750778816199376919e-01
4.672897196261682207e-01
4.501557632398753839e-01
4.657320872274143264e-01
4.517133956386292781e-01
4.299065420560747586e-01
4.454828660436137011e-01
4.392523364485981241e-01
3.987538940809968735e-01
4.376947040498442298e-01
3.769470404984423539e-01
3.831775700934579310e-01
3.800623052959501424e-01
3.956386292834890850e-01
4.034267912772585563e-01
4.034267912772585563e-01
3.613707165109034114e-01
3.520249221183800459e-01
3.722741433021806712e-01
3.520249221183800459e-01
3.582554517133956229e-01
3.520249221183800459e-01
3.707165109034267769e-01
3.613707165109034114e-01
2.990654205607476412e-01
3.551401869158878344e-01
3.099688473520249010e-01
3.208722741433021608e-01
3.146417445482865838e-01
3.021806853582554298e-01
2.943925233644859585e-01
2.725856697819314389e-01
3.052959501557632183e-01
2.990654205607476412e-01
3.193146417445482665e-01
3.037383177570093240e-01
3.037383177570093240e-01
2.943925233644859585e-01
2.928348909657320642e-01
2.679127725856697562e-01
2.632398753894080734e-01
2.819314641744548044e-01
2.694704049844236504e-01
2.757009345794392274e-01
2.647975077881619677e-01
2.538940809968847079e-01
2.538940809968847079e-01
2.772585669781931217e-01
2.897196261682242757e-01
2.523364485981308136e-01
2.663551401869158619e-01
2.570093457943924964e-01
2.476635514018691586e-01
2.461059190031152644e-01
2.523364485981308136e-01
2.398753894080996873e-01
2.414330218068535816e-01
2.227414330218068506e-01
2.336448598130841103e-01
2.398753894080996873e-01
2.585669781931463906e-01
2.211838006230529563e-01
2.398753894080996873e-01
2.476635514018691586e-01
2.383177570093457931e-01
2.429906542056074759e-01
2.492211838006230529e-01
2.834890965732086987e-01
2.647975077881619677e-01
2.429906542056074759e-01
2.616822429906541791e-01
2.320872274143302161e-01
2.616822429906541791e-01
2.258566978193146391e-01
2.258566978193146391e-01
2.258566978193146391e-01
2.196261682242990620e-01
2.165109034267912735e-01
2.102803738317756965e-01
2.258566978193146391e-01
2.180685358255451678e-01
2.196261682242990620e-01
1.993769470404984367e-01
1.993769470404984367e-01
2.180685358255451678e-01
1.993769470404984367e-01
2.102803738317756965e-01
1.760124610591900229e-01
2.087227414330218023e-01
1.978193146417445425e-01
1.806853582554517057e-01
1.838006230529594942e-01
1.900311526479750712e-01
1.915887850467289655e-01
1.573208722741432919e-01
1.760124610591900229e-01
1.697819314641744459e-01
1.791277258566978114e-01
1.651090342679127632e-01
1.635514018691588689e-01
1.682242990654205517e-01
1.884735202492211770e-01
1.635514018691588689e-01
1.728971962616822344e-01
1.495327102803738206e-01
1.573208722741432919e-01
1.682242990654205517e-01
1.526479750778816091e-01
1.682242990654205517e-01
1.635514018691588689e-01
1.573208722741432919e-01
1.853582554517133885e-01
1.355140186915887723e-01
1.744548286604361287e-01
1.588785046728971861e-01
1.713395638629283402e-01
1.526479750778816091e-01
1.464174454828660321e-01
1.619937694704049747e-01
1.588785046728971861e-01
1.666666666666666574e-01
1.619937694704049747e-01
1.588785046728971861e-01
1.542056074766355034e-01
1.542056074766355034e-01
1.604361370716510804e-01
1.573208722741432919e-01
1.666666666666666574e-01
1.573208722741432919e-01
1.542056074766355034e-01
1.526479750778816091e-01
1.386292834890965608e-01
1.355140186915887723e-01
1.339563862928348781e-01
1.292834890965731953e-01
1.557632398753893976e-01
1.557632398753893976e-01
1.526479750778816091e-01
1.588785046728971861e-01
1.651090342679127632e-01
1.542056074766355034e-01
1.510903426791277149e-01
1.479750778816199264e-01
1.666666666666666574e-01
1.495327102803738206e-01
1.448598130841121379e-01
1.292834890965731953e-01
1.386292834890965608e-01
1.573208722741432919e-01
1.526479750778816091e-01
1.542056074766355034e-01
1.619937694704049747e-01
1.417445482866043494e-01
1.370716510903426666e-01
1.401869158878504551e-01
1.339563862928348781e-01
1.292834890965731953e-01
1.168224299065420552e-01
1.308411214953270896e-01
1.479750778816199264e-01
1.230529595015576322e-01
1.183800623052959494e-01
1.168224299065420552e-01
1.199376947040498437e-01
1.168224299065420552e-01
1.323987538940809838e-01
1.292834890965731953e-01
1.230529595015576322e-01
1.308411214953270896e-01
1.261682242990654068e-01
1.121495327102803724e-01
1.121495327102803724e-01
1.495327102803738206e-01
1.199376947040498437e-01
1.246105919003115264e-01
1.214953271028037379e-01
1.152647975077881609e-01
9.968847352024921837e-02
1.137071651090342667e-01
1.168224299065420552e-01
1.137071651090342667e-01
1.183800623052959494e-01
9.657320872274142987e-02
1.059190031152647954e-01
1.012461059190031126e-01
1.074766355140186896e-01
1.074766355140186896e-01
1.043613707165109011e-01
1.183800623052959494e-01
1.090342679127725839e-01
1.261682242990654068e-01
9.657320872274142987e-02
1.183800623052959494e-01
1.074766355140186896e-01
1.028037383177570069e-01
9.501557632398753561e-02
9.968847352024921837e-02
7.943925233644859307e-02
1.074766355140186896e-01
1.043613707165109011e-01
1.043613707165109011e-01
9.501557632398753561e-02
1.028037383177570069e-01
9.345794392523364136e-02
1.028037383177570069e-01
9.657320872274142987e-02
1.012461059190031126e-01
9.968847352024921837e-02
9.657320872274142987e-02
1.012461059190031126e-01
8.566978193146417009e-02
1.074766355140186896e-01
9.190031152647974710e-02
9.501557632398753561e-02
9.034267912772585285e-02
9.657320872274142987e-02
1.059190031152647954e-01
1.028037383177570069e-01
1.028037383177570069e-01
9.657320872274142987e-02
9.345794392523364136e-02
7.632398753894080456e-02
9.968847352024921837e-02
8.722741433021806434e-02
8.255451713395638158e-02
8.878504672897195860e-02
8.099688473520248733e-02
9.657320872274142987e-02
7.165109034267912180e-02
8.411214953271027583e-02
8.566978193146417009e-02
8.722741433021806434e-02
8.878504672897195860e-02
8.411214953271027583e-02
9.034267912772585285e-02
8.099688473520248733e-02
9.190031152647974710e-02
8.566978193146417009e-02
8.878504672897195860e-02
7.009345794392522755e-02
7.788161993769469882e-02
9.345794392523364136e-02
8.255451713395638158e-02
7.788161993769469882e-02
8.255451713395638158e-02
9.034267912772585285e-02
8.722741433021806434e-02
8.566978193146417009e-02
7.788161993769469882e-02
7.009345794392522755e-02
7.788161993769469882e-02
8.255451713395638158e-02
7.476635514018691031e-02
8.099688473520248733e-02
7.632398753894080456e-02
7.165109034267912180e-02
9.345794392523364136e-02
7.009345794392522755e-02
8.255451713395638158e-02
7.943925233644859307e-02
7.320872274143301606e-02
8.099688473520248733e-02
8.099688473520248733e-02
7.320872274143301606e-02
8.099688473520248733e-02
8.255451713395638158e-02
7.632398753894080456e-02
8.099688473520248733e-02
6.697819314641743904e-02
6.386292834890965053e-02
7.476635514018691031e-02
7.788161993769469882e-02
8.566978193146417009e-02
8.566978193146417009e-02
7.165109034267912180e-02
8.099688473520248733e-02
6.697819314641743904e-02
7.320872274143301606e-02
7.009345794392522755e-02
7.320872274143301606e-02
7.788161993769469882e-02
7.943925233644859307e-02
6.697819314641743904e-02
5.763239875389408046e-02
8.255451713395638158e-02
7.943925233644859307e-02
8.099688473520248733e-02
6.542056074766354479e-02
6.542056074766354479e-02
7.320872274143301606e-02
7.788161993769469882e-02
7.943925233644859307e-02
7.165109034267912180e-02
7.320872274143301606e-02
7.788161993769469882e-02
6.542056074766354479e-02
8.099688473520248733e-02
7.632398753894080456e-02
7.788161993769469882e-02
6.542056074766354479e-02
7.320872274143301606e-02
7.943925233644859307e-02
7.632398753894080456e-02
7.320872274143301606e-02
6.386292834890965053e-02
7.320872274143301606e-02
6.853582554517133330e-02
5.451713395638629195e-02
7.320872274143301606e-02
7.632398753894080456e-02
6.697819314641743904e-02
7.632398753894080456e-02
6.386292834890965053e-02
6.230529595015576322e-02
6.074766355140186896e-02
7.165109034267912180e-02
6.853582554517133330e-02
6.853582554517133330e-02
7.632398753894080456e-02
7.476635514018691031e-02
6.386292834890965053e-02
6.697819314641743904e-02
6.074766355140186896e-02
6.230529595015576322e-02
6.386292834890965053e-02
7.165109034267912180e-02
7.009345794392522755e-02
7.476635514018691031e-02
7.320872274143301606e-02
6.697819314641743904e-02
7.632398753894080456e-02
7.943925233644859307e-02
6.074766355140186896e-02
7.165109034267912180e-02
5.607476635514018620e-02
7.788161993769469882e-02
5.763239875389408046e-02
7.476635514018691031e-02
6.697819314641743904e-02
6.074766355140186896e-02
6.386292834890965053e-02
6.074766355140186896e-02
6.853582554517133330e-02
6.074766355140186896e-02
5.607476635514018620e-02
7.320872274143301606e-02
6.542056074766354479e-02
7.476635514018691031e-02
6.697819314641743904e-02
6.074766355140186896e-02
7.165109034267912180e-02
6.697819314641743904e-02
7.009345794392522755e-02
6.230529595015576322e-02
7.009345794392522755e-02
7.009345794392522755e-02
5.919003115264797471e-02
6.386292834890965053e-02
5.763239875389408046e-02
6.230529595015576322e-02
6.386292834890965053e-02
5.295950155763239769e-02
5.919003115264797471e-02
5.919003115264797471e-02
5.919003115264797471e-02
5.295950155763239769e-02
5.140186915887850344e-02
5.295950155763239769e-02
5.140186915887850344e-02
5.140186915887850344e-02
5.451713395638629195e-02
5.607476635514018620e-02
4.984423676012460919e-02
5.919003115264797471e-02
5.295950155763239769e-02
5.140186915887850344e-02
5.295950155763239769e-02
5.140186915887850344e-02
5.295950155763239769e-02
5.295950155763239769e-02
5.607476635514018620e-02
