1.000000000000000000e+00
8.347280334728033324e-01
7.447698744769873924e-01
7.866108786610879200e-01
7.531380753138074979e-01
7.426778242677823938e-01
7.071129707112970841e-01
7.384937238493723966e-01
7.405857740585773952e-01
6.736401673640167731e-01
7.092050209205020828e-01
6.966527196652719800e-01
6.799163179916317690e-01
6.485355648535564566e-01
7.112970711297070814e-01
7.238493723849371841e-01
6.945606694560669814e-01
6.359832635983263538e-01
6.924686192468618717e-01
6.401673640167363510e-01
6.673640167364016662e-01
6.694560669456066648e-01
6.631799163179916690e-01
7.301255230125522910e-01
6.506276150627614552e-01
6.736401673640167731e-01
6.213389121338912524e-01
6.464435146443514579e-01
6.192468619246861428e-01
6.171548117154811441e-01
6.715481171548116635e-01
6.297071129707112469e-01
6.359832635983263538e-01
6.380753138075313524e-01
6.317991631799163565e-01
6.464435146443514579e-01
5.774058577405857262e-01
5.962343096234309359e-01
6.046025104602510414e-01
5.794979079497908359e-01
5.878661087866108304e-01
5.836820083682008331e-01
5.815899581589958345e-01
5.439330543933054152e-01
5.774058577405857262e-01
5.962343096234309359e-01
5.627615062761506248e-01
5.460251046025104138e-01
5.690376569037657317e-01
5.000000000000000000e-01
5.669456066945606221e-01
5.481171548117155234e-01
5.230125523012552069e-01
5.125523012552301028e-01
4.811715481171547903e-01
5.104602510460251041e-01
5.146443514644351014e-01
5.104602510460251041e-01
4.581589958158995834e-01
4.895397489539748959e-01
5.230125523012552069e-01
5.000000000000000000e-01
5.167364016736402110e-01
5.125523012552301028e-01
5.334728033472803110e-01
4.916317991631798945e-01
4.979079497907950014e-01
5.292887029288703138e-01
5.020920502092049986e-01
4.916317991631798945e-01
4.665271966527196890e-01
4.644351464435146348e-01
4.686192468619246876e-01
4.790794979079497917e-01
4.958158995815899472e-01
4.623430962343096362e-01
4.539748953974895307e-01
5.125523012552301028e-01
4.560669456066945848e-01
4.958158995815899472e-01
4.790794979079497917e-01
5.125523012552301028e-01
5.000000000000000000e-01
4.853556485355648431e-01
4.560669456066945848e-01
5.041841004184099972e-01
4.790794979079497917e-01
4.748953974895397390e-01
4.853556485355648431e-01
4.372384937238493752e-01
4.205020920502092197e-01
4.832635983263598445e-01
4.644351464435146348e-01
4.623430962343096362e-01
4.539748953974895307e-01
4.686192468619246876e-01
4.330543933054393224e-01
4.393305439330543738e-01
4.518828451882845321e-01
4.100418410041841155e-01
4.414225941422594279e-01
4.246861924686192724e-01
4.142259414225941683e-01
4.225941422594142183e-01
4.351464435146443765e-01
4.079497907949790614e-01
4.476987447698744793e-01
4.288702928870292697e-01
4.184100418410041655e-01
4.288702928870292697e-01
4.016736401673640100e-01
4.476987447698744793e-01
4.163179916317991669e-01
4.184100418410041655e-01
4.288702928870292697e-01
4.142259414225941683e-01
4.079497907949790614e-01
4.456066945606694807e-01
4.288702928870292697e-01
4.393305439330543738e-01
4.016736401673640100e-01
3.953974895397489586e-01
4.121338912133891141e-01
4.267782426778242710e-01
4.058577405857740628e-01
4.351464435146443765e-01
4.372384937238493752e-01
4.121338912133891141e-01
4.246861924686192724e-01
4.267782426778242710e-01
4.037656903765690641e-01
3.807531380753138017e-01
3.744769874476987503e-01
4.058577405857740628e-01
4.414225941422594279e-01
3.933054393305439600e-01
4.142259414225941683e-01
4.225941422594142183e-01
3.828451882845188559e-01
4.079497907949790614e-01
3.870292887029288531e-01
3.828451882845188559e-01
3.891213389121339072e-01
3.556485355648535407e-01
4.100418410041841155e-01
3.974895397489539572e-01
3.682008368200836990e-01
3.828451882845188559e-01
3.682008368200836990e-01
3.702928870292886976e-01
3.912133891213389059e-01
3.682008368200836990e-01
3.640167364016736462e-01
4.079497907949790614e-01
3.891213389121339072e-01
3.682008368200836990e-01
3.912133891213389059e-01
3.974895397489539572e-01
4.037656903765690641e-01
3.723849372384936962e-01
3.682008368200836990e-01
3.451882845188284366e-01
3.765690376569037490e-01
3.891213389121339072e-01
3.933054393305439600e-01
3.598326359832635934e-01
3.702928870292886976e-01
3.723849372384936962e-01
3.682008368200836990e-01
3.661087866108786448e-01
3.974895397489539572e-01
3.472803347280334907e-01
3.786610878661088031e-01
3.723849372384936962e-01
3.786610878661088031e-01
3.933054393305439600e-01
3.995815899581590114e-01
3.849372384937238545e-01
3.702928870292886976e-01
3.891213389121339072e-01
3.786610878661088031e-01
3.744769874476987503e-01
3.661087866108786448e-01
3.870292887029288531e-01
3.619246861924685921e-01
3.765690376569037490e-01
3.640167364016736462e-01
3.577405857740585948e-01
3.514644351464434879e-01
3.661087866108786448e-01
3.347280334728033324e-01
3.389121338912133852e-01
3.577405857740585948e-01
3.619246861924685921e-01
3.598326359832635934e-01
3.535564853556485421e-01
3.284518828451882810e-01
3.430962343096234379e-01
3.661087866108786448e-01
3.472803347280334907e-01
3.326359832635983338e-01
3.326359832635983338e-01
3.723849372384936962e-01
3.765690376569037490e-01
3.744769874476987503e-01
3.451882845188284366e-01
3.514644351464434879e-01
3.410041841004183838e-01
3.535564853556485421e-01
3.493723849372384893e-01
3.430962343096234379e-01
3.598326359832635934e-01
3.305439330543932797e-01
3.326359832635983338e-01
3.200836820083681755e-01
3.430962343096234379e-01
3.598326359832635934e-01
3.305439330543932797e-01
3.514644351464434879e-01
3.158995815899581783e-01
3.493723849372384893e-01
3.347280334728033324e-01
3.242677824267782283e-01
3.389121338912133852e-01
3.117154811715481255e-01
3.179916317991631769e-01
3.619246861924685921e-01
3.493723849372384893e-01
3.389121338912133852e-01
3.702928870292886976e-01
3.284518828451882810e-01
3.158995815899581783e-01
3.577405857740585948e-01
3.284518828451882810e-01
3.368200836820083865e-01
3.619246861924685921e-01
3.682008368200836990e-01
3.430962343096234379e-01
3.263598326359832824e-01
3.368200836820083865e-01
3.305439330543932797e-01
2.991631799163179672e-01
3.305439330543932797e-01
3.493723849372384893e-01
3.012552301255230214e-01
3.075313807531380728e-01
3.200836820083681755e-01
3.263598326359832824e-01
3.075313807531380728e-01
2.949790794979079700e-01
3.410041841004183838e-01
3.389121338912133852e-01
3.138075313807531241e-01
2.887029288702928631e-01
3.096234309623430714e-01
3.054393305439330741e-01
3.451882845188284366e-01
3.054393305439330741e-01
3.012552301255230214e-01
3.075313807531380728e-01
3.117154811715481255e-01
3.242677824267782283e-01
3.221757322175732297e-01
3.158995815899581783e-01
3.012552301255230214e-01
2.991631799163179672e-01
3.138075313807531241e-01
3.033472803347280200e-01
3.284518828451882810e-01
3.054393305439330741e-01
3.200836820083681755e-01
3.179916317991631769e-01
2.991631799163179672e-01
2.907949790794979172e-01
2.845188284518828659e-01
3.075313807531380728e-01
2.845188284518828659e-01
2.740585774058577617e-01
2.866108786610878645e-01
2.970711297071129686e-01
2.949790794979079700e-01
3.221757322175732297e-01
2.803347280334728131e-01
3.096234309623430714e-01
3.033472803347280200e-01
2.866108786610878645e-01
3.138075313807531241e-01
2.719665271966527076e-01
2.949790794979079700e-01
2.949790794979079700e-01
2.761506276150627603e-01
2.887029288702928631e-01
2.907949790794979172e-01
3.158995815899581783e-01
3.096234309623430714e-01
3.138075313807531241e-01
2.698744769874477090e-01
2.907949790794979172e-01
2.615062761506276034e-01
2.928870292887029159e-01
2.907949790794979172e-01
2.803347280334728131e-01
2.635983263598326576e-01
2.656903765690376562e-01
2.887029288702928631e-01
2.740585774058577617e-01
2.928870292887029159e-01
2.824267782426778117e-01
3.075313807531380728e-01
2.928870292887029159e-01
3.179916317991631769e-01
2.782426778242677590e-01
3.012552301255230214e-01
2.928870292887029159e-01
3.158995815899581783e-01
2.928870292887029159e-01
2.782426778242677590e-01
2.887029288702928631e-01
2.803347280334728131e-01
2.845188284518828659e-01
3.033472803347280200e-01
2.866108786610878645e-01
2.740585774058577617e-01
2.970711297071129686e-01
2.991631799163179672e-01
2.928870292887029159e-01
2.887029288702928631e-01
2.761506276150627603e-01
2.656903765690376562e-01
2.761506276150627603e-01
2.740585774058577617e-01
2.907949790794979172e-01
2.907949790794979172e-01
2.845188284518828659e-01
2.740585774058577617e-01
2.615062761506276034e-01
2.991631799163179672e-01
2.552301255230125521e-01
3.117154811715481255e-01
2.845188284518828659e-01
2.845188284518828659e-01
3.096234309623430714e-01
2.635983263598326576e-01
2.719665271966527076e-01
2.510460251046024993e-01
3.054393305439330741e-01
2.552301255230125521e-01
2.594142259414226048e-01
2.740585774058577617e-01
2.803347280334728131e-01
3.242677824267782283e-01
2.782426778242677590e-01
2.866108786610878645e-01
2.552301255230125521e-01
2.635983263598326576e-01
3.012552301255230214e-01
2.698744769874477090e-01
2.887029288702928631e-01
2.656903765690376562e-01
2.677824267782426548e-01
2.719665271966527076e-01
2.907949790794979172e-01
2.949790794979079700e-01
2.656903765690376562e-01
2.970711297071129686e-01
2.468619246861924743e-01
2.866108786610878645e-01
2.803347280334728131e-01
2.656903765690376562e-01
3.158995815899581783e-01
2.405857740585773952e-01
2.531380753138075534e-01
2.740585774058577617e-01
2.594142259414226048e-01
2.635983263598326576e-01
2.573221757322175507e-01
2.782426778242677590e-01
2.824267782426778117e-01
2.510460251046024993e-01
2.635983263598326576e-01
3.158995815899581783e-01
2.615062761506276034e-01
2.447698744769874479e-01
2.552301255230125521e-01
2.719665271966527076e-01
2.866108786610878645e-01
2.761506276150627603e-01
2.949790794979079700e-01
2.845188284518828659e-01
2.635983263598326576e-01
2.552301255230125521e-01
2.761506276150627603e-01
2.531380753138075534e-01
2.384937238493723966e-01
2.364016736401673702e-01
2.740585774058577617e-01
2.635983263598326576e-01
2.803347280334728131e-01
2.761506276150627603e-01
2.782426778242677590e-01
2.719665271966527076e-01
