1.000000000000000000e+00
8.830519074421513404e-01
8.217636022514070993e-01
7.998749218261412830e-01
7.429643527204502496e-01
7.454659161976234794e-01
7.473420888055034572e-01
6.954346466541588834e-01
6.666666666666666297e-01
6.491557223264540211e-01
6.347717323327078942e-01
6.135084427767354409e-01
6.285178236397748197e-01
6.135084427767354409e-01
5.647279549718574598e-01
5.578486554096310224e-01
5.215759849906191903e-01
5.390869293308317989e-01
5.315822388993121095e-01
4.946841776110068589e-01
4.771732332707942503e-01
4.684177611006879460e-01
4.627892432770481790e-01
4.484052532833020521e-01
4.358974358974359031e-01
4.252657911194496765e-01
4.315196998123827510e-01
4.171357098186366241e-01
4.265165728580362914e-01
4.146341463414633943e-01
3.908692933083177112e-01
3.921200750469043261e-01
3.752345215759849695e-01
3.614759224515322056e-01
3.646028767979987428e-01
3.558474046278924385e-01
3.445903689806129044e-01
3.308317698561600850e-01
3.402126328955597523e-01
3.308317698561600850e-01
3.264540337711069329e-01
3.333333333333333148e-01
3.308317698561600850e-01
3.333333333333333148e-01
3.139462163852407839e-01
3.302063789868667776e-01
3.145716072545340913e-01
3.195747342088805509e-01
3.108192620387742466e-01
3.083176985616010168e-01
3.158223889931207062e-01
3.058161350844277870e-01
2.901813633520950453e-01
2.845528455284552782e-01
2.776735459662288963e-01
2.876797998749218155e-01
2.920575359599749676e-01
2.889305816135084304e-01
2.764227642276422814e-01
2.901813633520950453e-01
2.864290181363352006e-01
2.732958098811757441e-01
2.782989368355222037e-01
2.545340838023764651e-01
2.682926829268292845e-01
2.657911194496560547e-01
2.551594746716697726e-01
2.439024390243902385e-01
2.357723577235772416e-01
2.432770481550969310e-01
2.357723577235772416e-01
2.363977485928705491e-01
2.238899312070043723e-01
2.370231394621638565e-01
2.176360225140712978e-01
2.232645403377110649e-01
2.126328955597248382e-01
2.195121951219512202e-01
2.113821138211382233e-01
2.220137585991244500e-01
2.126328955597248382e-01
2.113821138211382233e-01
2.051282051282051211e-01
2.013758599124452764e-01
2.113821138211382233e-01
2.013758599124452764e-01
1.888680425265790996e-01
1.894934333958724071e-01
1.957473420888055093e-01
1.744840525328330283e-01
1.838649155722326400e-01
1.951219512195122019e-01
1.951219512195122019e-01
1.944965603502188944e-01
1.857410881801125624e-01
1.976235146966854317e-01
1.994996873045653540e-01
1.801125703564727953e-01
1.738586616635397208e-01
1.776110068792995655e-01
1.763602251407129506e-01
1.726078799249531059e-01
1.888680425265790996e-01
1.807379612257661028e-01
1.619762351469668515e-01
1.575984990619136994e-01
1.782363977485928730e-01
1.669793621013133111e-01
1.769856160100062581e-01
1.688555347091932335e-01
1.738586616635397208e-01
1.788617886178861804e-01
1.694809255784865409e-01
1.657285803627266962e-01
1.601000625390869292e-01
1.588492808005003143e-01
1.701063164477798761e-01
1.676047529706066186e-01
1.575984990619136994e-01
1.613508442776735441e-01
1.707317073170731836e-01
1.776110068792995655e-01
1.588492808005003143e-01
1.544715447154471621e-01
1.463414634146341375e-01
1.325828642901813736e-01
1.482176360225140599e-01
1.444652908067542152e-01
1.357098186366479109e-01
1.450906816760475226e-01
1.407129455909943705e-01
1.525953721075672398e-01
1.419637273295809854e-01
1.332082551594746811e-01
1.313320825515947587e-01
1.375859912445278332e-01
1.400875547217010630e-01
1.419637273295809854e-01
1.300813008130081438e-01
1.294559099437148086e-01
1.394621638524077556e-01
1.288305190744215012e-01
1.257035647279549639e-01
1.131957473420888011e-01
1.181988742964352745e-01
1.175734834271419671e-01
1.088180112570356489e-01
1.088180112570356489e-01
1.194496560350218894e-01
1.244527829893683490e-01
1.238273921200750416e-01
1.063164477798624191e-01
9.881175734834271585e-02
9.693558474046279350e-02
1.069418386491557266e-01
1.056910569105691117e-01
1.019387116948092531e-01
1.069418386491557266e-01
9.818636647904940840e-02
9.568480300187617860e-02
9.818636647904940840e-02
9.193245778611632002e-02
1.100687929956222638e-01
9.255784865540962747e-02
1.056910569105691117e-01
9.881175734834271585e-02
1.031894934333958680e-01
8.692933083176986042e-02
9.631019387116948605e-02
8.567854909318324552e-02
9.818636647904940840e-02
1.031894934333958680e-01
1.006879299562226382e-01
9.380863039399624237e-02
9.818636647904940840e-02
9.505941213258287115e-02
9.068167604752970512e-02
9.068167604752970512e-02
8.692933083176986042e-02
1.000625390869293307e-01
8.380237648530330929e-02
8.818011257035647532e-02
8.005003126954346460e-02
8.755472170106316787e-02
8.192620387742338695e-02
8.692933083176986042e-02
8.505315822388993807e-02
9.505941213258287115e-02
8.567854909318324552e-02
9.005628517823639767e-02
8.880550343964978277e-02
8.442776735459661674e-02
8.755472170106316787e-02
7.817385866166354225e-02
8.818011257035647532e-02
8.692933083176986042e-02
8.630393996247655297e-02
9.318323952470293492e-02
7.879924953095684970e-02
8.192620387742338695e-02
7.817385866166354225e-02
7.129455909943714642e-02
7.317073170731706877e-02
7.504690431519700500e-02
7.629768605378361990e-02
7.567229518449031245e-02
7.629768605378361990e-02
7.129455909943714642e-02
6.816760475297060917e-02
7.379612257661037622e-02
7.629768605378361990e-02
7.629768605378361990e-02
7.629768605378361990e-02
7.442151344590368367e-02
7.254534083802376132e-02
6.816760475297060917e-02
6.941838649155722407e-02
7.504690431519700500e-02
7.129455909943714642e-02
7.317073170731706877e-02
7.317073170731706877e-02
6.691682301438399427e-02
7.504690431519700500e-02
7.692307692307692735e-02
6.691682301438399427e-02
7.066916823014383897e-02
7.692307692307692735e-02
7.442151344590368367e-02
7.066916823014383897e-02
7.629768605378361990e-02
6.629143214509068682e-02
6.316447779862413570e-02
6.316447779862413570e-02
6.253908692933082825e-02
6.253908692933082825e-02
6.441525953721075060e-02
5.190744215134458772e-02
5.440900562851782446e-02
5.753595997498436865e-02
6.191369606003752080e-02
6.191369606003752080e-02
6.191369606003752080e-02
5.878674171357098355e-02
6.066291432145090590e-02
5.440900562851782446e-02
6.754221388367730172e-02
6.003752345215759845e-02
5.440900562851782446e-02
6.378986866791744315e-02
6.253908692933082825e-02
6.816760475297060917e-02
6.441525953721075060e-02
6.003752345215759845e-02
5.753595997498436865e-02
5.315822388993120956e-02
5.628517823639774681e-02
5.628517823639774681e-02
5.941213258286429100e-02
5.503439649781113191e-02
4.502814258911819884e-02
4.878048780487805047e-02
5.565978736710443936e-02
5.128205128205128027e-02
4.878048780487805047e-02
4.940587867417135792e-02
5.190744215134458772e-02
4.940587867417135792e-02
4.565353345841150629e-02
5.628517823639774681e-02
4.815509693558474302e-02
5.628517823639774681e-02
5.378361475922451701e-02
5.565978736710443936e-02
4.690431519699812118e-02
4.690431519699812118e-02
4.878048780487805047e-02
4.377736085053158394e-02
4.565353345841150629e-02
4.377736085053158394e-02
4.627892432770481373e-02
4.690431519699812118e-02
4.315196998123827649e-02
4.815509693558474302e-02
4.940587867417135792e-02
4.252657911194496904e-02
4.502814258911819884e-02
4.127579737335834720e-02
4.502814258911819884e-02
4.127579737335834720e-02
4.252657911194496904e-02
4.065040650406503975e-02
3.939962476547842485e-02
4.190118824265165465e-02
3.814884302689180995e-02
4.065040650406503975e-02
4.065040650406503975e-02
4.565353345841150629e-02
4.815509693558474302e-02
4.752970606629143557e-02
5.003126954346466537e-02
4.127579737335834720e-02
3.752345215759850250e-02
5.190744215134458772e-02
4.440275171982489139e-02
4.690431519699812118e-02
4.440275171982489139e-02
4.752970606629143557e-02
4.065040650406503975e-02
4.190118824265165465e-02
4.065040650406503975e-02
3.939962476547842485e-02
4.002501563477173230e-02
3.752345215759850250e-02
4.002501563477173230e-02
4.002501563477173230e-02
4.252657911194496904e-02
3.877423389618511740e-02
3.564727954971857321e-02
3.939962476547842485e-02
4.315196998123827649e-02
4.127579737335834720e-02
4.252657911194496904e-02
4.127579737335834720e-02
4.440275171982489139e-02
3.814884302689180995e-02
4.315196998123827649e-02
3.502188868042526576e-02
3.939962476547842485e-02
3.126954346466541412e-02
3.502188868042526576e-02
3.377110694183865086e-02
3.252032520325203596e-02
3.314571607254534341e-02
3.252032520325203596e-02
3.314571607254534341e-02
3.939962476547842485e-02
3.689806128830518811e-02
4.252657911194496904e-02
3.564727954971857321e-02
3.752345215759850250e-02
3.627267041901188066e-02
3.439649781113195831e-02
3.689806128830518811e-02
3.564727954971857321e-02
4.315196998123827649e-02
3.877423389618511740e-02
3.877423389618511740e-02
3.564727954971857321e-02
4.190118824265165465e-02
4.252657911194496904e-02
3.877423389618511740e-02
4.002501563477173230e-02
3.814884302689180995e-02
3.814884302689180995e-02
4.190118824265165465e-02
4.315196998123827649e-02
3.814884302689180995e-02
3.439649781113195831e-02
3.564727954971857321e-02
3.752345215759850250e-02
3.377110694183865086e-02
4.002501563477173230e-02
4.252657911194496904e-02
3.627267041901188066e-02
3.252032520325203596e-02
3.689806128830518811e-02
2.939337085678549177e-02
3.627267041901188066e-02
3.001876172607879922e-02
3.001876172607879922e-02
3.252032520325203596e-02
3.252032520325203596e-02
3.252032520325203596e-02
3.377110694183865086e-02
3.502188868042526576e-02
3.252032520325203596e-02
3.564727954971857321e-02
3.252032520325203596e-02
3.502188868042526576e-02
3.377110694183865086e-02
3.064415259537210667e-02
2.939337085678549177e-02
3.001876172607879922e-02
3.252032520325203596e-02
3.126954346466541412e-02
3.252032520325203596e-02
3.001876172607879922e-02
3.189493433395872157e-02
3.064415259537210667e-02
2.751719824890556595e-02
3.064415259537210667e-02
2.814258911819887340e-02
2.939337085678549177e-02
2.313946216385240687e-02
2.876797998749218432e-02
2.939337085678549177e-02
2.439024390243902524e-02
3.314571607254534341e-02
2.939337085678549177e-02
2.564102564102564014e-02
3.314571607254534341e-02
