1.000000000000000000e+00
8.473824312333628761e-01
7.843833185448092493e-01
7.657497781721384067e-01
7.284826974267968325e-01
6.921029281277728540e-01
6.663708961845608014e-01
6.441881100266193538e-01
6.397515527950310421e-01
6.566104702750665822e-01
6.157941437444542920e-01
5.909494232475599462e-01
5.616681455190771777e-01
5.448092280390417486e-01
5.288376220053239152e-01
5.066548358473824676e-01
5.110913930789706683e-01
5.155279503105589800e-01
5.181898846495119892e-01
4.889086069210292762e-01
5.022182786157941559e-01
4.782608695652174058e-01
4.942324755989352392e-01
4.755989352262643965e-01
4.889086069210292762e-01
4.818101153504880108e-01
4.409937888198757761e-01
4.543034605146406557e-01
4.312333629103815569e-01
4.445430346051463810e-01
4.312333629103815569e-01
4.081632653061224580e-01
4.134871339840284210e-01
4.356699201419698131e-01
3.797692990239573962e-01
3.842058562555457080e-01
3.877551020408163129e-01
3.806566104702750475e-01
3.762200532386867913e-01
3.753327417923691400e-01
3.522626441881100412e-01
3.513753327417923900e-01
3.611357586512866091e-01
3.637976929902395629e-01
3.531499556344276924e-01
3.700088731144631771e-01
3.451641526175687757e-01
3.300798580301685936e-01
3.025732031943211831e-01
3.149955634427684115e-01
3.141082519964507602e-01
3.291925465838509424e-01
2.937000887311446151e-01
2.937000887311446151e-01
2.963620230700976244e-01
2.972493345164152756e-01
2.945874001774622664e-01
3.070097604259094948e-01
2.874889086069210564e-01
2.937000887311446151e-01
2.786157941437444330e-01
2.803904170363797910e-01
2.768411712511091305e-01
2.768411712511091305e-01
2.626441881100265996e-01
2.750665483584738280e-01
2.874889086069210564e-01
2.537710736468500317e-01
2.724046140195208743e-01
2.590949423247559946e-01
2.502218278615794267e-01
2.608695652173912971e-01
2.546583850931676829e-01
2.564330079858030409e-01
2.599822537710736459e-01
2.360248447204968958e-01
2.280390417036379791e-01
2.298136645962732816e-01
2.280390417036379791e-01
2.253771073646849976e-01
2.094055013309671642e-01
2.298136645962732816e-01
2.182786157941437322e-01
2.182786157941437322e-01
2.369121561668145470e-01
2.333629103815439143e-01
1.969831410825199636e-01
2.129547471162377970e-01
2.102928127772848155e-01
2.005323868677905963e-01
1.996450754214729451e-01
1.969831410825199636e-01
2.102928127772848155e-01
1.881100266193433956e-01
1.889973380656610469e-01
1.916592724046140284e-01
1.845607808340727629e-01
1.712511091393078833e-01
1.889973380656610469e-01
1.889973380656610469e-01
1.943212067435669821e-01
1.836734693877551117e-01
1.694764862466725808e-01
1.765749778172138462e-01
1.659272404614019480e-01
1.579414374445430314e-01
1.748003549245785160e-01
1.685891748003549295e-01
1.659272404614019480e-01
1.588287488908606826e-01
1.597160603371783616e-01
1.499556344276841147e-01
1.623779946761313153e-01
1.579414374445430314e-01
1.535048802129547474e-01
1.588287488908606826e-01
1.588287488908606826e-01
1.606033717834960128e-01
1.677018633540372783e-01
1.481810115350488122e-01
1.508429458740017659e-01
1.464063886424134819e-01
1.481810115350488122e-01
1.517302573203194449e-01
1.526175687666370961e-01
1.401952085181898955e-01
1.446317657497781795e-01
1.588287488908606826e-01
1.526175687666370961e-01
1.446317657497781795e-01
1.259982253771073646e-01
1.348713398402839325e-01
1.384205856255545652e-01
1.401952085181898955e-01
1.455190771960958307e-01
1.410825199645075467e-01
1.490683229813664634e-01
1.472937000887311332e-01
1.401952085181898955e-01
1.330967169476486300e-01
1.304347826086956486e-01
1.313220940550132998e-01
1.304347826086956486e-01
1.313220940550132998e-01
1.410825199645075467e-01
1.357586512866015838e-01
1.313220940550132998e-01
1.357586512866015838e-01
1.313220940550132998e-01
1.357586512866015838e-01
1.197870452528837643e-01
1.242236024844720482e-01
1.180124223602484479e-01
1.242236024844720482e-01
1.304347826086956486e-01
1.295474711623779973e-01
1.109139307897071824e-01
1.118012422360248476e-01
1.082519964507542148e-01
1.206743566992014155e-01
1.109139307897071824e-01
1.180124223602484479e-01
1.091393078970718661e-01
1.197870452528837643e-01
1.153504880212954803e-01
1.242236024844720482e-01
1.100266193433895312e-01
1.109139307897071824e-01
1.082519964507542148e-01
1.109139307897071824e-01
9.760425909494233054e-02
1.064773735581188985e-01
1.082519964507542148e-01
1.091393078970718661e-01
1.020408163265306145e-01
1.091393078970718661e-01
1.109139307897071824e-01
1.082519964507542148e-01
9.849157054125998179e-02
9.849157054125998179e-02
1.038154392191659309e-01
9.760425909494233054e-02
1.020408163265306145e-01
9.760425909494233054e-02
1.073646850044365636e-01
9.760425909494233054e-02
8.606921029281278113e-02
9.050576752440106509e-02
9.937888198757763303e-02
1.038154392191659309e-01
9.316770186335403270e-02
1.029281277728482658e-01
8.961845607808341385e-02
9.671694764862466542e-02
9.582963620230701418e-02
9.050576752440106509e-02
9.405501330967169782e-02
9.494232475598934906e-02
9.228039041703638146e-02
9.405501330967169782e-02
8.873114463176574873e-02
8.695652173913043237e-02
8.873114463176574873e-02
9.228039041703638146e-02
9.228039041703638146e-02
9.139307897071871634e-02
8.784383318544809749e-02
9.671694764862466542e-02
9.405501330967169782e-02
1.047027506654835821e-01
9.139307897071871634e-02
8.074534161490683204e-02
8.606921029281278113e-02
8.873114463176574873e-02
8.518189884649511601e-02
8.695652173913043237e-02
8.518189884649511601e-02
8.695652173913043237e-02
8.695652173913043237e-02
7.897071872227151568e-02
8.606921029281278113e-02
9.316770186335403270e-02
9.582963620230701418e-02
8.251996450754214840e-02
7.985803016858918080e-02
8.518189884649511601e-02
8.340727595385979964e-02
8.518189884649511601e-02
9.050576752440106509e-02
7.808340727595386443e-02
8.251996450754214840e-02
8.695652173913043237e-02
9.139307897071871634e-02
8.873114463176574873e-02
8.340727595385979964e-02
7.897071872227151568e-02
7.630878438331854807e-02
8.163265306122448328e-02
7.453416149068323171e-02
8.340727595385979964e-02
7.897071872227151568e-02
8.251996450754214840e-02
7.453416149068323171e-02
7.897071872227151568e-02
9.050576752440106509e-02
9.671694764862466542e-02
8.251996450754214840e-02
7.897071872227151568e-02
7.542147293700088295e-02
8.961845607808341385e-02
7.985803016858918080e-02
8.784383318544809749e-02
8.873114463176574873e-02
9.316770186335403270e-02
8.518189884649511601e-02
9.228039041703638146e-02
8.606921029281278113e-02
8.695652173913043237e-02
8.074534161490683204e-02
7.630878438331854807e-02
8.074534161490683204e-02
7.897071872227151568e-02
6.921029281277728262e-02
7.985803016858918080e-02
7.098491570541259899e-02
7.542147293700088295e-02
7.453416149068323171e-02
6.743566992014196626e-02
7.897071872227151568e-02
7.897071872227151568e-02
7.453416149068323171e-02
7.453416149068323171e-02
8.784383318544809749e-02
8.961845607808341385e-02
8.251996450754214840e-02
7.098491570541259899e-02
6.654835847382431502e-02
8.074534161490683204e-02
7.985803016858918080e-02
6.299911268855368229e-02
7.187222715173026411e-02
7.542147293700088295e-02
7.719609582963619931e-02
7.719609582963619931e-02
7.453416149068323171e-02
7.009760425909494774e-02
7.187222715173026411e-02
6.477373558118899866e-02
6.477373558118899866e-02
6.654835847382431502e-02
7.098491570541259899e-02
6.477373558118899866e-02
6.122448979591836593e-02
7.542147293700088295e-02
7.364685004436556659e-02
6.477373558118899866e-02
6.477373558118899866e-02
6.654835847382431502e-02
6.921029281277728262e-02
6.832298136645963138e-02
6.921029281277728262e-02
6.832298136645963138e-02
6.921029281277728262e-02
6.477373558118899866e-02
6.211180124223602411e-02
6.033717834960070775e-02
6.299911268855368229e-02
6.122448979591836593e-02
6.122448979591836593e-02
6.654835847382431502e-02
6.743566992014196626e-02
6.388642413487133354e-02
6.566104702750664990e-02
6.299911268855368229e-02
6.211180124223602411e-02
6.211180124223602411e-02
7.453416149068323171e-02
6.566104702750664990e-02
7.009760425909494774e-02
6.033717834960070775e-02
6.211180124223602411e-02
6.299911268855368229e-02
6.211180124223602411e-02
6.033717834960070775e-02
5.856255545696539139e-02
5.767524401064774014e-02
5.323868677905944924e-02
6.033717834960070775e-02
5.501330967169476560e-02
5.856255545696539139e-02
5.856255545696539139e-02
5.146406388642413288e-02
6.566104702750664990e-02
6.654835847382431502e-02
6.743566992014196626e-02
5.944986690328304957e-02
6.033717834960070775e-02
6.033717834960070775e-02
5.678793256433008196e-02
5.412599822537710742e-02
5.944986690328304957e-02
5.944986690328304957e-02
5.944986690328304957e-02
5.856255545696539139e-02
5.678793256433008196e-02
5.678793256433008196e-02
5.944986690328304957e-02
6.211180124223602411e-02
5.678793256433008196e-02
6.122448979591836593e-02
6.122448979591836593e-02
6.033717834960070775e-02
5.323868677905944924e-02
5.235137533274179106e-02
6.033717834960070775e-02
6.299911268855368229e-02
5.590062111801242378e-02
5.767524401064774014e-02
5.678793256433008196e-02
6.211180124223602411e-02
5.057675244010647470e-02
5.501330967169476560e-02
4.968944099378881651e-02
4.968944099378881651e-02
5.235137533274179106e-02
5.323868677905944924e-02
5.235137533274179106e-02
5.146406388642413288e-02
5.057675244010647470e-02
4.259094942324755800e-02
4.880212954747116527e-02
5.057675244010647470e-02
5.323868677905944924e-02
5.146406388642413288e-02
4.968944099378881651e-02
5.590062111801242378e-02
5.146406388642413288e-02
4.614019520851819073e-02
5.057675244010647470e-02
5.678793256433008196e-02
5.323868677905944924e-02
5.323868677905944924e-02
5.235137533274179106e-02
5.323868677905944924e-02
4.436557231588287437e-02
4.702750665483584891e-02
4.347826086956521618e-02
3.992901508429459040e-02
5.146406388642413288e-02
4.436557231588287437e-02
5.323868677905944924e-02
5.057675244010647470e-02
4.614019520851819073e-02
4.880212954747116527e-02
4.614019520851819073e-02
4.170363797692989982e-02
4.702750665483584891e-02
4.702750665483584891e-02
4.702750665483584891e-02
4.259094942324755800e-02
4.081632653061224164e-02
