1.000000000000000000e+00
8.908765652951698977e-01
7.602862254025044564e-01
7.656529516994633466e-01
7.459749552772808601e-01
6.994633273703041443e-01
6.726296958855098040e-01
6.618962432915921346e-01
6.028622540250446749e-01
5.581395348837209225e-01
5.509838998211090688e-01
5.313059033989266933e-01
5.563506261180679591e-01
5.205724508050089128e-01
4.758497316636851604e-01
4.651162790697674354e-01
4.883720930232557933e-01
4.758497316636851604e-01
4.651162790697674354e-01
4.794275491949910317e-01
4.579606440071556372e-01
4.239713774597495544e-01
4.418604651162790775e-01
3.881932021466905081e-01
4.078711985688729946e-01
3.792486583184257465e-01
4.150268336314847928e-01
3.917710196779964349e-01
3.953488372093023062e-01
3.899821109123434715e-01
3.774597495527727831e-01
3.470483005366726270e-01
3.202146690518783423e-01
3.345259391771019941e-01
3.309481216457960673e-01
3.023255813953488191e-01
3.023255813953488191e-01
3.506261180679785538e-01
2.969588550983899844e-01
2.665474060822898283e-01
2.504472271914132131e-01
2.719141323792486631e-01
2.915921288014311497e-01
2.790697674418604612e-01
2.540250447227191399e-01
2.754919499105545344e-01
2.361359570661896168e-01
2.522361359570661765e-01
2.540250447227191399e-01
2.683363148479427363e-01
2.361359570661896168e-01
2.415026833631484793e-01
2.307692307692307820e-01
2.558139534883721034e-01
2.486583184257602774e-01
2.164579606440071580e-01
2.576028622540250668e-01
2.325581395348837177e-01
2.289803220035778186e-01
2.254025044722719195e-01
2.289803220035778186e-01
2.289803220035778186e-01
2.146690518783541946e-01
2.218246869409660205e-01
2.182468694096600936e-01
2.343470483005366811e-01
2.182468694096600936e-01
2.128801431127012589e-01
2.075134168157423964e-01
2.236135957066189561e-01
2.110912343470482955e-01
2.021466905187835339e-01
1.914132379248658367e-01
1.949910554561717357e-01
1.717352415026833501e-01
1.645796064400715519e-01
1.896243291592128732e-01
1.896243291592128732e-01
1.735241502683363135e-01
1.914132379248658367e-01
1.914132379248658367e-01
1.645796064400715519e-01
1.520572450805008913e-01
1.610017889087656529e-01
1.610017889087656529e-01
1.824686940966010751e-01
1.842576028622540385e-01
1.771019677996422126e-01
1.699463327370304144e-01
1.466905187835420288e-01
1.484794275491949922e-01
1.466905187835420288e-01
1.413237924865831940e-01
1.645796064400715519e-01
1.234347048300536709e-01
1.502683363148479556e-01
1.484794275491949922e-01
1.431127012522361297e-01
1.234347048300536709e-01
1.377459749552772672e-01
1.252236135957066065e-01
1.341681574239713681e-01
1.395348837209302306e-01
1.323792486583184325e-01
1.109123434704830102e-01
1.270125223613595700e-01
1.073345259391770973e-01
1.127012522361359598e-01
1.305903398926654690e-01
1.395348837209302306e-01
1.359570661896243315e-01
1.413237924865831940e-01
1.431127012522361297e-01
1.127012522361359598e-01
1.180679785330948084e-01
1.234347048300536709e-01
1.270125223613595700e-01
1.162790697674418589e-01
1.001788908765652991e-01
1.055456171735241477e-01
1.037567084078711982e-01
9.660107334525938616e-02
1.091234347048300468e-01
1.055456171735241477e-01
1.001788908765652991e-01
9.660107334525938616e-02
9.302325581395348708e-02
9.302325581395348708e-02
9.302325581395348708e-02
8.586762075134167504e-02
9.660107334525938616e-02
1.055456171735241477e-01
8.944543828264758800e-02
9.302325581395348708e-02
7.871198568872987689e-02
7.692307692307692735e-02
8.228980322003577597e-02
1.037567084078711982e-01
8.407871198568872551e-02
8.944543828264758800e-02
1.055456171735241477e-01
9.302325581395348708e-02
8.944543828264758800e-02
1.037567084078711982e-01
8.228980322003577597e-02
9.838998211091234958e-02
8.407871198568872551e-02
1.091234347048300468e-01
8.228980322003577597e-02
1.162790697674418589e-01
8.944543828264758800e-02
8.228980322003577597e-02
8.050089445438282643e-02
7.871198568872987689e-02
8.586762075134167504e-02
8.765652951699463846e-02
8.944543828264758800e-02
7.692307692307692735e-02
6.440071556350626669e-02
8.765652951699463846e-02
8.944543828264758800e-02
8.050089445438282643e-02
6.976744186046511531e-02
9.660107334525938616e-02
8.050089445438282643e-02
9.838998211091234958e-02
8.944543828264758800e-02
8.050089445438282643e-02
7.871198568872987689e-02
7.334525939177101439e-02
8.765652951699463846e-02
7.692307692307692735e-02
8.050089445438282643e-02
7.513416815742397781e-02
6.976744186046511531e-02
7.692307692307692735e-02
8.050089445438282643e-02
6.440071556350626669e-02
7.155635062611806485e-02
6.797853309481216577e-02
6.618962432915921623e-02
6.797853309481216577e-02
7.155635062611806485e-02
6.976744186046511531e-02
6.082289803220036067e-02
6.082289803220036067e-02
7.334525939177101439e-02
6.976744186046511531e-02
7.334525939177101439e-02
7.871198568872987689e-02
7.692307692307692735e-02
6.618962432915921623e-02
7.334525939177101439e-02
7.334525939177101439e-02
7.692307692307692735e-02
6.976744186046511531e-02
8.765652951699463846e-02
7.692307692307692735e-02
6.261180679785330327e-02
5.903398926654740420e-02
7.155635062611806485e-02
7.513416815742397781e-02
7.513416815742397781e-02
6.976744186046511531e-02
5.903398926654740420e-02
5.545617173524150512e-02
6.618962432915921623e-02
6.440071556350626669e-02
6.082289803220036067e-02
5.724508050089445466e-02
6.440071556350626669e-02
5.903398926654740420e-02
4.830053667262969308e-02
5.724508050089445466e-02
6.797853309481216577e-02
6.797853309481216577e-02
6.261180679785330327e-02
6.440071556350626669e-02
6.618962432915921623e-02
6.082289803220036067e-02
5.008944543828264956e-02
6.261180679785330327e-02
5.903398926654740420e-02
5.545617173524150512e-02
5.545617173524150512e-02
6.261180679785330327e-02
4.830053667262969308e-02
4.651162790697674354e-02
5.366726296958854864e-02
4.651162790697674354e-02
5.545617173524150512e-02
4.651162790697674354e-02
6.261180679785330327e-02
5.187835420393559910e-02
5.724508050089445466e-02
5.008944543828264956e-02
4.472271914132379400e-02
4.830053667262969308e-02
4.114490161001788798e-02
5.545617173524150512e-02
6.440071556350626669e-02
5.545617173524150512e-02
4.830053667262969308e-02
4.651162790697674354e-02
2.504472271914132478e-02
3.577817531305903243e-02
2.862254025044722733e-02
4.830053667262969308e-02
3.398926654740608289e-02
5.008944543828264956e-02
4.651162790697674354e-02
3.935599284436493844e-02
4.114490161001788798e-02
4.293381037567083752e-02
2.325581395348837177e-02
3.935599284436493844e-02
3.756708407871198890e-02
3.756708407871198890e-02
3.041144901610018034e-02
3.041144901610018034e-02
3.398926654740608289e-02
3.041144901610018034e-02
2.683363148479427432e-02
2.504472271914132478e-02
4.293381037567083752e-02
2.146690518783541876e-02
3.398926654740608289e-02
3.041144901610018034e-02
4.114490161001788798e-02
3.220035778175313335e-02
4.114490161001788798e-02
4.472271914132379400e-02
3.935599284436493844e-02
3.756708407871198890e-02
3.220035778175313335e-02
2.146690518783541876e-02
2.862254025044722733e-02
2.504472271914132478e-02
3.577817531305903243e-02
3.041144901610018034e-02
2.683363148479427432e-02
1.967799642218246922e-02
2.862254025044722733e-02
2.862254025044722733e-02
1.967799642218246922e-02
2.146690518783541876e-02
2.504472271914132478e-02
3.220035778175313335e-02
3.398926654740608289e-02
1.967799642218246922e-02
2.504472271914132478e-02
4.293381037567083752e-02
2.683363148479427432e-02
3.220035778175313335e-02
2.325581395348837177e-02
2.504472271914132478e-02
1.610017889087656667e-02
2.146690518783541876e-02
2.862254025044722733e-02
2.862254025044722733e-02
3.041144901610018034e-02
2.325581395348837177e-02
1.788908765652951621e-02
2.325581395348837177e-02
2.862254025044722733e-02
2.325581395348837177e-02
1.967799642218246922e-02
2.862254025044722733e-02
2.683363148479427432e-02
2.862254025044722733e-02
2.504472271914132478e-02
1.431127012522361366e-02
1.967799642218246922e-02
2.325581395348837177e-02
1.788908765652951621e-02
1.610017889087656667e-02
2.146690518783541876e-02
2.325581395348837177e-02
2.325581395348837177e-02
1.073345259391770938e-02
1.788908765652951621e-02
1.788908765652951621e-02
1.788908765652951621e-02
2.683363148479427432e-02
2.325581395348837177e-02
2.146690518783541876e-02
2.146690518783541876e-02
2.683363148479427432e-02
1.967799642218246922e-02
2.325581395348837177e-02
1.788908765652951621e-02
1.788908765652951621e-02
1.967799642218246922e-02
2.146690518783541876e-02
1.967799642218246922e-02
2.683363148479427432e-02
1.610017889087656667e-02
1.967799642218246922e-02
2.146690518783541876e-02
1.967799642218246922e-02
1.073345259391770938e-02
1.431127012522361366e-02
1.431127012522361366e-02
1.431127012522361366e-02
1.610017889087656667e-02
1.967799642218246922e-02
1.610017889087656667e-02
1.788908765652951621e-02
1.788908765652951621e-02
1.431127012522361366e-02
2.325581395348837177e-02
1.073345259391770938e-02
1.610017889087656667e-02
2.504472271914132478e-02
1.431127012522361366e-02
1.967799642218246922e-02
2.146690518783541876e-02
1.967799642218246922e-02
1.431127012522361366e-02
1.788908765652951621e-02
1.252236135957066239e-02
1.788908765652951621e-02
1.431127012522361366e-02
2.862254025044722733e-02
2.683363148479427432e-02
2.325581395348837177e-02
1.252236135957066239e-02
1.431127012522361366e-02
2.146690518783541876e-02
2.146690518783541876e-02
2.325581395348837177e-02
1.431127012522361366e-02
2.146690518783541876e-02
1.967799642218246922e-02
1.431127012522361366e-02
8.944543828264758106e-03
1.788908765652951621e-02
2.325581395348837177e-02
1.788908765652951621e-02
1.610017889087656667e-02
1.073345259391770938e-02
2.325581395348837177e-02
1.431127012522361366e-02
2.146690518783541876e-02
1.788908765652951621e-02
1.431127012522361366e-02
1.967799642218246922e-02
1.788908765652951621e-02
2.325581395348837177e-02
1.788908765652951621e-02
1.967799642218246922e-02
1.610017889087656667e-02
1.431127012522361366e-02
1.610017889087656667e-02
2.146690518783541876e-02
8.944543828264758106e-03
2.504472271914132478e-02
2.146690518783541876e-02
2.504472271914132478e-02
1.610017889087656667e-02
2.146690518783541876e-02
