1.000000000000000000e+00
9.242603550295858117e-01
9.526627218934911046e-01
9.112426035502958488e-01
9.136094674556213269e-01
9.041420118343195256e-01
9.183431952662721720e-01
8.769230769230769162e-01
9.005917159763313640e-01
8.863905325443787175e-01
9.195266272189349666e-01
8.875739644970414011e-01
9.029585798816568420e-01
8.497041420118343069e-01
8.520710059171597850e-01
8.591715976331361082e-01
8.414201183431953002e-01
8.142011834319526908e-01
8.118343195266272128e-01
8.390532544378698221e-01
8.284023668639053373e-01
8.213017751479290141e-01
8.071005917159763676e-01
8.272189349112426537e-01
8.047337278106508895e-01
8.224852071005916976e-01
8.035502958579882060e-01
8.059171597633135731e-01
8.059171597633135731e-01
7.869822485207100815e-01
7.857988165680472870e-01
7.857988165680472870e-01
7.751479289940828021e-01
7.751479289940828021e-01
7.526627218934911490e-01
7.644970414201183173e-01
7.763313609467455967e-01
7.727810650887574351e-01
7.905325443786982431e-01
7.704142011834319570e-01
7.514792899408283544e-01
7.597633136094674722e-01
7.479289940828401928e-01
7.136094674556212603e-01
7.491124260355029874e-01
7.573964497041419941e-01
7.289940828402367012e-01
7.360946745562130245e-01
7.076923076923077316e-01
7.136094674556212603e-01
7.254437869822485396e-01
7.242603550295857451e-01
7.313609467455621793e-01
7.372781065088757080e-01
7.218934911242603780e-01
7.372781065088757080e-01
7.230769230769230616e-01
7.112426035502958932e-01
7.147928994082840548e-01
7.230769230769230616e-01
6.840236686390532839e-01
7.337278106508875464e-01
7.289940828402367012e-01
7.218934911242603780e-01
7.053254437869822535e-01
7.171597633136094219e-01
6.970414201183432468e-01
7.088757396449704151e-01
6.911242603550296071e-01
6.899408284023668125e-01
7.171597633136094219e-01
7.088757396449704151e-01
6.887573964497041290e-01
7.088757396449704151e-01
6.804733727810651223e-01
6.662721893491124758e-01
6.532544378698225129e-01
6.615384615384615197e-01
6.674556213017751594e-01
6.591715976331360416e-01
6.402366863905325500e-01
6.497041420118343513e-01
6.568047337278106745e-01
6.650887573964496813e-01
6.804733727810651223e-01
6.769230769230769607e-01
6.449704142011833952e-01
6.556213017751478800e-01
6.307692307692307487e-01
6.698224852071006374e-01
6.461538461538461897e-01
6.449704142011833952e-01
6.686390532544378429e-01
6.544378698224851965e-01
6.544378698224851965e-01
6.698224852071006374e-01
6.378698224852070719e-01
6.544378698224851965e-01
6.295857988165680652e-01
6.520710059171597184e-01
6.568047337278106745e-01
6.307692307692307487e-01
6.319526627218935433e-01
6.343195266272189103e-01
6.532544378698225129e-01
6.142011834319526242e-01
6.461538461538461897e-01
6.236686390532544255e-01
6.047337278106509340e-01
6.165680473372781023e-01
6.319526627218935433e-01
6.414201183431952336e-01
6.059171597633136175e-01
6.177514792899407858e-01
6.319526627218935433e-01
6.485207100591715568e-01
6.106508875739644626e-01
6.189349112426035804e-01
5.810650887573964862e-01
5.739644970414201630e-01
5.905325443786981765e-01
5.692307692307692069e-01
5.680473372781065233e-01
5.952662721893491327e-01
5.680473372781065233e-01
5.786982248520710082e-01
5.692307692307692069e-01
5.810650887573964862e-01
5.905325443786981765e-01
5.644970414201183617e-01
5.585798816568047220e-01
5.420118343195265975e-01
5.656804733727810452e-01
5.905325443786981765e-01
5.644970414201183617e-01
5.881656804733728094e-01
5.455621301775147591e-01
5.313609467455621127e-01
5.704142011834320014e-01
5.798816568047336917e-01
5.455621301775147591e-01
5.585798816568047220e-01
5.502958579881657153e-01
5.420118343195265975e-01
5.680473372781065233e-01
5.621301775147928836e-01
5.526627218934910823e-01
5.680473372781065233e-01
5.680473372781065233e-01
5.467455621301775537e-01
5.431952662721893921e-01
5.502958579881657153e-01
5.585798816568047220e-01
5.337278106508875908e-01
5.266272189349112676e-01
5.218934911242603114e-01
5.491124260355029207e-01
5.420118343195265975e-01
5.171597633136094663e-01
5.289940828402366346e-01
5.278106508875739511e-01
5.159763313609467827e-01
5.088757396449704595e-01
5.337278106508875908e-01
5.029585798816568198e-01
5.136094674556213047e-01
5.242603550295857895e-01
5.136094674556213047e-01
5.136094674556213047e-01
5.136094674556213047e-01
5.159763313609467827e-01
4.958579881656804966e-01
4.887573964497041179e-01
4.934911242603550185e-01
4.875739644970414344e-01
4.840236686390532728e-01
4.804733727810651112e-01
4.923076923076923350e-01
4.982248520710059192e-01
4.804733727810651112e-01
4.852071005917159563e-01
4.970414201183431802e-01
4.946745562130177576e-01
4.662721893491124092e-01
4.781065088757396331e-01
4.804733727810651112e-01
4.946745562130177576e-01
4.875739644970414344e-01
4.970414201183431802e-01
4.721893491124260489e-01
4.970414201183431802e-01
4.710059171597633099e-01
5.100591715976331431e-01
4.828402366863905337e-01
4.852071005917159563e-01
4.911242603550295960e-01
4.863905325443786953e-01
4.852071005917159563e-01
5.041420118343195034e-01
4.650887573964497257e-01
4.698224852071005708e-01
4.745562130177514715e-01
4.520710059171597628e-01
4.662721893491124092e-01
4.769230769230769496e-01
4.627218934911242476e-01
4.639053254437869866e-01
4.686390532544378873e-01
4.662721893491124092e-01
4.781065088757396331e-01
4.497041420118343402e-01
4.804733727810651112e-01
4.390532544378697999e-01
4.568047337278106634e-01
4.508875739644970237e-01
4.532544378698225018e-01
4.544378698224851854e-01
4.591715976331360860e-01
4.662721893491124092e-01
4.449704142011834396e-01
4.603550295857988250e-01
4.591715976331360860e-01
4.544378698224851854e-01
4.437869822485207005e-01
4.236686390532544144e-01
4.508875739644970237e-01
4.508875739644970237e-01
4.331360946745562157e-01
4.591715976331360860e-01
4.272189349112425760e-01
4.520710059171597628e-01
4.355029585798816383e-01
4.343195266272189548e-01
4.461538461538461786e-01
4.426035502958579615e-01
4.366863905325443773e-01
4.437869822485207005e-01
4.082840236686390289e-01
4.248520710059171535e-01
4.307692307692307931e-01
4.319526627218934767e-01
4.426035502958579615e-01
4.378698224852071164e-01
4.319526627218934767e-01
4.497041420118343402e-01
4.520710059171597628e-01
4.449704142011834396e-01
4.165680473372780912e-01
4.497041420118343402e-01
4.437869822485207005e-01
4.437869822485207005e-01
4.118343195266272461e-01
4.556213017751479244e-01
4.390532544378697999e-01
4.082840236686390289e-01
4.331360946745562157e-01
4.236686390532544144e-01
4.236686390532544144e-01
4.094674556213017680e-01
4.236686390532544144e-01
4.094674556213017680e-01
3.952662721893491216e-01
4.059171597633136064e-01
3.822485207100591587e-01
4.059171597633136064e-01
4.130177514792899296e-01
4.165680473372780912e-01
4.213017751479289918e-01
3.893491124260354819e-01
4.094674556213017680e-01
4.106508875739645070e-01
4.047337278106508673e-01
3.905325443786982209e-01
4.047337278106508673e-01
3.917159763313609599e-01
3.940828402366863825e-01
3.928994082840236435e-01
3.952662721893491216e-01
3.834319526627218977e-01
3.964497041420118606e-01
3.905325443786982209e-01
4.071005917159763454e-01
3.928994082840236435e-01
4.000000000000000222e-01
3.952662721893491216e-01
3.704142011834319348e-01
3.775147928994082580e-01
3.917159763313609599e-01
3.763313609467455745e-01
3.846153846153846367e-01
3.964497041420118606e-01
3.857988165680473203e-01
3.869822485207100593e-01
3.869822485207100593e-01
3.857988165680473203e-01
3.917159763313609599e-01
4.059171597633136064e-01
3.905325443786982209e-01
3.964497041420118606e-01
3.739644970414200964e-01
3.869822485207100593e-01
3.893491124260354819e-01
4.000000000000000222e-01
3.633136094674556116e-01
3.810650887573964751e-01
3.751479289940828354e-01
3.869822485207100593e-01
3.822485207100591587e-01
3.893491124260354819e-01
3.656804733727810897e-01
3.692307692307692513e-01
3.964497041420118606e-01
3.822485207100591587e-01
3.775147928994082580e-01
3.656804733727810897e-01
3.822485207100591587e-01
3.810650887573964751e-01
3.692307692307692513e-01
3.609467455621301890e-01
3.502958579881657042e-01
3.692307692307692513e-01
3.680473372781065122e-01
3.798816568047337361e-01
3.952662721893491216e-01
3.704142011834319348e-01
3.431952662721893255e-01
3.739644970414200964e-01
3.751479289940828354e-01
3.644970414201183506e-01
3.704142011834319348e-01
3.644970414201183506e-01
3.467455621301774871e-01
3.538461538461538658e-01
3.763313609467455745e-01
3.431952662721893255e-01
3.597633136094674500e-01
3.668639053254437732e-01
3.692307692307692513e-01
3.526627218934911268e-01
3.467455621301774871e-01
3.526627218934911268e-01
3.455621301775148035e-01
3.656804733727810897e-01
3.538461538461538658e-01
3.573964497041420274e-01
3.526627218934911268e-01
3.597633136094674500e-01
3.443786982248520645e-01
3.514792899408283877e-01
3.420118343195266419e-01
3.372781065088757413e-01
3.360946745562130022e-01
3.337278106508875797e-01
3.668639053254437732e-01
3.372781065088757413e-01
3.325443786982248406e-01
3.325443786982248406e-01
3.408284023668639029e-01
3.242603550295857784e-01
3.360946745562130022e-01
3.455621301775148035e-01
3.408284023668639029e-01
3.183431952662721942e-01
3.301775147928994181e-01
3.491124260355029651e-01
3.254437869822485174e-01
3.254437869822485174e-01
3.479289940828402261e-01
3.218934911242603558e-01
3.218934911242603558e-01
3.396449704142011639e-01
3.218934911242603558e-01
3.171597633136094552e-01
3.136094674556212936e-01
3.349112426035503187e-01
3.254437869822485174e-01
3.254437869822485174e-01
3.230769230769230949e-01
3.289940828402366790e-01
3.076923076923077094e-01
3.266272189349112565e-01
3.076923076923077094e-01
3.159763313609467716e-01
3.171597633136094552e-01
3.171597633136094552e-01
3.443786982248520645e-01
3.112426035502958710e-01
3.136094674556212936e-01
3.195266272189349332e-01
3.396449704142011639e-01
3.218934911242603558e-01
3.136094674556212936e-01
3.301775147928994181e-01
3.349112426035503187e-01
3.278106508875739400e-01
3.112426035502958710e-01
3.325443786982248406e-01
3.195266272189349332e-01
3.195266272189349332e-01
3.278106508875739400e-01
3.278106508875739400e-01
