1.000000000000000000e+00
6.330275229357797961e-01
7.247706422018348471e-01
7.064220183486238369e-01
7.247706422018348471e-01
6.055045871559633364e-01
6.513761467889908063e-01
5.871559633027523262e-01
6.513761467889908063e-01
5.779816513761467656e-01
6.055045871559633364e-01
5.779816513761467656e-01
6.055045871559633364e-01
6.788990825688073771e-01
6.055045871559633364e-01
6.513761467889908063e-01
4.495412844036697497e-01
4.770642201834862650e-01
5.412844036697247452e-01
5.688073394495413160e-01
6.146788990825687859e-01
4.587155963302752548e-01
5.045871559633027248e-01
5.229357798165137350e-01
4.954128440366972752e-01
4.587155963302752548e-01
5.137614678899082854e-01
5.229357798165137350e-01
4.311926605504587395e-01
5.045871559633027248e-01
4.862385321100917701e-01
3.944954128440367191e-01
4.587155963302752548e-01
4.495412844036697497e-01
3.761467889908257090e-01
4.311926605504587395e-01
4.587155963302752548e-01
4.220183486238532344e-01
4.862385321100917701e-01
4.128440366972477293e-01
4.678899082568807599e-01
4.128440366972477293e-01
4.403669724770642446e-01
4.495412844036697497e-01
4.036697247706422242e-01
4.128440366972477293e-01
4.495412844036697497e-01
4.220183486238532344e-01
3.761467889908257090e-01
3.669724770642202039e-01
3.486238532110091937e-01
3.486238532110091937e-01
4.495412844036697497e-01
4.311926605504587395e-01
4.587155963302752548e-01
4.311926605504587395e-01
3.577981651376146988e-01
4.220183486238532344e-01
3.669724770642202039e-01
3.486238532110091937e-01
4.862385321100917701e-01
3.669724770642202039e-01
3.577981651376146988e-01
2.935779816513761631e-01
3.302752293577981835e-01
3.302752293577981835e-01
3.119266055045871733e-01
3.944954128440367191e-01
3.394495412844036886e-01
4.128440366972477293e-01
3.853211009174312141e-01
3.944954128440367191e-01
3.486238532110091937e-01
3.669724770642202039e-01
2.935779816513761631e-01
3.761467889908257090e-01
3.211009174311926784e-01
3.486238532110091937e-01
4.128440366972477293e-01
3.761467889908257090e-01
3.119266055045871733e-01
3.486238532110091937e-01
3.577981651376146988e-01
2.935779816513761631e-01
3.853211009174312141e-01
3.761467889908257090e-01
4.311926605504587395e-01
3.394495412844036886e-01
3.853211009174312141e-01
2.844036697247706580e-01
2.935779816513761631e-01
2.752293577981651529e-01
3.302752293577981835e-01
3.211009174311926784e-01
3.211009174311926784e-01
3.302752293577981835e-01
3.027522935779816682e-01
3.211009174311926784e-01
3.302752293577981835e-01
3.302752293577981835e-01
3.027522935779816682e-01
3.119266055045871733e-01
3.211009174311926784e-01
3.027522935779816682e-01
2.018348623853211121e-01
2.293577981651376274e-01
2.935779816513761631e-01
2.568807339449541427e-01
2.385321100917431325e-01
2.568807339449541427e-01
2.110091743119266172e-01
3.119266055045871733e-01
3.027522935779816682e-01
2.018348623853211121e-01
2.293577981651376274e-01
2.752293577981651529e-01
2.660550458715596478e-01
2.385321100917431325e-01
2.752293577981651529e-01
2.477064220183486376e-01
3.119266055045871733e-01
1.834862385321101019e-01
2.018348623853211121e-01
2.018348623853211121e-01
2.110091743119266172e-01
1.834862385321101019e-01
2.385321100917431325e-01
2.293577981651376274e-01
2.018348623853211121e-01
2.201834862385321223e-01
2.293577981651376274e-01
2.568807339449541427e-01
2.293577981651376274e-01
2.110091743119266172e-01
2.201834862385321223e-01
2.110091743119266172e-01
2.568807339449541427e-01
2.477064220183486376e-01
2.568807339449541427e-01
2.018348623853211121e-01
2.568807339449541427e-01
2.293577981651376274e-01
2.568807339449541427e-01
2.477064220183486376e-01
2.018348623853211121e-01
2.110091743119266172e-01
2.477064220183486376e-01
1.559633027522935866e-01
2.018348623853211121e-01
2.293577981651376274e-01
2.018348623853211121e-01
1.834862385321101019e-01
1.834862385321101019e-01
1.651376146788990917e-01
1.376146788990825764e-01
1.651376146788990917e-01
1.559633027522935866e-01
1.926605504587156070e-01
2.018348623853211121e-01
1.651376146788990917e-01
1.926605504587156070e-01
2.293577981651376274e-01
2.110091743119266172e-01
1.926605504587156070e-01
1.559633027522935866e-01
1.651376146788990917e-01
1.376146788990825764e-01
1.926605504587156070e-01
1.192660550458715663e-01
1.467889908256880815e-01
1.284403669724770714e-01
1.376146788990825764e-01
1.284403669724770714e-01
1.467889908256880815e-01
1.376146788990825764e-01
1.467889908256880815e-01
1.559633027522935866e-01
1.192660550458715663e-01
1.467889908256880815e-01
1.743119266055045968e-01
1.467889908256880815e-01
1.559633027522935866e-01
1.467889908256880815e-01
1.284403669724770714e-01
1.559633027522935866e-01
1.467889908256880815e-01
1.284403669724770714e-01
1.834862385321101019e-01
2.110091743119266172e-01
1.559633027522935866e-01
1.284403669724770714e-01
1.834862385321101019e-01
1.834862385321101019e-01
1.559633027522935866e-01
1.559633027522935866e-01
1.651376146788990917e-01
1.559633027522935866e-01
1.743119266055045968e-01
2.110091743119266172e-01
1.559633027522935866e-01
1.376146788990825764e-01
1.100917431192660612e-01
1.284403669724770714e-01
1.284403669724770714e-01
9.174311926605505096e-02
1.192660550458715663e-01
1.009174311926605561e-01
1.284403669724770714e-01
1.009174311926605561e-01
1.192660550458715663e-01
1.192660550458715663e-01
1.009174311926605561e-01
1.284403669724770714e-01
1.376146788990825764e-01
1.100917431192660612e-01
1.192660550458715663e-01
1.009174311926605561e-01
1.192660550458715663e-01
1.284403669724770714e-01
1.284403669724770714e-01
1.376146788990825764e-01
1.467889908256880815e-01
1.284403669724770714e-01
1.467889908256880815e-01
8.256880733944954587e-02
1.100917431192660612e-01
1.376146788990825764e-01
1.009174311926605561e-01
1.100917431192660612e-01
1.192660550458715663e-01
1.192660550458715663e-01
1.100917431192660612e-01
1.009174311926605561e-01
9.174311926605505096e-02
9.174311926605505096e-02
6.422018348623853568e-02
5.504587155963303058e-02
9.174311926605505096e-02
1.284403669724770714e-01
9.174311926605505096e-02
1.100917431192660612e-01
1.192660550458715663e-01
1.376146788990825764e-01
8.256880733944954587e-02
1.284403669724770714e-01
1.467889908256880815e-01
1.192660550458715663e-01
1.100917431192660612e-01
1.009174311926605561e-01
1.192660550458715663e-01
1.100917431192660612e-01
1.100917431192660612e-01
1.192660550458715663e-01
1.284403669724770714e-01
1.009174311926605561e-01
1.009174311926605561e-01
5.504587155963303058e-02
7.339449541284404077e-02
8.256880733944954587e-02
1.009174311926605561e-01
1.100917431192660612e-01
1.100917431192660612e-01
1.284403669724770714e-01
8.256880733944954587e-02
1.192660550458715663e-01
1.284403669724770714e-01
1.009174311926605561e-01
1.009174311926605561e-01
1.192660550458715663e-01
1.009174311926605561e-01
1.559633027522935866e-01
8.256880733944954587e-02
7.339449541284404077e-02
1.009174311926605561e-01
1.284403669724770714e-01
9.174311926605505096e-02
8.256880733944954587e-02
1.192660550458715663e-01
1.009174311926605561e-01
1.100917431192660612e-01
1.284403669724770714e-01
1.100917431192660612e-01
1.100917431192660612e-01
9.174311926605505096e-02
1.009174311926605561e-01
1.284403669724770714e-01
1.651376146788990917e-01
1.009174311926605561e-01
1.192660550458715663e-01
1.192660550458715663e-01
7.339449541284404077e-02
1.100917431192660612e-01
9.174311926605505096e-02
7.339449541284404077e-02
1.100917431192660612e-01
9.174311926605505096e-02
1.009174311926605561e-01
1.376146788990825764e-01
1.009174311926605561e-01
9.174311926605505096e-02
1.100917431192660612e-01
1.467889908256880815e-01
9.174311926605505096e-02
1.192660550458715663e-01
8.256880733944954587e-02
1.192660550458715663e-01
1.467889908256880815e-01
1.009174311926605561e-01
1.100917431192660612e-01
1.009174311926605561e-01
8.256880733944954587e-02
7.339449541284404077e-02
9.174311926605505096e-02
1.284403669724770714e-01
8.256880733944954587e-02
1.100917431192660612e-01
8.256880733944954587e-02
6.422018348623853568e-02
9.174311926605505096e-02
7.339449541284404077e-02
4.587155963302752548e-02
6.422018348623853568e-02
6.422018348623853568e-02
1.100917431192660612e-01
7.339449541284404077e-02
7.339449541284404077e-02
9.174311926605505096e-02
6.422018348623853568e-02
1.009174311926605561e-01
5.504587155963303058e-02
9.174311926605505096e-02
3.669724770642202039e-02
4.587155963302752548e-02
7.339449541284404077e-02
5.504587155963303058e-02
6.422018348623853568e-02
5.504587155963303058e-02
5.504587155963303058e-02
2.752293577981651529e-02
1.834862385321101019e-02
2.752293577981651529e-02
4.587155963302752548e-02
2.752293577981651529e-02
1.834862385321101019e-02
4.587155963302752548e-02
1.834862385321101019e-02
4.587155963302752548e-02
3.669724770642202039e-02
3.669724770642202039e-02
3.669724770642202039e-02
3.669724770642202039e-02
3.669724770642202039e-02
4.587155963302752548e-02
6.422018348623853568e-02
2.752293577981651529e-02
6.422018348623853568e-02
7.339449541284404077e-02
6.422018348623853568e-02
4.587155963302752548e-02
6.422018348623853568e-02
5.504587155963303058e-02
7.339449541284404077e-02
5.504587155963303058e-02
3.669724770642202039e-02
2.752293577981651529e-02
1.834862385321101019e-02
4.587155963302752548e-02
6.422018348623853568e-02
4.587155963302752548e-02
4.587155963302752548e-02
6.422018348623853568e-02
2.752293577981651529e-02
6.422018348623853568e-02
5.504587155963303058e-02
3.669724770642202039e-02
5.504587155963303058e-02
5.504587155963303058e-02
5.504587155963303058e-02
5.504587155963303058e-02
6.422018348623853568e-02
9.174311926605505096e-02
6.422018348623853568e-02
1.009174311926605561e-01
4.587155963302752548e-02
3.669724770642202039e-02
8.256880733944954587e-02
7.339449541284404077e-02
4.587155963302752548e-02
6.422018348623853568e-02
4.587155963302752548e-02
3.669724770642202039e-02
1.834862385321101019e-02
4.587155963302752548e-02
7.339449541284404077e-02
4.587155963302752548e-02
7.339449541284404077e-02
6.422018348623853568e-02
7.339449541284404077e-02
7.339449541284404077e-02
7.339449541284404077e-02
7.339449541284404077e-02
