1.000000000000000000e+00
8.498622589531680260e-01
8.615702479338842590e-01
8.119834710743801809e-01
8.126721763085399397e-01
7.920110192837465091e-01
7.871900826446280863e-01
7.679063360881542843e-01
7.851239669421488099e-01
7.575757575757575690e-01
7.348484848484848619e-01
7.293388429752065694e-01
7.403581267217630435e-01
7.272727272727272929e-01
7.155647382920110600e-01
6.969696969696970168e-01
6.942148760330578705e-01
7.155647382920110600e-01
6.825068870523416376e-01
6.673553719008264995e-01
6.549586776859503967e-01
6.549586776859503967e-01
6.143250688705234053e-01
6.039944903581266900e-01
6.280991735537190257e-01
5.971074380165288797e-01
5.964187327823691209e-01
6.184573002754820692e-01
5.998622589531680260e-01
5.977961432506887496e-01
5.847107438016528880e-01
5.785123966942148366e-01
5.606060606060605522e-01
5.626721763085399397e-01
5.550964187327823707e-01
5.606060606060605522e-01
5.482093663911845605e-01
5.385674931129476040e-01
5.323691460055096636e-01
5.096418732782369565e-01
5.247933884297520946e-01
5.185950413223140432e-01
5.055096418732781816e-01
5.213498622589531895e-01
5.103305785123967153e-01
5.082644628099173278e-01
5.117079889807162330e-01
5.020661157024793875e-01
4.848484848484848619e-01
4.793388429752066249e-01
4.820936639118457157e-01
4.924242424242424310e-01
4.545454545454545303e-01
4.724517906336088147e-01
4.552341597796143446e-01
4.524793388429751984e-01
4.400826446280991511e-01
4.297520661157024913e-01
4.442148760330578705e-01
4.187327823691460171e-01
4.263085399449035862e-01
4.366391184573003015e-01
4.132231404958677801e-01
4.070247933884297287e-01
4.139118457300275389e-01
4.090909090909091161e-01
3.925619834710744049e-01
3.794765840220385433e-01
3.932506887052341638e-01
3.987603305785124008e-01
3.746556473829201206e-01
3.829201101928374484e-01
3.877410468319559267e-01
3.918732782369145906e-01
3.794765840220385433e-01
3.767217630853994526e-01
3.780991735537190257e-01
3.829201101928374484e-01
3.725895316804407886e-01
3.588154269972451682e-01
3.512396694214875992e-01
3.519283746556473580e-01
3.560606060606060774e-01
3.595041322314049825e-01
3.484848484848485084e-01
3.360881542699724611e-01
3.477961432506886941e-01
3.608815426997245002e-01
3.326446280991735560e-01
3.402203856749311250e-01
3.353994490358126468e-01
3.333333333333333148e-01
3.016528925619834656e-01
3.202479338842975087e-01
3.278236914600550778e-01
3.154269972451790860e-01
3.181818181818181768e-01
3.257575757575757458e-01
3.002754820936638924e-01
3.064738292011019438e-01
2.961432506887052285e-01
3.050964187327823707e-01
3.016528925619834656e-01
2.947658402203856554e-01
2.961432506887052285e-01
3.092286501377410346e-01
3.009641873278237068e-01
3.037190082644627975e-01
3.147382920110192717e-01
2.844352617079889955e-01
3.030303030303030387e-01
2.885674931129476595e-01
3.030303030303030387e-01
2.685950413223140432e-01
2.699724517906336163e-01
2.782369146005509442e-01
2.747933884297520390e-01
2.865013774104683275e-01
2.761707988980716122e-01
2.582644628099173278e-01
2.644628099173553792e-01
2.568870523415978102e-01
2.665289256198347112e-01
2.610192837465564741e-01
2.555096418732782371e-01
2.685950413223140432e-01
2.596418732782369010e-01
2.617079889807162330e-01
2.555096418732782371e-01
2.382920110192837393e-01
2.500000000000000000e-01
2.506887052341597588e-01
2.431129476584022175e-01
2.561983471074379959e-01
2.548209366391184783e-01
2.403581267217630990e-01
2.506887052341597588e-01
2.341597796143250754e-01
2.451790633608815495e-01
2.438016528925619764e-01
2.362258953168044073e-01
2.417355371900826444e-01
2.438016528925619764e-01
2.327823691460055022e-01
2.134986225895316725e-01
2.334710743801652888e-01
2.265840220385675063e-01
2.176308539944903642e-01
2.252066115702479332e-01
2.128099173553719137e-01
1.997245179063360798e-01
2.073002754820936766e-01
2.107438016528925540e-01
2.169421487603305776e-01
2.017906336088154395e-01
2.128099173553719137e-01
1.976584022038567479e-01
2.045454545454545581e-01
1.976584022038567479e-01
1.976584022038567479e-01
1.962809917355372025e-01
1.900826446280991788e-01
1.893939393939393923e-01
1.969696969696969613e-01
1.707988980716253491e-01
1.962809917355372025e-01
1.942148760330578428e-01
1.825068870523416098e-01
1.866391184573002737e-01
1.845730027548209418e-01
1.742424242424242542e-01
1.900826446280991788e-01
1.769972451790633727e-01
1.838842975206611552e-01
1.825068870523416098e-01
1.831955922865013686e-01
1.756198347107437996e-01
1.845730027548209418e-01
1.763085399449035862e-01
1.687327823691460171e-01
1.756198347107437996e-01
1.707988980716253491e-01
1.797520661157024913e-01
1.756198347107437996e-01
1.618457300275482069e-01
1.735537190082644676e-01
1.632231404958677801e-01
1.570247933884297564e-01
1.646005509641873255e-01
1.535812672176308513e-01
1.680440771349862306e-01
1.542699724517906379e-01
1.542699724517906379e-01
1.535812672176308513e-01
1.577134986225895430e-01
1.446280991735537091e-01
1.501377410468319462e-01
1.466942148760330689e-01
1.563360881542699699e-01
1.460055096418732823e-01
1.542699724517906379e-01
1.611570247933884203e-01
1.453168044077134957e-01
1.522038567493113059e-01
1.556473829201101833e-01
1.404958677685950452e-01
1.494490358126721874e-01
1.432506887052341638e-01
1.528925619834710647e-01
1.508264462809917328e-01
1.508264462809917328e-01
1.466942148760330689e-01
1.391184573002754721e-01
1.460055096418732823e-01
1.391184573002754721e-01
1.418732782369145906e-01
1.370523415977961401e-01
1.287878787878787845e-01
1.315426997245179030e-01
1.391184573002754721e-01
1.356749311294765947e-01
1.418732782369145906e-01
1.308539944903581165e-01
1.301652892561983577e-01
1.336088154269972350e-01
1.287878787878787845e-01
1.294765840220385711e-01
1.260330578512396660e-01
1.198347107438016562e-01
1.170798898071625377e-01
1.150137741046831918e-01
1.157024793388429784e-01
1.219008264462809882e-01
1.115702479338843006e-01
1.177685950413223104e-01
1.198347107438016562e-01
1.225895316804407748e-01
1.157024793388429784e-01
1.088154269972451821e-01
1.198347107438016562e-01
1.163911845730027511e-01
1.225895316804407748e-01
1.157024793388429784e-01
1.067493112947658362e-01
1.095041322314049548e-01
1.012396694214875992e-01
1.012396694214875992e-01
1.198347107438016562e-01
1.150137741046831918e-01
1.074380165289256228e-01
1.129476584022038599e-01
1.012396694214875992e-01
1.101928374655647414e-01
1.101928374655647414e-01
1.060606060606060635e-01
1.108815426997245140e-01
1.053719008264462770e-01
1.170798898071625377e-01
1.198347107438016562e-01
1.205234159779614289e-01
1.177685950413223104e-01
1.046831955922865043e-01
1.067493112947658362e-01
1.019283746556473857e-01
9.848484848484848064e-02
1.081267217630853955e-01
1.067493112947658362e-01
9.504132231404958941e-02
9.917355371900826722e-02
1.046831955922865043e-01
9.366391184573003015e-02
9.779614325068870795e-02
9.779614325068870795e-02
1.012396694214875992e-01
1.012396694214875992e-01
1.053719008264462770e-01
9.573002754820936211e-02
9.917355371900826722e-02
9.641873278236914868e-02
8.884297520661156577e-02
9.641873278236914868e-02
9.090909090909091161e-02
9.504132231404958941e-02
9.159779614325068431e-02
8.333333333333332871e-02
8.884297520661156577e-02
9.090909090909091161e-02
8.953168044077135235e-02
8.815426997245179308e-02
8.333333333333332871e-02
8.057851239669421017e-02
9.297520661157024358e-02
8.539944903581267455e-02
7.851239669421487821e-02
8.333333333333332871e-02
8.195592286501376944e-02
7.851239669421487821e-02
7.988980716253443748e-02
8.126721763085399675e-02
8.195592286501376944e-02
8.195592286501376944e-02
7.988980716253443748e-02
8.264462809917355601e-02
8.402203856749311528e-02
8.608815426997244724e-02
8.264462809917355601e-02
8.746556473829200651e-02
8.677685950413223381e-02
7.851239669421487821e-02
8.126721763085399675e-02
7.920110192837465091e-02
8.126721763085399675e-02
6.955922865013773604e-02
7.506887052341597311e-02
7.851239669421487821e-02
7.920110192837465091e-02
7.644628099173553237e-02
7.438016528925620041e-02
7.644628099173553237e-02
7.920110192837465091e-02
7.162534435261708188e-02
7.162534435261708188e-02
7.575757575757575968e-02
7.300275482093664114e-02
7.988980716253443748e-02
7.438016528925620041e-02
6.611570247933884481e-02
6.473829201101928554e-02
6.955922865013773604e-02
6.198347107438016701e-02
7.369146005509641384e-02
6.611570247933884481e-02
6.129476584022038738e-02
6.611570247933884481e-02
7.093663911845729531e-02
7.024793388429752261e-02
7.438016528925620041e-02
6.680440771349861750e-02
6.887052341597796334e-02
7.300275482093664114e-02
7.093663911845729531e-02
7.024793388429752261e-02
5.647382920110192994e-02
5.647382920110192994e-02
6.611570247933884481e-02
5.647382920110192994e-02
6.749311294765840408e-02
6.887052341597796334e-02
6.818181818181817677e-02
6.611570247933884481e-02
6.542699724517905824e-02
5.991735537190082811e-02
7.024793388429752261e-02
6.955922865013773604e-02
6.473829201101928554e-02
6.060606060606060774e-02
5.853994490358126884e-02
6.749311294765840408e-02
6.955922865013773604e-02
6.955922865013773604e-02
6.473829201101928554e-02
6.129476584022038738e-02
6.611570247933884481e-02
6.198347107438016701e-02
6.473829201101928554e-02
6.336088154269972628e-02
5.991735537190082811e-02
5.853994490358126884e-02
6.404958677685949897e-02
6.473829201101928554e-02
5.991735537190082811e-02
6.542699724517905824e-02
6.473829201101928554e-02
6.060606060606060774e-02
6.542699724517905824e-02
5.716253443526170958e-02
7.024793388429752261e-02
7.231404958677685457e-02
6.060606060606060774e-02
6.611570247933884481e-02
6.404958677685949897e-02
6.267217630853993970e-02
5.991735537190082811e-02
6.749311294765840408e-02
6.198347107438016701e-02
6.404958677685949897e-02
6.611570247933884481e-02
5.578512396694215031e-02
6.404958677685949897e-02
6.611570247933884481e-02
6.887052341597796334e-02
6.749311294765840408e-02
6.060606060606060774e-02
6.060606060606060774e-02
5.716253443526170958e-02
5.371900826446281141e-02
5.922865013774104848e-02
6.060606060606060774e-02
5.853994490358126884e-02
5.991735537190082811e-02
5.922865013774104848e-02
