1.000000000000000000e+00
8.537886872998933230e-01
8.649946638207043348e-01
8.340448239060832547e-01
8.100320170757737692e-01
7.694770544290288061e-01
7.790821771611525781e-01
7.678762006403415663e-01
7.454642475987193206e-01
7.438633938100319698e-01
7.385272145144077260e-01
7.075773745997865349e-01
7.022411953041621802e-01
7.145144076840982406e-01
6.782283884738526947e-01
6.675560298826040961e-01
6.536819637139807959e-01
6.435432230522946107e-01
6.334044823906083144e-01
6.211312700106723650e-01
6.259338313767343065e-01
6.515474919957310318e-01
6.051227321237994117e-01
6.056563500533618249e-01
6.157950907150480102e-01
5.955176093916755287e-01
5.944503735325507021e-01
5.923159018143009380e-01
5.832443970117395793e-01
5.688367129135538658e-01
5.346851654215581950e-01
5.747065101387406338e-01
5.528281750266809125e-01
5.522945570971184992e-01
5.501600853788687351e-01
5.421558164354322029e-01
5.250800426894343120e-01
5.106723585912487096e-01
5.341515474919957818e-01
4.743863393810032192e-01
4.882604055496264639e-01
4.882604055496264639e-01
4.967982924226254093e-01
4.754535752401280457e-01
4.658484525080042737e-01
4.679829242262539823e-01
4.578441835645677971e-01
4.567769477054429150e-01
4.482390608324439696e-01
4.493062966915688516e-01
4.605122732123799190e-01
4.450373532550693789e-01
4.461045891141942610e-01
4.359658484525080202e-01
4.188900747065101293e-01
4.183564567769477160e-01
4.300960512273212522e-01
4.295624332977587834e-01
4.194236926360725981e-01
4.114194236926360659e-01
4.188900747065101293e-01
3.895410885805762891e-01
3.783351120597652217e-01
3.772678762006403397e-01
3.948772678762006438e-01
3.858057630736392851e-01
3.692636072572038630e-01
3.815368196371398124e-01
3.767342582710779264e-01
3.708644610458911584e-01
3.612593383137673309e-01
3.676627534685165677e-01
3.393810032017075540e-01
3.708644610458911584e-01
3.633938100320170950e-01
3.729989327641408670e-01
3.479188900747064994e-01
3.516542155816435589e-01
3.473852721451440861e-01
3.457844183564567908e-01
3.415154749199573181e-01
3.340448239060832547e-01
3.436499466382070267e-01
3.351120597652081368e-01
3.276414087513340179e-01
3.303094983991461953e-01
3.239060832443970139e-01
3.281750266808964867e-01
3.292422625400213687e-01
3.244397011739594272e-01
3.255069370330843093e-01
3.191035218783351279e-01
3.196371398078975412e-01
3.228388473852721319e-01
3.159018143009605373e-01
2.945570971184631737e-01
3.078975453575240051e-01
3.078975453575240051e-01
3.046958377801494144e-01
2.993596584845250597e-01
2.908217716115261697e-01
2.950907150480255869e-01
3.094983991462113004e-01
2.817502668089647555e-01
2.870864461045891103e-01
3.036286019210245324e-01
2.929562433297758783e-01
2.844183564567769329e-01
2.806830309498399290e-01
2.897545357524012877e-01
2.689434364994663929e-01
2.673425827107790975e-01
2.534685165421557973e-01
2.598719316969050341e-01
2.684098185699039241e-01
2.620064034151547427e-01
2.641408751334045069e-01
2.662753468516542155e-01
2.662753468516542155e-01
2.486659551760939113e-01
2.529348986125933840e-01
2.630736392742796248e-01
2.556029882604055614e-01
2.497331910352187934e-01
2.433297758804695843e-01
2.508004268943436754e-01
2.524012806830309708e-01
2.443970117395944386e-01
2.353255069370330799e-01
2.363927427961579619e-01
2.491995731056563523e-01
2.251867662753468391e-01
2.363927427961579619e-01
2.321237993596584892e-01
2.278548559231590165e-01
2.449306296691568796e-01
2.363927427961579619e-01
2.331910352187833435e-01
2.219850586979722484e-01
2.209178228388473941e-01
2.278548559231590165e-01
2.193169690501600988e-01
2.166488794023479214e-01
2.246531483457844258e-01
2.113127001067235944e-01
2.257203842049092801e-01
2.187833511205976578e-01
2.118463180362860077e-01
2.193169690501600988e-01
2.273212379935965755e-01
2.091782283884738580e-01
2.081109925293489760e-01
2.129135538954108897e-01
2.155816435432230393e-01
2.209178228388473941e-01
2.129135538954108897e-01
1.979722518676627629e-01
2.011739594450373536e-01
2.166488794023479214e-01
2.118463180362860077e-01
2.139807897545357440e-01
2.065101387406616806e-01
2.145144076840981850e-01
2.038420490928495310e-01
2.049092849519743853e-01
1.969050160085378809e-01
1.931696905016008492e-01
1.915688367129135539e-01
2.065101387406616806e-01
2.038420490928495310e-01
1.974386339381003219e-01
1.985058697972251762e-01
2.033084311632870900e-01
1.953041622198505856e-01
1.990394877267876172e-01
1.947705442902881445e-01
1.835645677694770495e-01
1.974386339381003219e-01
1.846318036286019315e-01
1.867662753468516679e-01
1.910352187833511128e-01
1.840981856990394905e-01
1.990394877267876172e-01
1.953041622198505856e-01
1.937033084311632902e-01
1.835645677694770495e-01
1.905016008537886996e-01
1.942369263607257313e-01
1.830309498399146084e-01
1.766275346851654271e-01
1.867662753468516679e-01
1.894343649946638175e-01
1.931696905016008492e-01
1.894343649946638175e-01
1.830309498399146084e-01
1.792956243329775767e-01
1.835645677694770495e-01
1.937033084311632902e-01
1.883671291355389632e-01
1.750266808964781318e-01
1.926360725720384082e-01
1.867662753468516679e-01
1.760939167556029861e-01
1.840981856990394905e-01
1.840981856990394905e-01
1.798292422625400178e-01
1.851654215581643448e-01
1.814300960512273131e-01
1.718249733191035133e-01
1.696905016008537770e-01
1.696905016008537770e-01
1.691568836712913637e-01
1.696905016008537770e-01
1.707577374599786590e-01
1.622198505869797136e-01
1.702241195304162180e-01
1.728922091782283954e-01
1.552828175026680912e-01
1.574172892209178276e-01
1.739594450373532497e-01
1.675560298826040684e-01
1.643543223052294500e-01
1.702241195304162180e-01
1.515474919957310596e-01
1.552828175026680912e-01
1.526147278548559139e-01
1.510138740661686185e-01
1.483457844183564689e-01
1.552828175026680912e-01
1.547491995731056502e-01
1.483457844183564689e-01
1.558164354322305323e-01
1.616862326574173003e-01
1.526147278548559139e-01
1.494130202774813232e-01
1.531483457844183549e-01
1.483457844183564689e-01
1.483457844183564689e-01
1.494130202774813232e-01
1.440768409818569962e-01
1.451440768409818505e-01
1.531483457844183549e-01
1.547491995731056502e-01
1.350053361792956375e-01
1.392742796157950824e-01
1.435432230522945551e-01
1.520811099252935006e-01
1.424759871931697008e-01
1.435432230522945551e-01
1.478121664887940279e-01
1.488794023479188822e-01
1.414087513340448188e-01
1.302027748132337237e-01
1.419423692636072598e-01
1.398078975453575234e-01
1.414087513340448188e-01
1.387406616862326691e-01
1.472785485592315868e-01
1.510138740661686185e-01
1.334044823906083144e-01
1.371398078975453461e-01
1.542155816435432092e-01
1.456776947705442915e-01
1.430096051227321141e-01
1.446104589114194372e-01
1.392742796157950824e-01
1.344717182497331964e-01
1.360725720384204918e-01
1.270010672358591330e-01
1.286019210245464284e-01
1.366061899679829328e-01
1.350053361792956375e-01
1.307363927427961647e-01
1.280683030949839873e-01
1.291355389541088694e-01
1.355389541088580507e-01
1.302027748132337237e-01
1.270010672358591330e-01
1.312700106723585780e-01
1.318036286019210190e-01
1.275346851654215463e-01
1.232657417289220875e-01
1.173959445037353194e-01
1.184631803628601876e-01
1.323372465314834601e-01
1.221985058697972193e-01
1.254002134471718377e-01
1.259338313767342510e-01
1.195304162219850558e-01
1.254002134471718377e-01
1.286019210245464284e-01
1.125933831376734195e-01
1.141942369263607288e-01
1.125933831376734195e-01
1.211312700106723650e-01
1.200640341515474968e-01
1.195304162219850558e-01
1.125933831376734195e-01
1.131270010672358606e-01
1.179295624332977604e-01
1.147278548559231559e-01
1.136606189967982877e-01
1.200640341515474968e-01
1.157950907150480241e-01
1.136606189967982877e-01
1.147278548559231559e-01
1.088580576307363879e-01
1.061899679829242243e-01
1.125933831376734195e-01
1.189967982924226286e-01
1.109925293489861242e-01
1.061899679829242243e-01
1.088580576307363879e-01
1.088580576307363879e-01
1.051227321237993562e-01
1.120597652081109924e-01
1.051227321237993562e-01
1.136606189967982877e-01
1.019210245464247655e-01
1.141942369263607288e-01
1.056563500533617972e-01
1.061899679829242243e-01
9.818569903948771993e-02
1.093916755602988289e-01
1.008537886872998973e-01
1.013874066168623245e-01
9.445037353255068824e-02
9.231590181430096576e-02
9.658484525080042460e-02
1.056563500533617972e-01
1.061899679829242243e-01
9.605122732123799745e-02
9.551760939167555642e-02
1.040554962646744880e-01
1.040554962646744880e-01
9.871931696905016096e-02
1.040554962646744880e-01
9.498399146211312927e-02
9.871931696905016096e-02
1.008537886872998973e-01
1.024546424759871927e-01
1.115261472785485652e-01
9.711846318036286563e-02
9.605122732123799745e-02
9.978655282817502914e-02
9.658484525080042460e-02
1.003201707577374563e-01
9.978655282817502914e-02
9.871931696905016096e-02
1.003201707577374563e-01
9.765208110992529278e-02
9.391675560298826109e-02
9.178228388473852473e-02
9.765208110992529278e-02
9.445037353255068824e-02
8.537886872998932952e-02
9.711846318036286563e-02
9.871931696905016096e-02
9.658484525080042460e-02
1.003201707577374563e-01
9.124866595517609758e-02
9.391675560298826109e-02
9.551760939167555642e-02
8.964781216648878837e-02
9.018143009605122939e-02
8.697972251867662485e-02
8.591248665955175667e-02
8.431163287086446134e-02
8.591248665955175667e-02
8.431163287086446134e-02
8.431163287086446134e-02
8.697972251867662485e-02
8.858057630736393406e-02
8.164354322305229783e-02
8.697972251867662485e-02
9.018143009605122939e-02
8.110992529348985680e-02
7.844183564567769329e-02
8.110992529348985680e-02
9.231590181430096576e-02
9.124866595517609758e-02
8.964781216648878837e-02
8.164354322305229783e-02
8.858057630736393406e-02
9.018143009605122939e-02
8.537886872998932952e-02
8.751334044823906588e-02
7.950907150480256147e-02
8.377801494130203419e-02
7.630736392742795693e-02
8.057630736392742965e-02
8.271077908217716601e-02
8.484525080042688849e-02
8.804695837780149303e-02
8.484525080042688849e-02
8.537886872998932952e-02
8.751334044823906588e-02
8.271077908217716601e-02
8.537886872998932952e-02
8.964781216648878837e-02
8.324439701173959316e-02
