1.000000000000000000e+00
8.525754884547068757e-01
8.401420959147424261e-01
7.770870337477797651e-01
7.397868561278863053e-01
7.175843694493783120e-01
7.326820603907637786e-01
6.891651865008880939e-01
6.900532859680283959e-01
6.536412078152753491e-01
6.465364120781527113e-01
6.554174067495559530e-01
6.429840142095915034e-01
6.261101243339254330e-01
6.349911190053285637e-01
5.683836589698045838e-01
5.825932504440497484e-01
5.515097690941385133e-01
5.843694493783303523e-01
5.541740674955595303e-01
5.328596802841918390e-01
5.346358792184724429e-01
5.275310834813499161e-01
5.000000000000000000e-01
4.946714031971580772e-01
5.026642984014209059e-01
4.946714031971580772e-01
4.902309058614564563e-01
5.062166962699822248e-01
4.875666074600355504e-01
4.920071047957371158e-01
5.035523978685613189e-01
4.689165186500888205e-01
4.698046181172291225e-01
4.591474245115452768e-01
4.573712255772646729e-01
4.333925399644760201e-01
4.529307282415630520e-01
4.547069271758437115e-01
4.422735346358792063e-01
4.387211367673179430e-01
4.253996447602131359e-01
4.014209591474245387e-01
4.262877442273534379e-01
4.271758436944937953e-01
4.307282415630550587e-01
4.218472468916518725e-01
4.138543516873889883e-01
4.076376554174067635e-01
4.005328596802841812e-01
3.916518650088809950e-01
4.040852575488454446e-01
4.165186500888099497e-01
4.120781527531083288e-01
3.774422735346358859e-01
3.783303730017761879e-01
3.703374777975133036e-01
3.854351687388987702e-01
3.738898756660746225e-01
3.836589698046181107e-01
3.596802841918294580e-01
3.561278863232681946e-01
3.694493783303730017e-01
3.561278863232681946e-01
3.223801065719360537e-01
3.330373001776198993e-01
3.365896980461811627e-01
3.499111900532859698e-01
3.330373001776198993e-01
3.499111900532859698e-01
3.481349911190053104e-01
3.303730017761989379e-01
3.214920071047957517e-01
3.232682060390763557e-01
3.099467140319716041e-01
2.868561278863232533e-01
3.134991119005328675e-01
3.063943161634102852e-01
3.046181172291296813e-01
3.055062166962699832e-01
2.895204262877442147e-01
3.010657193605683624e-01
2.957371225577264395e-01
2.833037300177619899e-01
2.788632326820603691e-01
2.904085257548845722e-01
2.655417406749556175e-01
2.699822380106571829e-01
2.833037300177619899e-01
2.690941385435168809e-01
2.806394316163410285e-01
2.628774422735346561e-01
2.779751332149200671e-01
2.895204262877442147e-01
2.833037300177619899e-01
2.611012433392539966e-01
2.833037300177619899e-01
2.770870337477797651e-01
2.779751332149200671e-01
2.655417406749556175e-01
2.637655417406749581e-01
2.690941385435168809e-01
2.602131438721136947e-01
2.584369449378330352e-01
2.531083481349911124e-01
2.495559502664298490e-01
2.664298401420959195e-01
2.415630550621669648e-01
2.344582593250444102e-01
2.619893428063942986e-01
2.442273534635879262e-01
2.664298401420959195e-01
2.504440497335701510e-01
2.415630550621669648e-01
2.380106571936056736e-01
2.282415630550621577e-01
2.255772646536411963e-01
2.264653641207815260e-01
2.335701598579040805e-01
2.362344582593250419e-01
2.415630550621669648e-01
2.344582593250444102e-01
2.246891651865008943e-01
2.300177619893428171e-01
2.175843694493783398e-01
2.060390763765541644e-01
2.184724689165186418e-01
2.184724689165186418e-01
2.255772646536411963e-01
2.175843694493783398e-01
2.300177619893428171e-01
2.246891651865008943e-01
2.033747779751332030e-01
2.158081705150976803e-01
2.095914742451154555e-01
2.087033747779751258e-01
2.140319715808170487e-01
2.104795737122557853e-01
2.104795737122557853e-01
1.980461811722913079e-01
1.909413854351687256e-01
1.944937833037300168e-01
1.865008880994671325e-01
1.838365896980461711e-01
1.971580817051509782e-01
1.767317939609236166e-01
1.953818827708703465e-01
1.865008880994671325e-01
1.980461811722913079e-01
1.918294849023090554e-01
1.838365896980461711e-01
1.820603907637655394e-01
1.820603907637655394e-01
1.953818827708703465e-01
1.722912966252220235e-01
1.625222024866785075e-01
1.793960923623445780e-01
1.785079928952042760e-01
1.687388987566607323e-01
1.785079928952042760e-01
1.687388987566607323e-01
1.767317939609236166e-01
1.678507992895204304e-01
1.696269982238010621e-01
1.705150976909413918e-01
1.696269982238010621e-01
1.785079928952042760e-01
1.696269982238010621e-01
1.616341030195381778e-01
1.847246891651865008e-01
1.758436944937833146e-01
1.838365896980461711e-01
1.820603907637655394e-01
1.642984014209591392e-01
1.749555950266429849e-01
1.776198934280639463e-01
1.776198934280639463e-01
1.856127886323268306e-01
1.589698046181172164e-01
1.634103019538188373e-01
1.509769094138543599e-01
1.669626998223801007e-01
1.642984014209591392e-01
1.660746003552397987e-01
1.580817051509769144e-01
1.607460035523978759e-01
1.642984014209591392e-01
1.536412078152753213e-01
1.518650088809946619e-01
1.420959147424511460e-01
1.358792184724689212e-01
1.483126110124333985e-01
1.492007104795737005e-01
1.483126110124333985e-01
1.438721136767318054e-01
1.412078152753108440e-01
1.492007104795737005e-01
1.651865008880994690e-01
1.429840142095914757e-01
1.483126110124333985e-01
1.403197158081705143e-01
1.447602131438721074e-01
1.376554174067495528e-01
1.305506216696269983e-01
1.341030195381882895e-01
1.483126110124333985e-01
1.278863232682060369e-01
1.172291296625222051e-01
1.332149200710479597e-01
1.261101243339254052e-01
1.420959147424511460e-01
1.314387211367673280e-01
1.198934280639431665e-01
1.225577264653641141e-01
1.278863232682060369e-01
1.154529307282415596e-01
1.261101243339254052e-01
1.163410301953818893e-01
1.154529307282415596e-01
1.269982238010657072e-01
1.136767317939609279e-01
1.234458259325044438e-01
1.145648312611012437e-01
1.021314387211367664e-01
1.181172291296625210e-01
1.243339253996447596e-01
1.172291296625222051e-01
1.021314387211367664e-01
1.119005328596802823e-01
1.154529307282415596e-01
1.216696269982237982e-01
1.127886323268205981e-01
1.119005328596802823e-01
1.216696269982237982e-01
1.127886323268205981e-01
1.145648312611012437e-01
1.092362344582593209e-01
1.145648312611012437e-01
1.074600355239786892e-01
1.039076376554174119e-01
1.065719360568383595e-01
1.030195381882770822e-01
1.083481349911190050e-01
1.136767317939609279e-01
1.181172291296625210e-01
1.154529307282415596e-01
1.172291296625222051e-01
1.181172291296625210e-01
1.092362344582593209e-01
1.101243339253996506e-01
9.591474245115452768e-02
1.119005328596802823e-01
1.101243339253996506e-01
1.154529307282415596e-01
1.110124333925399664e-01
9.680284191829484353e-02
1.065719360568383595e-01
9.325044404973356627e-02
9.058614564831260485e-02
1.039076376554174119e-01
9.946714031971580494e-02
8.614564831261101174e-02
9.325044404973356627e-02
9.946714031971580494e-02
9.236234458259325042e-02
9.325044404973356627e-02
9.857904085257548910e-02
1.003552397868561347e-01
9.236234458259325042e-02
8.880994671403197316e-02
9.236234458259325042e-02
9.680284191829484353e-02
8.259325044404973448e-02
8.880994671403197316e-02
7.015985790408525713e-02
8.525754884547069590e-02
8.170515097690941864e-02
9.769094138543517325e-02
9.946714031971580494e-02
9.769094138543517325e-02
9.680284191829484353e-02
8.170515097690941864e-02
8.348134991119005033e-02
8.436944937833036617e-02
8.792184724689165731e-02
9.058614564831260485e-02
9.946714031971580494e-02
9.502664298401421183e-02
9.236234458259325042e-02
9.502664298401421183e-02
9.058614564831260485e-02
9.236234458259325042e-02
8.614564831261101174e-02
8.614564831261101174e-02
9.946714031971580494e-02
7.992895204262877307e-02
9.857904085257548910e-02
9.502664298401421183e-02
8.880994671403197316e-02
9.325044404973356627e-02
7.371225577264653439e-02
8.614564831261101174e-02
7.904085257548845722e-02
8.792184724689165731e-02
7.460035523978685024e-02
8.259325044404973448e-02
7.726465364120781165e-02
9.769094138543517325e-02
8.081705150976908891e-02
7.548845470692717996e-02
7.726465364120781165e-02
8.436944937833036617e-02
9.413854351687389599e-02
9.147424511545293457e-02
8.436944937833036617e-02
8.348134991119005033e-02
8.081705150976908891e-02
9.680284191829484353e-02
8.969804618117228900e-02
8.614564831261101174e-02
9.413854351687389599e-02
7.992895204262877307e-02
7.460035523978685024e-02
8.081705150976908891e-02
8.259325044404973448e-02
8.170515097690941864e-02
8.436944937833036617e-02
8.436944937833036617e-02
8.081705150976908891e-02
8.081705150976908891e-02
7.193605683836590270e-02
7.282415630550621854e-02
7.992895204262877307e-02
7.992895204262877307e-02
7.637655417406749581e-02
7.548845470692717996e-02
6.749555950266429571e-02
7.193605683836590270e-02
7.104795737122557298e-02
7.015985790408525713e-02
6.394316163410301845e-02
7.460035523978685024e-02
7.193605683836590270e-02
7.460035523978685024e-02
7.904085257548845722e-02
7.460035523978685024e-02
7.548845470692717996e-02
7.015985790408525713e-02
7.726465364120781165e-02
7.726465364120781165e-02
7.015985790408525713e-02
7.548845470692717996e-02
7.282415630550621854e-02
7.015985790408525713e-02
6.571936056838366402e-02
7.193605683836590270e-02
7.282415630550621854e-02
7.193605683836590270e-02
8.348134991119005033e-02
7.015985790408525713e-02
7.548845470692717996e-02
6.927175843694494128e-02
6.394316163410301845e-02
6.571936056838366402e-02
6.483126110124333430e-02
6.305506216696270261e-02
6.216696269982237982e-02
7.371225577264653439e-02
7.193605683836590270e-02
7.015985790408525713e-02
6.483126110124333430e-02
6.571936056838366402e-02
7.015985790408525713e-02
6.660746003552397987e-02
6.660746003552397987e-02
5.861456483126110256e-02
6.039076376554174119e-02
7.015985790408525713e-02
6.838365896980461156e-02
6.039076376554174119e-02
5.595026642984014115e-02
5.239786856127886389e-02
5.417406749555950252e-02
5.861456483126110256e-02
5.950266429840141841e-02
5.595026642984014115e-02
5.950266429840141841e-02
5.506216696269982530e-02
5.861456483126110256e-02
6.216696269982237982e-02
7.282415630550621854e-02
6.127886323268205704e-02
6.039076376554174119e-02
5.595026642984014115e-02
5.950266429840141841e-02
5.506216696269982530e-02
5.683836589698046393e-02
6.039076376554174119e-02
5.150976909413854110e-02
5.683836589698046393e-02
5.683836589698046393e-02
