1.000000000000000000e+00
7.759562841530054378e-01
8.087431693989071135e-01
7.513661202185791810e-01
7.103825136612021973e-01
7.049180327868852514e-01
7.021857923497267784e-01
7.295081967213115082e-01
6.912568306010928865e-01
6.584699453551912107e-01
6.912568306010928865e-01
6.284153005464481190e-01
6.502732240437157918e-01
6.830601092896174675e-01
6.229508196721311730e-01
6.256830601092896460e-01
5.819672131147540783e-01
6.366120218579235379e-01
5.846994535519125513e-01
6.366120218579235379e-01
6.420765027322404839e-01
5.464480874316940406e-01
5.546448087431693486e-01
5.573770491803278215e-01
5.683060109289617134e-01
5.519125683060108756e-01
5.464480874316940406e-01
5.300546448087432028e-01
5.874316939890710243e-01
4.945355191256830540e-01
5.218579234972677838e-01
5.382513661202186217e-01
5.355191256830601487e-01
5.245901639344262568e-01
5.519125683060108756e-01
5.081967213114754189e-01
4.644808743169399068e-01
5.081967213114754189e-01
4.972677595628415270e-01
5.109289617486338919e-01
5.000000000000000000e-01
4.836065573770491621e-01
4.945355191256830540e-01
4.644808743169399068e-01
4.781420765027322162e-01
4.590163934426229608e-01
4.726775956284153257e-01
4.863387978142076351e-01
5.081967213114754189e-01
4.344262295081967040e-01
4.617486338797814338e-01
4.480874316939890689e-01
4.125683060109289757e-01
4.289617486338797581e-01
4.262295081967212851e-01
4.562841530054644879e-01
4.644808743169399068e-01
4.508196721311475419e-01
4.562841530054644879e-01
4.617486338797814338e-01
4.371584699453551770e-01
4.863387978142076351e-01
4.672131147540983798e-01
4.480874316939890689e-01
4.508196721311475419e-01
4.426229508196721230e-01
4.289617486338797581e-01
4.234972677595628676e-01
3.797814207650273000e-01
3.797814207650273000e-01
3.797814207650273000e-01
3.606557377049180446e-01
3.415300546448087338e-01
3.661202185792349906e-01
3.743169398907104095e-01
3.661202185792349906e-01
3.360655737704917878e-01
3.306010928961748419e-01
3.387978142076502608e-01
3.770491803278688270e-01
3.661202185792349906e-01
3.688524590163934636e-01
3.469945355191256797e-01
3.907103825136611919e-01
3.825136612021857729e-01
3.770491803278688270e-01
3.606557377049180446e-01
3.415300546448087338e-01
3.306010928961748419e-01
3.387978142076502608e-01
3.442622950819672067e-01
3.715846994535519365e-01
3.524590163934426257e-01
3.743169398907104095e-01
3.743169398907104095e-01
3.442622950819672067e-01
3.278688524590163689e-01
3.087431693989071135e-01
3.415300546448087338e-01
3.224043715846994784e-01
3.196721311475410054e-01
3.224043715846994784e-01
3.142076502732240595e-01
3.169398907103825325e-01
3.005464480874316946e-01
3.087431693989071135e-01
3.087431693989071135e-01
3.060109289617486406e-01
3.060109289617486406e-01
3.087431693989071135e-01
3.142076502732240595e-01
3.060109289617486406e-01
3.114754098360655865e-01
2.786885245901639108e-01
2.896174863387978027e-01
2.568306010928961824e-01
2.786885245901639108e-01
2.786885245901639108e-01
2.868852459016393297e-01
2.568306010928961824e-01
2.704918032786885473e-01
2.404371584699453446e-01
2.650273224043716014e-01
2.540983606557377095e-01
2.814207650273223837e-01
2.650273224043716014e-01
2.404371584699453446e-01
2.595628415300546554e-01
2.513661202185792365e-01
2.704918032786885473e-01
2.431693989071038176e-01
2.240437158469945345e-01
2.349726775956284264e-01
2.431693989071038176e-01
2.240437158469945345e-01
2.021857923497267784e-01
2.158469945355191155e-01
2.185792349726775885e-01
2.322404371584699534e-01
2.103825136612021973e-01
2.213114754098360615e-01
2.295081967213114804e-01
1.939890710382513594e-01
2.021857923497267784e-01
2.513661202185792365e-01
2.322404371584699534e-01
2.295081967213114804e-01
2.185792349726775885e-01
2.158469945355191155e-01
2.404371584699453446e-01
1.775956284153005493e-01
1.803278688524590223e-01
2.049180327868852514e-01
2.076502732240437243e-01
2.076502732240437243e-01
1.721311475409836034e-01
1.939890710382513594e-01
1.803278688524590223e-01
1.885245901639344135e-01
1.775956284153005493e-01
1.912568306010928865e-01
1.830601092896174953e-01
1.830601092896174953e-01
1.830601092896174953e-01
1.857923497267759683e-01
1.584699453551912662e-01
1.748633879781420764e-01
1.557377049180327933e-01
1.803278688524590223e-01
1.612021857923497392e-01
1.803278688524590223e-01
2.049180327868852514e-01
2.049180327868852514e-01
2.076502732240437243e-01
2.049180327868852514e-01
1.775956284153005493e-01
1.967213114754098324e-01
2.213114754098360615e-01
1.912568306010928865e-01
2.240437158469945345e-01
2.049180327868852514e-01
1.994535519125683054e-01
2.049180327868852514e-01
2.131147540983606425e-01
1.994535519125683054e-01
1.912568306010928865e-01
1.775956284153005493e-01
1.939890710382513594e-01
1.912568306010928865e-01
1.830601092896174953e-01
1.885245901639344135e-01
1.912568306010928865e-01
1.803278688524590223e-01
1.994535519125683054e-01
1.939890710382513594e-01
1.666666666666666574e-01
1.803278688524590223e-01
1.693989071038251304e-01
1.775956284153005493e-01
1.721311475409836034e-01
1.912568306010928865e-01
1.885245901639344135e-01
1.803278688524590223e-01
1.994535519125683054e-01
1.994535519125683054e-01
2.158469945355191155e-01
1.967213114754098324e-01
1.803278688524590223e-01
1.885245901639344135e-01
1.857923497267759683e-01
1.775956284153005493e-01
1.775956284153005493e-01
1.967213114754098324e-01
1.830601092896174953e-01
1.639344262295081844e-01
1.885245901639344135e-01
1.721311475409836034e-01
1.803278688524590223e-01
1.967213114754098324e-01
1.420765027322404284e-01
1.639344262295081844e-01
1.666666666666666574e-01
1.612021857923497392e-01
1.639344262295081844e-01
1.557377049180327933e-01
1.584699453551912662e-01
1.502732240437158473e-01
1.748633879781420764e-01
1.721311475409836034e-01
1.693989071038251304e-01
1.666666666666666574e-01
1.666666666666666574e-01
1.748633879781420764e-01
1.639344262295081844e-01
1.612021857923497392e-01
1.584699453551912662e-01
1.830601092896174953e-01
1.530054644808743203e-01
1.803278688524590223e-01
1.584699453551912662e-01
1.502732240437158473e-01
1.666666666666666574e-01
1.584699453551912662e-01
1.830601092896174953e-01
1.557377049180327933e-01
1.475409836065573743e-01
1.803278688524590223e-01
1.721311475409836034e-01
1.666666666666666574e-01
1.557377049180327933e-01
1.448087431693989013e-01
1.639344262295081844e-01
1.584699453551912662e-01
1.530054644808743203e-01
1.721311475409836034e-01
1.885245901639344135e-01
1.502732240437158473e-01
1.666666666666666574e-01
1.393442622950819554e-01
1.448087431693989013e-01
1.338797814207650372e-01
1.557377049180327933e-01
1.393442622950819554e-01
1.147540983606557402e-01
1.256830601092896182e-01
1.284153005464480912e-01
1.420765027322404284e-01
1.202185792349726723e-01
1.311475409836065642e-01
1.475409836065573743e-01
1.338797814207650372e-01
1.229508196721311453e-01
1.748633879781420764e-01
1.475409836065573743e-01
1.530054644808743203e-01
1.475409836065573743e-01
1.256830601092896182e-01
1.311475409836065642e-01
1.174863387978142132e-01
1.284153005464480912e-01
1.530054644808743203e-01
1.393442622950819554e-01
1.284153005464480912e-01
1.366120218579235102e-01
1.366120218579235102e-01
1.284153005464480912e-01
1.612021857923497392e-01
1.502732240437158473e-01
1.420765027322404284e-01
1.530054644808743203e-01
1.311475409836065642e-01
1.530054644808743203e-01
1.311475409836065642e-01
1.584699453551912662e-01
1.393442622950819554e-01
1.120218579234972672e-01
1.584699453551912662e-01
1.502732240437158473e-01
1.256830601092896182e-01
1.284153005464480912e-01
1.557377049180327933e-01
1.256830601092896182e-01
1.338797814207650372e-01
1.393442622950819554e-01
1.311475409836065642e-01
1.448087431693989013e-01
1.366120218579235102e-01
1.311475409836065642e-01
1.338797814207650372e-01
1.420765027322404284e-01
1.502732240437158473e-01
1.147540983606557402e-01
1.338797814207650372e-01
1.502732240437158473e-01
1.448087431693989013e-01
1.530054644808743203e-01
1.584699453551912662e-01
1.420765027322404284e-01
1.420765027322404284e-01
1.502732240437158473e-01
1.475409836065573743e-01
1.393442622950819554e-01
1.311475409836065642e-01
1.666666666666666574e-01
1.229508196721311453e-01
1.448087431693989013e-01
1.366120218579235102e-01
1.475409836065573743e-01
1.229508196721311453e-01
1.338797814207650372e-01
1.202185792349726723e-01
1.256830601092896182e-01
1.229508196721311453e-01
1.311475409836065642e-01
1.010928961748633892e-01
1.092896174863387942e-01
1.366120218579235102e-01
1.092896174863387942e-01
1.038251366120218622e-01
1.229508196721311453e-01
1.092896174863387942e-01
1.174863387978142132e-01
1.229508196721311453e-01
1.393442622950819554e-01
1.202185792349726723e-01
1.366120218579235102e-01
1.284153005464480912e-01
1.393442622950819554e-01
1.147540983606557402e-01
1.147540983606557402e-01
1.174863387978142132e-01
1.229508196721311453e-01
1.256830601092896182e-01
1.147540983606557402e-01
1.256830601092896182e-01
1.338797814207650372e-01
1.256830601092896182e-01
1.174863387978142132e-01
1.202185792349726723e-01
1.311475409836065642e-01
1.174863387978142132e-01
1.174863387978142132e-01
1.065573770491803213e-01
1.065573770491803213e-01
1.147540983606557402e-01
1.038251366120218622e-01
9.562841530054644323e-02
1.010928961748633892e-01
9.562841530054644323e-02
1.010928961748633892e-01
1.092896174863387942e-01
9.562841530054644323e-02
1.174863387978142132e-01
1.010928961748633892e-01
1.010928961748633892e-01
9.289617486338798413e-02
1.174863387978142132e-01
1.174863387978142132e-01
1.065573770491803213e-01
1.065573770491803213e-01
9.836065573770491621e-02
1.065573770491803213e-01
1.147540983606557402e-01
1.092896174863387942e-01
1.147540983606557402e-01
1.174863387978142132e-01
1.120218579234972672e-01
9.289617486338798413e-02
1.174863387978142132e-01
1.010928961748633892e-01
1.092896174863387942e-01
1.038251366120218622e-01
1.065573770491803213e-01
1.010928961748633892e-01
1.147540983606557402e-01
1.038251366120218622e-01
1.010928961748633892e-01
1.010928961748633892e-01
9.289617486338798413e-02
8.469945355191256520e-02
8.743169398907103818e-02
