1.000000000000000000e+00
8.537313432835821336e-01
8.141791044776119923e-01
7.350746268656715987e-01
7.134328358208955612e-01
6.940298507462686617e-01
6.664179104477612192e-01
6.626865671641790634e-01
6.529850746268657247e-01
6.604477611940298143e-01
6.350746268656716209e-01
6.298507462686566694e-01
5.977611940298507287e-01
5.955223880597014796e-01
5.694029850746268329e-01
5.679104477611940371e-01
5.694029850746268329e-01
5.768656716417910335e-01
5.507462686567163868e-01
5.477611940298507953e-01
5.559701492537313383e-01
5.485074626865671377e-01
5.074626865671642006e-01
5.268656716417911001e-01
5.373134328358208922e-01
5.335820895522388474e-01
5.097014925373134497e-01
4.992537313432836021e-01
4.761194029850746023e-01
4.768656716417910557e-01
4.671641791044776060e-01
4.611940298507462566e-01
4.597014925373134053e-01
4.477611940298507620e-01
4.634328358208955057e-01
4.253731343283582156e-01
4.089552238805970186e-01
4.208955223880597174e-01
4.388059701492537101e-01
4.328358208955223607e-01
4.261194029850746134e-01
4.201492537313432640e-01
4.059701492537313161e-01
4.186567164179104683e-01
4.029850746268656692e-01
3.850746268656716209e-01
3.843283582089552231e-01
3.895522388059701746e-01
3.955223880597014685e-01
4.000000000000000222e-01
3.835820895522388252e-01
3.873134328358208700e-01
3.910447761194029703e-01
3.955223880597014685e-01
3.791044776119402715e-01
3.597014925373134275e-01
3.805970149253731227e-01
3.686567164179104239e-01
3.574626865671641784e-01
3.649253731343283791e-01
3.485074626865671821e-01
3.701492537313432751e-01
3.417910447761193793e-01
3.335820895522387808e-01
3.544776119402985315e-01
3.305970149253731338e-01
3.328358208955223829e-01
3.074626865671641895e-01
3.305970149253731338e-01
3.089552238805970408e-01
3.029850746268656914e-01
3.037313432835820892e-01
3.208955223880596841e-01
3.097014925373134386e-01
2.962686567164178886e-01
3.082089552238805874e-01
3.059701492537313383e-01
2.910447761194029925e-01
2.828358208955223940e-01
3.007462686567164423e-01
3.082089552238805874e-01
2.835820895522387919e-01
2.895522388059701413e-01
2.880597014925372901e-01
2.791044776119402937e-01
2.671641791044775949e-01
2.634328358208955501e-01
2.701492537313432973e-01
2.574626865671642006e-01
2.686567164179104461e-01
2.723880597014925464e-01
2.552238805970149516e-01
2.641791044776119479e-01
2.589552238805969964e-01
2.514925373134328512e-01
2.485074626865671765e-01
2.597014925373134497e-01
2.537313432835821003e-01
2.500000000000000000e-01
2.522388059701492491e-01
2.395522388059701524e-01
2.529850746268656470e-01
2.522388059701492491e-01
2.589552238805969964e-01
2.462686567164178997e-01
2.320895522388059795e-01
2.320895522388059795e-01
2.335820895522388030e-01
2.231343283582089554e-01
2.343283582089552286e-01
2.276119402985074536e-01
2.298507462686567027e-01
2.253731343283582045e-01
2.171641791044776060e-01
2.238805970149253810e-01
2.246268656716417789e-01
2.104477611940298587e-01
2.029850746268656581e-01
2.067164179104477584e-01
2.134328358208955334e-01
2.089552238805970075e-01
2.104477611940298587e-01
1.962686567164179108e-01
1.992537313432835855e-01
2.044776119402985093e-01
2.000000000000000111e-01
2.074626865671641840e-01
2.097014925373134331e-01
2.149253731343283569e-01
1.910447761194029870e-01
2.007462686567164090e-01
2.052238805970149349e-01
2.052238805970149349e-01
1.947761194029850873e-01
1.977611940298507343e-01
1.947761194029850873e-01
1.820895522388059629e-01
1.970149253731343364e-01
1.873134328358208867e-01
1.917910447761194126e-01
2.052238805970149349e-01
1.858208955223880632e-01
1.828358208955223885e-01
1.761194029850746134e-01
1.686567164179104406e-01
1.843283582089552119e-01
1.791044776119402882e-01
1.850746268656716376e-01
1.761194029850746134e-01
1.746268656716417900e-01
1.805970149253731394e-01
1.888059701492537379e-01
1.850746268656716376e-01
1.776119402985074647e-01
1.783582089552238903e-01
1.776119402985074647e-01
1.783582089552238903e-01
1.671641791044776171e-01
1.701492537313432918e-01
1.783582089552238903e-01
1.746268656716417900e-01
1.738805970149253644e-01
1.716417910447761153e-01
1.723880597014925409e-01
1.805970149253731394e-01
1.798507462686567138e-01
1.828358208955223885e-01
1.708955223880596896e-01
1.701492537313432918e-01
1.746268656716417900e-01
1.686567164179104406e-01
1.671641791044776171e-01
1.708955223880596896e-01
1.686567164179104406e-01
1.671641791044776171e-01
1.559701492537313439e-01
1.701492537313432918e-01
1.626865671641790911e-01
1.574626865671641673e-01
1.604477611940298420e-01
1.582089552238805930e-01
1.582089552238805930e-01
1.537313432835820948e-01
1.582089552238805930e-01
1.574626865671641673e-01
1.537313432835820948e-01
1.597014925373134442e-01
1.611940298507462677e-01
1.686567164179104406e-01
1.597014925373134442e-01
1.440298507462686450e-01
1.492537313432835688e-01
1.485074626865671710e-01
1.373134328358208978e-01
1.447761194029850706e-01
1.552238805970149182e-01
1.425373134328358216e-01
1.447761194029850706e-01
1.582089552238805930e-01
1.425373134328358216e-01
1.380597014925373234e-01
1.402985074626865725e-01
1.380597014925373234e-01
1.395522388059701469e-01
1.425373134328358216e-01
1.425373134328358216e-01
1.447761194029850706e-01
1.395522388059701469e-01
1.320895522388059740e-01
1.417910447761193959e-01
1.552238805970149182e-01
1.335820895522387974e-01
1.485074626865671710e-01
1.440298507462686450e-01
1.522388059701492435e-01
1.477611940298507454e-01
1.402985074626865725e-01
1.425373134328358216e-01
1.447761194029850706e-01
1.522388059701492435e-01
1.447761194029850706e-01
1.522388059701492435e-01
1.343283582089552231e-01
1.216417910447761125e-01
1.410447761194029981e-01
1.291044776119402993e-01
1.358208955223880465e-01
1.320895522388059740e-01
1.388059701492537212e-01
1.402985074626865725e-01
1.276119402985074758e-01
1.365671641791044721e-01
1.373134328358208978e-01
1.268656716417910502e-01
1.358208955223880465e-01
1.216417910447761125e-01
1.283582089552238736e-01
1.268656716417910502e-01
1.365671641791044721e-01
1.238805970149253755e-01
1.231343283582089498e-01
1.335820895522387974e-01
1.335820895522387974e-01
1.268656716417910502e-01
1.320895522388059740e-01
1.104477611940298531e-01
1.141791044776119396e-01
1.186567164179104517e-01
1.164179104477611887e-01
1.179104477611940260e-01
1.186567164179104517e-01
1.208955223880597007e-01
1.268656716417910502e-01
1.156716417910447769e-01
1.052238805970149294e-01
1.208955223880597007e-01
1.134328358208955279e-01
1.156716417910447769e-01
1.082089552238805902e-01
1.156716417910447769e-01
1.044776119402985037e-01
1.119402985074626905e-01
1.141791044776119396e-01
1.111940298507462649e-01
1.097014925373134275e-01
1.097014925373134275e-01
1.074626865671641784e-01
1.044776119402985037e-01
1.052238805970149294e-01
1.037313432835820920e-01
1.014925373134328290e-01
1.007462686567164173e-01
1.089552238805970158e-01
1.141791044776119396e-01
1.149253731343283513e-01
1.089552238805970158e-01
9.776119402985074258e-02
1.014925373134328290e-01
1.082089552238805902e-01
1.089552238805970158e-01
1.067164179104477667e-01
1.074626865671641784e-01
9.701492537313433084e-02
1.149253731343283513e-01
1.052238805970149294e-01
1.059701492537313411e-01
1.074626865671641784e-01
1.067164179104477667e-01
1.089552238805970158e-01
9.850746268656716820e-02
1.052238805970149294e-01
1.097014925373134275e-01
9.701492537313433084e-02
9.626865671641790523e-02
1.052238805970149294e-01
1.022388059701492546e-01
1.014925373134328290e-01
9.776119402985074258e-02
1.000000000000000056e-01
1.134328358208955279e-01
9.179104477611940704e-02
1.082089552238805902e-01
1.044776119402985037e-01
1.126865671641791022e-01
1.052238805970149294e-01
9.477611940298506787e-02
9.552238805970149349e-02
1.000000000000000056e-01
1.007462686567164173e-01
1.029850746268656664e-01
9.850746268656716820e-02
9.029850746268656969e-02
9.701492537313433084e-02
9.328358208955224440e-02
9.179104477611940704e-02
1.000000000000000056e-01
9.328358208955224440e-02
9.029850746268656969e-02
9.104477611940298143e-02
9.029850746268656969e-02
8.507462686567164589e-02
9.402985074626865614e-02
9.552238805970149349e-02
9.253731343283581878e-02
8.208955223880597118e-02
8.283582089552238292e-02
8.805970149253730672e-02
8.731343283582089498e-02
8.880597014925373234e-02
9.104477611940298143e-02
9.402985074626865614e-02
7.761194029850745912e-02
8.731343283582089498e-02
8.432835820895522028e-02
8.283582089552238292e-02
8.432835820895522028e-02
8.432835820895522028e-02
8.582089552238805763e-02
8.805970149253730672e-02
8.731343283582089498e-02
8.582089552238805763e-02
8.582089552238805763e-02
8.582089552238805763e-02
8.507462686567164589e-02
9.179104477611940704e-02
9.253731343283581878e-02
8.955223880597014408e-02
9.328358208955224440e-02
8.880597014925373234e-02
8.731343283582089498e-02
8.358208955223880854e-02
8.880597014925373234e-02
8.582089552238805763e-02
7.835820895522388474e-02
7.537313432835821003e-02
7.611940298507462177e-02
7.761194029850745912e-02
7.910447761194029648e-02
8.059701492537313383e-02
8.731343283582089498e-02
7.835820895522388474e-02
7.313432835820896094e-02
7.686567164179104739e-02
8.507462686567164589e-02
7.835820895522388474e-02
7.686567164179104739e-02
7.985074626865672209e-02
7.611940298507462177e-02
8.134328358208954557e-02
6.791044776119402326e-02
7.686567164179104739e-02
7.537313432835821003e-02
8.059701492537313383e-02
7.238805970149253532e-02
7.313432835820896094e-02
7.313432835820896094e-02
7.611940298507462177e-02
7.238805970149253532e-02
6.641791044776119979e-02
7.910447761194029648e-02
7.313432835820896094e-02
7.388059701492537268e-02
6.268656716417909947e-02
6.791044776119402326e-02
7.388059701492537268e-02
7.014925373134328623e-02
7.089552238805969797e-02
7.313432835820896094e-02
7.761194029850745912e-02
7.164179104477612359e-02
7.014925373134328623e-02
6.791044776119402326e-02
6.865671641791044888e-02
6.119402985074626905e-02
7.462686567164178442e-02
6.492537313432836243e-02
6.194029850746268773e-02
5.746268656716417567e-02
6.268656716417909947e-02
6.044776119402985037e-02
6.716417910447761153e-02
