1.000000000000000000e+00
6.686046511627906641e-01
6.686046511627906641e-01
5.639534883720930258e-01
5.784883720930232842e-01
6.046511627906976383e-01
5.843023255813953876e-01
4.941860465116278966e-01
4.767441860465116421e-01
4.738372093023255904e-01
5.232558139534884134e-01
4.883720930232557933e-01
4.098837209302325646e-01
3.866279069767442067e-01
3.837209302325581550e-01
3.546511627906976938e-01
3.779069767441860517e-01
3.313953488372092804e-01
3.808139534883721034e-01
3.401162790697674354e-01
3.168604651162790775e-01
2.877906976744186163e-01
3.313953488372092804e-01
3.255813953488372325e-01
3.168604651162790775e-01
3.226744186046511809e-01
2.790697674418604612e-01
3.023255813953488191e-01
2.761627906976744096e-01
2.616279069767442067e-01
2.906976744186046679e-01
2.645348837209302584e-01
2.296511627906976660e-01
2.558139534883721034e-01
2.122093023255813837e-01
2.529069767441860517e-01
2.470930232558139483e-01
2.238372093023255904e-01
2.412790697674418727e-01
2.354651162790697694e-01
2.354651162790697694e-01
2.209302325581395388e-01
2.151162790697674354e-01
2.093023255813953598e-01
1.860465116279069742e-01
1.598837209302325646e-01
1.976744186046511531e-01
1.831395348837209225e-01
1.773255813953488469e-01
1.627906976744186163e-01
1.598837209302325646e-01
1.627906976744186163e-01
1.279069767441860517e-01
1.686046511627906919e-01
1.569767441860465129e-01
1.773255813953488469e-01
1.395348837209302306e-01
1.656976744186046402e-01
1.773255813953488469e-01
1.569767441860465129e-01
1.627906976744186163e-01
1.511627906976744096e-01
1.279069767441860517e-01
1.395348837209302306e-01
1.598837209302325646e-01
1.627906976744186163e-01
1.337209302325581273e-01
1.308139534883721034e-01
1.279069767441860517e-01
1.162790697674418589e-01
1.656976744186046402e-01
1.453488372093023340e-01
1.366279069767441789e-01
1.627906976744186163e-01
1.279069767441860517e-01
1.366279069767441789e-01
1.133720930232558072e-01
1.133720930232558072e-01
1.017441860465116282e-01
1.046511627906976799e-01
1.395348837209302306e-01
1.337209302325581273e-01
1.366279069767441789e-01
1.453488372093023340e-01
1.366279069767441789e-01
1.366279069767441789e-01
1.191860465116279105e-01
1.250000000000000000e-01
1.279069767441860517e-01
1.250000000000000000e-01
1.133720930232558072e-01
1.133720930232558072e-01
9.302325581395348708e-02
1.104651162790697694e-01
1.162790697674418589e-01
1.017441860465116282e-01
1.046511627906976799e-01
1.104651162790697694e-01
9.593023255813953876e-02
1.191860465116279105e-01
1.017441860465116282e-01
1.308139534883721034e-01
1.162790697674418589e-01
1.366279069767441789e-01
1.075581395348837177e-01
1.366279069767441789e-01
9.011627906976743541e-02
1.250000000000000000e-01
1.046511627906976799e-01
1.308139534883721034e-01
9.883720930232557655e-02
8.139534883720930813e-02
9.883720930232557655e-02
8.720930232558139761e-02
8.430232558139534593e-02
9.593023255813953876e-02
8.720930232558139761e-02
9.593023255813953876e-02
1.133720930232558072e-01
1.133720930232558072e-01
1.017441860465116282e-01
9.593023255813953876e-02
1.017441860465116282e-01
8.430232558139534593e-02
8.720930232558139761e-02
1.017441860465116282e-01
1.075581395348837177e-01
8.720930232558139761e-02
1.017441860465116282e-01
7.848837209302325646e-02
7.848837209302325646e-02
9.011627906976743541e-02
9.011627906976743541e-02
8.720930232558139761e-02
7.558139534883720478e-02
6.976744186046511531e-02
9.011627906976743541e-02
9.593023255813953876e-02
8.139534883720930813e-02
8.139534883720930813e-02
9.593023255813953876e-02
9.302325581395348708e-02
8.430232558139534593e-02
9.011627906976743541e-02
8.430232558139534593e-02
6.976744186046511531e-02
7.267441860465116699e-02
9.593023255813953876e-02
7.267441860465116699e-02
7.558139534883720478e-02
8.720930232558139761e-02
8.139534883720930813e-02
9.011627906976743541e-02
8.139534883720930813e-02
8.720930232558139761e-02
5.523255813953488469e-02
7.848837209302325646e-02
5.523255813953488469e-02
6.395348837209302584e-02
5.523255813953488469e-02
8.430232558139534593e-02
7.848837209302325646e-02
6.104651162790697416e-02
4.941860465116278828e-02
7.267441860465116699e-02
6.395348837209302584e-02
4.941860465116278828e-02
7.848837209302325646e-02
6.104651162790697416e-02
7.558139534883720478e-02
6.395348837209302584e-02
9.593023255813953876e-02
5.232558139534883995e-02
6.976744186046511531e-02
1.017441860465116282e-01
7.267441860465116699e-02
5.813953488372092943e-02
8.430232558139534593e-02
9.883720930232557655e-02
6.976744186046511531e-02
6.686046511627906364e-02
6.976744186046511531e-02
5.523255813953488469e-02
6.395348837209302584e-02
6.686046511627906364e-02
5.232558139534883995e-02
7.267441860465116699e-02
6.104651162790697416e-02
5.813953488372092943e-02
6.104651162790697416e-02
6.395348837209302584e-02
6.104651162790697416e-02
7.848837209302325646e-02
5.523255813953488469e-02
5.523255813953488469e-02
5.232558139534883995e-02
4.360465116279069880e-02
5.523255813953488469e-02
5.523255813953488469e-02
6.686046511627906364e-02
3.779069767441860239e-02
6.104651162790697416e-02
4.360465116279069880e-02
5.523255813953488469e-02
4.651162790697674354e-02
5.813953488372092943e-02
5.523255813953488469e-02
5.232558139534883995e-02
7.267441860465116699e-02
4.651162790697674354e-02
6.686046511627906364e-02
6.395348837209302584e-02
7.558139534883720478e-02
9.302325581395348708e-02
5.813953488372092943e-02
7.267441860465116699e-02
5.813953488372092943e-02
7.267441860465116699e-02
6.104651162790697416e-02
6.104651162790697416e-02
6.104651162790697416e-02
5.232558139534883995e-02
6.395348837209302584e-02
4.069767441860465407e-02
5.813953488372092943e-02
3.779069767441860239e-02
5.523255813953488469e-02
7.267441860465116699e-02
6.976744186046511531e-02
4.941860465116278828e-02
4.360465116279069880e-02
5.523255813953488469e-02
4.941860465116278828e-02
5.523255813953488469e-02
5.232558139534883995e-02
7.267441860465116699e-02
3.779069767441860239e-02
7.267441860465116699e-02
6.104651162790697416e-02
4.360465116279069880e-02
5.232558139534883995e-02
5.523255813953488469e-02
4.941860465116278828e-02
5.523255813953488469e-02
5.232558139534883995e-02
6.395348837209302584e-02
6.104651162790697416e-02
4.651162790697674354e-02
2.906976744186046471e-02
6.976744186046511531e-02
5.813953488372092943e-02
4.069767441860465407e-02
3.488372093023255766e-02
4.069767441860465407e-02
4.941860465116278828e-02
2.325581395348837177e-02
3.779069767441860239e-02
3.779069767441860239e-02
4.651162790697674354e-02
4.651162790697674354e-02
4.651162790697674354e-02
5.523255813953488469e-02
4.651162790697674354e-02
4.069767441860465407e-02
6.104651162790697416e-02
4.651162790697674354e-02
2.906976744186046471e-02
3.779069767441860239e-02
4.651162790697674354e-02
4.651162790697674354e-02
5.232558139534883995e-02
4.069767441860465407e-02
4.651162790697674354e-02
4.360465116279069880e-02
4.360465116279069880e-02
2.906976744186046471e-02
4.069767441860465407e-02
3.779069767441860239e-02
2.906976744186046471e-02
4.360465116279069880e-02
5.523255813953488469e-02
3.197674418604651292e-02
1.744186046511627883e-02
3.488372093023255766e-02
4.360465116279069880e-02
4.651162790697674354e-02
3.197674418604651292e-02
4.069767441860465407e-02
2.906976744186046471e-02
2.616279069767441998e-02
4.360465116279069880e-02
4.651162790697674354e-02
4.651162790697674354e-02
6.395348837209302584e-02
4.360465116279069880e-02
4.651162790697674354e-02
6.976744186046511531e-02
4.651162790697674354e-02
3.779069767441860239e-02
2.034883720930232703e-02
4.069767441860465407e-02
4.651162790697674354e-02
3.779069767441860239e-02
3.779069767441860239e-02
3.779069767441860239e-02
4.941860465116278828e-02
5.232558139534883995e-02
4.651162790697674354e-02
4.651162790697674354e-02
3.488372093023255766e-02
4.941860465116278828e-02
2.616279069767441998e-02
4.360465116279069880e-02
5.232558139534883995e-02
3.197674418604651292e-02
4.069767441860465407e-02
4.651162790697674354e-02
3.488372093023255766e-02
3.488372093023255766e-02
3.197674418604651292e-02
4.360465116279069880e-02
3.488372093023255766e-02
4.069767441860465407e-02
2.616279069767441998e-02
4.651162790697674354e-02
2.034883720930232703e-02
4.360465116279069880e-02
2.906976744186046471e-02
4.360465116279069880e-02
4.360465116279069880e-02
3.197674418604651292e-02
3.197674418604651292e-02
3.488372093023255766e-02
3.488372093023255766e-02
3.488372093023255766e-02
3.488372093023255766e-02
4.360465116279069880e-02
2.906976744186046471e-02
2.616279069767441998e-02
4.069767441860465407e-02
4.360465116279069880e-02
3.197674418604651292e-02
3.779069767441860239e-02
3.779069767441860239e-02
4.651162790697674354e-02
3.197674418604651292e-02
4.651162790697674354e-02
4.651162790697674354e-02
5.523255813953488469e-02
5.813953488372092943e-02
5.523255813953488469e-02
4.941860465116278828e-02
5.813953488372092943e-02
6.686046511627906364e-02
4.941860465116278828e-02
2.906976744186046471e-02
3.197674418604651292e-02
4.941860465116278828e-02
4.069767441860465407e-02
3.488372093023255766e-02
4.651162790697674354e-02
2.906976744186046471e-02
4.360465116279069880e-02
4.941860465116278828e-02
5.813953488372092943e-02
3.197674418604651292e-02
3.779069767441860239e-02
4.360465116279069880e-02
4.360465116279069880e-02
5.232558139534883995e-02
3.197674418604651292e-02
3.197674418604651292e-02
3.488372093023255766e-02
4.069767441860465407e-02
2.906976744186046471e-02
3.779069767441860239e-02
4.360465116279069880e-02
6.976744186046511531e-02
4.651162790697674354e-02
4.651162790697674354e-02
4.360465116279069880e-02
4.069767441860465407e-02
4.360465116279069880e-02
4.069767441860465407e-02
3.488372093023255766e-02
2.906976744186046471e-02
3.197674418604651292e-02
3.488372093023255766e-02
3.197674418604651292e-02
3.779069767441860239e-02
2.325581395348837177e-02
3.488372093023255766e-02
3.779069767441860239e-02
4.651162790697674354e-02
4.360465116279069880e-02
2.616279069767441998e-02
3.197674418604651292e-02
2.906976744186046471e-02
3.488372093023255766e-02
3.779069767441860239e-02
2.325581395348837177e-02
