1.000000000000000000e+00
8.502175264139216759e-01
7.837165941578619899e-01
7.625854568054691862e-01
7.569919204474828689e-01
7.296457426973275151e-01
7.147296457426973726e-01
6.904909881914232939e-01
6.768178993163455059e-01
6.824114356743319343e-01
6.438781852082038348e-01
6.420136730888750254e-01
6.426351771286513692e-01
6.283405842137973485e-01
6.090739589807333543e-01
6.283405842137973485e-01
5.854568054692355084e-01
5.991298943443131853e-01
5.997513983840895291e-01
5.581106277190801546e-01
5.705407085146053658e-01
5.643256681168427047e-01
5.525170913610938372e-01
5.394655065257923932e-01
5.388440024860161603e-01
5.208203853325046317e-01
5.040397762585456798e-01
5.071472964574269549e-01
5.164698570540708911e-01
4.928527035425730451e-01
5.009322560596644047e-01
5.003107520198881719e-01
4.711000621504039532e-01
4.822871348663766433e-01
4.642635177128651147e-01
4.679925419515226781e-01
4.443753884400248877e-01
4.325668116842759647e-01
4.468614045991298744e-01
4.431323803604723666e-01
4.468614045991298744e-01
4.325668116842759647e-01
4.462399005593536416e-01
4.412678682411435571e-01
4.176507147296457667e-01
4.300807955251709225e-01
4.170292106898694784e-01
4.139216904909882033e-01
4.176507147296457667e-01
4.021131137352392804e-01
3.952765692977004419e-01
3.903045369794903574e-01
4.039776258545680343e-01
3.847110006215040401e-01
3.753884400248601594e-01
3.965195773772529630e-01
3.890615288999378363e-01
3.784959602237414344e-01
3.859540087010565612e-01
3.896830329397141246e-01
3.778744561839652016e-01
3.816034804226227650e-01
3.604723430702299614e-01
3.679303915475450326e-01
3.418272218769422000e-01
3.486637663144810384e-01
3.604723430702299614e-01
3.610938471100061942e-01
3.579863269111249191e-01
3.542573026724673557e-01
3.399627097576134460e-01
3.424487259167184328e-01
3.405842137973896788e-01
3.418272218769422000e-01
3.275326289620882347e-01
3.244251087632069597e-01
3.175885643256681212e-01
3.256681168427594808e-01
3.020509633312616349e-01
3.138595400870105578e-01
3.107520198881292828e-01
3.225605966438782057e-01
3.132380360472343250e-01
3.188315724052206424e-01
3.088875077688004733e-01
3.039154754505904443e-01
3.088875077688004733e-01
3.132380360472343250e-01
3.175885643256681212e-01
2.759477936606588022e-01
3.039154754505904443e-01
2.883778744561839580e-01
2.883778744561839580e-01
3.001864512119328809e-01
2.970789310130516059e-01
2.846488502175263946e-01
2.840273461777501618e-01
2.896208825357364791e-01
2.952144188937227964e-01
2.821628340584213523e-01
2.684897451833436754e-01
2.715972653822250060e-01
2.666252330640149215e-01
2.778123057799875562e-01
2.852703542573026829e-01
2.827843380981976407e-01
2.734617775015537600e-01
2.722187694220012388e-01
2.778123057799875562e-01
2.604101926662523159e-01
2.616532007458048370e-01
2.653822249844624004e-01
2.622747047855811253e-01
2.691112492231199638e-01
2.517091361093847235e-01
2.548166563082659986e-01
2.523306401491609563e-01
2.442510876320695967e-01
2.535736482287134774e-01
2.554381603480422869e-01
2.423865755127408428e-01
2.479801118707271601e-01
2.523306401491609563e-01
2.442510876320695967e-01
2.411435674331883217e-01
2.399005593536358005e-01
2.492231199502796812e-01
2.461155997513983784e-01
2.386575512740832794e-01
2.355500310752019766e-01
2.212554381603480391e-01
2.436295835922933362e-01
2.262274704785581236e-01
2.318210068365444410e-01
2.349285270354257438e-01
2.380360472343070188e-01
2.249844623990056025e-01
2.181479179614667363e-01
2.212554381603480391e-01
2.156619018023617218e-01
2.293349906774393987e-01
2.256059664387818631e-01
2.193909260410192574e-01
2.243629583592293419e-01
2.144188937228092007e-01
2.274704785581106170e-01
2.212554381603480391e-01
2.038533250466127988e-01
2.131758856432566795e-01
2.094468614045991162e-01
2.094468614045991162e-01
2.162834058421379824e-01
2.169049098819142429e-01
2.100683654443753767e-01
2.144188937228092007e-01
1.982597886886264815e-01
2.007458048477315238e-01
2.106898694841516373e-01
2.144188937228092007e-01
2.144188937228092007e-01
2.144188937228092007e-01
2.106898694841516373e-01
1.963952765692976998e-01
2.169049098819142429e-01
2.094468614045991162e-01
2.026103169670602777e-01
2.001243008079552632e-01
2.007458048477315238e-01
2.001243008079552632e-01
2.019888129272840172e-01
2.050963331261653200e-01
1.976382846488502210e-01
1.932877563704163970e-01
1.920447482908639036e-01
2.069608452454941017e-01
2.026103169670602777e-01
1.876942200124300797e-01
2.013673088875077566e-01
1.870727159726538191e-01
1.839651957737725163e-01
1.926662523306401364e-01
1.870727159726538191e-01
2.075823492852703622e-01
1.908017402113113825e-01
1.951522684897451787e-01
1.864512119328775586e-01
2.013673088875077566e-01
1.945307644499689181e-01
1.777501553760099384e-01
1.765071472964574173e-01
1.858297078931012980e-01
1.883157240522063403e-01
1.814791796146675018e-01
1.864512119328775586e-01
1.740211311373524028e-01
1.678060907395897972e-01
1.758856432566811567e-01
1.796146674953387201e-01
1.827221876942200229e-01
1.796146674953387201e-01
1.839651957737725163e-01
1.796146674953387201e-01
1.864512119328775586e-01
1.889372280919826008e-01
1.883157240522063403e-01
1.740211311373524028e-01
1.796146674953387201e-01
1.827221876942200229e-01
1.777501553760099384e-01
1.765071472964574173e-01
1.839651957737725163e-01
1.771286513362336779e-01
1.727781230577998817e-01
1.796146674953387201e-01
1.634555624611560010e-01
1.665630826600373038e-01
1.758856432566811567e-01
1.678060907395897972e-01
1.659415786202610432e-01
1.746426351771286634e-01
1.659415786202610432e-01
1.634555624611560010e-01
1.715351149782473605e-01
1.777501553760099384e-01
1.765071472964574173e-01
1.609695463020509587e-01
1.733996270975761422e-01
1.603480422622746981e-01
1.603480422622746981e-01
1.721566190180236211e-01
1.628340584213797404e-01
1.696706028589185788e-01
1.752641392169048962e-01
1.671845866998135366e-01
1.597265382224984376e-01
1.696706028589185788e-01
1.541330018645121203e-01
1.640770665009322615e-01
1.609695463020509587e-01
1.671845866998135366e-01
1.597265382224984376e-01
1.628340584213797404e-01
1.559975139838409020e-01
1.609695463020509587e-01
1.721566190180236211e-01
1.609695463020509587e-01
1.516469857054070780e-01
1.622125543816034798e-01
1.541330018645121203e-01
1.485394655065258029e-01
1.510254816656308174e-01
1.591050341827221770e-01
1.516469857054070780e-01
1.510254816656308174e-01
1.541330018645121203e-01
1.522684897451833386e-01
1.460534493474207607e-01
1.553760099440646414e-01
1.466749533871970212e-01
1.485394655065258029e-01
1.535114978247358597e-01
1.454319453076445001e-01
1.566190180236171625e-01
1.491609695463020635e-01
1.485394655065258029e-01
1.472964574269732818e-01
1.497824735860782963e-01
1.522684897451833386e-01
1.441889372280919790e-01
1.323803604723430838e-01
1.398384089496581828e-01
1.348663766314480983e-01
1.485394655065258029e-01
1.441889372280919790e-01
1.379738968303294011e-01
1.342448725916718377e-01
1.404599129894344434e-01
1.423244251087631973e-01
1.392169049098819222e-01
1.348663766314480983e-01
1.392169049098819222e-01
1.385954008701056617e-01
1.417029210689869367e-01
1.385954008701056617e-01
1.379738968303294011e-01
1.441889372280919790e-01
1.373523927905531405e-01
1.410814170292106762e-01
1.454319453076445001e-01
1.317588564325668232e-01
1.410814170292106762e-01
1.367308887507768800e-01
1.423244251087631973e-01
1.361093847110006194e-01
1.373523927905531405e-01
1.330018645121193166e-01
1.404599129894344434e-01
1.336233685518955772e-01
1.286513362336855204e-01
1.361093847110006194e-01
1.317588564325668232e-01
1.379738968303294011e-01
1.342448725916718377e-01
1.361093847110006194e-01
1.255438160348042176e-01
1.342448725916718377e-01
1.280298321939092598e-01
1.342448725916718377e-01
1.280298321939092598e-01
1.323803604723430838e-01
1.243008079552517103e-01
1.236793039154754498e-01
1.255438160348042176e-01
1.354878806712243589e-01
1.392169049098819222e-01
1.305158483530143021e-01
1.274083281541329993e-01
1.348663766314480983e-01
1.348663766314480983e-01
1.274083281541329993e-01
1.286513362336855204e-01
1.180857675574891186e-01
1.230577998756991892e-01
1.255438160348042176e-01
1.205717837165941608e-01
1.286513362336855204e-01
1.305158483530143021e-01
1.205717837165941608e-01
1.193287756370416397e-01
1.236793039154754498e-01
1.205717837165941608e-01
1.261653200745804781e-01
1.267868241143567387e-01
1.187072715972653791e-01
1.224362958359229286e-01
1.249223119950279709e-01
1.286513362336855204e-01
1.305158483530143021e-01
1.249223119950279709e-01
1.131137352392790618e-01
1.255438160348042176e-01
1.218147917961466681e-01
1.243008079552517103e-01
1.274083281541329993e-01
1.218147917961466681e-01
1.199502796768179003e-01
1.267868241143567387e-01
1.187072715972653791e-01
1.249223119950279709e-01
1.187072715972653791e-01
1.149782473586078296e-01
1.187072715972653791e-01
1.124922311995028013e-01
1.143567433188315691e-01
1.112492231199502801e-01
1.100062150403977590e-01
1.118707271597265407e-01
1.187072715972653791e-01
1.112492231199502801e-01
1.155997513983840902e-01
1.149782473586078296e-01
1.087632069608452517e-01
1.031696706028589205e-01
1.149782473586078296e-01
1.100062150403977590e-01
1.205717837165941608e-01
1.087632069608452517e-01
1.106277190801740196e-01
1.031696706028589205e-01
1.124922311995028013e-01
1.075201988812927306e-01
1.162212554381603508e-01
1.081417029210689912e-01
1.218147917961466681e-01
1.112492231199502801e-01
1.162212554381603508e-01
1.131137352392790618e-01
1.062771908017402095e-01
1.100062150403977590e-01
1.093847110006214984e-01
1.100062150403977590e-01
1.112492231199502801e-01
1.137352392790553085e-01
1.112492231199502801e-01
1.112492231199502801e-01
1.131137352392790618e-01
1.118707271597265407e-01
1.149782473586078296e-01
1.155997513983840902e-01
1.081417029210689912e-01
1.068986948415164701e-01
1.037911746426351811e-01
1.081417029210689912e-01
1.044126786824114417e-01
1.031696706028589205e-01
1.000621504039776316e-01
1.019266625233063994e-01
1.087632069608452517e-01
1.044126786824114417e-01
1.068986948415164701e-01
1.087632069608452517e-01
