1.000000000000000000e+00
8.673575129533678263e-01
8.647668393782383944e-01
8.284974093264249051e-01
8.238341968911917501e-01
7.839378238341968563e-01
7.730569948186528650e-01
7.626943005181346935e-01
7.253886010362694536e-01
7.191709844559585063e-01
7.134715025906736008e-01
7.072538860103626535e-01
6.979274611398963435e-01
6.896373056994818951e-01
6.683937823834197323e-01
6.772020725388601115e-01
6.647668393782383278e-01
6.523316062176165442e-01
6.005181347150259086e-01
6.062176165803109251e-01
6.015544041450777701e-01
5.958549222797927536e-01
5.865284974093264436e-01
5.927461139896372799e-01
5.917098445595855294e-01
5.787564766839378150e-01
5.746113989637305908e-01
5.761658031088082721e-01
5.569948186528497214e-01
5.424870466321243256e-01
5.430051813471502564e-01
5.279792746113989299e-01
5.336787564766839465e-01
5.212435233160621628e-01
4.948186528497409142e-01
5.010362694300518616e-01
5.051813471502590858e-01
4.963730569948186511e-01
5.088082901554403792e-01
5.093264248704663100e-01
4.797927461139896432e-01
4.844559585492227982e-01
4.715025906735751393e-01
4.849740932642487290e-01
4.585492227979274804e-01
4.777202072538860311e-01
4.694300518134715272e-01
4.455958549222797660e-01
4.590673575129533557e-01
4.378238341968911929e-01
4.435233160621761539e-01
4.191709844559585729e-01
4.290155440414507582e-01
4.316062176165803010e-01
4.440414507772020847e-01
4.165803108808290300e-01
4.093264248704663322e-01
4.176165803108808361e-01
4.119170984455958751e-01
3.994818652849740914e-01
3.963730569948186733e-01
3.808290155440414715e-01
3.803108808290155407e-01
3.709844559585492307e-01
3.668393782383419510e-01
3.730569948186528428e-01
3.580310880829015718e-01
3.585492227979274471e-01
3.569948186528497658e-01
3.523316062176165553e-01
3.564766839378238350e-01
3.450777202072539129e-01
3.523316062176165553e-01
3.269430051813471683e-01
3.341968911917098661e-01
3.440414507772020514e-01
3.419689119170984393e-01
3.279792746113989743e-01
3.222797927461140133e-01
3.284974093264248496e-01
3.305699481865285172e-01
3.264248704663212375e-01
3.274611398963730435e-01
3.181347150259067336e-01
3.321243523316061985e-01
3.124352331606217725e-01
3.113989637305699665e-01
3.129533678756476478e-01
2.974093264248704460e-01
3.067357512953368115e-01
3.103626943005181604e-01
2.958549222797927647e-01
2.891191709844559421e-01
2.974093264248704460e-01
2.886010362694300668e-01
2.948186528497409586e-01
2.994818652849741136e-01
2.953367875647668339e-01
2.989637305699481828e-01
3.031088082901554626e-01
2.896373056994818729e-01
2.709844559585491974e-01
2.746113989637305464e-01
2.699481865284973914e-01
2.678756476683937793e-01
2.699481865284973914e-01
2.683937823834197101e-01
2.569948186528497325e-01
2.549222797927461204e-01
2.559585492227979264e-01
2.528497409326425083e-01
2.461139896373056857e-01
2.575129533678756633e-01
2.668393782383419732e-01
2.492227979274611316e-01
2.455958549222797827e-01
2.383419689119170848e-01
2.248704663212435229e-01
2.160621761658031159e-01
2.367875647668393757e-01
2.310880829015544147e-01
2.217616580310880769e-01
2.202072538860103679e-01
2.129533678756476700e-01
2.253886010362694259e-01
2.253886010362694259e-01
2.196891191709844648e-01
2.227979274611398830e-01
2.082901554404145150e-01
2.233160621761658138e-01
2.160621761658031159e-01
2.202072538860103679e-01
2.165803108808290189e-01
2.165803108808290189e-01
2.005181347150259141e-01
2.072538860103626812e-01
2.046632124352331661e-01
2.093264248704663211e-01
2.072538860103626812e-01
2.067357512953367782e-01
2.098445595854922241e-01
2.046632124352331661e-01
1.953367875647668284e-01
2.010362694300518172e-01
1.886010362694300613e-01
1.870466321243523244e-01
1.979274611398963712e-01
2.036269430051813600e-01
1.989637305699481773e-01
1.932642487046632163e-01
1.953367875647668284e-01
2.005181347150259141e-01
1.854922279792746154e-01
1.740932642487046655e-01
1.813471502590673634e-01
1.922279792746114102e-01
1.803108808290155574e-01
1.797927461139896266e-01
1.751295336787564716e-01
1.777202072538860145e-01
1.730569948186528595e-01
1.756476683937823746e-01
1.772020725388601115e-01
1.756476683937823746e-01
1.715025906735751227e-01
1.792746113989637236e-01
1.678756476683937737e-01
1.766839378238342084e-01
1.663212435233160646e-01
1.709844559585492196e-01
1.735751295336787625e-01
1.658031088082901616e-01
1.595854922279792698e-01
1.621761658031088127e-01
1.663212435233160646e-01
1.673575129533678707e-01
1.580310880829015607e-01
1.554404145077720178e-01
1.637305699481865218e-01
1.637305699481865218e-01
1.502590673575129598e-01
1.518134715025906689e-01
1.430051813471502620e-01
1.549222797927461148e-01
1.466321243523316109e-01
1.471502590673575139e-01
1.507772020725388629e-01
1.507772020725388629e-01
1.476683937823834170e-01
1.414507772020725251e-01
1.512953367875647659e-01
1.424870466321243589e-01
1.450777202072538741e-01
1.518134715025906689e-01
1.357512953367875641e-01
1.445595854922279710e-01
1.440414507772020680e-01
1.445595854922279710e-01
1.409326424870466221e-01
1.336787564766839242e-01
1.430051813471502620e-01
1.352331606217616611e-01
1.383419689119171070e-01
1.445595854922279710e-01
1.398963730569948161e-01
1.362694300518134671e-01
1.316062176165803121e-01
1.310880829015544091e-01
1.279792746113989632e-01
1.316062176165803121e-01
1.227979274611398913e-01
1.253886010362694203e-01
1.284974093264248662e-01
1.290155440414507693e-01
1.367875647668393702e-01
1.264248704663212541e-01
1.300518134715026031e-01
1.269430051813471572e-01
1.331606217616580212e-01
1.217616580310880853e-01
1.290155440414507693e-01
1.341968911917098550e-01
1.233160621761658082e-01
1.347150259067357581e-01
1.253886010362694203e-01
1.331606217616580212e-01
1.269430051813471572e-01
1.243523316062176143e-01
1.284974093264248662e-01
1.300518134715026031e-01
1.227979274611398913e-01
1.113989637305699415e-01
1.165803108808290134e-01
1.082901554404145095e-01
1.165803108808290134e-01
1.233160621761658082e-01
1.191709844559585424e-01
1.233160621761658082e-01
1.217616580310880853e-01
1.119170984455958584e-01
1.010362694300518116e-01
1.103626943005181354e-01
1.124352331606217614e-01
1.139896373056994844e-01
1.103626943005181354e-01
9.792746113989637957e-02
1.103626943005181354e-01
1.082901554404145095e-01
1.072538860103626895e-01
1.129533678756476645e-01
1.155440414507772073e-01
1.191709844559585424e-01
1.093264248704663155e-01
1.025906735751295346e-01
9.533678756476683669e-02
1.010362694300518116e-01
1.015544041450777146e-01
1.000000000000000056e-01
9.481865284974093366e-02
9.844559585492228260e-02
1.025906735751295346e-01
1.046632124352331605e-01
9.948186528497408865e-02
1.031088082901554376e-01
9.740932642487046267e-02
1.015544041450777146e-01
9.896373056994818562e-02
9.481865284974093366e-02
9.378238341968911373e-02
9.067357512953368170e-02
9.948186528497408865e-02
1.062176165803108835e-01
1.041450777202072575e-01
9.844559585492228260e-02
9.533678756476683669e-02
1.031088082901554376e-01
9.844559585492228260e-02
9.067357512953368170e-02
9.844559585492228260e-02
9.689119170984455964e-02
8.808290155440413882e-02
9.067357512953368170e-02
9.170984455958548776e-02
8.963730569948186178e-02
9.430051813471503064e-02
9.481865284974093366e-02
8.860103626943005573e-02
8.497409326424870679e-02
9.378238341968911373e-02
8.963730569948186178e-02
9.689119170984455964e-02
9.378238341968911373e-02
9.015544041450777868e-02
9.533678756476683669e-02
1.015544041450777146e-01
9.585492227979273971e-02
1.041450777202072575e-01
9.637305699481865662e-02
9.119170984455958473e-02
9.274611398963730768e-02
9.170984455958548776e-02
9.067357512953368170e-02
8.082901554404145483e-02
8.601036269430051284e-02
9.481865284974093366e-02
8.445595854922280377e-02
8.756476683937823580e-02
8.393782383419688686e-02
8.031088082901553793e-02
8.652849740932642975e-02
8.082901554404145483e-02
8.393782383419688686e-02
8.186528497409326088e-02
8.393782383419688686e-02
7.927461139896373188e-02
7.823834196891191195e-02
8.341968911917098384e-02
7.823834196891191195e-02
8.031088082901553793e-02
7.720207253886010590e-02
7.823834196891191195e-02
7.616580310880828597e-02
8.031088082901553793e-02
8.652849740932642975e-02
8.186528497409326088e-02
8.082901554404145483e-02
8.186528497409326088e-02
8.186528497409326088e-02
8.134715025906735786e-02
8.290155440414508081e-02
7.772020725388600892e-02
7.720207253886010590e-02
7.253886010362693704e-02
7.823834196891191195e-02
8.290155440414508081e-02
8.445595854922280377e-02
7.979274611398963490e-02
7.927461139896373188e-02
8.082901554404145483e-02
7.875647668393782885e-02
7.927461139896373188e-02
7.668393782383420287e-02
8.601036269430051284e-02
8.756476683937823580e-02
7.823834196891191195e-02
8.238341968911917779e-02
8.082901554404145483e-02
8.134715025906735786e-02
7.823834196891191195e-02
8.497409326424870679e-02
8.186528497409326088e-02
8.497409326424870679e-02
8.341968911917098384e-02
8.549222797927460982e-02
7.720207253886010590e-02
7.720207253886010590e-02
7.823834196891191195e-02
8.393782383419688686e-02
7.461139896373056302e-02
7.409326424870465999e-02
7.202072538860103401e-02
7.305699481865285394e-02
7.668393782383420287e-02
7.253886010362693704e-02
7.668393782383420287e-02
6.943005181347150501e-02
6.735751295336787903e-02
7.720207253886010590e-02
7.357512953367875697e-02
6.839378238341968508e-02
6.735751295336787903e-02
7.409326424870465999e-02
6.839378238341968508e-02
6.994818652849740803e-02
6.269430051813471017e-02
7.253886010362693704e-02
6.580310880829015607e-02
7.202072538860103401e-02
6.476683937823833614e-02
6.839378238341968508e-02
7.253886010362693704e-02
7.202072538860103401e-02
7.098445595854922796e-02
6.891191709844560198e-02
6.113989637305699415e-02
6.943005181347150501e-02
7.098445595854922796e-02
6.632124352331605910e-02
6.735751295336787903e-02
6.321243523316062707e-02
6.580310880829015607e-02
6.217616580310880714e-02
6.373056994818653009e-02
6.010362694300518116e-02
5.492227979274611621e-02
5.958549222797927120e-02
5.699481865284974219e-02
6.113989637305699415e-02
5.803108808290155518e-02
6.010362694300518116e-02
6.269430051813471017e-02
