1.000000000000000000e+00
7.871485943775100580e-01
7.202141900937081287e-01
7.255689424364123452e-01
6.934404283801873792e-01
7.148594377510040232e-01
6.532797858099063104e-01
6.184738955823293471e-01
6.506024096385542022e-01
6.157965194109772389e-01
5.890227576974564894e-01
5.863453815261043811e-01
5.876840696117804352e-01
5.783132530120481674e-01
5.809906291834002756e-01
5.113788487282463491e-01
5.421686746987951500e-01
5.127175368139224032e-01
5.394912985274431527e-01
5.087014725568942408e-01
5.153949129852744004e-01
4.912985274431057592e-01
4.832663989290495454e-01
5.020080321285140812e-01
4.886211512717537064e-01
4.792503346720214386e-01
4.939759036144578119e-01
4.738955823293172775e-01
4.551539491298527418e-01
4.779116465863453844e-01
4.899598393574297051e-01
4.993306559571619729e-01
4.270414993306559381e-01
4.551539491298527418e-01
4.551539491298527418e-01
4.645247657295850097e-01
4.551539491298527418e-01
4.364123159303882060e-01
4.096385542168674565e-01
4.163319946452476716e-01
3.962516733601070817e-01
4.082998661311914579e-01
3.855421686746988152e-01
3.761713520749665474e-01
3.668005354752342795e-01
3.761713520749665474e-01
3.761713520749665474e-01
3.989290495314591900e-01
3.882195448460508680e-01
3.855421686746988152e-01
3.721552878179384405e-01
3.868808567603748139e-01
3.748326639892904932e-01
4.123159303882195648e-01
3.721552878179384405e-01
3.775100401606425460e-01
3.601070950468540643e-01
3.587684069611780657e-01
3.212851405622489942e-01
3.427041499330655827e-01
3.480589022757697437e-01
3.319946452476573162e-01
3.413654618473895841e-01
3.239625167336010469e-01
3.119143239625167263e-01
3.199464524765729401e-01
3.065595716198125653e-01
3.105756358768406722e-01
2.864792503346720309e-01
3.105756358768406722e-01
3.279785809906292093e-01
3.186077643908969415e-01
3.119143239625167263e-01
3.172690763052208873e-01
3.038821954484605126e-01
3.025435073627844584e-01
3.078982597054886194e-01
3.052208835341365667e-01
2.811244979919678699e-01
2.851405622489959768e-01
3.092369477911646736e-01
2.998661311914324057e-01
2.811244979919678699e-01
3.025435073627844584e-01
2.797858099062918158e-01
3.052208835341365667e-01
2.958500669344042988e-01
2.677376171352074952e-01
2.878179384203480851e-01
2.663989290495314410e-01
2.931726907630521906e-01
2.757697456492637089e-01
2.744310575635877103e-01
2.717536813922356020e-01
2.623828647925033342e-01
2.556894243641231745e-01
2.248995983935742904e-01
2.382864792503346651e-01
2.222222222222222099e-01
2.436412315930388262e-01
2.356091030789825846e-01
2.329317269076305319e-01
2.583668005354752273e-01
2.423025435073627720e-01
2.503346720214190135e-01
2.503346720214190135e-01
2.556894243641231745e-01
2.503346720214190135e-01
2.329317269076305319e-01
2.423025435073627720e-01
2.597054886211512814e-01
2.369477911646586388e-01
2.423025435073627720e-01
2.503346720214190135e-01
2.476572958500669330e-01
2.489959839357429594e-01
2.275769745649263709e-01
2.382864792503346651e-01
2.382864792503346651e-01
2.248995983935742904e-01
2.342704149933065583e-01
2.168674698795180766e-01
2.489959839357429594e-01
2.235609103078982640e-01
2.302543507362784514e-01
2.409638554216867457e-01
2.182061579651941030e-01
2.182061579651941030e-01
2.248995983935742904e-01
2.155287817938420225e-01
2.195448460508701571e-01
2.048192771084337283e-01
1.927710843373494076e-01
2.008032128514056214e-01
1.927710843373494076e-01
2.115127175368139156e-01
2.048192771084337283e-01
2.182061579651941030e-01
2.101740294511378893e-01
2.048192771084337283e-01
1.900937081659973271e-01
2.128514056224899698e-01
1.967871485943775145e-01
2.128514056224899698e-01
2.008032128514056214e-01
1.981258366800535409e-01
1.887550200803212730e-01
1.954484605087014604e-01
1.914323962516733535e-01
1.820615796519410856e-01
1.927710843373494076e-01
1.954484605087014604e-01
1.954484605087014604e-01
1.954484605087014604e-01
1.994645247657295950e-01
1.994645247657295950e-01
1.686746987951807109e-01
2.021419009370816477e-01
2.034805890227577019e-01
2.088353413654618351e-01
1.807228915662650592e-01
1.900937081659973271e-01
1.713520749665327914e-01
1.887550200803212730e-01
1.713520749665327914e-01
1.713520749665327914e-01
1.740294511378848719e-01
1.941097724230254340e-01
1.740294511378848719e-01
1.753681392235608982e-01
1.927710843373494076e-01
1.646586345381526040e-01
1.753681392235608982e-01
1.659973226238286581e-01
1.780455153949129787e-01
1.566265060240963902e-01
1.820615796519410856e-01
1.579651941097724166e-01
1.579651941097724166e-01
1.847389558232931661e-01
1.713520749665327914e-01
1.552878179384203361e-01
1.686746987951807109e-01
1.526104417670682833e-01
1.432396251673360155e-01
1.539491298527443097e-01
1.753681392235608982e-01
1.740294511378848719e-01
1.726907630522088455e-01
1.593038821954484707e-01
1.606425702811244971e-01
1.552878179384203361e-01
1.472556894243641223e-01
1.552878179384203361e-01
1.593038821954484707e-01
1.659973226238286581e-01
1.445783132530120418e-01
1.726907630522088455e-01
1.526104417670682833e-01
1.485943775100401487e-01
1.726907630522088455e-01
1.445783132530120418e-01
1.552878179384203361e-01
1.593038821954484707e-01
1.539491298527443097e-01
1.646586345381526040e-01
1.539491298527443097e-01
1.499330655957162028e-01
1.740294511378848719e-01
1.459170013386880960e-01
1.606425702811244971e-01
1.606425702811244971e-01
1.459170013386880960e-01
1.432396251673360155e-01
1.378848728246318545e-01
1.526104417670682833e-01
1.539491298527443097e-01
1.526104417670682833e-01
1.552878179384203361e-01
1.485943775100401487e-01
1.432396251673360155e-01
1.526104417670682833e-01
1.485943775100401487e-01
1.472556894243641223e-01
1.378848728246318545e-01
1.365461847389558281e-01
1.405622489959839350e-01
1.392235609103079086e-01
1.392235609103079086e-01
1.365461847389558281e-01
1.204819277108433728e-01
1.338688085676037476e-01
1.392235609103079086e-01
1.325301204819277212e-01
1.298527443105756407e-01
1.526104417670682833e-01
1.352074966532797740e-01
1.472556894243641223e-01
1.405622489959839350e-01
1.459170013386880960e-01
1.392235609103079086e-01
1.392235609103079086e-01
1.485943775100401487e-01
1.445783132530120418e-01
1.459170013386880960e-01
1.539491298527443097e-01
1.311914323962516671e-01
1.311914323962516671e-01
1.311914323962516671e-01
1.392235609103079086e-01
1.311914323962516671e-01
1.365461847389558281e-01
1.325301204819277212e-01
1.285140562248995866e-01
1.419009370816599613e-01
1.218206157965194131e-01
1.084337349397590383e-01
1.218206157965194131e-01
1.378848728246318545e-01
1.204819277108433728e-01
1.311914323962516671e-01
1.258366800535475338e-01
1.258366800535475338e-01
1.057563587684069578e-01
1.204819277108433728e-01
1.244979919678714797e-01
1.151271753681392257e-01
1.271753681392235602e-01
1.285140562248995866e-01
1.472556894243641223e-01
1.244979919678714797e-01
1.285140562248995866e-01
1.191432396251673326e-01
1.191432396251673326e-01
1.057563587684069578e-01
1.191432396251673326e-01
1.164658634538152659e-01
1.231593038821954533e-01
1.325301204819277212e-01
1.325301204819277212e-01
1.298527443105756407e-01
1.459170013386880960e-01
1.285140562248995866e-01
1.244979919678714797e-01
1.218206157965194131e-01
1.338688085676037476e-01
1.218206157965194131e-01
1.258366800535475338e-01
1.070950468540829981e-01
1.178045515394912923e-01
1.271753681392235602e-01
1.191432396251673326e-01
1.298527443105756407e-01
1.271753681392235602e-01
1.124497991967871452e-01
1.070950468540829981e-01
1.325301204819277212e-01
1.191432396251673326e-01
1.070950468540829981e-01
1.084337349397590383e-01
1.191432396251673326e-01
1.030789825970548912e-01
1.124497991967871452e-01
9.772423025435073018e-02
1.191432396251673326e-01
1.057563587684069578e-01
1.017402945113788509e-01
1.017402945113788509e-01
1.030789825970548912e-01
1.084337349397590383e-01
1.097724230254350786e-01
1.111111111111111049e-01
1.178045515394912923e-01
1.204819277108433728e-01
1.044176706827309176e-01
1.017402945113788509e-01
9.103078982597054281e-02
9.638554216867470381e-02
1.030789825970548912e-01
8.969210174029451643e-02
9.504685408299866356e-02
9.236947791164658306e-02
8.567603748326639568e-02
9.236947791164658306e-02
1.097724230254350786e-01
8.835341365461847618e-02
1.017402945113788509e-01
1.084337349397590383e-01
1.030789825970548912e-01
1.004016064257028107e-01
1.030789825970548912e-01
9.370816599732262331e-02
1.164658634538152659e-01
1.044176706827309176e-01
1.044176706827309176e-01
9.504685408299866356e-02
9.236947791164658306e-02
9.906291834002677044e-02
9.236947791164658306e-02
9.236947791164658306e-02
8.969210174029451643e-02
9.103078982597054281e-02
1.017402945113788509e-01
9.103078982597054281e-02
9.772423025435073018e-02
1.004016064257028107e-01
1.084337349397590383e-01
1.070950468540829981e-01
8.701472556894243593e-02
1.044176706827309176e-01
9.370816599732262331e-02
8.433734939759035543e-02
8.165997322623828880e-02
8.299866131191432905e-02
1.017402945113788509e-01
8.433734939759035543e-02
8.433734939759035543e-02
8.165997322623828880e-02
9.370816599732262331e-02
7.764390896921016805e-02
7.764390896921016805e-02
7.496653279785810142e-02
8.701472556894243593e-02
7.630522088353414167e-02
8.567603748326639568e-02
8.165997322623828880e-02
7.898259705488620830e-02
7.362784471218206117e-02
8.835341365461847618e-02
7.228915662650602092e-02
9.236947791164658306e-02
6.693440428380187379e-02
8.165997322623828880e-02
7.764390896921016805e-02
7.764390896921016805e-02
7.630522088353414167e-02
6.827309236947791404e-02
7.228915662650602092e-02
7.898259705488620830e-02
6.827309236947791404e-02
8.299866131191432905e-02
8.299866131191432905e-02
7.630522088353414167e-02
7.496653279785810142e-02
7.228915662650602092e-02
7.496653279785810142e-02
7.095046854082998067e-02
8.165997322623828880e-02
7.228915662650602092e-02
8.701472556894243593e-02
9.370816599732262331e-02
7.496653279785810142e-02
7.764390896921016805e-02
8.433734939759035543e-02
9.370816599732262331e-02
7.496653279785810142e-02
7.630522088353414167e-02
8.433734939759035543e-02
8.032128514056224855e-02
7.764390896921016805e-02
7.630522088353414167e-02
