1.000000000000000000e+00
8.538681948424068358e-01
8.825214899713467176e-01
7.965616045845271831e-01
7.335243553008595763e-01
7.507163323782235498e-01
7.220630372492836679e-01
8.022922636103151373e-01
7.564469914040115039e-01
7.507163323782235498e-01
7.535816618911175269e-01
7.277936962750716221e-01
6.848137535816618549e-01
6.876790830945558319e-01
6.704871060171919694e-01
7.163323782234957138e-01
6.934097421203437861e-01
6.934097421203437861e-01
6.532951289398281070e-01
6.762177650429799236e-01
6.733524355300859465e-01
6.303724928366761793e-01
6.275071633237822022e-01
5.959885386819484543e-01
6.017191977077364085e-01
6.446991404011461757e-01
6.217765042979942480e-01
6.017191977077364085e-01
5.988538681948424314e-01
5.902578796561605001e-01
5.816618911174784579e-01
5.530085959885386870e-01
5.300859598853868704e-01
5.759312320916905037e-01
5.730659025787965266e-01
5.759312320916905037e-01
5.730659025787965266e-01
5.558739255014326641e-01
5.530085959885386870e-01
5.243553008595988052e-01
5.587392550143266412e-01
5.157593123209168740e-01
5.386819484240688016e-01
5.587392550143266412e-01
5.329512893982808475e-01
5.243553008595988052e-01
5.042979942693409656e-01
5.386819484240688016e-01
5.272206303724927823e-01
5.042979942693409656e-01
4.842406876790830705e-01
5.214899713467048281e-01
5.272206303724927823e-01
5.530085959885386870e-01
5.902578796561605001e-01
5.444126074498567558e-01
4.727793696275071622e-01
5.100286532951289198e-01
5.100286532951289198e-01
4.555873925501432442e-01
4.613180515759312539e-01
4.842406876790830705e-01
5.071633237822349427e-01
4.555873925501432442e-01
4.469914040114613130e-01
4.355300859598854046e-01
4.613180515759312539e-01
4.899713467048710802e-01
4.813753581661890935e-01
4.842406876790830705e-01
4.613180515759312539e-01
5.071633237822349427e-01
4.641833810888252310e-01
4.785100286532951164e-01
4.154727793696275095e-01
4.441260744985673359e-01
4.957020057306590344e-01
4.555873925501432442e-01
4.498567335243552900e-01
4.269340974212034179e-01
4.355300859598854046e-01
4.498567335243552900e-01
4.212034383954154637e-01
4.613180515759312539e-01
4.412607449856733588e-01
4.469914040114613130e-01
4.412607449856733588e-01
3.954154727793696145e-01
3.868194842406876832e-01
4.126074498567335325e-01
4.584527220630372768e-01
4.584527220630372768e-01
4.498567335243552900e-01
4.269340974212034179e-01
4.183381088825214866e-01
4.383954154727793817e-01
3.553008595988538798e-01
3.896848137535816603e-01
4.240687679083094408e-01
3.696275071633237652e-01
3.667621776504297881e-01
3.925501432664756374e-01
3.696275071633237652e-01
3.696275071633237652e-01
4.126074498567335325e-01
3.810888252148997291e-01
3.696275071633237652e-01
3.638968481375358111e-01
4.297994269340973950e-01
3.954154727793696145e-01
3.954154727793696145e-01
4.011461318051575686e-01
4.040114613180516012e-01
3.839541547277937061e-01
3.896848137535816603e-01
3.810888252148997291e-01
3.896848137535816603e-01
3.495702005730659256e-01
3.696275071633237652e-01
3.896848137535816603e-01
3.724928366762177423e-01
3.667621776504297881e-01
3.782234957020057520e-01
3.495702005730659256e-01
3.352435530085959847e-01
3.810888252148997291e-01
3.982808022922635915e-01
3.724928366762177423e-01
3.753581661891117749e-01
3.724928366762177423e-01
4.154727793696275095e-01
3.553008595988538798e-01
3.524355300859599027e-01
3.553008595988538798e-01
3.495702005730659256e-01
3.553008595988538798e-01
3.495702005730659256e-01
3.266475644699140535e-01
3.782234957020057520e-01
3.409742120343839389e-01
3.438395415472779160e-01
3.323782234957020076e-01
3.323782234957020076e-01
3.151862464183380896e-01
3.352435530085959847e-01
3.295128939828080306e-01
3.266475644699140535e-01
2.922636103151862730e-01
3.381088825214899618e-01
3.209169054441260993e-01
3.295128939828080306e-01
3.266475644699140535e-01
3.123209169054441126e-01
3.037249283667621813e-01
3.467048710601718930e-01
3.295128939828080306e-01
3.237822349570200764e-01
3.524355300859599027e-01
3.237822349570200764e-01
3.180515759312320667e-01
3.209169054441260993e-01
2.922636103151862730e-01
3.209169054441260993e-01
3.266475644699140535e-01
2.979942693409742271e-01
3.696275071633237652e-01
3.065902578796561584e-01
2.951289398280802501e-01
3.180515759312320667e-01
2.779369627507163321e-01
2.578796561604584370e-01
2.750716332378223550e-01
2.836676217765042862e-01
2.836676217765042862e-01
3.209169054441260993e-01
3.237822349570200764e-01
3.180515759312320667e-01
2.836676217765042862e-01
2.979942693409742271e-01
3.209169054441260993e-01
3.008595988538682042e-01
3.467048710601718930e-01
3.065902578796561584e-01
2.979942693409742271e-01
3.323782234957020076e-01
3.094555873925501355e-01
3.209169054441260993e-01
2.865329512893982633e-01
2.779369627507163321e-01
2.893982808022922404e-01
3.180515759312320667e-01
3.094555873925501355e-01
2.979942693409742271e-01
2.779369627507163321e-01
2.550143266475644599e-01
2.636103151862463911e-01
2.779369627507163321e-01
2.607449856733524141e-01
2.464183381088825286e-01
3.008595988538682042e-01
2.693409742120344008e-01
2.693409742120344008e-01
2.636103151862463911e-01
2.893982808022922404e-01
2.636103151862463911e-01
2.636103151862463911e-01
3.008595988538682042e-01
2.722063037249283779e-01
2.578796561604584370e-01
2.865329512893982633e-01
2.779369627507163321e-01
2.779369627507163321e-01
2.922636103151862730e-01
2.865329512893982633e-01
2.693409742120344008e-01
2.464183381088825286e-01
2.607449856733524141e-01
2.893982808022922404e-01
2.607449856733524141e-01
2.808022922636103091e-01
2.808022922636103091e-01
2.693409742120344008e-01
2.779369627507163321e-01
2.464183381088825286e-01
2.607449856733524141e-01
2.492836676217765057e-01
2.779369627507163321e-01
2.607449856733524141e-01
2.865329512893982633e-01
2.750716332378223550e-01
2.693409742120344008e-01
3.065902578796561584e-01
2.664756446991404237e-01
2.779369627507163321e-01
3.123209169054441126e-01
2.722063037249283779e-01
2.922636103151862730e-01
2.578796561604584370e-01
2.836676217765042862e-01
3.008595988538682042e-01
3.008595988538682042e-01
2.922636103151862730e-01
2.893982808022922404e-01
3.037249283667621813e-01
2.865329512893982633e-01
2.750716332378223550e-01
2.664756446991404237e-01
2.578796561604584370e-01
2.664756446991404237e-01
2.722063037249283779e-01
3.065902578796561584e-01
2.664756446991404237e-01
2.808022922636103091e-01
2.722063037249283779e-01
2.836676217765042862e-01
3.008595988538682042e-01
2.750716332378223550e-01
2.750716332378223550e-01
2.951289398280802501e-01
2.865329512893982633e-01
2.578796561604584370e-01
2.492836676217765057e-01
2.664756446991404237e-01
2.349570200573065926e-01
2.607449856733524141e-01
2.808022922636103091e-01
2.693409742120344008e-01
2.406876790830945467e-01
2.120343839541547204e-01
2.177650429799427023e-01
2.492836676217765057e-01
2.750716332378223550e-01
2.550143266475644599e-01
2.808022922636103091e-01
2.750716332378223550e-01
2.550143266475644599e-01
2.865329512893982633e-01
2.320916905444126155e-01
2.636103151862463911e-01
2.550143266475644599e-01
2.406876790830945467e-01
2.234957020057306565e-01
2.779369627507163321e-01
2.693409742120344008e-01
2.492836676217765057e-01
2.693409742120344008e-01
2.722063037249283779e-01
2.607449856733524141e-01
2.550143266475644599e-01
2.349570200573065926e-01
2.521489971346704828e-01
2.607449856733524141e-01
2.349570200573065926e-01
2.406876790830945467e-01
2.349570200573065926e-01
2.693409742120344008e-01
2.521489971346704828e-01
2.292263610315186384e-01
2.148997134670486975e-01
2.406876790830945467e-01
2.177650429799427023e-01
2.464183381088825286e-01
2.349570200573065926e-01
2.263610315186246336e-01
2.435530085959885516e-01
2.578796561604584370e-01
2.435530085959885516e-01
2.693409742120344008e-01
2.435530085959885516e-01
2.578796561604584370e-01
2.464183381088825286e-01
2.464183381088825286e-01
2.406876790830945467e-01
2.292263610315186384e-01
2.320916905444126155e-01
2.292263610315186384e-01
2.349570200573065926e-01
2.177650429799427023e-01
2.435530085959885516e-01
2.406876790830945467e-01
2.091690544412607433e-01
2.349570200573065926e-01
2.550143266475644599e-01
1.948424068767908302e-01
2.292263610315186384e-01
2.292263610315186384e-01
2.320916905444126155e-01
2.234957020057306565e-01
2.378223495702005696e-01
2.263610315186246336e-01
2.464183381088825286e-01
2.292263610315186384e-01
1.919770773638968531e-01
2.206303724928366794e-01
2.492836676217765057e-01
2.349570200573065926e-01
2.148997134670486975e-01
2.206303724928366794e-01
2.378223495702005696e-01
2.263610315186246336e-01
2.320916905444126155e-01
2.292263610315186384e-01
2.378223495702005696e-01
2.263610315186246336e-01
2.492836676217765057e-01
2.521489971346704828e-01
2.607449856733524141e-01
2.578796561604584370e-01
2.435530085959885516e-01
2.148997134670486975e-01
2.177650429799427023e-01
2.664756446991404237e-01
2.464183381088825286e-01
2.177650429799427023e-01
2.378223495702005696e-01
2.292263610315186384e-01
2.492836676217765057e-01
2.034383954154727892e-01
2.177650429799427023e-01
2.349570200573065926e-01
2.492836676217765057e-01
2.292263610315186384e-01
2.091690544412607433e-01
2.435530085959885516e-01
1.977077363896848072e-01
2.378223495702005696e-01
2.406876790830945467e-01
1.862464183381088711e-01
2.034383954154727892e-01
2.320916905444126155e-01
2.349570200573065926e-01
2.120343839541547204e-01
1.977077363896848072e-01
2.148997134670486975e-01
2.349570200573065926e-01
2.435530085959885516e-01
2.234957020057306565e-01
2.349570200573065926e-01
2.292263610315186384e-01
2.263610315186246336e-01
2.234957020057306565e-01
2.206303724928366794e-01
2.063037249283667662e-01
2.063037249283667662e-01
2.148997134670486975e-01
2.148997134670486975e-01
2.005730659025787843e-01
2.464183381088825286e-01
1.862464183381088711e-01
2.091690544412607433e-01
1.977077363896848072e-01
2.063037249283667662e-01
2.063037249283667662e-01
2.034383954154727892e-01
2.091690544412607433e-01
2.292263610315186384e-01
2.206303724928366794e-01
2.378223495702005696e-01
2.148997134670486975e-01
2.206303724928366794e-01
1.862464183381088711e-01
