1.000000000000000000e+00
8.951612903225806273e-01
8.892961876832844448e-01
8.482404692082111675e-01
8.335777126099707113e-01
8.467741935483871218e-01
8.240469208211144148e-01
8.093841642228738475e-01
8.049853372434017107e-01
7.969208211143694598e-01
7.419354838709677491e-01
7.602639296187683193e-01
7.397360703812316807e-01
7.214076246334311104e-01
7.023460410557185174e-01
7.155425219941349280e-01
7.126099706744868367e-01
7.008797653958944718e-01
7.104105571847507683e-01
6.913489736070381753e-01
6.832844574780058133e-01
6.781524926686216537e-01
6.517595307917888325e-01
6.488269794721407413e-01
6.598240469208210834e-01
6.348973607038123079e-01
6.414956011730205132e-01
6.356304985337243307e-01
6.312316715542521939e-01
6.253665689149560114e-01
6.143695014662756693e-01
6.151026392961876921e-01
6.107038123167155552e-01
5.850439882697947569e-01
6.004398826979472359e-01
5.894428152492668938e-01
5.887096774193548709e-01
5.784457478005865516e-01
5.623167155425219388e-01
5.865102639296188025e-01
5.901759530791789166e-01
5.469208211143694598e-01
5.417888563049853001e-01
5.432551319648093457e-01
5.652492668621701410e-01
5.454545454545454142e-01
5.417888563049853001e-01
5.139296187683284334e-01
5.117302052785923649e-01
5.300586510263929352e-01
5.322580645161290036e-01
5.058651026392961825e-01
4.919354838709677491e-01
5.109970674486803421e-01
4.860703812316715666e-01
4.992668621700879772e-01
4.787390029325513385e-01
4.934017595307917947e-01
4.765395894428152701e-01
4.699413489736070648e-01
4.809384164222874070e-01
4.567448680351905987e-01
4.523460410557184619e-01
4.457478005865102566e-01
4.640762463343108268e-01
4.472140762463343022e-01
4.545454545454545303e-01
4.193548387096774355e-01
4.274193548387096864e-01
4.303519061583577776e-01
4.171554252199413670e-01
4.127565982404692302e-01
4.054252199413489466e-01
3.980938416422287185e-01
4.310850439882698004e-01
4.186217008797654127e-01
3.966275659824046729e-01
3.841642228739002851e-01
3.966275659824046729e-01
3.841642228739002851e-01
3.929618768328445588e-01
3.834310850439882623e-01
3.629032258064516236e-01
3.577712609970674640e-01
3.709677419354838745e-01
3.585043988269794868e-01
3.526392961876833043e-01
3.731671554252199430e-01
3.577712609970674640e-01
3.585043988269794868e-01
3.592375366568915096e-01
3.621700879765396008e-01
3.607038123167155552e-01
3.599706744868035324e-01
3.453079178885630762e-01
3.453079178885630762e-01
3.262463343108504277e-01
3.299120234604105417e-01
3.372434017595307698e-01
3.189149560117301996e-01
3.108504398826979487e-01
3.196480938416422224e-01
3.123167155425219943e-01
2.976539589442815381e-01
2.917888563049853556e-01
3.071847507331378346e-01
3.005865102639296293e-01
2.866568914956011960e-01
3.101173020527859259e-01
3.049853372434017662e-01
2.954545454545454697e-01
2.917888563049853556e-01
2.932551319648094013e-01
2.895894428152492872e-01
2.844574780058651275e-01
2.829912023460410819e-01
2.895894428152492872e-01
2.727272727272727071e-01
2.675953079178885474e-01
2.683284457478005702e-01
2.661290322580645018e-01
2.727272727272727071e-01
2.580645161290322509e-01
2.697947214076246158e-01
2.602639296187683193e-01
2.749266862170087755e-01
2.741935483870967527e-01
2.653958944281524790e-01
2.668621700879765246e-01
2.595307917888562965e-01
2.543988269794721369e-01
2.587976539589442737e-01
2.595307917888562965e-01
2.507331378299120228e-01
2.507331378299120228e-01
2.595307917888562965e-01
2.492668621700879772e-01
2.397360703812316807e-01
2.294721407624633336e-01
2.543988269794721369e-01
2.485337243401759544e-01
2.463343108504398860e-01
2.426686217008797719e-01
2.500000000000000000e-01
2.338709677419354704e-01
2.434017595307917947e-01
2.441348973607038175e-01
2.258064516129032195e-01
2.397360703812316807e-01
2.250733137829911967e-01
2.316715542521994020e-01
2.126099706744868090e-01
2.316715542521994020e-01
2.155425219941349002e-01
2.038123167155425353e-01
2.206744868035190599e-01
2.206744868035190599e-01
2.184750733137829914e-01
2.104105571847507405e-01
1.928152492668621654e-01
2.118768328445747862e-01
2.111436950146627634e-01
2.155425219941349002e-01
2.184750733137829914e-01
2.192082111436950143e-01
2.052785923753665809e-01
2.258064516129032195e-01
2.023460410557184619e-01
2.052785923753665809e-01
2.074780058651026493e-01
2.214076246334310827e-01
2.206744868035190599e-01
2.096774193548387177e-01
2.096774193548387177e-01
1.964809384164222794e-01
1.994134897360703707e-01
2.118768328445747862e-01
2.030791788856304847e-01
2.023460410557184619e-01
1.979472140762463250e-01
1.920821114369501426e-01
1.876832844574780057e-01
1.950146627565982338e-01
1.869501466275659829e-01
1.935483870967741882e-01
1.972140762463343022e-01
1.935483870967741882e-01
1.818181818181818232e-01
1.818181818181818232e-01
1.862170087976539601e-01
1.781524926686217092e-01
1.788856304985337320e-01
1.671554252199413393e-01
1.796187683284457548e-01
1.759530791788856408e-01
1.774193548387096864e-01
1.722873900293255267e-01
1.744868035190615951e-01
1.898826979472140741e-01
1.620234604105571796e-01
1.649560117302052709e-01
1.752199413489736179e-01
1.759530791788856408e-01
1.715542521994134761e-01
1.715542521994134761e-01
1.642228739002932481e-01
1.612903225806451568e-01
1.686217008797653849e-01
1.627565982404692024e-01
1.678885630498533621e-01
1.744868035190615951e-01
1.576246334310850428e-01
1.678885630498533621e-01
1.686217008797653849e-01
1.693548387096774077e-01
1.678885630498533621e-01
1.612903225806451568e-01
1.583577712609970656e-01
1.642228739002932481e-01
1.605571847507331340e-01
1.546920821114369515e-01
1.554252199413489743e-01
1.554252199413489743e-01
1.488269794721407691e-01
1.451612903225806550e-01
1.458944281524926778e-01
1.429618768328445866e-01
1.422287390029325638e-01
1.275659824046920798e-01
1.488269794721407691e-01
1.480938416422287462e-01
1.312316715542521939e-01
1.451612903225806550e-01
1.429618768328445866e-01
1.326979472140762395e-01
1.348973607038123079e-01
1.444281524926686322e-01
1.620234604105571796e-01
1.348973607038123079e-01
1.312316715542521939e-01
1.480938416422287462e-01
1.436950146627566094e-01
1.444281524926686322e-01
1.319648093841642167e-01
1.246334310850439886e-01
1.297653958944281483e-01
1.326979472140762395e-01
1.378299120234603992e-01
1.422287390029325638e-01
1.326979472140762395e-01
1.356304985337243307e-01
1.348973607038123079e-01
1.268328445747800570e-01
1.260997067448680342e-01
1.312316715542521939e-01
1.304985337243401711e-01
1.378299120234603992e-01
1.290322580645161255e-01
1.356304985337243307e-01
1.422287390029325638e-01
1.334310850439882623e-01
1.319648093841642167e-01
1.246334310850439886e-01
1.319648093841642167e-01
1.202346041055718517e-01
1.239002932551319658e-01
1.334310850439882623e-01
1.268328445747800570e-01
1.092375366568914957e-01
1.209677419354838745e-01
1.231671554252199430e-01
1.239002932551319658e-01
1.246334310850439886e-01
1.217008797653958974e-01
1.136363636363636326e-01
1.151026392961876782e-01
1.202346041055718517e-01
1.121700879765395870e-01
1.209677419354838745e-01
1.180351906158357833e-01
1.165689149560117238e-01
1.151026392961876782e-01
1.239002932551319658e-01
1.158357771260997010e-01
1.092375366568914957e-01
1.055718475073313817e-01
1.041055718475073361e-01
1.143695014662756554e-01
1.063049853372434045e-01
1.085043988269794729e-01
1.033724340175953132e-01
1.033724340175953132e-01
1.019061583577712676e-01
9.897360703812316252e-02
8.944281524926686600e-02
9.090909090909091161e-02
9.750733137829911690e-02
1.004398826979472081e-01
9.384164222873900285e-02
9.310850439882698004e-02
1.019061583577712676e-01
9.090909090909091161e-02
8.870967741935484319e-02
9.750733137829911690e-02
9.090909090909091161e-02
9.384164222873900285e-02
9.604105571847507128e-02
9.604105571847507128e-02
9.310850439882698004e-02
9.017595307917888880e-02
9.384164222873900285e-02
9.824046920821113971e-02
9.750733137829911690e-02
9.604105571847507128e-02
9.164222873900293442e-02
9.090909090909091161e-02
9.677419354838709409e-02
9.604105571847507128e-02
8.944281524926686600e-02
9.384164222873900285e-02
9.530791788856304847e-02
8.724340175953079757e-02
9.824046920821113971e-02
9.090909090909091161e-02
9.897360703812316252e-02
8.357771260997066964e-02
8.944281524926686600e-02
9.310850439882698004e-02
9.310850439882698004e-02
8.724340175953079757e-02
8.064516129032257841e-02
8.284457478005864683e-02
8.504398826979471526e-02
8.431085043988269245e-02
8.431085043988269245e-02
7.771260997067448717e-02
7.917888563049853279e-02
9.090909090909091161e-02
8.137829912023460122e-02
8.137829912023460122e-02
7.844574780058650998e-02
8.064516129032257841e-02
8.357771260997066964e-02
7.771260997067448717e-02
8.504398826979471526e-02
8.724340175953079757e-02
7.184750733137830470e-02
6.964809384164222239e-02
7.478005865102639593e-02
7.111436950146628189e-02
7.771260997067448717e-02
7.111436950146628189e-02
7.184750733137830470e-02
7.111436950146628189e-02
7.038123167155425908e-02
6.964809384164222239e-02
7.404692082111437312e-02
7.917888563049853279e-02
7.184750733137830470e-02
6.891495601173019958e-02
7.624633431085044155e-02
7.111436950146628189e-02
7.917888563049853279e-02
7.258064516129032751e-02
7.038123167155425908e-02
7.111436950146628189e-02
7.111436950146628189e-02
7.038123167155425908e-02
6.304985337243401711e-02
6.231671554252199430e-02
6.964809384164222239e-02
6.891495601173019958e-02
6.085043988269794868e-02
6.818181818181817677e-02
6.598240469208210834e-02
6.744868035190615396e-02
7.038123167155425908e-02
7.184750733137830470e-02
6.891495601173019958e-02
7.331378299120235031e-02
6.964809384164222239e-02
7.258064516129032751e-02
6.598240469208210834e-02
6.891495601173019958e-02
6.818181818181817677e-02
6.964809384164222239e-02
7.258064516129032751e-02
7.551319648093841874e-02
6.891495601173019958e-02
7.551319648093841874e-02
6.891495601173019958e-02
7.111436950146628189e-02
6.598240469208210834e-02
7.038123167155425908e-02
6.818181818181817677e-02
7.258064516129032751e-02
7.111436950146628189e-02
7.331378299120235031e-02
7.404692082111437312e-02
6.818181818181817677e-02
6.744868035190615396e-02
