1.000000000000000000e+00
8.686067019400353084e-01
8.086419753086420137e-01
7.848324514991181777e-01
7.901234567901234129e-01
8.156966490299824013e-01
8.095238095238095344e-01
7.724867724867724439e-01
7.425044091710758520e-01
7.310405643738977499e-01
7.186948853615520161e-01
7.160493827160493430e-01
6.878306878306877925e-01
6.948853615520281801e-01
6.887125220458554242e-01
6.834215167548500780e-01
6.834215167548500780e-01
6.746031746031746490e-01
6.807760141093474049e-01
6.772486772486772111e-01
6.543209876543210068e-01
6.402116402116402316e-01
6.358024691358025171e-01
6.234567901234567833e-01
6.278659611992944978e-01
6.243386243386243040e-01
6.155202821869488750e-01
5.908289241622575183e-01
5.828924162257496100e-01
5.970017636684303852e-01
5.828924162257496100e-01
5.864197530864198038e-01
5.740740740740740700e-01
5.802469135802469369e-01
5.696649029982363555e-01
5.423280423280423257e-01
5.687830687830688348e-01
5.343915343915344174e-01
5.405643738977072843e-01
5.220458553791886835e-01
5.194003527336861215e-01
5.097001763668430607e-01
4.938271604938271331e-01
5.246913580246913567e-01
5.176366843033509690e-01
4.982363315696649031e-01
5.273368606701940298e-01
5.079365079365079083e-01
4.929453262786596124e-01
4.964726631393298062e-01
5.017636684303351524e-01
5.008818342151675207e-01
4.726631393298059702e-01
4.629629629629629650e-01
4.603174603174602919e-01
4.567901234567900981e-01
4.603174603174602919e-01
4.347442680776014146e-01
4.708994708994708733e-01
4.770723104056437402e-01
4.417989417989418022e-01
4.276895943562610269e-01
4.426807760141093229e-01
4.250440917107583538e-01
4.320987654320987414e-01
4.259259259259259300e-01
4.444444444444444198e-01
4.153439153439153486e-01
4.171075837742504455e-01
4.197530864197530631e-01
4.135802469135802517e-01
3.941798941798941858e-01
4.153439153439153486e-01
4.029982363315696703e-01
3.932980599647266096e-01
4.047619047619047672e-01
3.747795414462081198e-01
3.844797178130511250e-01
3.721340388007054467e-01
3.774250440917107374e-01
3.827160493827160281e-01
3.791887125220458343e-01
3.694885361552028291e-01
3.589065255731922477e-01
3.871252204585537982e-01
3.659611992945326353e-01
3.615520282186948653e-01
3.395061728395061817e-01
3.615520282186948653e-01
3.888888888888888951e-01
3.677248677248677322e-01
3.624338624338624415e-01
3.474426807760140901e-01
3.686067019400352529e-01
3.253968253968254065e-01
3.439153439153438963e-01
3.430335097001763756e-01
3.280423280423280241e-01
3.165784832451499220e-01
3.218694885361552127e-01
3.395061728395061817e-01
3.412698412698412787e-01
3.183421516754850189e-01
3.104056437389770551e-01
3.183421516754850189e-01
3.174603174603174427e-01
3.130511463844797282e-01
3.104056437389770551e-01
3.112874779541446313e-01
3.245149911816578303e-01
3.104056437389770551e-01
3.007054673721340499e-01
3.280423280423280241e-01
3.201058201058201158e-01
2.980599647266313768e-01
2.945326278659611829e-01
3.095238095238095344e-01
3.042328042328042437e-01
3.007054673721340499e-01
3.183421516754850189e-01
3.033509700176366675e-01
2.918871252204585653e-01
3.165784832451499220e-01
2.945326278659611829e-01
2.777777777777777901e-01
2.962962962962962798e-01
2.971781305114638561e-01
2.742504409171075963e-01
2.742504409171075963e-01
2.821869488536155046e-01
2.707231040564374025e-01
2.592592592592592449e-01
2.848324514991181777e-01
2.592592592592592449e-01
2.751322751322751170e-01
2.680776014109347294e-01
2.751322751322751170e-01
2.742504409171075963e-01
2.698412698412698263e-01
2.654320987654321118e-01
2.451499118165784696e-01
2.689594356261023056e-01
2.522045855379188573e-01
2.654320987654321118e-01
2.469135802469135665e-01
2.716049382716049232e-01
2.433862433862433727e-01
2.513227513227513366e-01
2.495590828924162119e-01
2.477954144620811150e-01
2.583774250440917242e-01
2.592592592592592449e-01
2.469135802469135665e-01
2.380952380952380820e-01
2.407407407407407274e-01
2.292768959435625975e-01
2.433862433862433727e-01
2.354497354497354367e-01
2.513227513227513366e-01
2.460317460317460181e-01
2.363315696649029851e-01
2.451499118165784696e-01
2.451499118165784696e-01
2.275132275132275006e-01
2.310405643738976944e-01
2.275132275132275006e-01
2.178130511463844676e-01
2.186948853615520161e-01
2.266313932980599521e-01
2.354497354497354367e-01
2.169312169312169192e-01
2.248677248677248552e-01
2.231040564373897583e-01
2.107583774250440800e-01
2.134038800705467254e-01
2.195767195767195645e-01
2.213403880070546614e-01
2.266313932980599521e-01
2.107583774250440800e-01
2.019400352733685955e-01
2.178130511463844676e-01
2.239858906525573068e-01
2.063492063492063378e-01
2.142857142857142738e-01
2.151675485008818223e-01
2.072310405643738862e-01
2.151675485008818223e-01
2.010582010582010470e-01
2.054673721340387893e-01
1.887125220458553687e-01
2.001763668430334986e-01
2.019400352733685955e-01
1.904761904761904656e-01
1.860670194003527234e-01
1.825396825396825295e-01
1.851851851851851749e-01
1.887125220458553687e-01
1.834215167548500780e-01
1.834215167548500780e-01
1.869488536155202718e-01
1.931216931216931110e-01
1.957671957671957563e-01
1.860670194003527234e-01
1.966490299823633048e-01
1.957671957671957563e-01
1.922398589065255625e-01
2.019400352733685955e-01
1.904761904761904656e-01
1.851851851851851749e-01
1.860670194003527234e-01
1.807760141093474326e-01
1.843033509700176265e-01
1.807760141093474326e-01
1.922398589065255625e-01
1.772486772486772388e-01
1.816578483245149811e-01
1.887125220458553687e-01
1.904761904761904656e-01
1.816578483245149811e-01
1.772486772486772388e-01
1.860670194003527234e-01
1.790123456790123357e-01
1.763668430335096904e-01
1.807760141093474326e-01
1.710758377425043997e-01
1.701940035273368512e-01
1.701940035273368512e-01
1.772486772486772388e-01
1.701940035273368512e-01
1.701940035273368512e-01
1.569664902998236244e-01
1.622574955908289152e-01
1.640211640211640121e-01
1.710758377425043997e-01
1.675485008818342059e-01
1.728395061728394966e-01
1.675485008818342059e-01
1.552028218694885275e-01
1.631393298059964636e-01
1.631393298059964636e-01
1.499118165784832368e-01
1.525573192239858822e-01
1.693121693121693028e-01
1.604938271604938183e-01
1.525573192239858822e-01
1.604938271604938183e-01
1.560846560846560760e-01
1.534391534391534306e-01
1.552028218694885275e-01
1.622574955908289152e-01
1.552028218694885275e-01
1.587301587301587213e-01
1.499118165784832368e-01
1.437389770723103977e-01
1.569664902998236244e-01
1.490299823633156884e-01
1.410934744268077523e-01
1.481481481481481399e-01
1.472663139329805915e-01
1.534391534391534306e-01
1.499118165784832368e-01
1.287477954144620740e-01
1.402116402116402039e-01
1.349206349206349131e-01
1.410934744268077523e-01
1.305114638447971709e-01
1.287477954144620740e-01
1.358024691358024616e-01
1.305114638447971709e-01
1.428571428571428492e-01
1.402116402116402039e-01
1.225749559082892348e-01
1.340388007054673647e-01
1.358024691358024616e-01
1.243386243386243317e-01
1.305114638447971709e-01
1.278659611992945255e-01
1.278659611992945255e-01
1.261022927689594286e-01
1.261022927689594286e-01
1.349206349206349131e-01
1.278659611992945255e-01
1.269841269841269771e-01
1.208112874779541379e-01
1.172839506172839441e-01
1.243386243386243317e-01
1.181657848324514926e-01
1.208112874779541379e-01
1.243386243386243317e-01
1.225749559082892348e-01
1.296296296296296224e-01
1.199294532627865895e-01
1.181657848324514926e-01
1.084656084656084596e-01
1.199294532627865895e-01
1.261022927689594286e-01
1.146384479717812988e-01
1.181657848324514926e-01
1.128747795414462018e-01
1.128747795414462018e-01
1.164021164021163957e-01
1.155202821869488472e-01
1.146384479717812988e-01
1.225749559082892348e-01
1.269841269841269771e-01
1.155202821869488472e-01
1.075837742504409111e-01
1.084656084656084596e-01
1.031746031746031689e-01
1.137566137566137503e-01
1.164021164021163957e-01
1.119929453262786534e-01
1.014109347442680720e-01
9.700176366843032971e-02
9.611992945326278126e-02
1.084656084656084596e-01
9.788359788359787816e-02
9.876543209876542662e-02
9.611992945326278126e-02
9.259259259259258745e-02
9.611992945326278126e-02
9.082892416225749055e-02
8.818342151675484519e-02
1.067019400352733627e-01
9.523809523809523281e-02
1.058201058201058142e-01
9.964726631393297507e-02
1.093474426807760080e-01
9.347442680776013590e-02
9.611992945326278126e-02
9.876543209876542662e-02
1.022927689594356204e-01
9.523809523809523281e-02
9.700176366843032971e-02
9.876543209876542662e-02
9.700176366843032971e-02
9.347442680776013590e-02
9.259259259259258745e-02
8.730158730158729674e-02
8.730158730158729674e-02
8.641975308641974829e-02
8.906525573192239364e-02
9.523809523809523281e-02
8.994708994708994210e-02
8.994708994708994210e-02
8.377425044091710293e-02
8.553791887125219984e-02
8.553791887125219984e-02
9.611992945326278126e-02
9.082892416225749055e-02
8.201058201058200603e-02
8.377425044091710293e-02
9.082892416225749055e-02
8.994708994708994210e-02
7.936507936507936067e-02
7.848324514991181222e-02
7.936507936507936067e-02
9.435626102292768436e-02
9.435626102292768436e-02
9.171075837742503900e-02
9.611992945326278126e-02
9.700176366843032971e-02
8.641975308641974829e-02
9.611992945326278126e-02
9.082892416225749055e-02
9.259259259259258745e-02
8.289241622574955448e-02
8.994708994708994210e-02
8.994708994708994210e-02
8.818342151675484519e-02
9.347442680776013590e-02
8.906525573192239364e-02
8.465608465608465139e-02
7.054673721340387615e-02
8.024691358024690913e-02
7.848324514991181222e-02
7.142857142857142461e-02
8.289241622574955448e-02
8.465608465608465139e-02
9.082892416225749055e-02
7.936507936507936067e-02
8.024691358024690913e-02
7.936507936507936067e-02
7.319223985890652151e-02
8.201058201058200603e-02
8.289241622574955448e-02
7.848324514991181222e-02
7.407407407407406996e-02
7.848324514991181222e-02
7.407407407407406996e-02
7.231040564373897306e-02
7.848324514991181222e-02
8.289241622574955448e-02
7.936507936507936067e-02
7.054673721340387615e-02
7.583774250440916687e-02
7.583774250440916687e-02
7.319223985890652151e-02
7.936507936507936067e-02
6.966490299823632770e-02
7.760141093474426377e-02
