1.000000000000000000e+00
8.866096866096866425e-01
8.558404558404558715e-01
8.131054131054130663e-01
8.096866096866096596e-01
8.096866096866096596e-01
7.897435897435897134e-01
7.794871794871794934e-01
7.829059829059829001e-01
7.504273504273504258e-01
7.789173789173788887e-01
7.538461538461538325e-01
7.470085470085470192e-01
7.413105413105413044e-01
7.179487179487179516e-01
7.088319088319088301e-01
7.207977207977207534e-01
6.769230769230769607e-01
6.763532763532763559e-01
6.831908831908831692e-01
6.814814814814814659e-01
6.905982905982905873e-01
6.717948717948717396e-01
6.552706552706553111e-01
6.376068376068375620e-01
6.301994301994301440e-01
6.387464387464387716e-01
6.358974358974358587e-01
6.381766381766381668e-01
6.301994301994301440e-01
6.193732193732193192e-01
6.182336182336182206e-01
6.250712250712250340e-01
6.131054131054131107e-01
6.068376068376067911e-01
6.056980056980056926e-01
5.772079772079772297e-01
6.091168091168090992e-01
5.698005698005698116e-01
5.851851851851851416e-01
5.737891737891738231e-01
5.669515669515668987e-01
5.612535612535612950e-01
5.686609686609687131e-01
5.675213675213675035e-01
5.470085470085470636e-01
5.720797720797721198e-01
5.652421652421651954e-01
5.458689458689458540e-01
5.350427350427350293e-01
5.230769230769231060e-01
5.168091168091167864e-01
5.333333333333333259e-01
5.264957264957265126e-01
5.276353276353276112e-01
5.230769230769231060e-01
5.133903133903133797e-01
5.037037037037036535e-01
5.196581196581196993e-01
5.054131054131054679e-01
4.826210826210826088e-01
5.282051282051282159e-01
5.037037037037036535e-01
5.008547008547008517e-01
4.945868945868945876e-01
4.934472934472934336e-01
4.746438746438746414e-01
4.905982905982905762e-01
4.951566951566951369e-01
4.689458689458689267e-01
4.666666666666666741e-01
4.717948717948717841e-01
4.603988603988604100e-01
4.535612535612535412e-01
4.581196581196581019e-01
4.564102564102563986e-01
4.541310541310541460e-01
4.313390313390313424e-01
4.535612535612535412e-01
4.267806267806267817e-01
4.341880341880341998e-01
4.267806267806267817e-01
4.376068376068376065e-01
4.301994301994301884e-01
4.296296296296296391e-01
4.507122507122507393e-01
4.165242165242165062e-01
4.216524216524216717e-01
4.222222222222222210e-01
4.239316239316239243e-01
4.022792022792022748e-01
4.068376068376068355e-01
4.045584045584045829e-01
4.182336182336182095e-01
4.159544159544159569e-01
4.108262108262108470e-01
4.096866096866096929e-01
4.051282051282051322e-01
3.960113960113960108e-01
3.886039886039885927e-01
3.988603988603988681e-01
4.022792022792022748e-01
3.954415954415954615e-01
3.988603988603988681e-01
3.925925925925926041e-01
3.766381766381766139e-01
3.914529914529914500e-01
3.868945868945868893e-01
3.823361823361823286e-01
3.669515669515669432e-01
3.618233618233618332e-01
3.823361823361823286e-01
3.760683760683760646e-01
3.851851851851851860e-01
3.561253561253561184e-01
3.549857549857549643e-01
3.561253561253561184e-01
3.418803418803418870e-01
3.418803418803418870e-01
3.515669515669515577e-01
3.589743589743589758e-01
3.555555555555555691e-01
3.555555555555555691e-01
3.356125356125356229e-01
3.447293447293447444e-01
3.424501424501424363e-01
3.373219373219373263e-01
3.367521367521367770e-01
3.356125356125356229e-01
3.367521367521367770e-01
3.168091168091168308e-01
3.344729344729344689e-01
3.339031339031339196e-01
3.270655270655270508e-01
3.264957264957265015e-01
3.282051282051282048e-01
3.304843304843304574e-01
3.287749287749287541e-01
3.202279202279202375e-01
3.435897435897435903e-01
3.259259259259259522e-01
3.253561253561253475e-01
3.373219373219373263e-01
3.264957264957265015e-01
3.150997150997150720e-01
3.310541310541310622e-01
3.105413105413105668e-01
3.196581196581196327e-01
3.299145299145299082e-01
3.225071225071224901e-01
3.196581196581196327e-01
3.156695156695156768e-01
3.094017094017094127e-01
3.122507122507122701e-01
3.133903133903133686e-01
3.082621082621082587e-01
3.253561253561253475e-01
3.128205128205128194e-01
3.111111111111111160e-01
3.048433048433048520e-01
3.207977207977207867e-01
3.168091168091168308e-01
3.128205128205128194e-01
2.905982905982906206e-01
3.122507122507122701e-01
3.037037037037036979e-01
3.008547008547008406e-01
3.037037037037036979e-01
3.042735042735042472e-01
3.111111111111111160e-01
2.951566951566951813e-01
3.019943019943019946e-01
2.940170940170940272e-01
2.792022792022791911e-01
2.792022792022791911e-01
2.746438746438746303e-01
2.945868945868945765e-01
2.900284900284900158e-01
2.826210826210825977e-01
2.849002849002849058e-01
2.843304843304843565e-01
2.792022792022791911e-01
2.854700854700854551e-01
2.746438746438746303e-01
2.769230769230769384e-01
2.774928774928774877e-01
2.626780626780626515e-01
2.923076923076923239e-01
2.792022792022791911e-01
2.615384615384615530e-01
2.700854700854700696e-01
2.706552706552706744e-01
2.769230769230769384e-01
2.643874643874644104e-01
2.803418803418803451e-01
2.729344729344729270e-01
2.638176638176638056e-01
2.558404558404558382e-01
2.826210826210825977e-01
2.831908831908832025e-01
2.683760683760683663e-01
2.700854700854700696e-01
2.626780626780626515e-01
2.666666666666666630e-01
2.552706552706552889e-01
2.524216524216524316e-01
2.569800569800569923e-01
2.700854700854700696e-01
2.695156695156695204e-01
2.632478632478632563e-01
2.672364672364672122e-01
2.472934472934472938e-01
2.524216524216524316e-01
2.569800569800569923e-01
2.592592592592592449e-01
2.524216524216524316e-01
2.615384615384615530e-01
2.552706552706552889e-01
2.461538461538461675e-01
2.535612535612535856e-01
2.472934472934472938e-01
2.569800569800569923e-01
2.552706552706552889e-01
2.370370370370370461e-01
2.307692307692307820e-01
2.393162393162393264e-01
2.227920227920227869e-01
2.319088319088319083e-01
2.273504273504273476e-01
2.307692307692307820e-01
2.330484330484330346e-01
2.438746438746438872e-01
2.336182336182336117e-01
2.358974358974358920e-01
2.393162393162393264e-01
2.364672364672364691e-01
2.455840455840455905e-01
2.313390313390313313e-01
2.387464387464387494e-01
2.279202279202279247e-01
2.273504273504273476e-01
2.273504273504273476e-01
2.410256410256410298e-01
2.256410256410256443e-01
2.387464387464387494e-01
2.330484330484330346e-01
2.279202279202279247e-01
2.262108262108262213e-01
2.199430199430199295e-01
2.091168091168091048e-01
2.096866096866096818e-01
2.267806267806267706e-01
2.262108262108262213e-01
2.347578347578347657e-01
2.182336182336182262e-01
2.233618233618233639e-01
2.017094017094017144e-01
2.102564102564102588e-01
2.153846153846153966e-01
2.113960113960113851e-01
2.108262108262108359e-01
2.113960113960113851e-01
2.022792022792022915e-01
2.142450142450142425e-01
2.108262108262108359e-01
2.028490028490028407e-01
2.102564102564102588e-01
2.193732193732193803e-01
2.068376068376068244e-01
2.074074074074074014e-01
2.170940170940170999e-01
2.022792022792022915e-01
2.079772079772079785e-01
2.045584045584045718e-01
2.028490028490028407e-01
1.960113960113959997e-01
2.119658119658119622e-01
2.096866096866096818e-01
2.125356125356125392e-01
2.125356125356125392e-01
2.102564102564102588e-01
2.136752136752136655e-01
2.131054131054131162e-01
1.965811965811965767e-01
1.988603988603988570e-01
2.085470085470085555e-01
2.034188034188034178e-01
1.994301994301994341e-01
2.022792022792022915e-01
2.142450142450142425e-01
2.005698005698005604e-01
2.017094017094017144e-01
1.931623931623931700e-01
2.108262108262108359e-01
2.062678062678062751e-01
2.034188034188034178e-01
2.131054131054131162e-01
2.074074074074074014e-01
2.011396011396011374e-01
2.022792022792022915e-01
2.074074074074074014e-01
2.022792022792022915e-01
1.925925925925925930e-01
1.977207977207977307e-01
2.039886039886039948e-01
1.948717948717948734e-01
1.874643874643874553e-01
2.000000000000000111e-01
1.880341880341880323e-01
1.954415954415954504e-01
1.994301994301994341e-01
1.948717948717948734e-01
1.943019943019942963e-01
2.028490028490028407e-01
1.971509971509971537e-01
2.022792022792022915e-01
1.914529914529914667e-01
1.954415954415954504e-01
1.948717948717948734e-01
2.034188034188034178e-01
2.045584045584045718e-01
1.874643874643874553e-01
2.051282051282051211e-01
1.857549857549857519e-01
2.000000000000000111e-01
1.937321937321937193e-01
1.988603988603988570e-01
1.811965811965811912e-01
1.880341880341880323e-01
1.943019943019942963e-01
1.925925925925925930e-01
1.891737891737891863e-01
1.851851851851851749e-01
1.834757834757834716e-01
1.846153846153846256e-01
1.806267806267806142e-01
1.811965811965811912e-01
1.811965811965811912e-01
1.794871794871794879e-01
1.760683760683760812e-01
1.754985754985755042e-01
1.703703703703703665e-01
1.703703703703703665e-01
1.817663817663817682e-01
1.783475783475783338e-01
1.857549857549857519e-01
1.772079772079772075e-01
1.709401709401709435e-01
1.806267806267806142e-01
1.646723646723646794e-01
1.817663817663817682e-01
1.686609686609686631e-01
1.732193732193732238e-01
1.800569800569800649e-01
1.720797720797720698e-01
1.789173789173789109e-01
1.732193732193732238e-01
1.589743589743589647e-01
1.709401709401709435e-01
1.715099715099715205e-01
1.732193732193732238e-01
1.777777777777777846e-01
1.703703703703703665e-01
1.772079772079772075e-01
1.703703703703703665e-01
1.760683760683760812e-01
1.749287749287749272e-01
1.715099715099715205e-01
1.680911680911680861e-01
1.760683760683760812e-01
1.669515669515669598e-01
1.618233618233618221e-01
1.749287749287749272e-01
1.692307692307692402e-01
1.732193732193732238e-01
1.754985754985755042e-01
1.675213675213675091e-01
1.834757834757834716e-01
1.720797720797720698e-01
1.789173789173789109e-01
1.703703703703703665e-01
1.732193732193732238e-01
1.652421652421652287e-01
1.584045584045584154e-01
1.623931623931623991e-01
1.663817663817663828e-01
1.652421652421652287e-01
1.646723646723646794e-01
1.692307692307692402e-01
1.669515669515669598e-01
1.772079772079772075e-01
1.618233618233618221e-01
1.601139601139601187e-01
1.675213675213675091e-01
1.629629629629629761e-01
1.641025641025641024e-01
1.652421652421652287e-01
1.811965811965811912e-01
1.766381766381766305e-01
1.641025641025641024e-01
1.658119658119658058e-01
