1.000000000000000000e+00
8.630849220103986585e-01
7.989601386481802736e-01
7.885615251299826767e-01
7.738301559792027939e-01
7.677642980935874828e-01
7.512998266897746857e-01
7.409012131715770888e-01
7.677642980935874828e-01
7.079722703639514947e-01
6.819757365684575579e-01
6.984402079722703549e-01
6.507798960138647670e-01
6.265164644714038555e-01
6.395147313691508240e-01
5.918544194107452361e-01
6.135181975736568871e-01
6.204506065857885444e-01
5.814558058925476391e-01
5.979202772963604362e-01
6.247833622183708302e-01
5.961871750433275219e-01
5.927209705372616932e-01
6.005199306759099187e-01
6.005199306759099187e-01
5.892547660311958646e-01
6.074523396880415760e-01
6.048526863084922045e-01
5.849220103986134678e-01
5.875216637781629503e-01
5.944540727902946076e-01
5.745233968804159819e-01
5.043327556325822858e-01
5.329289428076257051e-01
5.259965337954939368e-01
5.485268630849220450e-01
5.355285961871750766e-01
5.164644714038127971e-01
5.095320623916811398e-01
5.303292894280762226e-01
4.792027729636048616e-01
5.017331022530329143e-01
5.000000000000000000e-01
4.982668977469670857e-01
4.783362218370884045e-01
4.792027729636048616e-01
4.540727902946273820e-01
4.705372616984402345e-01
4.532062391681109248e-01
4.627383015597920091e-01
4.540727902946273820e-01
4.376083188908145849e-01
4.436741767764297850e-01
4.367417677642980722e-01
4.523396880415944676e-01
4.514731369150780105e-01
4.220103986135181895e-01
4.306759098786828166e-01
4.367417677642980722e-01
4.324090121317157864e-01
4.194107452339688180e-01
4.332755632582322436e-01
4.445407279029462977e-01
4.020797227036395083e-01
4.298093587521663594e-01
3.986135181975736796e-01
3.968804159445407098e-01
4.263431542461005308e-01
4.150779896013864767e-01
4.185441941074523609e-01
3.960138648180242527e-01
4.081455805892547639e-01
3.916811091854419669e-01
3.821490467937608271e-01
3.786828422876949984e-01
3.838821490467937414e-01
3.968804159445407098e-01
3.864818024263431684e-01
3.847487001733101986e-01
3.734835355285962000e-01
3.648180242634315174e-01
3.544194107452339759e-01
3.544194107452339759e-01
3.561525129982668902e-01
3.648180242634315174e-01
3.526863084922010616e-01
3.492201039861351775e-01
3.440207972270363790e-01
3.310225303292894106e-01
3.301559792027729534e-01
3.379549393414211234e-01
3.396880415944540932e-01
3.518197573656845489e-01
3.344887348353552947e-01
3.440207972270363790e-01
3.206239168110918691e-01
3.318890814558058677e-01
3.552859618717504331e-01
3.379549393414211234e-01
3.258232235701906676e-01
3.223570190641247835e-01
3.136915077989601564e-01
3.310225303292894106e-01
3.292894280762564962e-01
3.422876949740034647e-01
3.284228769497400391e-01
3.206239168110918691e-01
3.162911611785095278e-01
3.058925476603119309e-01
2.989601386481802181e-01
3.041594454072790166e-01
2.937608318890814751e-01
3.275563258232235819e-01
3.110918544194107294e-01
3.006932409012131879e-01
3.041594454072790166e-01
2.842287694974003354e-01
3.032928942807625594e-01
2.998266897746967308e-01
2.989601386481802181e-01
3.032928942807625594e-01
3.041594454072790166e-01
3.006932409012131879e-01
2.937608318890814751e-01
2.998266897746967308e-01
3.058925476603119309e-01
3.084922010398613579e-01
3.162911611785095278e-01
3.093587521663778150e-01
2.963604852686308466e-01
2.885615251299826767e-01
2.963604852686308466e-01
2.850953206239167925e-01
2.850953206239167925e-01
2.998266897746967308e-01
3.024263431542461023e-01
2.772963604852686226e-01
2.885615251299826767e-01
2.764298093587521654e-01
3.024263431542461023e-01
2.764298093587521654e-01
2.729636048526862813e-01
2.989601386481802181e-01
2.807625649913345067e-01
2.772963604852686226e-01
2.946273830155979323e-01
2.920277296360485053e-01
2.998266897746967308e-01
2.842287694974003354e-01
2.634315424610051970e-01
2.868284228769497624e-01
2.642980935875216542e-01
2.694974003466204526e-01
2.582322357019063985e-01
2.781629116117850797e-01
2.790294627383015369e-01
2.807625649913345067e-01
2.668977469670710811e-01
2.547660311958405699e-01
2.573656845753899414e-01
2.590987868284228557e-01
2.616984402079722827e-01
2.521663778162911429e-01
2.599653379549393684e-01
2.461005199306759150e-01
2.512998266897746857e-01
2.417677642980935737e-01
2.452339688041594579e-01
2.426343154246100586e-01
2.461005199306759150e-01
2.556325823223570270e-01
2.452339688041594579e-01
2.426343154246100586e-01
2.512998266897746857e-01
2.417677642980935737e-01
2.339688041594454038e-01
2.296360485268630902e-01
2.339688041594454038e-01
2.383015597920277173e-01
2.235701906412478346e-01
2.391681109185442022e-01
2.279029462738301481e-01
2.305025996533795474e-01
2.175043327556325790e-01
2.426343154246100586e-01
2.435008665511265158e-01
2.209705372616984353e-01
2.201039861351819782e-01
2.209705372616984353e-01
2.088388214904679241e-01
2.261698440207972338e-01
2.088388214904679241e-01
2.157712305025996646e-01
2.261698440207972338e-01
2.053726169844020677e-01
2.227036395147313774e-01
2.227036395147313774e-01
2.261698440207972338e-01
2.088388214904679241e-01
2.201039861351819782e-01
2.201039861351819782e-01
2.201039861351819782e-01
2.019064124783362113e-01
2.175043327556325790e-01
2.105719237435008662e-01
1.941074523396880414e-01
2.157712305025996646e-01
2.053726169844020677e-01
2.192374350086655210e-01
2.149046793760831797e-01
2.123050259965338082e-01
1.984402079722703549e-01
2.027729636048526962e-01
2.088388214904679241e-01
2.036395147313691534e-01
2.088388214904679241e-01
2.027729636048526962e-01
2.010398613518197541e-01
2.036395147313691534e-01
1.923743500866550993e-01
1.897746967071057278e-01
1.906412478336221850e-01
1.889081455805892429e-01
1.871750433275563286e-01
1.776429809358752165e-01
1.837088388214904722e-01
1.871750433275563286e-01
1.941074523396880414e-01
1.975736568457538977e-01
1.915077989601386421e-01
1.854419410745233865e-01
1.837088388214904722e-01
1.923743500866550993e-01
1.819757365684575301e-01
1.932409012131715842e-01
1.941074523396880414e-01
1.681109185441941045e-01
1.767764298093587594e-01
1.629116117850953338e-01
1.767764298093587594e-01
1.776429809358752165e-01
1.785095320623916737e-01
1.767764298093587594e-01
1.750433275563258173e-01
1.759098786828422745e-01
1.863084922010398714e-01
1.889081455805892429e-01
1.663778162911611902e-01
1.689774696707105617e-01
1.793760831889081586e-01
1.689774696707105617e-01
1.490467937608318805e-01
1.845753899480069293e-01
1.880415944540727857e-01
1.707105719237435038e-01
1.542461005199306789e-01
1.759098786828422745e-01
1.681109185441941045e-01
1.802426343154246158e-01
1.828422876949740150e-01
1.741767764298093601e-01
1.689774696707105617e-01
1.741767764298093601e-01
1.741767764298093601e-01
1.819757365684575301e-01
1.715771230502599609e-01
1.759098786828422745e-01
1.698440207972270466e-01
1.646447140381282481e-01
1.637781629116117910e-01
1.681109185441941045e-01
1.681109185441941045e-01
1.577123050259965353e-01
1.733102253032929030e-01
1.689774696707105617e-01
1.707105719237435038e-01
1.603119584055459346e-01
1.629116117850953338e-01
1.646447140381282481e-01
1.551126516464471361e-01
1.646447140381282481e-01
1.724436741767764181e-01
1.655112651646447053e-01
1.438474870017331098e-01
1.707105719237435038e-01
1.533795493934142218e-01
1.455805892547660241e-01
1.698440207972270466e-01
1.464471403812825090e-01
1.672443674176776474e-01
1.481802426343154233e-01
1.490467937608318805e-01
1.637781629116117910e-01
1.603119584055459346e-01
1.655112651646447053e-01
1.603119584055459346e-01
1.611785095320623917e-01
1.386481802426343113e-01
1.516464471403812797e-01
1.533795493934142218e-01
1.516464471403812797e-01
1.533795493934142218e-01
1.637781629116117910e-01
1.464471403812825090e-01
1.403812824956672534e-01
1.559792027729635933e-01
1.646447140381282481e-01
1.611785095320623917e-01
1.577123050259965353e-01
1.525129982668977369e-01
1.403812824956672534e-01
1.577123050259965353e-01
1.481802426343154233e-01
1.490467937608318805e-01
1.499133448873483654e-01
1.568457538994800782e-01
1.594454072790294497e-01
1.707105719237435038e-01
1.516464471403812797e-01
1.516464471403812797e-01
1.663778162911611902e-01
1.499133448873483654e-01
1.672443674176776474e-01
1.395147313691507684e-01
1.447140381282495669e-01
1.429809358752166248e-01
1.377816291161178541e-01
1.412478336221837105e-01
1.455805892547660241e-01
1.507798960138648225e-01
1.395147313691507684e-01
1.403812824956672534e-01
1.490467937608318805e-01
1.464471403812825090e-01
1.412478336221837105e-01
1.256499133448873429e-01
1.481802426343154233e-01
1.447140381282495669e-01
1.438474870017331098e-01
1.395147313691507684e-01
1.429809358752166248e-01
1.473136915077989662e-01
1.395147313691507684e-01
1.429809358752166248e-01
1.386481802426343113e-01
1.343154246100519977e-01
1.351819757365684549e-01
1.265164644714038000e-01
1.334488734835355406e-01
1.299826689774696842e-01
1.351819757365684549e-01
1.412478336221837105e-01
1.351819757365684549e-01
1.299826689774696842e-01
1.169844020797227019e-01
1.265164644714038000e-01
1.317157712305025985e-01
1.429809358752166248e-01
1.343154246100519977e-01
1.221837088388214865e-01
1.282495667244367421e-01
1.213171577123050293e-01
1.299826689774696842e-01
1.438474870017331098e-01
1.282495667244367421e-01
1.308492201039861413e-01
1.334488734835355406e-01
1.239168110918544147e-01
1.265164644714038000e-01
1.187175043327556301e-01
1.204506065857885583e-01
1.109185441941074463e-01
1.230502599653379575e-01
1.091854419410745181e-01
1.386481802426343113e-01
1.178509532062391729e-01
1.273830155979202849e-01
1.135181975736568455e-01
1.256499133448873429e-01
1.143847487001733165e-01
1.178509532062391729e-01
1.247833622183708857e-01
1.247833622183708857e-01
1.282495667244367421e-01
1.265164644714038000e-01
1.343154246100519977e-01
1.282495667244367421e-01
1.256499133448873429e-01
1.273830155979202849e-01
1.143847487001733165e-01
1.143847487001733165e-01
1.161178509532062447e-01
1.239168110918544147e-01
1.213171577123050293e-01
1.195840554592721011e-01
1.169844020797227019e-01
1.143847487001733165e-01
1.117850953206239173e-01
1.074523396880415899e-01
1.048526863084922045e-01
1.048526863084922045e-01
