1.000000000000000000e+00
8.336842105263158054e-01
8.210526315789473673e-01
8.063157894736842080e-01
7.578947368421052877e-01
7.494736842105262919e-01
6.568421052631578938e-01
6.842105263157894912e-01
7.031578947368420929e-01
6.442105263157894557e-01
6.589473684210526150e-01
6.968421052631579293e-01
6.400000000000000133e-01
6.568421052631578938e-01
6.884210526315789336e-01
6.463157894736841769e-01
6.231578947368421328e-01
6.421052631578947345e-01
6.126315789473684159e-01
5.600000000000000533e-01
6.231578947368421328e-01
5.894736842105262609e-01
6.105263157894736947e-01
4.863157894736842013e-01
5.684210526315789380e-01
5.705263157894736592e-01
5.726315789473683804e-01
5.178947368421052966e-01
5.663157894736842168e-01
5.242105263157894601e-01
5.557894736842104999e-01
5.305263157894737347e-01
5.284210526315789025e-01
5.221052631578947389e-01
5.010526315789474161e-01
4.778947368421052611e-01
5.052631578947368585e-01
5.242105263157894601e-01
4.799999999999999822e-01
4.652631578947368229e-01
4.757894736842105399e-01
4.799999999999999822e-01
4.799999999999999822e-01
4.694736842105263208e-01
4.842105263157894801e-01
4.505263157894736636e-01
4.799999999999999822e-01
4.694736842105263208e-01
4.715789473684210420e-01
4.778947368421052611e-01
4.168421052631579027e-01
4.105263157894736836e-01
4.463157894736842213e-01
4.526315789473684403e-01
4.357894736842105043e-01
4.421052631578947234e-01
4.505263157894736636e-01
3.915789473684210265e-01
4.231578947368421217e-01
4.042105263157894646e-01
4.189473684210526239e-01
4.210526315789473450e-01
3.726315789473684248e-01
4.042105263157894646e-01
4.105263157894736836e-01
4.126315789473684048e-01
3.936842105263158031e-01
4.168421052631579027e-01
4.294736842105263408e-01
3.936842105263158031e-01
3.978947368421052455e-01
3.684210526315789269e-01
3.726315789473684248e-01
3.831578947368420862e-01
3.515789473684210464e-01
3.431578947368421062e-01
3.831578947368420862e-01
3.599999999999999867e-01
3.726315789473684248e-01
3.473684210526316041e-01
3.663157894736842057e-01
3.157894736842105088e-01
3.557894736842105443e-01
3.810526315789473650e-01
3.178947368421052855e-01
3.599999999999999867e-01
3.473684210526316041e-01
3.221052631578947278e-01
3.031578947368421262e-01
3.242105263157894490e-01
3.389473684210526083e-01
3.536842105263157676e-01
3.284210526315789469e-01
3.473684210526316041e-01
3.557894736842105443e-01
3.599999999999999867e-01
3.431578947368421062e-01
3.347368421052631660e-01
3.473684210526316041e-01
3.094736842105262897e-01
3.431578947368421062e-01
3.115789473684210664e-01
3.136842105263157876e-01
3.599999999999999867e-01
3.326315789473684448e-01
3.052631578947368474e-01
3.263157894736842257e-01
3.221052631578947278e-01
3.200000000000000067e-01
2.926315789473684092e-01
2.968421052631579071e-01
3.115789473684210664e-01
2.884210526315789669e-01
3.010526315789473495e-01
3.010526315789473495e-01
2.884210526315789669e-01
2.800000000000000266e-01
2.926315789473684092e-01
2.863157894736841902e-01
2.673684210526315885e-01
2.652631578947368673e-01
2.757894736842105288e-01
2.800000000000000266e-01
2.673684210526315885e-01
2.863157894736841902e-01
2.947368421052631304e-01
2.863157894736841902e-01
2.610526315789473695e-01
2.968421052631579071e-01
2.905263157894736881e-01
2.736842105263158076e-01
3.010526315789473495e-01
3.052631578947368474e-01
2.778947368421052500e-01
2.926315789473684092e-01
2.757894736842105288e-01
2.947368421052631304e-01
2.715789473684210309e-01
2.589473684210526483e-01
2.715789473684210309e-01
2.947368421052631304e-01
3.200000000000000067e-01
3.010526315789473495e-01
2.652631578947368673e-01
2.778947368421052500e-01
2.736842105263158076e-01
2.884210526315789669e-01
2.905263157894736881e-01
2.484210526315789591e-01
2.631578947368420907e-01
2.399999999999999911e-01
2.336842105263157998e-01
2.547368421052631504e-01
2.357894736842105210e-01
2.631578947368420907e-01
2.399999999999999911e-01
2.421052631578947401e-01
2.589473684210526483e-01
2.526315789473684292e-01
2.210526315789473617e-01
2.231578947368421106e-01
2.610526315789473695e-01
2.357894736842105210e-01
2.378947368421052699e-01
2.378947368421052699e-01
2.505263157894737081e-01
2.315789473684210509e-01
2.463157894736842102e-01
2.673684210526315885e-01
2.589473684210526483e-01
2.442105263157894612e-01
2.336842105263157998e-01
2.357894736842105210e-01
2.105263157894736725e-01
2.484210526315789591e-01
2.000000000000000111e-01
2.399999999999999911e-01
2.568421052631578716e-01
2.631578947368420907e-01
2.610526315789473695e-01
2.357894736842105210e-01
2.442105263157894612e-01
2.168421052631578916e-01
2.336842105263157998e-01
2.357894736842105210e-01
2.442105263157894612e-01
2.484210526315789591e-01
2.463157894736842102e-01
2.399999999999999911e-01
2.378947368421052699e-01
2.526315789473684292e-01
2.357894736842105210e-01
2.399999999999999911e-01
2.399999999999999911e-01
2.589473684210526483e-01
2.484210526315789591e-01
2.484210526315789591e-01
2.442105263157894612e-01
2.399999999999999911e-01
2.357894736842105210e-01
2.378947368421052699e-01
2.147368421052631704e-01
2.231578947368421106e-01
2.147368421052631704e-01
2.252631578947368318e-01
2.273684210526315808e-01
2.442105263157894612e-01
2.294736842105263019e-01
2.378947368421052699e-01
2.210526315789473617e-01
2.715789473684210309e-01
2.526315789473684292e-01
2.421052631578947401e-01
2.484210526315789591e-01
2.463157894736842102e-01
2.421052631578947401e-01
2.021052631578947323e-01
2.210526315789473617e-01
2.210526315789473617e-01
2.336842105263157998e-01
2.168421052631578916e-01
2.210526315789473617e-01
2.168421052631578916e-01
2.126315789473684215e-01
1.957894736842105132e-01
2.273684210526315808e-01
2.000000000000000111e-01
2.000000000000000111e-01
1.873684210526315730e-01
2.147368421052631704e-01
2.042105263157894812e-01
1.705263157894736925e-01
1.936842105263157920e-01
2.147368421052631704e-01
1.957894736842105132e-01
2.168421052631578916e-01
2.084210526315789513e-01
2.021052631578947323e-01
1.978947368421052622e-01
2.042105263157894812e-01
1.978947368421052622e-01
1.957894736842105132e-01
1.915789473684210431e-01
1.852631578947368518e-01
2.000000000000000111e-01
1.873684210526315730e-01
1.978947368421052622e-01
1.852631578947368518e-01
1.957894736842105132e-01
1.747368421052631626e-01
1.915789473684210431e-01
2.126315789473684215e-01
1.957894736842105132e-01
2.000000000000000111e-01
1.873684210526315730e-01
2.168421052631578916e-01
1.852631578947368518e-01
1.726315789473684137e-01
1.957894736842105132e-01
1.810526315789473817e-01
1.957894736842105132e-01
1.852631578947368518e-01
1.663157894736842224e-01
1.957894736842105132e-01
2.063157894736842024e-01
1.600000000000000033e-01
1.747368421052631626e-01
1.894736842105263219e-01
1.536842105263157843e-01
1.536842105263157843e-01
1.789473684210526327e-01
1.473684210526315652e-01
1.852631578947368518e-01
1.873684210526315730e-01
1.747368421052631626e-01
1.621052631578947245e-01
1.557894736842105332e-01
1.726315789473684137e-01
1.852631578947368518e-01
1.810526315789473817e-01
1.873684210526315730e-01
1.957894736842105132e-01
2.000000000000000111e-01
1.873684210526315730e-01
1.600000000000000033e-01
1.684210526315789436e-01
1.810526315789473817e-01
1.852631578947368518e-01
1.684210526315789436e-01
1.768421052631578838e-01
1.747368421052631626e-01
1.600000000000000033e-01
1.410526315789473739e-01
1.684210526315789436e-01
1.600000000000000033e-01
1.810526315789473817e-01
1.957894736842105132e-01
1.726315789473684137e-01
1.747368421052631626e-01
1.852631578947368518e-01
1.768421052631578838e-01
1.831578947368421029e-01
1.726315789473684137e-01
1.789473684210526327e-01
1.515789473684210631e-01
1.810526315789473817e-01
1.684210526315789436e-01
1.978947368421052622e-01
1.600000000000000033e-01
1.452631578947368440e-01
1.768421052631578838e-01
1.663157894736842224e-01
1.494736842105263142e-01
1.726315789473684137e-01
1.515789473684210631e-01
1.747368421052631626e-01
1.810526315789473817e-01
1.957894736842105132e-01
1.642105263157894735e-01
1.936842105263157920e-01
1.789473684210526327e-01
1.557894736842105332e-01
1.663157894736842224e-01
1.705263157894736925e-01
1.642105263157894735e-01
1.515789473684210631e-01
1.515789473684210631e-01
1.621052631578947245e-01
1.515789473684210631e-01
1.684210526315789436e-01
1.431578947368420951e-01
1.726315789473684137e-01
1.642105263157894735e-01
1.473684210526315652e-01
1.600000000000000033e-01
1.326315789473684337e-01
1.326315789473684337e-01
1.515789473684210631e-01
1.621052631578947245e-01
1.494736842105263142e-01
1.705263157894736925e-01
1.515789473684210631e-01
1.642105263157894735e-01
1.621052631578947245e-01
1.705263157894736925e-01
1.621052631578947245e-01
1.557894736842105332e-01
1.578947368421052544e-01
1.663157894736842224e-01
1.431578947368420951e-01
1.347368421052631549e-01
1.431578947368420951e-01
1.452631578947368440e-01
1.557894736842105332e-01
1.600000000000000033e-01
1.452631578947368440e-01
1.452631578947368440e-01
1.410526315789473739e-01
1.515789473684210631e-01
1.199999999999999956e-01
1.663157894736842224e-01
1.410526315789473739e-01
1.473684210526315652e-01
1.600000000000000033e-01
1.578947368421052544e-01
1.621052631578947245e-01
1.473684210526315652e-01
1.389473684210526250e-01
1.621052631578947245e-01
1.515789473684210631e-01
1.705263157894736925e-01
1.600000000000000033e-01
1.347368421052631549e-01
1.305263157894736847e-01
1.536842105263157843e-01
1.642105263157894735e-01
1.536842105263157843e-01
1.452631578947368440e-01
1.663157894736842224e-01
1.663157894736842224e-01
1.494736842105263142e-01
1.389473684210526250e-01
1.305263157894736847e-01
1.726315789473684137e-01
1.600000000000000033e-01
1.578947368421052544e-01
1.515789473684210631e-01
1.431578947368420951e-01
1.368421052631579038e-01
1.326315789473684337e-01
1.536842105263157843e-01
1.452631578947368440e-01
1.263157894736842146e-01
1.178947368421052605e-01
1.284210526315789358e-01
1.347368421052631549e-01
1.326315789473684337e-01
1.473684210526315652e-01
1.199999999999999956e-01
1.221052631578947306e-01
1.221052631578947306e-01
