1.000000000000000000e+00
8.298279158699808367e-01
7.562141491395792947e-01
7.533460803059273125e-01
7.160611854684512112e-01
7.045889101338431715e-01
6.739961759082218062e-01
6.395793499043976871e-01
6.682600382409177309e-01
6.424474187380496693e-01
6.309751434034416295e-01
6.108986615678776433e-01
5.908221797323135460e-01
5.822179732313575995e-01
5.630975143403441630e-01
5.908221797323135460e-01
5.267686424474187223e-01
5.200764818355640973e-01
5.066921606118547361e-01
5.267686424474187223e-01
4.990439770554493393e-01
5.000000000000000000e-01
4.894837476099426210e-01
5.057361376673039643e-01
4.713193116634799007e-01
4.703632887189292400e-01
4.703632887189292400e-01
4.827915869980879404e-01
4.617590822179732379e-01
4.502868068833651982e-01
4.254302103250477973e-01
4.340344168260037994e-01
3.957934990439770373e-01
4.091778202676863985e-01
3.833652007648183369e-01
4.005736137667303964e-01
3.814531548757170154e-01
4.063097514340344163e-01
3.957934990439770373e-01
3.632887189292542951e-01
4.034416826003824341e-01
3.843212237093689976e-01
3.776290630975143170e-01
3.728489483747610134e-01
3.403441682600382157e-01
3.489483747609942732e-01
3.527724665391969161e-01
3.413001912045889319e-01
3.565965583173996145e-01
3.489483747609942732e-01
3.183556405353728525e-01
3.403441682600382157e-01
3.365200764818355728e-01
3.279158699808795152e-01
3.384321223709368942e-01
3.422562141491395926e-01
3.126195028680688326e-01
3.087954110898661342e-01
3.116634799235181719e-01
3.183556405353728525e-01
3.068833652007648127e-01
3.154875717017208148e-01
3.040152963671128306e-01
3.145315487571701540e-01
2.963671128107074337e-01
2.829827915869980726e-01
3.001912045889101321e-01
2.925430210325047908e-01
2.887189292543020924e-01
2.820267686424474118e-01
2.810707456978967511e-01
2.829827915869980726e-01
2.734225621414914098e-01
2.695984703632887114e-01
2.934990439770554516e-01
2.848948374760994495e-01
2.676864244741873899e-01
2.552581261950286895e-01
2.495219885277246696e-01
2.504780114722753304e-01
2.705544933078393721e-01
2.609942638623327094e-01
2.332695984703632985e-01
2.437858508604206498e-01
2.313575525812619493e-01
2.131931166347992290e-01
2.198852772466539096e-01
2.237093690248566080e-01
2.390057361376672906e-01
2.284894837476099394e-01
2.208413001912045981e-01
2.112810707456979076e-01
2.208413001912045981e-01
2.007648183556405286e-01
2.045889101338431992e-01
1.998087954110898679e-01
1.902485659655831773e-01
2.026768642447418778e-01
1.988527724665392071e-01
2.007648183556405286e-01
2.170172084130018997e-01
1.816443594646271475e-01
2.084130019120458976e-01
1.883365200764818281e-01
1.950286806883365087e-01
1.797323135755258261e-01
1.835564053537284968e-01
1.959847036328871972e-01
1.902485659655831773e-01
1.959847036328871972e-01
1.921606118546844988e-01
1.826003824091778083e-01
1.759082217973231277e-01
1.806883365200764868e-01
1.778202676864244769e-01
1.797323135755258261e-01
1.730401529636711178e-01
1.826003824091778083e-01
1.673040152963671257e-01
1.787762906309751376e-01
1.854684512428298182e-01
1.816443594646271475e-01
1.577437858508604074e-01
1.663479923518164372e-01
1.682600382409177864e-01
1.644359464627151157e-01
1.653919694072657764e-01
1.625239005736137665e-01
1.625239005736137665e-01
1.596558317399617566e-01
1.739961759082218062e-01
1.682600382409177864e-01
1.682600382409177864e-01
1.539196940726577367e-01
1.692160611854684471e-01
1.625239005736137665e-01
1.577437858508604074e-01
1.692160611854684471e-01
1.500956022944550661e-01
1.692160611854684471e-01
1.548757170172084252e-01
1.673040152963671257e-01
1.596558317399617566e-01
1.577437858508604074e-01
1.520076481835564153e-01
1.577437858508604074e-01
1.558317399617590859e-01
1.567877629063097467e-01
1.491395793499044053e-01
1.539196940726577367e-01
1.539196940726577367e-01
1.520076481835564153e-01
1.434034416826003855e-01
1.309751434034416850e-01
1.529636711281070760e-01
1.424474187380497248e-01
1.424474187380497248e-01
1.271510516252390144e-01
1.395793499043977148e-01
1.414913957934990363e-01
1.242829827915870045e-01
1.166347992351816493e-01
1.338432122370936950e-01
1.491395793499044053e-01
1.300191204588910243e-01
1.195028680688336453e-01
1.175908221797323100e-01
1.223709369024856553e-01
1.223709369024856553e-01
1.223709369024856553e-01
1.204588910133843199e-01
1.233269598470363299e-01
1.108986615678776294e-01
1.147227533460803001e-01
1.128107074569789647e-01
1.118546845124283040e-01
1.061185468451242842e-01
1.080305927342256195e-01
1.108986615678776294e-01
1.051625239005736095e-01
1.214149139579349945e-01
1.166347992351816493e-01
1.166347992351816493e-01
1.080305927342256195e-01
1.070745697896749588e-01
1.089866156787762941e-01
9.273422562141490910e-02
1.080305927342256195e-01
1.128107074569789647e-01
9.655831739961759363e-02
1.137667304015296393e-01
1.022944550669215996e-01
9.942638623326960357e-02
1.042065009560229488e-01
9.847036328871892896e-02
1.022944550669215996e-01
1.128107074569789647e-01
9.560229445506691903e-02
1.185468451242829846e-01
9.655831739961759363e-02
1.061185468451242842e-01
9.560229445506691903e-02
1.003824091778202643e-01
8.699808795411090312e-02
1.022944550669215996e-01
8.317399617590821859e-02
8.986615678776291305e-02
8.221797323135755786e-02
8.126195028680688326e-02
8.317399617590821859e-02
8.221797323135755786e-02
8.891013384321223845e-02
9.655831739961759363e-02
8.508604206500955391e-02
8.891013384321223845e-02
8.795411089866156384e-02
9.751434034416825436e-02
8.317399617590821859e-02
8.699808795411090312e-02
8.317399617590821859e-02
8.699808795411090312e-02
9.177820267686424838e-02
8.508604206500955391e-02
8.699808795411090312e-02
9.082217973231357377e-02
8.986615678776291305e-02
8.413001912045889319e-02
7.074569789674951814e-02
8.030592734225620866e-02
8.221797323135755786e-02
8.604206500956022852e-02
8.986615678776291305e-02
8.795411089866156384e-02
8.508604206500955391e-02
7.265774378585086735e-02
8.030592734225620866e-02
8.891013384321223845e-02
8.891013384321223845e-02
9.273422562141490910e-02
9.177820267686424838e-02
8.604206500956022852e-02
7.934990439770554793e-02
8.795411089866156384e-02
7.552581261950286340e-02
8.126195028680688326e-02
7.934990439770554793e-02
7.648183556405353800e-02
9.082217973231357377e-02
8.986615678776291305e-02
8.030592734225620866e-02
9.369024856596558370e-02
8.030592734225620866e-02
7.456978967495220267e-02
8.795411089866156384e-02
7.648183556405353800e-02
8.126195028680688326e-02
6.883365200764818281e-02
8.030592734225620866e-02
8.508604206500955391e-02
6.596558317399617288e-02
7.743785850860421260e-02
8.221797323135755786e-02
7.934990439770554793e-02
8.317399617590821859e-02
8.221797323135755786e-02
8.986615678776291305e-02
7.170172084130019274e-02
7.743785850860421260e-02
7.361376673040152807e-02
8.508604206500955391e-02
7.743785850860421260e-02
6.978967495219885742e-02
7.170172084130019274e-02
6.883365200764818281e-02
7.456978967495220267e-02
6.692160611854684749e-02
6.692160611854684749e-02
6.500956022944551216e-02
6.022944550669215996e-02
6.405353728489483756e-02
6.596558317399617288e-02
7.361376673040152807e-02
6.787762906309750821e-02
6.596558317399617288e-02
7.456978967495220267e-02
6.692160611854684749e-02
6.309751434034416295e-02
5.927342256214149230e-02
6.022944550669215996e-02
6.978967495219885742e-02
6.309751434034416295e-02
7.170172084130019274e-02
7.361376673040152807e-02
6.309751434034416295e-02
6.787762906309750821e-02
6.978967495219885742e-02
6.596558317399617288e-02
6.883365200764818281e-02
6.214149139579350223e-02
6.787762906309750821e-02
6.787762906309750821e-02
7.265774378585086735e-02
6.500956022944551216e-02
5.640535372848948237e-02
5.831739961759082463e-02
5.831739961759082463e-02
6.022944550669215996e-02
6.787762906309750821e-02
6.405353728489483756e-02
5.640535372848948237e-02
6.214149139579350223e-02
6.596558317399617288e-02
7.361376673040152807e-02
6.596558317399617288e-02
7.170172084130019274e-02
6.692160611854684749e-02
6.596558317399617288e-02
5.736137667304015003e-02
6.118546845124282763e-02
6.405353728489483756e-02
6.405353728489483756e-02
6.405353728489483756e-02
5.353728489483747938e-02
4.780114722753345952e-02
5.736137667304015003e-02
4.875717017208412718e-02
6.022944550669215996e-02
5.736137667304015003e-02
5.258126195028680477e-02
5.640535372848948237e-02
5.640535372848948237e-02
5.544933078393881470e-02
4.684512428298279185e-02
4.684512428298279185e-02
5.544933078393881470e-02
4.971319311663480178e-02
5.353728489483747938e-02
5.066921606118546945e-02
5.258126195028680477e-02
5.449330783938814704e-02
5.544933078393881470e-02
5.544933078393881470e-02
5.449330783938814704e-02
5.162523900573613711e-02
4.780114722753345952e-02
6.022944550669215996e-02
5.449330783938814704e-02
6.118546845124282763e-02
5.544933078393881470e-02
4.971319311663480178e-02
5.258126195028680477e-02
5.258126195028680477e-02
4.684512428298279185e-02
4.971319311663480178e-02
6.214149139579350223e-02
4.875717017208412718e-02
5.640535372848948237e-02
6.022944550669215996e-02
5.927342256214149230e-02
4.684512428298279185e-02
4.971319311663480178e-02
5.449330783938814704e-02
4.971319311663480178e-02
4.780114722753345952e-02
4.875717017208412718e-02
5.640535372848948237e-02
4.875717017208412718e-02
4.015296367112810433e-02
5.544933078393881470e-02
5.449330783938814704e-02
4.875717017208412718e-02
4.875717017208412718e-02
4.397705544933078192e-02
4.875717017208412718e-02
4.302103250478011426e-02
4.493307839388145652e-02
4.875717017208412718e-02
3.824091778202676900e-02
4.588910133843212419e-02
4.206500956022944659e-02
4.780114722753345952e-02
3.728489483747610134e-02
4.302103250478011426e-02
4.206500956022944659e-02
4.780114722753345952e-02
4.588910133843212419e-02
4.780114722753345952e-02
4.684512428298279185e-02
4.875717017208412718e-02
4.493307839388145652e-02
4.302103250478011426e-02
4.110898661567877893e-02
4.493307839388145652e-02
5.066921606118546945e-02
4.397705544933078192e-02
5.258126195028680477e-02
4.588910133843212419e-02
4.684512428298279185e-02
5.162523900573613711e-02
4.875717017208412718e-02
4.588910133843212419e-02
