1.000000000000000000e+00
8.182989690721649279e-01
7.976804123711340733e-01
7.203608247422680355e-01
7.139175257731958935e-01
7.074742268041237514e-01
6.971649484536082131e-01
6.585051546391752497e-01
6.430412371134021088e-01
6.391752577319587125e-01
6.030927835051546060e-01
6.494845360824742508e-01
6.314432989690721421e-01
6.082474226804123196e-01
6.069587628865978912e-01
5.837628865979381798e-01
5.889175257731958935e-01
5.863402061855670366e-01
5.914948453608247503e-01
5.940721649484536071e-01
5.670103092783504994e-01
5.386597938144329634e-01
5.528350515463917869e-01
5.257731958762886793e-01
5.257731958762886793e-01
5.283505154639175361e-01
5.335051546391752497e-01
4.987113402061855716e-01
5.051546391752577136e-01
4.703608247422680355e-01
4.716494845360824639e-01
4.755154639175257492e-01
5.012886597938144284e-01
4.768041237113402331e-01
4.987113402061855716e-01
4.510309278350515538e-01
4.432989690721649279e-01
4.523195876288659822e-01
4.291237113402061598e-01
4.445876288659793563e-01
4.085051546391752497e-01
4.471649484536082686e-01
4.097938144329896781e-01
4.059278350515463929e-01
4.484536082474226970e-01
3.943298969072164817e-01
4.085051546391752497e-01
4.123711340206185350e-01
4.445876288659793563e-01
4.162371134020618757e-01
4.007731958762886793e-01
4.188144329896907325e-01
3.930412371134020533e-01
4.110824742268041065e-01
4.085051546391752497e-01
3.930412371134020533e-01
4.046391752577319645e-01
4.149484536082474473e-01
3.853092783505154828e-01
3.930412371134020533e-01
3.698453608247422864e-01
3.814432989690721421e-01
3.891752577319587680e-01
3.853092783505154828e-01
3.595360824742268036e-01
3.427835051546391787e-01
3.685567010309278579e-01
3.595360824742268036e-01
3.389175257731958935e-01
3.260309278350515538e-01
3.440721649484536071e-01
3.260309278350515538e-01
3.286082474226804107e-01
3.221649484536082686e-01
3.389175257731958935e-01
3.427835051546391787e-01
3.195876288659793563e-01
3.440721649484536071e-01
3.170103092783504994e-01
3.273195876288659822e-01
3.427835051546391787e-01
3.079896907216495006e-01
3.015463917525773030e-01
3.028350515463917314e-01
3.221649484536082686e-01
3.311855670103092675e-01
3.170103092783504994e-01
3.286082474226804107e-01
3.118556701030927858e-01
3.286082474226804107e-01
3.273195876288659822e-01
3.273195876288659822e-01
2.860824742268041065e-01
3.273195876288659822e-01
3.079896907216495006e-01
3.131443298969072142e-01
2.963917525773195893e-01
3.182989690721649279e-01
3.041237113402061598e-01
2.912371134020618757e-01
2.951030927835051609e-01
2.899484536082474473e-01
2.976804123711340178e-01
2.847938144329896781e-01
2.873711340206185350e-01
2.822164948453608213e-01
2.835051546391752497e-01
2.719072164948453385e-01
2.847938144329896781e-01
2.757731958762886793e-01
2.796391752577319645e-01
2.706185567010309101e-01
3.105670103092783574e-01
2.835051546391752497e-01
2.976804123711340178e-01
3.067010309278350721e-01
2.912371134020618757e-01
3.131443298969072142e-01
2.757731958762886793e-01
2.899484536082474473e-01
2.641752577319587680e-01
2.731958762886597669e-01
2.860824742268041065e-01
2.564432989690721421e-01
2.744845360824742508e-01
2.667525773195876249e-01
2.770618556701031077e-01
2.641752577319587680e-01
2.654639175257731964e-01
2.500000000000000000e-01
2.422680412371134018e-01
2.474226804123711432e-01
2.680412371134020533e-01
2.577319587628865705e-01
2.512886597938144284e-01
2.757731958762886793e-01
2.538659793814432852e-01
2.538659793814432852e-01
2.422680412371134018e-01
2.615979381443299112e-01
2.667525773195876249e-01
2.667525773195876249e-01
2.654639175257731964e-01
2.654639175257731964e-01
2.628865979381443396e-01
2.693298969072164817e-01
2.783505154639175361e-01
2.512886597938144284e-01
2.680412371134020533e-01
2.860824742268041065e-01
2.641752577319587680e-01
2.538659793814432852e-01
2.487113402061855716e-01
2.396907216494845450e-01
2.512886597938144284e-01
2.345360824742268036e-01
2.461340206185567148e-01
2.538659793814432852e-01
2.280927835051546337e-01
2.358247422680412320e-01
2.512886597938144284e-01
2.396907216494845450e-01
2.396907216494845450e-01
2.512886597938144284e-01
2.396907216494845450e-01
2.512886597938144284e-01
2.461340206185567148e-01
2.461340206185567148e-01
2.525773195876288568e-01
2.384020618556701165e-01
2.487113402061855716e-01
2.448453608247422586e-01
2.203608247422680355e-01
2.229381443298969201e-01
2.461340206185567148e-01
2.216494845360824639e-01
2.371134020618556604e-01
2.461340206185567148e-01
2.358247422680412320e-01
2.345360824742268036e-01
2.448453608247422586e-01
2.087628865979381521e-01
2.293814432989690622e-01
2.152061855670103219e-01
2.229381443298969201e-01
2.306701030927835183e-01
2.190721649484536071e-01
2.242268041237113485e-01
2.255154639175257769e-01
2.152061855670103219e-01
1.945876288659793840e-01
2.126288659793814373e-01
2.061855670103092675e-01
2.177835051546391787e-01
2.061855670103092675e-01
2.126288659793814373e-01
2.074742268041237236e-01
1.945876288659793840e-01
2.229381443298969201e-01
1.984536082474226693e-01
2.216494845360824639e-01
2.048969072164948391e-01
2.087628865979381521e-01
1.971649484536082408e-01
2.139175257731958657e-01
2.010309278350515538e-01
2.048969072164948391e-01
1.907216494845360710e-01
2.023195876288659822e-01
1.932989690721649556e-01
1.958762886597938124e-01
1.778350515463917592e-01
1.804123711340206160e-01
1.932989690721649556e-01
1.791237113402061876e-01
1.842783505154639290e-01
1.804123711340206160e-01
1.855670103092783574e-01
1.932989690721649556e-01
1.752577319587628746e-01
2.010309278350515538e-01
1.971649484536082408e-01
1.688144329896907325e-01
1.675257731958762764e-01
1.945876288659793840e-01
1.920103092783505272e-01
1.868556701030927858e-01
1.829896907216494728e-01
1.765463917525773307e-01
1.984536082474226693e-01
1.894329896907216426e-01
1.894329896907216426e-01
2.010309278350515538e-01
1.945876288659793840e-01
1.958762886597938124e-01
1.726804123711340178e-01
1.817010309278350444e-01
1.907216494845360710e-01
1.881443298969072142e-01
1.945876288659793840e-01
1.932989690721649556e-01
1.842783505154639290e-01
1.804123711340206160e-01
1.662371134020618479e-01
1.804123711340206160e-01
1.804123711340206160e-01
1.920103092783505272e-01
1.752577319587628746e-01
1.958762886597938124e-01
2.087628865979381521e-01
2.048969072164948391e-01
1.804123711340206160e-01
2.036082474226804107e-01
1.907216494845360710e-01
1.752577319587628746e-01
2.113402061855670089e-01
1.817010309278350444e-01
2.061855670103092675e-01
1.791237113402061876e-01
1.739690721649484462e-01
1.752577319587628746e-01
1.984536082474226693e-01
1.932989690721649556e-01
2.023195876288659822e-01
1.713917525773195893e-01
1.894329896907216426e-01
1.932989690721649556e-01
1.778350515463917592e-01
1.675257731958762764e-01
2.023195876288659822e-01
1.829896907216494728e-01
1.662371134020618479e-01
1.920103092783505272e-01
1.726804123711340178e-01
1.817010309278350444e-01
1.804123711340206160e-01
1.829896907216494728e-01
1.868556701030927858e-01
2.048969072164948391e-01
1.829896907216494728e-01
2.061855670103092675e-01
1.701030927835051609e-01
1.907216494845360710e-01
1.817010309278350444e-01
1.726804123711340178e-01
1.765463917525773307e-01
1.881443298969072142e-01
1.932989690721649556e-01
1.701030927835051609e-01
1.662371134020618479e-01
1.662371134020618479e-01
1.817010309278350444e-01
1.894329896907216426e-01
1.739690721649484462e-01
1.752577319587628746e-01
1.817010309278350444e-01
1.907216494845360710e-01
1.817010309278350444e-01
1.623711340206185627e-01
1.649484536082474195e-01
1.585051546391752497e-01
1.675257731958762764e-01
1.804123711340206160e-01
1.623711340206185627e-01
1.662371134020618479e-01
1.623711340206185627e-01
1.675257731958762764e-01
1.572164948453608213e-01
1.559278350515463929e-01
1.597938144329896781e-01
1.701030927835051609e-01
1.623711340206185627e-01
1.765463917525773307e-01
1.842783505154639290e-01
1.662371134020618479e-01
1.649484536082474195e-01
1.481958762886597947e-01
1.520618556701030799e-01
1.713917525773195893e-01
1.636597938144329911e-01
1.662371134020618479e-01
1.765463917525773307e-01
1.481958762886597947e-01
1.494845360824742231e-01
1.404639175257731964e-01
1.533505154639175361e-01
1.546391752577319645e-01
1.520618556701030799e-01
1.494845360824742231e-01
1.675257731958762764e-01
1.546391752577319645e-01
1.533505154639175361e-01
1.546391752577319645e-01
1.520618556701030799e-01
1.546391752577319645e-01
1.572164948453608213e-01
1.520618556701030799e-01
1.365979381443298835e-01
1.546391752577319645e-01
1.378865979381443396e-01
1.559278350515463929e-01
1.417525773195876249e-01
1.481958762886597947e-01
1.469072164948453663e-01
1.520618556701030799e-01
1.662371134020618479e-01
1.597938144329896781e-01
1.610824742268041343e-01
1.610824742268041343e-01
1.533505154639175361e-01
1.623711340206185627e-01
1.585051546391752497e-01
1.378865979381443396e-01
1.533505154639175361e-01
1.494845360824742231e-01
1.507731958762886515e-01
1.597938144329896781e-01
1.507731958762886515e-01
1.430412371134020533e-01
1.572164948453608213e-01
1.546391752577319645e-01
1.572164948453608213e-01
1.546391752577319645e-01
1.520618556701030799e-01
1.353092783505154550e-01
1.520618556701030799e-01
1.391752577319587680e-01
1.404639175257731964e-01
1.636597938144329911e-01
1.469072164948453663e-01
1.430412371134020533e-01
1.623711340206185627e-01
1.378865979381443396e-01
1.288659793814432852e-01
1.481958762886597947e-01
1.365979381443298835e-01
1.597938144329896781e-01
1.443298969072164817e-01
1.533505154639175361e-01
1.314432989690721698e-01
1.391752577319587680e-01
1.275773195876288568e-01
1.417525773195876249e-01
1.378865979381443396e-01
1.469072164948453663e-01
1.469072164948453663e-01
1.636597938144329911e-01
1.597938144329896781e-01
1.469072164948453663e-01
1.275773195876288568e-01
1.443298969072164817e-01
1.520618556701030799e-01
1.520618556701030799e-01
1.417525773195876249e-01
1.533505154639175361e-01
1.404639175257731964e-01
1.327319587628865982e-01
1.494845360824742231e-01
1.546391752577319645e-01
1.443298969072164817e-01
1.430412371134020533e-01
