1.000000000000000000e+00
8.879482071713147295e-01
8.655378486055776976e-01
8.386454183266932594e-01
8.331673306772908738e-01
8.212151394422311235e-01
7.923306772908366158e-01
7.559760956175298752e-01
7.420318725099601664e-01
7.350597609561753121e-01
7.231075697211155617e-01
7.246015936254980305e-01
6.942231075697211651e-01
7.051792828685259362e-01
6.847609561752987517e-01
6.573705179282868238e-01
6.583665338645418030e-01
6.404382470119521775e-01
6.399402390438246879e-01
6.060756972111553953e-01
6.190239043824701248e-01
6.110557768924302913e-01
5.956175298804781137e-01
5.961155378486056033e-01
6.030876494023904577e-01
5.771912350597609986e-01
5.687250996015936755e-01
5.522908366533864077e-01
5.493027888446214702e-01
5.278884462151394175e-01
5.328685258964143134e-01
5.283864541832669071e-01
5.288844621513943967e-01
5.124501992031872399e-01
5.084661354581673232e-01
4.880478087649402497e-01
5.044820717131474064e-01
4.955179282868525936e-01
5.039840637450199168e-01
4.750996015936255201e-01
4.736055776892430513e-01
4.571713147410358391e-01
4.626494023904382247e-01
4.706175298804781137e-01
4.631474103585657143e-01
4.482071713147410263e-01
4.506972111553784743e-01
4.467131474103585576e-01
4.362549800796812760e-01
4.252988047808765049e-01
4.317729083665338696e-01
4.018924302788844383e-01
4.168326693227091817e-01
4.033864541832669071e-01
3.949203187250995839e-01
3.969123505976095423e-01
3.984063745019920111e-01
4.008964143426294591e-01
3.879482071713147295e-01
3.904382470119521775e-01
3.954183266932270735e-01
3.789840637450199168e-01
3.939243027888446047e-01
3.799800796812748960e-01
3.750000000000000000e-01
3.690239043824701248e-01
3.660358565737051872e-01
3.735059760956175312e-01
3.655378486055776976e-01
3.610557768924302913e-01
3.750000000000000000e-01
3.545816733067729265e-01
3.416334661354581415e-01
3.491035856573705409e-01
3.456175298804781137e-01
3.401394422310756727e-01
3.167330677290836616e-01
3.232071713147410263e-01
3.137450199203187240e-01
3.232071713147410263e-01
3.197211155378485992e-01
3.117529880478087656e-01
2.998007968127490153e-01
3.092629482071713176e-01
3.102589641434262968e-01
3.052788844621514008e-01
3.012948207171314841e-01
3.052788844621514008e-01
2.798804780876493759e-01
2.883466135458167545e-01
3.022908366533864633e-01
2.763944223107569487e-01
2.838645418326693481e-01
2.903386454183267129e-01
2.883466135458167545e-01
2.838645418326693481e-01
2.798804780876493759e-01
2.763944223107569487e-01
2.818725099601593898e-01
2.783864541832669071e-01
2.639442231075697087e-01
2.594621513944223024e-01
2.624501992031872399e-01
2.709163346613545631e-01
2.490039840637450208e-01
2.524900398406374480e-01
2.485059760956175312e-01
2.604581673306772815e-01
2.335657370517928155e-01
2.330677290836653259e-01
2.340637450199203051e-01
2.340637450199203051e-01
2.385458167330677393e-01
2.300796812749003883e-01
2.285856573705179196e-01
2.216135458167330652e-01
2.236055776892430236e-01
2.295816733067728987e-01
2.305776892430278779e-01
2.231075697211155340e-01
2.221115537848605548e-01
2.335657370517928155e-01
2.156374501992031900e-01
2.131474103585657420e-01
2.091633466135458252e-01
2.101593625498008044e-01
1.927290836653386408e-01
2.076693227091633565e-01
1.917330677290836616e-01
2.041832669322709293e-01
1.907370517928286824e-01
2.001992031872509847e-01
1.917330677290836616e-01
1.912350597609561720e-01
1.817729083665338696e-01
1.857569721115537864e-01
1.743027888446215257e-01
1.822709163346613592e-01
1.937250996015936200e-01
1.832669322709163384e-01
1.917330677290836616e-01
1.927290836653386408e-01
1.862549800796812760e-01
1.892430278884462136e-01
1.912350597609561720e-01
1.867529880478087656e-01
1.812749003984063800e-01
1.733067729083665465e-01
1.752988047808765049e-01
1.792828685258964216e-01
1.723107569721115673e-01
1.777888446215139528e-01
1.693227091633466019e-01
1.703187250996015811e-01
1.693227091633466019e-01
1.613545816733067684e-01
1.683266932270916227e-01
1.703187250996015811e-01
1.718127490039840499e-01
1.688247011952191123e-01
1.648406374501991956e-01
1.693227091633466019e-01
1.777888446215139528e-01
1.797808764940239112e-01
1.757968127490039945e-01
1.593625498007968100e-01
1.792828685258964216e-01
1.583665338645418308e-01
1.668326693227091539e-01
1.583665338645418308e-01
1.513944223107569764e-01
1.479083665338645492e-01
1.518924302788844660e-01
1.464143426294820804e-01
1.484063745019920388e-01
1.494023904382470180e-01
1.479083665338645492e-01
1.429282868525896533e-01
1.508964143426294868e-01
1.299800796812748960e-01
1.369521912350597503e-01
1.409362549800796949e-01
1.389442231075697087e-01
1.419322709163346741e-01
1.359561752988047711e-01
1.394422310756971983e-01
1.369521912350597503e-01
1.304780876494023856e-01
1.409362549800796949e-01
1.374501992031872399e-01
1.359561752988047711e-01
1.279880478087649376e-01
1.359561752988047711e-01
1.404382470119521775e-01
1.230079681274900416e-01
1.264940239043824688e-01
1.359561752988047711e-01
1.264940239043824688e-01
1.259960159362549792e-01
1.289840637450199168e-01
1.235059760956175312e-01
1.379482071713147295e-01
1.309760956175298752e-01
1.324701195219123440e-01
1.289840637450199168e-01
1.240039840637450208e-01
1.200199203187251040e-01
1.245019920318725104e-01
1.180278884462151456e-01
1.254980079681274896e-01
1.195219123505976144e-01
1.195219123505976144e-01
1.235059760956175312e-01
1.349601593625497920e-01
1.220119521912350624e-01
1.185258964143426352e-01
1.175298804780876560e-01
1.175298804780876560e-01
1.220119521912350624e-01
1.155378486055776838e-01
1.110557768924302774e-01
1.130478087649402358e-01
1.100597609561752982e-01
1.080677290836653398e-01
1.030876494023904438e-01
1.095617529880478086e-01
1.055776892430278918e-01
1.095617529880478086e-01
1.090637450199203190e-01
1.180278884462151456e-01
1.100597609561752982e-01
1.110557768924302774e-01
1.005976095617529820e-01
1.045816733067729126e-01
1.100597609561752982e-01
1.070717131474103606e-01
1.030876494023904438e-01
1.040836653386454230e-01
1.030876494023904438e-01
1.030876494023904438e-01
1.045816733067729126e-01
1.075697211155378502e-01
1.045816733067729126e-01
9.910358565737051317e-02
1.005976095617529820e-01
9.960159362549800277e-02
9.412350597609561720e-02
1.015936254980079750e-01
1.025896414342629542e-01
9.910358565737051317e-02
9.611553784860557559e-02
1.025896414342629542e-01
1.055776892430278918e-01
9.213147410358565881e-02
1.000996015936254924e-01
9.362549800796812760e-02
9.412350597609561720e-02
9.462151394422310680e-02
9.312749003984063800e-02
8.067729083665338419e-02
9.213147410358565881e-02
8.515936254980079056e-02
8.964143426294821082e-02
8.515936254980079056e-02
9.013944223107570042e-02
9.213147410358565881e-02
9.063745019920319002e-02
9.362549800796812760e-02
9.163346613545816921e-02
9.163346613545816921e-02
9.163346613545816921e-02
9.113545816733067961e-02
8.864541832669323163e-02
8.565737051792828016e-02
8.864541832669323163e-02
8.565737051792828016e-02
8.715139442231076283e-02
9.412350597609561720e-02
8.366533864541832177e-02
8.217131474103585298e-02
8.466135458167330097e-02
8.366533864541832177e-02
8.466135458167330097e-02
8.565737051792828016e-02
7.719123505976095700e-02
7.420318725099601942e-02
7.768924302788844660e-02
7.270916334661355063e-02
7.719123505976095700e-02
8.217131474103585298e-02
7.569721115537848821e-02
8.017928286852589459e-02
7.071713147410359224e-02
7.171314741035857143e-02
7.071713147410359224e-02
8.017928286852589459e-02
8.017928286852589459e-02
8.316733067729083217e-02
8.416334661354581137e-02
7.918326693227091539e-02
7.719123505976095700e-02
7.669322709163346741e-02
8.217131474103585298e-02
7.071713147410359224e-02
8.017928286852589459e-02
8.017928286852589459e-02
7.221115537848606103e-02
7.420318725099601942e-02
7.868525896414342580e-02
7.370517928286852982e-02
7.171314741035857143e-02
6.723107569721115118e-02
7.768924302788844660e-02
7.619521912350597781e-02
7.221115537848606103e-02
7.071713147410359224e-02
7.171314741035857143e-02
6.523904382470119279e-02
6.374501992031872399e-02
6.424302788844621359e-02
6.374501992031872399e-02
6.623505976095617198e-02
7.021912350597608876e-02
7.270916334661355063e-02
6.623505976095617198e-02
6.772908366533864077e-02
6.474103585657370319e-02
6.922310756972110957e-02
6.424302788844621359e-02
6.872509960159361997e-02
6.474103585657370319e-02
7.420318725099601942e-02
6.723107569721115118e-02
6.225099601593625520e-02
6.523904382470119279e-02
6.374501992031872399e-02
6.523904382470119279e-02
6.573705179282868238e-02
7.121513944223108183e-02
6.374501992031872399e-02
6.324701195219123440e-02
6.324701195219123440e-02
6.225099601593625520e-02
6.623505976095617198e-02
6.374501992031872399e-02
6.175298804780876560e-02
6.324701195219123440e-02
6.872509960159361997e-02
6.274900398406374480e-02
6.523904382470119279e-02
5.627490039840637309e-02
5.677290836653386269e-02
5.577689243027888349e-02
5.229083665338645631e-02
5.876494023904382802e-02
6.125498007968127601e-02
5.876494023904382802e-02
5.976095617529880721e-02
6.274900398406374480e-02
6.225099601593625520e-02
5.976095617529880721e-02
6.573705179282868238e-02
5.826693227091633148e-02
5.577689243027888349e-02
5.478087649402390430e-02
4.830677290836653259e-02
5.727091633466135229e-02
5.129482071713147712e-02
5.627490039840637309e-02
5.179282868525896671e-02
5.776892430278884188e-02
5.378486055776892510e-02
5.179282868525896671e-02
4.880478087649402219e-02
4.880478087649402219e-02
5.378486055776892510e-02
5.527888446215139390e-02
5.677290836653386269e-02
5.428286852589641470e-02
5.029880478087649098e-02
5.527888446215139390e-02
5.029880478087649098e-02
5.478087649402390430e-02
5.428286852589641470e-02
5.976095617529880721e-02
6.324701195219123440e-02
6.025896414342629681e-02
5.527888446215139390e-02
5.527888446215139390e-02
5.627490039840637309e-02
5.328685258964143551e-02
5.527888446215139390e-02
5.129482071713147712e-02
5.378486055776892510e-02
5.727091633466135229e-02
5.079681274900398752e-02
4.830677290836653259e-02
5.179282868525896671e-02
4.980079681274900139e-02
4.880478087649402219e-02
4.531872509960159501e-02
