1.000000000000000000e+00
6.814159292035397719e-01
7.256637168141593097e-01
6.460176991150442527e-01
7.168141592920354022e-01
7.345132743362832173e-01
5.486725663716813806e-01
4.778761061946902866e-01
5.398230088495574730e-01
5.398230088495574730e-01
6.017699115044248259e-01
5.132743362831858613e-01
5.575221238938052881e-01
4.247787610619468968e-01
5.132743362831858613e-01
5.221238938053097689e-01
5.044247787610619538e-01
5.132743362831858613e-01
5.575221238938052881e-01
5.486725663716813806e-01
5.752212389380531032e-01
5.929203539823009184e-01
5.575221238938052881e-01
5.398230088495574730e-01
4.690265486725663791e-01
4.955752212389380462e-01
5.132743362831858613e-01
4.778761061946902866e-01
4.601769911504424715e-01
4.159292035398229892e-01
5.752212389380531032e-01
5.309734513274336765e-01
5.044247787610619538e-01
4.955752212389380462e-01
4.778761061946902866e-01
3.893805309734513220e-01
3.982300884955752296e-01
4.070796460176991372e-01
4.955752212389380462e-01
4.159292035398229892e-01
5.044247787610619538e-01
4.601769911504424715e-01
5.044247787610619538e-01
4.778761061946902866e-01
4.336283185840708043e-01
4.336283185840708043e-01
5.044247787610619538e-01
4.513274336283185639e-01
4.513274336283185639e-01
4.690265486725663791e-01
4.159292035398229892e-01
4.159292035398229892e-01
4.159292035398229892e-01
4.601769911504424715e-01
4.867256637168141387e-01
4.778761061946902866e-01
4.601769911504424715e-01
2.831858407079645978e-01
3.539823008849557473e-01
4.159292035398229892e-01
3.539823008849557473e-01
5.309734513274336765e-01
3.805309734513274145e-01
3.805309734513274145e-01
3.805309734513274145e-01
3.274336283185840801e-01
3.982300884955752296e-01
3.451327433628318397e-01
3.628318584070796549e-01
3.628318584070796549e-01
3.716814159292035624e-01
4.159292035398229892e-01
3.716814159292035624e-01
3.628318584070796549e-01
4.424778761061947119e-01
3.274336283185840801e-01
3.097345132743362650e-01
2.920353982300885054e-01
3.451327433628318397e-01
3.539823008849557473e-01
3.628318584070796549e-01
4.513274336283185639e-01
3.539823008849557473e-01
2.920353982300885054e-01
3.097345132743362650e-01
3.451327433628318397e-01
3.805309734513274145e-01
3.805309734513274145e-01
3.274336283185840801e-01
2.831858407079645978e-01
3.628318584070796549e-01
3.362831858407079877e-01
3.805309734513274145e-01
3.451327433628318397e-01
3.539823008849557473e-01
3.539823008849557473e-01
3.274336283185840801e-01
3.982300884955752296e-01
3.628318584070796549e-01
4.601769911504424715e-01
4.247787610619468968e-01
4.601769911504424715e-01
3.805309734513274145e-01
3.097345132743362650e-01
3.805309734513274145e-01
3.716814159292035624e-01
3.716814159292035624e-01
3.539823008849557473e-01
3.097345132743362650e-01
3.362831858407079877e-01
3.451327433628318397e-01
3.893805309734513220e-01
2.920353982300885054e-01
3.805309734513274145e-01
3.628318584070796549e-01
3.362831858407079877e-01
4.247787610619468968e-01
3.893805309734513220e-01
4.247787610619468968e-01
3.451327433628318397e-01
3.982300884955752296e-01
3.893805309734513220e-01
3.805309734513274145e-01
3.893805309734513220e-01
3.274336283185840801e-01
3.716814159292035624e-01
3.716814159292035624e-01
3.451327433628318397e-01
3.539823008849557473e-01
3.274336283185840801e-01
3.982300884955752296e-01
4.159292035398229892e-01
3.451327433628318397e-01
3.097345132743362650e-01
3.451327433628318397e-01
3.539823008849557473e-01
3.185840707964601726e-01
3.628318584070796549e-01
4.159292035398229892e-01
2.831858407079645978e-01
3.008849557522124130e-01
3.362831858407079877e-01
3.451327433628318397e-01
3.805309734513274145e-01
3.805309734513274145e-01
4.070796460176991372e-01
3.716814159292035624e-01
3.805309734513274145e-01
3.716814159292035624e-01
3.097345132743362650e-01
4.247787610619468968e-01
3.716814159292035624e-01
3.274336283185840801e-01
3.893805309734513220e-01
3.982300884955752296e-01
2.920353982300885054e-01
3.451327433628318397e-01
3.716814159292035624e-01
3.274336283185840801e-01
4.424778761061947119e-01
3.362831858407079877e-01
3.539823008849557473e-01
3.539823008849557473e-01
3.539823008849557473e-01
3.628318584070796549e-01
3.097345132743362650e-01
3.716814159292035624e-01
3.185840707964601726e-01
2.920353982300885054e-01
3.274336283185840801e-01
3.539823008849557473e-01
2.743362831858406903e-01
3.451327433628318397e-01
3.362831858407079877e-01
2.743362831858406903e-01
3.097345132743362650e-01
2.743362831858406903e-01
3.008849557522124130e-01
2.743362831858406903e-01
3.185840707964601726e-01
2.566371681415929307e-01
2.831858407079645978e-01
2.920353982300885054e-01
3.274336283185840801e-01
2.831858407079645978e-01
2.743362831858406903e-01
2.654867256637168382e-01
2.389380530973451433e-01
2.743362831858406903e-01
3.097345132743362650e-01
3.097345132743362650e-01
3.185840707964601726e-01
2.300884955752212357e-01
2.477876106194690231e-01
2.743362831858406903e-01
2.743362831858406903e-01
3.362831858407079877e-01
3.185840707964601726e-01
3.362831858407079877e-01
2.831858407079645978e-01
2.831858407079645978e-01
2.389380530973451433e-01
3.008849557522124130e-01
2.743362831858406903e-01
2.566371681415929307e-01
3.008849557522124130e-01
2.477876106194690231e-01
2.212389380530973559e-01
2.831858407079645978e-01
2.389380530973451433e-01
2.743362831858406903e-01
2.566371681415929307e-01
2.654867256637168382e-01
2.743362831858406903e-01
2.035398230088495686e-01
2.743362831858406903e-01
2.654867256637168382e-01
2.920353982300885054e-01
3.097345132743362650e-01
2.743362831858406903e-01
2.831858407079645978e-01
3.097345132743362650e-01
3.628318584070796549e-01
3.097345132743362650e-01
2.477876106194690231e-01
3.628318584070796549e-01
2.920353982300885054e-01
2.566371681415929307e-01
3.274336283185840801e-01
3.185840707964601726e-01
3.008849557522124130e-01
2.831858407079645978e-01
3.008849557522124130e-01
3.008849557522124130e-01
3.274336283185840801e-01
3.008849557522124130e-01
2.743362831858406903e-01
2.831858407079645978e-01
2.566371681415929307e-01
3.628318584070796549e-01
3.008849557522124130e-01
2.920353982300885054e-01
2.831858407079645978e-01
3.362831858407079877e-01
3.539823008849557473e-01
2.831858407079645978e-01
2.743362831858406903e-01
2.389380530973451433e-01
2.123893805309734484e-01
2.300884955752212357e-01
2.743362831858406903e-01
2.212389380530973559e-01
2.477876106194690231e-01
2.035398230088495686e-01
2.300884955752212357e-01
2.477876106194690231e-01
2.212389380530973559e-01
2.920353982300885054e-01
2.654867256637168382e-01
2.831858407079645978e-01
3.097345132743362650e-01
2.212389380530973559e-01
2.123893805309734484e-01
2.389380530973451433e-01
2.123893805309734484e-01
2.477876106194690231e-01
2.566371681415929307e-01
2.389380530973451433e-01
2.477876106194690231e-01
3.008849557522124130e-01
2.389380530973451433e-01
2.831858407079645978e-01
3.008849557522124130e-01
2.654867256637168382e-01
2.477876106194690231e-01
2.477876106194690231e-01
2.654867256637168382e-01
2.212389380530973559e-01
2.477876106194690231e-01
3.008849557522124130e-01
2.212389380530973559e-01
2.654867256637168382e-01
2.123893805309734484e-01
2.123893805309734484e-01
2.477876106194690231e-01
2.920353982300885054e-01
2.212389380530973559e-01
2.212389380530973559e-01
2.212389380530973559e-01
2.389380530973451433e-01
2.831858407079645978e-01
2.477876106194690231e-01
1.946902654867256610e-01
2.743362831858406903e-01
3.097345132743362650e-01
2.831858407079645978e-01
1.946902654867256610e-01
2.743362831858406903e-01
3.008849557522124130e-01
2.300884955752212357e-01
2.389380530973451433e-01
2.654867256637168382e-01
2.300884955752212357e-01
3.008849557522124130e-01
2.566371681415929307e-01
2.566371681415929307e-01
2.212389380530973559e-01
2.212389380530973559e-01
2.300884955752212357e-01
2.654867256637168382e-01
2.212389380530973559e-01
2.389380530973451433e-01
2.477876106194690231e-01
2.477876106194690231e-01
2.300884955752212357e-01
2.389380530973451433e-01
2.477876106194690231e-01
2.212389380530973559e-01
3.097345132743362650e-01
2.654867256637168382e-01
2.831858407079645978e-01
2.743362831858406903e-01
2.300884955752212357e-01
2.654867256637168382e-01
2.654867256637168382e-01
2.389380530973451433e-01
2.212389380530973559e-01
2.477876106194690231e-01
2.477876106194690231e-01
2.831858407079645978e-01
2.743362831858406903e-01
2.654867256637168382e-01
2.654867256637168382e-01
2.389380530973451433e-01
2.566371681415929307e-01
1.681415929203539938e-01
2.654867256637168382e-01
2.212389380530973559e-01
2.831858407079645978e-01
2.743362831858406903e-01
3.008849557522124130e-01
2.123893805309734484e-01
3.097345132743362650e-01
2.477876106194690231e-01
2.566371681415929307e-01
2.831858407079645978e-01
2.477876106194690231e-01
2.654867256637168382e-01
2.389380530973451433e-01
2.477876106194690231e-01
1.858407079646017812e-01
2.123893805309734484e-01
2.389380530973451433e-01
2.654867256637168382e-01
2.743362831858406903e-01
2.831858407079645978e-01
2.212389380530973559e-01
3.008849557522124130e-01
3.008849557522124130e-01
2.123893805309734484e-01
1.769911504424778736e-01
2.123893805309734484e-01
2.654867256637168382e-01
2.389380530973451433e-01
2.654867256637168382e-01
2.123893805309734484e-01
2.477876106194690231e-01
2.123893805309734484e-01
2.654867256637168382e-01
2.743362831858406903e-01
2.300884955752212357e-01
2.035398230088495686e-01
2.035398230088495686e-01
1.946902654867256610e-01
2.212389380530973559e-01
1.681415929203539938e-01
1.769911504424778736e-01
2.035398230088495686e-01
2.477876106194690231e-01
2.300884955752212357e-01
2.035398230088495686e-01
1.681415929203539938e-01
1.504424778761062065e-01
2.477876106194690231e-01
1.946902654867256610e-01
1.769911504424778736e-01
2.654867256637168382e-01
2.389380530973451433e-01
1.946902654867256610e-01
2.743362831858406903e-01
2.654867256637168382e-01
2.566371681415929307e-01
2.123893805309734484e-01
2.300884955752212357e-01
1.946902654867256610e-01
2.035398230088495686e-01
1.769911504424778736e-01
1.858407079646017812e-01
1.769911504424778736e-01
2.123893805309734484e-01
1.327433628318584191e-01
