1.000000000000000000e+00
8.242909987669543304e-01
7.922318125770653197e-01
7.700369913686806456e-01
7.219482120838470740e-01
7.194821208384710731e-01
7.225647348951911297e-01
6.726263871763255020e-01
6.794081381011097820e-01
6.516646115906288284e-01
6.276202219482120981e-01
6.319358816276202662e-01
6.368680641183723790e-01
6.270036991368680424e-01
6.048088779284833683e-01
5.992601726263871997e-01
5.813810110974105827e-01
5.524044389642416286e-01
5.295930949445128988e-01
5.437731196054254035e-01
5.221948212083846741e-01
5.258939580764487864e-01
5.049321824907521128e-01
4.926017262638717753e-01
5.024660912453761119e-01
4.852034525277435506e-01
4.790382244143033263e-01
4.728729963008631576e-01
4.722564734895191019e-01
4.642416769420468770e-01
4.741060419235511580e-01
4.599260172626387089e-01
4.180024660912453616e-01
4.420468557336621473e-01
4.241676942046855858e-01
4.303329223181257546e-01
4.290998766954377541e-01
4.327990135635018665e-01
4.106041923551171369e-01
3.995067817509247998e-01
4.093711467324290809e-01
4.032059186189889122e-01
3.945745992601726315e-01
3.859432799013563509e-01
3.594327990135635087e-01
3.773119605425400702e-01
3.618988902589395651e-01
3.680641183723797893e-01
3.662145499383477332e-01
3.637484586929716213e-01
3.434032059186190033e-01
3.514180024660912283e-01
3.489519112207151719e-01
3.446362515413070038e-01
3.156596794081381052e-01
3.242909987669543859e-01
3.483353884093711716e-01
3.286066584463624984e-01
3.212083847102342737e-01
3.107274969173859369e-01
3.236744759556103301e-01
3.144266337854500493e-01
3.094944512946978810e-01
3.261405672009864420e-01
3.101109741060419367e-01
3.255240443896424418e-01
2.990135635018495441e-01
2.965474722564734877e-01
2.897657213316892633e-01
2.755856966707768141e-01
2.811344019728729826e-01
2.848335388409370950e-01
2.688039457459925896e-01
2.675709001233045892e-01
2.669543773119605334e-01
2.570900123304562523e-01
2.552404438964241407e-01
2.620221948212083651e-01
2.540073982737361402e-01
2.607891491985203647e-01
2.626387176325524209e-01
2.287299630086313262e-01
2.305795314426633824e-01
2.392108508014796631e-01
2.207151664611590736e-01
2.318125770653514106e-01
2.305795314426633824e-01
2.182490752157829894e-01
2.207151664611590736e-01
2.293464858199753265e-01
2.102342786683107367e-01
2.065351418002465966e-01
2.139334155363748491e-01
2.133168927250308211e-01
2.034525277435265123e-01
2.102342786683107367e-01
1.997533908754623999e-01
1.861898890258939510e-01
1.861898890258939510e-01
1.905055487053020913e-01
1.855733662145499507e-01
1.948212083847102316e-01
1.818742293464858106e-01
1.911220715166461193e-01
1.806411837237977824e-01
1.769420468557336701e-01
1.726263871763255298e-01
1.695437731196054176e-01
1.670776818742293335e-01
1.572133168927250246e-01
1.516646115906288561e-01
1.485819975339087440e-01
1.516646115906288561e-01
1.516646115906288561e-01
1.535141800246609123e-01
1.547472256473489405e-01
1.516646115906288561e-01
1.448828606658446316e-01
1.615289765721331650e-01
1.627620221948212209e-01
1.479654747225647438e-01
1.590628853267570808e-01
1.485819975339087440e-01
1.498150431565967999e-01
1.331689272503082666e-01
1.424167694204685475e-01
1.424167694204685475e-01
1.313193588162762104e-01
1.350184956843403228e-01
1.282367447595560983e-01
1.300863131935881545e-01
1.325524044389642386e-01
1.233045622688039439e-01
1.276202219482120703e-01
1.263871763255240421e-01
1.294697903822441543e-01
1.368680641183723790e-01
1.325524044389642386e-01
1.251541307028360139e-01
1.263871763255240421e-01
1.165228113440197333e-01
1.152897657213316912e-01
1.177558569667077615e-01
1.072749691738594385e-01
1.054254007398273685e-01
1.072749691738594385e-01
1.134401972872996350e-01
1.054254007398273685e-01
1.109741060419235509e-01
1.041923551171393403e-01
9.802712700369914378e-02
1.029593094944512982e-01
1.072749691738594385e-01
9.679408138101110171e-02
9.987669543773119996e-02
9.432799013563501755e-02
1.029593094944512982e-01
9.679408138101110171e-02
9.494451294697903165e-02
9.124537607891491930e-02
1.004932182490752141e-01
8.261405672009863865e-02
8.138101109741061046e-02
9.494451294697903165e-02
9.679408138101110171e-02
9.309494451294697548e-02
9.309494451294697548e-02
1.066584463625154106e-01
9.802712700369914378e-02
1.035758323057953123e-01
1.029593094944512982e-01
1.085080147965474667e-01
9.062885326757090521e-02
9.802712700369914378e-02
8.939580764488286313e-02
9.432799013563501755e-02
9.001233045622687723e-02
9.001233045622687723e-02
9.001233045622687723e-02
9.309494451294697548e-02
8.569667077681873690e-02
8.323057953144266663e-02
8.261405672009863865e-02
9.001233045622687723e-02
8.138101109741061046e-02
7.583230579531442805e-02
8.446362515413070871e-02
7.274969173859432980e-02
8.199753390875462455e-02
7.953144266337854040e-02
7.213316892725030183e-02
7.151664611590628773e-02
7.090012330456227363e-02
8.199753390875462455e-02
8.014796547472256838e-02
8.199753390875462455e-02
8.446362515413070871e-02
7.768187422934648423e-02
7.274969173859432980e-02
7.274969173859432980e-02
6.535141800246609123e-02
7.521578298397040008e-02
7.090012330456227363e-02
7.398273736128237188e-02
7.891491985203452630e-02
7.398273736128237188e-02
6.288532675709000708e-02
6.720098643649814740e-02
7.398273736128237188e-02
7.090012330456227363e-02
7.028360049321824565e-02
7.028360049321824565e-02
7.706535141800247013e-02
7.028360049321824565e-02
6.905055487053020358e-02
7.459926017262638598e-02
6.905055487053020358e-02
7.151664611590628773e-02
7.213316892725030183e-02
7.459926017262638598e-02
6.843403205918618948e-02
7.213316892725030183e-02
6.658446362515413330e-02
6.966707768187423155e-02
6.966707768187423155e-02
6.103575832305795090e-02
6.658446362515413330e-02
6.165228113440197194e-02
7.274969173859432980e-02
6.781750924784217538e-02
7.028360049321824565e-02
6.781750924784217538e-02
6.473489519112207713e-02
6.350184956843403505e-02
6.226880394574599298e-02
6.596794081381010533e-02
6.103575832305795090e-02
6.781750924784217538e-02
5.980271270036991577e-02
6.226880394574599298e-02
6.658446362515413330e-02
5.733662145499383161e-02
6.103575832305795090e-02
6.288532675709000708e-02
5.918618988902589473e-02
5.425400739827373336e-02
6.288532675709000708e-02
6.350184956843403505e-02
6.226880394574599298e-02
6.103575832305795090e-02
5.856966707768187369e-02
5.425400739827373336e-02
6.041923551171393680e-02
5.795314426633785265e-02
5.733662145499383161e-02
5.980271270036991577e-02
6.535141800246609123e-02
6.596794081381010533e-02
6.350184956843403505e-02
4.808877928483353686e-02
6.350184956843403505e-02
6.473489519112207713e-02
7.028360049321824565e-02
6.411837237977804915e-02
5.980271270036991577e-02
5.487053020961775440e-02
5.425400739827373336e-02
4.747225647348951583e-02
5.363748458692971927e-02
5.856966707768187369e-02
5.363748458692971927e-02
4.932182490752157894e-02
5.117139334155363511e-02
4.254007398273736140e-02
5.117139334155363511e-02
4.747225647348951583e-02
4.438964241676941758e-02
4.747225647348951583e-02
4.870530209617755790e-02
4.932182490752157894e-02
4.623921085080148069e-02
4.254007398273736140e-02
4.870530209617755790e-02
4.808877928483353686e-02
4.623921085080148069e-02
4.377311960542540348e-02
4.685573366214550173e-02
4.500616522811343861e-02
4.747225647348951583e-02
4.562268803945745965e-02
4.377311960542540348e-02
4.808877928483353686e-02
4.438964241676941758e-02
4.808877928483353686e-02
4.315659679408138244e-02
3.452527743526510179e-02
3.884093711467324211e-02
4.500616522811343861e-02
4.377311960542540348e-02
4.315659679408138244e-02
4.192355117139334036e-02
3.884093711467324211e-02
4.377311960542540348e-02
4.685573366214550173e-02
4.069050554870530523e-02
3.822441430332922108e-02
4.007398273736128419e-02
4.130702836004931933e-02
4.254007398273736140e-02
3.575832305795314386e-02
4.007398273736128419e-02
3.699136868064118594e-02
3.884093711467324211e-02
3.514180024660912283e-02
3.945745992601726315e-02
3.822441430332922108e-02
3.514180024660912283e-02
3.822441430332922108e-02
3.575832305795314386e-02
3.884093711467324211e-02
3.144266337854500354e-02
3.575832305795314386e-02
3.082614056720098597e-02
3.452527743526510179e-02
3.205918618988902458e-02
3.020961775585696840e-02
3.390875462392108769e-02
3.082614056720098597e-02
3.575832305795314386e-02
3.329223181257706665e-02
3.267570900123304561e-02
3.575832305795314386e-02
3.760789149198520004e-02
2.836004932182490876e-02
3.082614056720098597e-02
3.390875462392108769e-02
3.205918618988902458e-02
3.945745992601726315e-02
3.144266337854500354e-02
3.329223181257706665e-02
3.082614056720098597e-02
3.514180024660912283e-02
4.130702836004931933e-02
3.760789149198520004e-02
3.575832305795314386e-02
3.452527743526510179e-02
3.699136868064118594e-02
3.760789149198520004e-02
4.438964241676941758e-02
3.945745992601726315e-02
3.575832305795314386e-02
3.699136868064118594e-02
4.007398273736128419e-02
3.514180024660912283e-02
4.007398273736128419e-02
3.884093711467324211e-02
4.007398273736128419e-02
3.884093711467324211e-02
4.192355117139334036e-02
3.329223181257706665e-02
3.575832305795314386e-02
3.514180024660912283e-02
4.069050554870530523e-02
3.205918618988902458e-02
3.699136868064118594e-02
3.822441430332922108e-02
3.020961775585696840e-02
3.329223181257706665e-02
3.637484586929716490e-02
3.329223181257706665e-02
3.020961775585696840e-02
3.452527743526510179e-02
3.514180024660912283e-02
3.144266337854500354e-02
3.699136868064118594e-02
3.020961775585696840e-02
2.712700369913686668e-02
2.774352651048088772e-02
3.020961775585696840e-02
2.774352651048088772e-02
3.514180024660912283e-02
3.144266337854500354e-02
3.267570900123304561e-02
2.897657213316892633e-02
3.390875462392108769e-02
2.959309494451294736e-02
3.267570900123304561e-02
3.267570900123304561e-02
3.082614056720098597e-02
3.144266337854500354e-02
2.527743526510481051e-02
3.205918618988902458e-02
3.699136868064118594e-02
3.760789149198520004e-02
2.959309494451294736e-02
3.082614056720098597e-02
3.020961775585696840e-02
3.637484586929716490e-02
3.822441430332922108e-02
2.774352651048088772e-02
3.329223181257706665e-02
