1.000000000000000000e+00
7.930049964311206567e-01
8.022840827980014522e-01
7.544610992148464979e-01
7.116345467523197410e-01
7.116345467523197410e-01
6.887937187723054411e-01
6.688079942897929842e-01
6.324054246966452908e-01
6.252676659528907388e-01
6.017130620985010614e-01
5.931477516059957544e-01
5.638829407566023910e-01
5.888650963597430454e-01
5.581727337615988160e-01
5.481798715203426431e-01
5.453247680228408001e-01
5.353319057815846271e-01
5.124910778015703272e-01
5.074946466809421297e-01
5.003568879371876887e-01
4.860813704496788068e-01
5.074946466809421297e-01
4.875089221984296728e-01
4.625267665952890739e-01
4.739471805852962238e-01
4.703783012134190034e-01
4.553890078515346329e-01
4.204139900071377500e-01
4.389721627408993410e-01
4.254104211277658920e-01
4.246966452533904590e-01
4.296930763740185455e-01
4.232690935046395375e-01
4.075660242683797341e-01
4.089935760171306001e-01
4.375446109921484750e-01
4.225553176302641045e-01
3.825838686652391352e-01
3.868665239114917886e-01
3.754461099214846387e-01
3.875802997858672216e-01
3.783012134189864262e-01
3.625981441827266227e-01
3.476088508208422523e-01
3.633119200571020557e-01
3.718772305496074182e-01
3.554603854389721818e-01
3.397573162027123228e-01
3.247680228408279524e-01
3.311920057102070158e-01
3.311920057102070158e-01
3.204853675945752989e-01
3.112062812276945034e-01
3.033547466095645739e-01
2.997858672376873534e-01
3.069236259814418499e-01
3.183440399714489444e-01
3.126338329764453694e-01
3.169164882226980784e-01
3.090649536045681489e-01
3.083511777301927159e-01
3.112062812276945034e-01
2.869379014989293375e-01
2.983583154889364875e-01
3.004996431120627864e-01
3.169164882226980784e-01
2.897930049964311250e-01
2.826552462526766840e-01
2.826552462526766840e-01
2.897930049964311250e-01
2.705210563882941011e-01
2.648108493932905261e-01
2.776588151320485420e-01
2.783725910064239750e-01
2.669521770164168251e-01
2.626695217701641716e-01
2.598144182726623841e-01
2.662384011420413921e-01
2.605281941470378171e-01
2.669521770164168251e-01
2.619557458957887386e-01
2.640970735189150376e-01
2.605281941470378171e-01
2.669521770164168251e-01
2.662384011420413921e-01
2.362598144182726512e-01
2.555317630264097306e-01
2.469664525339043404e-01
2.469664525339043404e-01
2.284082798001427494e-01
2.262669521770164227e-01
2.255531763026409620e-01
2.248394004282655290e-01
2.398286937901498994e-01
2.219842969307637415e-01
2.284082798001427494e-01
2.212705210563882807e-01
2.255531763026409620e-01
2.198429693076374147e-01
2.177016416845110602e-01
2.234118486795146352e-01
2.091363311920056978e-01
1.977159172019985756e-01
2.155603140613847335e-01
1.991434689507494693e-01
2.162740899357601665e-01
2.077087794432548318e-01
2.041399000713775835e-01
2.069950035688793710e-01
1.962883654532476818e-01
2.105638829407565915e-01
1.898643825838686738e-01
2.005710206995003630e-01
1.977159172019985756e-01
2.005710206995003630e-01
1.848679514632405319e-01
1.862955032119914256e-01
1.805852962169878784e-01
1.984296930763740086e-01
1.805852962169878784e-01
1.713062098501070551e-01
1.791577444682369846e-01
1.763026409707351971e-01
1.734475374732334096e-01
1.841541755888650989e-01
1.855817273376159926e-01
1.848679514632405319e-01
1.798715203426124176e-01
1.634546752319771534e-01
1.591720199857244722e-01
1.705924339757316222e-01
1.805852962169878784e-01
1.741613133476088426e-01
1.691648822269807284e-01
1.741613133476088426e-01
1.591720199857244722e-01
1.748750892219843034e-01
1.506067094932191375e-01
1.584582441113490392e-01
1.506067094932191375e-01
1.591720199857244722e-01
1.655960028551035079e-01
1.620271234832262597e-01
1.648822269807280472e-01
1.605995717344753659e-01
1.620271234832262597e-01
1.591720199857244722e-01
1.634546752319771534e-01
1.563169164882226847e-01
1.541755888650963580e-01
1.570306923625981455e-01
1.506067094932191375e-01
1.470378301213418892e-01
1.534618129907209250e-01
1.520342612419700312e-01
1.384725196288365545e-01
1.463240542469664562e-01
1.534618129907209250e-01
1.456102783725909955e-01
1.484653818700927830e-01
1.356174161313347670e-01
1.456102783725909955e-01
1.448965024982155625e-01
1.391862955032119875e-01
1.434689507494646687e-01
1.448965024982155625e-01
1.406138472519628813e-01
1.434689507494646687e-01
1.484653818700927830e-01
1.413276231263383420e-01
1.498929336188436767e-01
1.341898643825838733e-01
1.491791577444682437e-01
1.334760885082084125e-01
1.441827266238401017e-01
1.306209850107066250e-01
1.320485367594575188e-01
1.399000713775874483e-01
1.399000713775874483e-01
1.406138472519628813e-01
1.277658815132048653e-01
1.277658815132048653e-01
1.270521056388294046e-01
1.291934332619557591e-01
1.291934332619557591e-01
1.306209850107066250e-01
1.313347608850820858e-01
1.249107780157030639e-01
1.291934332619557591e-01
1.234832262669521702e-01
1.199143468950749497e-01
1.220556745182012903e-01
1.163454675231977153e-01
1.170592433975731622e-01
1.213418986438258435e-01
1.192005710206995028e-01
1.270521056388294046e-01
1.220556745182012903e-01
1.177730192719486091e-01
1.142041399000713747e-01
1.306209850107066250e-01
1.341898643825838733e-01
1.099214846538187074e-01
1.092077087794432605e-01
1.184867951463240560e-01
1.163454675231977153e-01
1.206281227694503966e-01
1.106352605281941404e-01
1.227694503925767372e-01
1.120628122769450341e-01
1.113490364025695872e-01
1.120628122769450341e-01
1.113490364025695872e-01
1.120628122769450341e-01
1.149179157744468216e-01
1.163454675231977153e-01
1.042112776588151324e-01
1.113490364025695872e-01
1.142041399000713747e-01
1.042112776588151324e-01
1.113490364025695872e-01
9.921484653818700428e-02
1.056388294075660261e-01
1.134903640256959279e-01
1.077801570306923667e-01
1.077801570306923667e-01
9.778729478943611053e-02
9.707351891506067754e-02
9.921484653818700428e-02
1.063526052819414730e-01
9.850107066381155740e-02
9.778729478943611053e-02
1.013561741613133449e-01
1.049250535331905793e-01
1.042112776588151324e-01
1.020699500356887918e-01
1.056388294075660261e-01
9.136331192005710256e-02
9.778729478943611053e-02
8.850820842255531506e-02
8.708065667380442132e-02
9.635974304068523066e-02
8.993576017130620881e-02
9.778729478943611053e-02
9.850107066381155740e-02
8.493932905067808070e-02
9.350463954318344317e-02
9.207708779443254943e-02
9.136331192005710256e-02
8.565310492505352757e-02
8.779443254817986819e-02
9.493219129193433692e-02
7.922912205567451960e-02
8.850820842255531506e-02
8.065667380442541334e-02
8.351177730192720083e-02
9.279086366880799630e-02
8.279800142755175396e-02
8.422555317630264771e-02
8.922198429693076194e-02
8.922198429693076194e-02
8.137044967880086022e-02
8.137044967880086022e-02
8.850820842255531506e-02
8.565310492505352757e-02
8.708065667380442132e-02
8.636688079942897445e-02
8.137044967880086022e-02
8.708065667380442132e-02
9.350463954318344317e-02
8.065667380442541334e-02
7.994289793004996647e-02
8.636688079942897445e-02
8.636688079942897445e-02
8.850820842255531506e-02
8.208422555317630709e-02
8.065667380442541334e-02
7.780157030692362585e-02
8.137044967880086022e-02
8.493932905067808070e-02
7.922912205567451960e-02
7.708779443254817898e-02
8.565310492505352757e-02
8.137044967880086022e-02
7.566024268379728523e-02
7.922912205567451960e-02
7.780157030692362585e-02
7.494646680942183836e-02
8.422555317630264771e-02
7.994289793004996647e-02
8.279800142755175396e-02
8.208422555317630709e-02
7.708779443254817898e-02
7.566024268379728523e-02
7.280513918629549774e-02
7.137758743754461788e-02
7.137758743754461788e-02
6.423982869379014915e-02
7.209136331192005087e-02
6.923625981441827726e-02
6.923625981441827726e-02
7.780157030692362585e-02
7.566024268379728523e-02
6.852248394004283039e-02
6.566738044254104290e-02
7.137758743754461788e-02
7.637401855817273211e-02
7.280513918629549774e-02
6.923625981441827726e-02
7.066381156316917100e-02
6.209850107066380853e-02
6.852248394004283039e-02
6.780870806566738351e-02
6.138472519628836860e-02
6.780870806566738351e-02
6.709493219129193664e-02
6.566738044254104290e-02
6.638115631691648977e-02
6.780870806566738351e-02
6.281227694503925540e-02
6.352605281941470228e-02
6.423982869379014915e-02
6.638115631691648977e-02
6.638115631691648977e-02
6.067094932191292173e-02
6.138472519628836860e-02
6.495360456816559602e-02
5.781584582441113424e-02
6.281227694503925540e-02
6.780870806566738351e-02
6.638115631691648977e-02
5.924339757316202798e-02
6.209850107066380853e-02
5.995717344753747485e-02
5.924339757316202798e-02
5.353319057815845994e-02
5.781584582441113424e-02
5.496074232690935368e-02
5.924339757316202798e-02
5.852962169878658111e-02
6.495360456816559602e-02
6.067094932191292173e-02
5.638829407566024049e-02
6.067094932191292173e-02
5.924339757316202798e-02
5.924339757316202798e-02
5.995717344753747485e-02
6.067094932191292173e-02
5.781584582441113424e-02
6.209850107066380853e-02
5.424696645253390681e-02
4.782298358315489190e-02
5.924339757316202798e-02
5.281941470378301307e-02
5.424696645253390681e-02
5.781584582441113424e-02
5.424696645253390681e-02
5.710206995003568736e-02
5.638829407566024049e-02
5.710206995003568736e-02
6.138472519628836860e-02
4.710920770877944502e-02
4.782298358315489190e-02
4.853675945753033877e-02
4.782298358315489190e-02
5.496074232690935368e-02
5.638829407566024049e-02
4.782298358315489190e-02
4.853675945753033877e-02
5.210563882940756619e-02
5.852962169878658111e-02
5.281941470378301307e-02
5.210563882940756619e-02
4.853675945753033877e-02
5.638829407566024049e-02
5.710206995003568736e-02
5.567451820128479362e-02
5.139186295503211932e-02
4.782298358315489190e-02
5.353319057815845994e-02
4.282655246252676379e-02
4.282655246252676379e-02
4.354032833690221066e-02
4.853675945753033877e-02
4.996431120628122557e-02
5.139186295503211932e-02
5.210563882940756619e-02
5.281941470378301307e-02
4.996431120628122557e-02
4.639543183440399815e-02
4.425410421127765753e-02
4.710920770877944502e-02
4.354032833690221066e-02
4.354032833690221066e-02
4.354032833690221066e-02
4.425410421127765753e-02
4.568165596002855128e-02
4.282655246252676379e-02
4.496788008565310441e-02
4.568165596002855128e-02
