1.000000000000000000e+00
8.364361702127659504e-01
7.799202127659574657e-01
7.885638297872340496e-01
7.107712765957446832e-01
6.894946808510638014e-01
6.761968085106383475e-01
6.635638297872340496e-01
6.396276595744680993e-01
5.997340425531915153e-01
5.718085106382978511e-01
5.990691489361702482e-01
5.718085106382978511e-01
5.864361702127659504e-01
5.352393617021277139e-01
5.452127659574468321e-01
5.511968085106383475e-01
5.126329787234042978e-01
5.086436170212765839e-01
5.252659574468084847e-01
4.940159574468084847e-01
4.840425531914893664e-01
4.727393617021276584e-01
4.654255319148936088e-01
4.700797872340425343e-01
4.607712765957446832e-01
4.847074468085106336e-01
4.441489361702127825e-01
4.514627659574468321e-01
4.401595744680851241e-01
4.328457446808510745e-01
4.335106382978723416e-01
4.002659574468084847e-01
3.982712765957446832e-01
3.962765957446808263e-01
4.029255319148936088e-01
4.029255319148936088e-01
3.976063829787234161e-01
4.115691489361701927e-01
3.976063829787234161e-01
3.816489361702127825e-01
3.836436170212765839e-01
3.663563829787234161e-01
3.617021276595744905e-01
3.437500000000000000e-01
3.470744680851063912e-01
3.444148936170212671e-01
3.530585106382978511e-01
3.430851063829787329e-01
3.477393617021276584e-01
3.430851063829787329e-01
3.271276595744680993e-01
3.404255319148936088e-01
3.151595744680851241e-01
3.198138297872340496e-01
3.218085106382978511e-01
3.025265957446808263e-01
3.045212765957446832e-01
3.238031914893617080e-01
3.211436170212765839e-01
3.085106382978723416e-01
3.045212765957446832e-01
3.324468085106382920e-01
3.204787234042553168e-01
3.078457446808510745e-01
2.845744680851063912e-01
2.978723404255319007e-01
3.078457446808510745e-01
3.031914893617021489e-01
2.965425531914893664e-01
3.058510638297872175e-01
2.759308510638298073e-01
2.805851063829787329e-01
2.772606382978723416e-01
2.792553191489361430e-01
2.586436170212765839e-01
2.859042553191489255e-01
2.559840425531915153e-01
2.593085106382978511e-01
2.699468085106382920e-01
2.659574468085106336e-01
2.619680851063829752e-01
2.659574468085106336e-01
2.559840425531915153e-01
2.480053191489361708e-01
2.626329787234042423e-01
2.652925531914893664e-01
2.626329787234042423e-01
2.659574468085106336e-01
2.559840425531915153e-01
2.553191489361701927e-01
2.599734042553191737e-01
2.519946808510638570e-01
2.413563829787234161e-01
2.406914893617021212e-01
2.273936170212765839e-01
2.493351063829787329e-01
2.280585106382978788e-01
2.293882978723404131e-01
2.273936170212765839e-01
2.446808510638297796e-01
2.167553191489361708e-01
2.327127659574468044e-01
2.220744680851063912e-01
2.406914893617021212e-01
2.440159574468085124e-01
2.260638297872340496e-01
2.194148936170212671e-01
2.360372340425531956e-01
2.134308510638297796e-01
2.273936170212765839e-01
2.180851063829787329e-01
2.160904255319149037e-01
2.067819148936170248e-01
2.207446808510638292e-01
2.047872340425531956e-01
2.007978723404255372e-01
2.101063829787234161e-01
2.054521276595744628e-01
2.101063829787234161e-01
2.127659574468085124e-01
1.921542553191489255e-01
2.034574468085106336e-01
1.968085106382978788e-01
2.007978723404255372e-01
2.014627659574468044e-01
1.841755319148936088e-01
1.868351063829787329e-01
1.954787234042553168e-01
1.888297872340425620e-01
1.868351063829787329e-01
1.914893617021276584e-01
1.934840425531914876e-01
1.875000000000000000e-01
1.928191489361702204e-01
1.768617021276595869e-01
1.868351063829787329e-01
1.875000000000000000e-01
1.735372340425531956e-01
1.788563829787234161e-01
1.748670212765957577e-01
1.815159574468085124e-01
1.788563829787234161e-01
1.821808510638297796e-01
1.722074468085106336e-01
1.841755319148936088e-01
1.815159574468085124e-01
1.801861702127659504e-01
1.742021276595744628e-01
1.781914893617021212e-01
1.708776595744680715e-01
1.795212765957446832e-01
1.808510638297872453e-01
1.815159574468085124e-01
1.808510638297872453e-01
1.715425531914893664e-01
1.775265957446808540e-01
1.702127659574468044e-01
1.821808510638297796e-01
1.828457446808510745e-01
1.655585106382978788e-01
1.675531914893617080e-01
1.655585106382978788e-01
1.622340425531914876e-01
1.735372340425531956e-01
1.668882978723404131e-01
1.642287234042553168e-01
1.562500000000000000e-01
1.555851063829787329e-01
1.582446808510638292e-01
1.635638297872340496e-01
1.642287234042553168e-01
1.708776595744680715e-01
1.562500000000000000e-01
1.582446808510638292e-01
1.655585106382978788e-01
1.708776595744680715e-01
1.482712765957446832e-01
1.569148936170212671e-01
1.569148936170212671e-01
1.476063829787234161e-01
1.509308510638297796e-01
1.449468085106382920e-01
1.515957446808510745e-01
1.469414893617021212e-01
1.436170212765957577e-01
1.449468085106382920e-01
1.269946808510638292e-01
1.436170212765957577e-01
1.416223404255319285e-01
1.442819148936170248e-01
1.323138297872340496e-01
1.369680851063829752e-01
1.429521276595744628e-01
1.429521276595744628e-01
1.309840425531914876e-01
1.382978723404255372e-01
1.356382978723404131e-01
1.436170212765957577e-01
1.456117021276595869e-01
1.316489361702127547e-01
1.356382978723404131e-01
1.276595744680850963e-01
1.409574468085106336e-01
1.329787234042553168e-01
1.429521276595744628e-01
1.422872340425531956e-01
1.276595744680850963e-01
1.416223404255319285e-01
1.329787234042553168e-01
1.256648936170212671e-01
1.296542553191489255e-01
1.409574468085106336e-01
1.296542553191489255e-01
1.376329787234042423e-01
1.236702127659574518e-01
1.269946808510638292e-01
1.263297872340425620e-01
1.256648936170212671e-01
1.216755319148936226e-01
1.203457446808510606e-01
1.196808510638297934e-01
1.130319148936170248e-01
1.097074468085106336e-01
1.243351063829787190e-01
1.196808510638297934e-01
1.210106382978723416e-01
1.269946808510638292e-01
1.250000000000000000e-01
1.216755319148936226e-01
1.250000000000000000e-01
1.170212765957446832e-01
1.150265957446808540e-01
1.090425531914893664e-01
1.150265957446808540e-01
1.090425531914893664e-01
1.130319148936170248e-01
1.083776595744680854e-01
1.156914893617021212e-01
1.269946808510638292e-01
1.223404255319148898e-01
1.110372340425531956e-01
1.117021276595744628e-01
1.170212765957446832e-01
1.136968085106382920e-01
1.130319148936170248e-01
1.117021276595744628e-01
1.097074468085106336e-01
1.163563829787234022e-01
1.196808510638297934e-01
1.123670212765957438e-01
1.156914893617021212e-01
1.117021276595744628e-01
1.183510638297872314e-01
1.103723404255319146e-01
1.230053191489361708e-01
1.130319148936170248e-01
1.057180851063829752e-01
1.103723404255319146e-01
1.196808510638297934e-01
1.210106382978723416e-01
1.090425531914893664e-01
1.043882978723404270e-01
1.003989361702127686e-01
1.077127659574468044e-01
1.050531914893617080e-01
1.017287234042553168e-01
1.063829787234042562e-01
1.097074468085106336e-01
1.123670212765957438e-01
1.057180851063829752e-01
9.640957446808511022e-02
1.043882978723404270e-01
1.023936170212765978e-01
1.003989361702127686e-01
1.003989361702127686e-01
9.707446808510637737e-02
1.043882978723404270e-01
1.083776595744680854e-01
1.063829787234042562e-01
1.010638297872340358e-01
1.063829787234042562e-01
1.050531914893617080e-01
9.906914893617020657e-02
1.043882978723404270e-01
9.906914893617020657e-02
1.030585106382978788e-01
1.010638297872340358e-01
9.109042553191488978e-02
1.077127659574468044e-01
1.103723404255319146e-01
1.037234042553191460e-01
9.109042553191488978e-02
9.840425531914893942e-02
9.906914893617020657e-02
9.574468085106382920e-02
1.023936170212765978e-01
9.308510638297871898e-02
9.707446808510637737e-02
1.017287234042553168e-01
1.077127659574468044e-01
9.973404255319148759e-02
9.640957446808511022e-02
1.010638297872340358e-01
9.773936170212765839e-02
8.976063829787234161e-02
1.010638297872340358e-01
9.973404255319148759e-02
8.710106382978723139e-02
9.175531914893617080e-02
8.710106382978723139e-02
9.507978723404254817e-02
1.017287234042553168e-01
9.109042553191488978e-02
1.030585106382978788e-01
9.707446808510637737e-02
9.640957446808511022e-02
9.840425531914893942e-02
8.976063829787234161e-02
8.710106382978723139e-02
9.507978723404254817e-02
9.109042553191488978e-02
8.909574468085106058e-02
8.976063829787234161e-02
8.444148936170212116e-02
8.444148936170212116e-02
8.843085106382979343e-02
8.577127659574468321e-02
7.313829787234042701e-02
8.643617021276596424e-02
8.776595744680851241e-02
7.513297872340425620e-02
7.313829787234042701e-02
7.180851063829787884e-02
7.446808510638297518e-02
7.646276595744680438e-02
7.646276595744680438e-02
9.574468085106382920e-02
7.845744680851063357e-02
8.843085106382979343e-02
8.178191489361702482e-02
8.178191489361702482e-02
7.978723404255319562e-02
7.579787234042553723e-02
7.845744680851063357e-02
7.845744680851063357e-02
7.446808510638297518e-02
7.180851063829787884e-02
8.045212765957446277e-02
7.446808510638297518e-02
7.912234042553191460e-02
7.047872340425531679e-02
8.178191489361702482e-02
7.247340425531914598e-02
8.377659574468085402e-02
7.313829787234042701e-02
7.247340425531914598e-02
7.513297872340425620e-02
8.045212765957446277e-02
7.513297872340425620e-02
7.513297872340425620e-02
6.981382978723403576e-02
7.912234042553191460e-02
7.446808510638297518e-02
7.712765957446808540e-02
7.646276595744680438e-02
7.180851063829787884e-02
7.380319148936170803e-02
7.180851063829787884e-02
8.178191489361702482e-02
7.313829787234042701e-02
7.646276595744680438e-02
8.311170212765957299e-02
6.914893617021276861e-02
6.981382978723403576e-02
7.180851063829787884e-02
7.380319148936170803e-02
7.513297872340425620e-02
7.513297872340425620e-02
7.579787234042553723e-02
7.047872340425531679e-02
6.914893617021276861e-02
7.047872340425531679e-02
7.579787234042553723e-02
7.247340425531914598e-02
7.114361702127659781e-02
6.848404255319148759e-02
6.914893617021276861e-02
6.449468085106382920e-02
7.247340425531914598e-02
7.380319148936170803e-02
6.981382978723403576e-02
7.313829787234042701e-02
6.715425531914893942e-02
6.582446808510637737e-02
6.648936170212765839e-02
6.648936170212765839e-02
7.446808510638297518e-02
6.848404255319148759e-02
7.446808510638297518e-02
7.579787234042553723e-02
