1.000000000000000000e+00
9.098240469208210834e-01
8.760997067448680342e-01
8.614369501466275780e-01
8.211143695014663235e-01
8.196480938416422779e-01
8.093841642228738475e-01
8.057184750733137335e-01
7.903225806451612545e-01
7.653958944281524790e-01
7.859237536656891177e-01
7.719941348973606843e-01
7.631964809384164106e-01
7.360703812316715666e-01
7.338709677419354982e-01
7.082111436950146999e-01
7.177419354838709964e-01
7.082111436950146999e-01
7.038123167155425630e-01
6.942815249266862665e-01
6.920821114369501981e-01
6.766862170087976081e-01
6.744868035190615396e-01
6.678885630498533343e-01
6.649560117302052431e-01
6.825513196480937905e-01
6.568914956011729922e-01
6.414956011730205132e-01
6.546920821114369238e-01
6.510263929618768097e-01
6.334310850439882623e-01
6.217008797653958974e-01
6.334310850439882623e-01
6.260997067448680342e-01
5.879765395894428481e-01
5.945747800586510534e-01
6.129032258064516236e-01
5.945747800586510534e-01
5.747800586510264376e-01
5.909090909090909394e-01
5.652492668621701410e-01
5.388563049853372089e-01
5.557184750733137335e-01
5.447214076246333914e-01
5.469208211143694598e-01
5.183284457478005702e-01
5.168621700879765246e-01
5.285923753665688896e-01
5.359237536656891177e-01
5.131964809384164106e-01
4.919354838709677491e-01
4.948680351906158403e-01
4.824046920821114526e-01
4.963343108504398860e-01
4.838709677419354982e-01
4.633431085043988040e-01
4.831378299120234754e-01
4.516129032258064391e-01
4.640762463343108268e-01
4.589442815249266672e-01
4.626099706744867812e-01
4.582111436950146444e-01
4.626099706744867812e-01
4.369501466275659829e-01
4.464809384164222794e-01
4.391495601173020513e-01
4.376832844574780057e-01
4.303519061583577776e-01
4.156891495601173214e-01
4.186217008797654127e-01
4.127565982404692302e-01
4.032258064516128782e-01
3.988269794721407413e-01
3.856304985337243307e-01
3.863636363636363535e-01
3.878299120234603992e-01
3.760997067448680342e-01
3.944281524926686044e-01
3.951612903225806273e-01
3.775659824046920798e-01
3.636363636363636465e-01
3.643695014662756693e-01
3.746334310850439886e-01
3.570381231671554412e-01
3.856304985337243307e-01
3.658357771260997149e-01
3.717008797653958974e-01
3.651026392961876921e-01
3.489736070381231903e-01
3.563049853372434184e-01
3.453079178885630762e-01
3.357771260997067242e-01
3.357771260997067242e-01
3.401759530791788610e-01
3.240469208211143592e-01
3.379765395894427926e-01
3.203812316715542452e-01
3.431085043988269523e-01
3.321114369501466101e-01
3.262463343108504277e-01
3.255131964809384049e-01
3.020527859237536750e-01
2.998533724340176065e-01
3.013196480938416522e-01
2.925219941348973784e-01
2.851906158357771504e-01
2.917888563049853556e-01
2.961876832844574925e-01
2.866568914956011960e-01
2.932551319648094013e-01
2.851906158357771504e-01
2.785923753665688896e-01
2.785923753665688896e-01
2.800586510263929352e-01
2.741935483870967527e-01
2.624633431085043878e-01
2.683284457478005702e-01
2.668621700879765246e-01
2.653958944281524790e-01
2.514662756598240456e-01
2.463343108504398860e-01
2.514662756598240456e-01
2.587976539589442737e-01
2.485337243401759544e-01
2.521994134897360684e-01
2.404692082111437035e-01
2.470674486803519088e-01
2.353372434017595438e-01
2.478005865102639316e-01
2.463343108504398860e-01
2.390029325513196579e-01
2.500000000000000000e-01
2.316715542521994020e-01
2.448680351906158403e-01
2.287390029325513108e-01
2.265395894428152423e-01
2.272727272727272652e-01
2.243401759530791739e-01
2.309384164222873792e-01
2.316715542521994020e-01
2.177419354838709686e-01
2.228739002932551283e-01
2.287390029325513108e-01
2.243401759530791739e-01
2.324046920821114248e-01
2.199413489736070371e-01
2.280058651026392880e-01
2.258064516129032195e-01
2.126099706744868090e-01
2.236070381231671511e-01
2.148093841642228774e-01
2.038123167155425353e-01
2.045454545454545581e-01
1.964809384164222794e-01
1.862170087976539601e-01
2.052785923753665809e-01
1.979472140762463250e-01
1.840175953079178917e-01
1.935483870967741882e-01
1.935483870967741882e-01
1.913489736070381197e-01
1.957478005865102566e-01
1.876832844574780057e-01
1.832844574780058688e-01
1.979472140762463250e-01
1.847507331378299145e-01
1.869501466275659829e-01
1.766862170087976636e-01
1.796187683284457548e-01
1.854838709677419373e-01
1.737536656891495723e-01
1.730205278592375495e-01
1.730205278592375495e-01
1.752199413489736179e-01
1.752199413489736179e-01
1.818181818181818232e-01
1.708211143695014533e-01
1.693548387096774077e-01
1.715542521994134761e-01
1.634897360703812252e-01
1.634897360703812252e-01
1.554252199413489743e-01
1.510263929618768375e-01
1.532258064516129059e-01
1.627565982404692024e-01
1.612903225806451568e-01
1.414956011730205410e-01
1.612903225806451568e-01
1.590909090909090884e-01
1.444281524926686322e-01
1.348973607038123079e-01
1.341642228739002851e-01
1.458944281524926778e-01
1.495601173020527919e-01
1.422287390029325638e-01
1.385630498533724220e-01
1.363636363636363535e-01
1.444281524926686322e-01
1.400293255131964676e-01
1.451612903225806550e-01
1.400293255131964676e-01
1.363636363636363535e-01
1.370967741935483764e-01
1.253665689149560114e-01
1.341642228739002851e-01
1.334310850439882623e-01
1.370967741935483764e-01
1.282991202346041026e-01
1.268328445747800570e-01
1.253665689149560114e-01
1.312316715542521939e-01
1.224340175953079202e-01
1.209677419354838745e-01
1.099706744868035185e-01
1.158357771260997010e-01
1.209677419354838745e-01
1.202346041055718517e-01
1.165689149560117238e-01
1.187683284457478061e-01
1.195014662756598289e-01
1.092375366568914957e-01
1.239002932551319658e-01
1.136363636363636326e-01
1.070381231671554273e-01
1.239002932551319658e-01
1.107038123167155413e-01
1.129032258064516098e-01
1.209677419354838745e-01
1.033724340175953132e-01
1.114369501466275642e-01
1.107038123167155413e-01
1.136363636363636326e-01
1.092375366568914957e-01
1.158357771260997010e-01
1.070381231671554273e-01
1.077712609970674501e-01
1.033724340175953132e-01
1.041055718475073361e-01
1.055718475073313817e-01
9.897360703812316252e-02
9.677419354838709409e-02
9.677419354838709409e-02
9.897360703812316252e-02
1.026392961876832904e-01
1.041055718475073361e-01
1.041055718475073361e-01
9.677419354838709409e-02
9.677419354838709409e-02
9.457478005865102566e-02
1.063049853372434045e-01
1.019061583577712676e-01
1.107038123167155413e-01
9.530791788856304847e-02
1.055718475073313817e-01
1.107038123167155413e-01
1.019061583577712676e-01
1.099706744868035185e-01
1.114369501466275642e-01
1.092375366568914957e-01
1.011730205278592309e-01
9.824046920821113971e-02
1.048387096774193589e-01
9.824046920821113971e-02
9.457478005865102566e-02
9.384164222873900285e-02
9.750733137829911690e-02
1.026392961876832904e-01
9.164222873900293442e-02
9.604105571847507128e-02
9.824046920821113971e-02
9.384164222873900285e-02
9.750733137829911690e-02
1.004398826979472081e-01
9.310850439882698004e-02
9.237536656891495723e-02
9.090909090909091161e-02
8.431085043988269245e-02
9.090909090909091161e-02
9.457478005865102566e-02
9.530791788856304847e-02
9.090909090909091161e-02
8.944281524926686600e-02
8.944281524926686600e-02
9.090909090909091161e-02
8.724340175953079757e-02
9.530791788856304847e-02
1.011730205278592309e-01
8.724340175953079757e-02
8.357771260997066964e-02
9.530791788856304847e-02
9.090909090909091161e-02
8.944281524926686600e-02
9.017595307917888880e-02
8.944281524926686600e-02
9.530791788856304847e-02
8.724340175953079757e-02
8.137829912023460122e-02
7.258064516129032751e-02
8.357771260997066964e-02
7.917888563049853279e-02
8.064516129032257841e-02
7.917888563049853279e-02
8.357771260997066964e-02
8.064516129032257841e-02
8.651026392961877476e-02
8.431085043988269245e-02
8.577712609970673807e-02
7.624633431085044155e-02
8.137829912023460122e-02
8.211143695014662403e-02
8.797653958944282038e-02
8.284457478005864683e-02
7.844574780058650998e-02
8.284457478005864683e-02
8.284457478005864683e-02
7.844574780058650998e-02
8.431085043988269245e-02
8.504398826979471526e-02
8.651026392961877476e-02
7.551319648093841874e-02
7.697947214076246436e-02
7.771260997067448717e-02
7.844574780058650998e-02
8.064516129032257841e-02
7.771260997067448717e-02
7.478005865102639593e-02
7.331378299120235031e-02
8.577712609970673807e-02
7.184750733137830470e-02
7.697947214076246436e-02
7.844574780058650998e-02
8.357771260997066964e-02
7.697947214076246436e-02
7.697947214076246436e-02
7.551319648093841874e-02
7.184750733137830470e-02
7.991202346041055560e-02
7.404692082111437312e-02
7.111436950146628189e-02
6.744868035190615396e-02
6.744868035190615396e-02
6.524926686217008553e-02
6.451612903225806273e-02
7.331378299120235031e-02
6.744868035190615396e-02
6.231671554252199430e-02
6.378299120234603992e-02
6.524926686217008553e-02
6.744868035190615396e-02
6.671554252199413115e-02
7.258064516129032751e-02
5.791788856304985050e-02
6.598240469208210834e-02
7.184750733137830470e-02
6.451612903225806273e-02
6.598240469208210834e-02
6.891495601173019958e-02
6.671554252199413115e-02
6.451612903225806273e-02
6.744868035190615396e-02
7.111436950146628189e-02
6.964809384164222239e-02
6.524926686217008553e-02
6.158357771260997149e-02
6.964809384164222239e-02
6.598240469208210834e-02
5.498533724340175927e-02
5.425219941348973646e-02
5.938416422287390306e-02
5.205278592375366803e-02
5.498533724340175927e-02
5.571847507331378208e-02
6.891495601173019958e-02
5.938416422287390306e-02
6.378299120234603992e-02
6.451612903225806273e-02
5.571847507331378208e-02
5.718475073313782769e-02
5.131964809384164522e-02
6.378299120234603992e-02
5.938416422287390306e-02
6.085043988269794868e-02
5.205278592375366803e-02
5.425219941348973646e-02
5.791788856304985050e-02
5.645161290322580488e-02
5.498533724340175927e-02
6.304985337243401711e-02
4.985337243401759266e-02
5.498533724340175927e-02
5.498533724340175927e-02
5.351906158357771365e-02
5.351906158357771365e-02
5.131964809384164522e-02
5.058651026392961547e-02
5.571847507331378208e-02
5.278592375366569084e-02
5.791788856304985050e-02
5.791788856304985050e-02
5.865102639296188025e-02
5.205278592375366803e-02
