1.000000000000000000e+00
8.628272251308900520e-01
7.937172774869110103e-01
7.863874345549738409e-01
7.570680628272251633e-01
7.141361256544502822e-01
6.806282722513089523e-01
6.858638743455497400e-01
6.544502617801046807e-01
6.230366492146597324e-01
6.261780104712041384e-01
6.188481675392669690e-01
6.010471204188481131e-01
6.282722513089005201e-01
5.863874345549737743e-01
5.623036649214659954e-01
5.277486910994764191e-01
5.340314136125654532e-01
5.005235602094241232e-01
5.036649214659686402e-01
5.183246073298429790e-01
4.712041884816753901e-01
5.068062827225130462e-01
5.193717277486911144e-01
4.848167539267015935e-01
4.879581151832460550e-01
4.450261780104712295e-01
4.764397905759162333e-01
4.387434554973821954e-01
4.492146596858638818e-01
4.157068062827224963e-01
3.759162303664921323e-01
4.041884816753926746e-01
3.968586387434555052e-01
3.979057591623036405e-01
4.031413612565444837e-01
3.801047120418848402e-01
3.926701570680628528e-01
3.528795811518324332e-01
3.518324607329842979e-01
3.769633507853403231e-01
3.780104712041884585e-01
3.591623036649214673e-01
3.350785340314136329e-01
3.403141361256544761e-01
3.560209424083769503e-01
3.298429319371727897e-01
3.476439790575916455e-01
3.235602094240837556e-01
3.308900523560209250e-01
3.120418848167539339e-01
3.172774869109947771e-01
3.099476439790576077e-01
3.036649214659685736e-01
3.109947643979057430e-01
2.973821989528795950e-01
3.235602094240837556e-01
2.879581151832460995e-01
2.910994764397905610e-01
2.879581151832460995e-01
2.712041884816753790e-01
2.942408376963350780e-01
2.827225130890052562e-01
2.827225130890052562e-01
2.806282722513088745e-01
2.753926701570680868e-01
2.743455497382198960e-01
2.513089005235601969e-01
2.607329842931936925e-01
2.701570680628272436e-01
2.722513089005235698e-01
2.492146596858638707e-01
2.659685863874345357e-01
2.481675392670157076e-01
2.460732984293193815e-01
2.565445026178010401e-01
2.554973821989529048e-01
2.439790575916230275e-01
2.387434554973822121e-01
2.492146596858638707e-01
2.345549738219895319e-01
2.230366492146596824e-01
2.376963350785340212e-01
2.282722513089005256e-01
2.198952879581151931e-01
2.230366492146596824e-01
2.261780104712041994e-01
2.167539267015706761e-01
2.240837696335078455e-01
2.073298429319371805e-01
2.062827225130890174e-01
2.031413612565445004e-01
1.926701570680628139e-01
2.010471204188481742e-01
1.968586387434554941e-01
2.041884816753926635e-01
2.136125654450261868e-01
1.759162303664921490e-01
1.979057591623036572e-01
1.801047120418848291e-01
1.874345549738219985e-01
1.738219895287958228e-01
1.989528795811518203e-01
1.811518324607329922e-01
1.738219895287958228e-01
1.727748691099476319e-01
1.884816753926701616e-01
1.643979057591622994e-01
1.916230366492146509e-01
1.623036649214659732e-01
1.528795811518324499e-01
1.832460732984293184e-01
1.696335078534031426e-01
1.570680628272251300e-01
1.853403141361256445e-01
1.717277486910994688e-01
1.664921465968586256e-01
1.759162303664921490e-01
1.717277486910994688e-01
1.717277486910994688e-01
1.633507853403141363e-01
1.759162303664921490e-01
1.633507853403141363e-01
1.528795811518324499e-01
1.591623036649214562e-01
1.633507853403141363e-01
1.560209424083769669e-01
1.570680628272251300e-01
1.612565445026178101e-01
1.455497382198952805e-01
1.602094240837696471e-01
1.539267015706806407e-01
1.664921465968586256e-01
1.424083769633507912e-01
1.455497382198952805e-01
1.424083769633507912e-01
1.560209424083769669e-01
1.549738219895288038e-01
1.560209424083769669e-01
1.602094240837696471e-01
1.424083769633507912e-01
1.445026178010471174e-01
1.329842931937172679e-01
1.549738219895288038e-01
1.549738219895288038e-01
1.455497382198952805e-01
1.445026178010471174e-01
1.350785340314136218e-01
1.539267015706806407e-01
1.361256544502617849e-01
1.612565445026178101e-01
1.486910994764397975e-01
1.445026178010471174e-01
1.403141361256544373e-01
1.434554973821989543e-01
1.267015706806282616e-01
1.298429319371727786e-01
1.445026178010471174e-01
1.413612565445026281e-01
1.329842931937172679e-01
1.214659685863874322e-01
1.256544502617800985e-01
1.298429319371727786e-01
1.287958115183246155e-01
1.298429319371727786e-01
1.193717277486911060e-01
1.277486910994764524e-01
1.036649214659685903e-01
1.287958115183246155e-01
1.350785340314136218e-01
1.183246073298429291e-01
1.277486910994764524e-01
1.225130890052355953e-01
1.047120418848167533e-01
1.235602094240837723e-01
1.214659685863874322e-01
1.214659685863874322e-01
1.267015706806282616e-01
1.172774869109947660e-01
1.308900523560209417e-01
1.214659685863874322e-01
1.256544502617800985e-01
1.057591623036649164e-01
1.047120418848167533e-01
1.225130890052355953e-01
1.120418848167539227e-01
1.225130890052355953e-01
1.078534031413612565e-01
1.130890052356020997e-01
1.277486910994764524e-01
1.382198952879581111e-01
1.141361256544502628e-01
1.172774869109947660e-01
1.214659685863874322e-01
1.109947643979057597e-01
1.130890052356020997e-01
1.183246073298429291e-01
1.193717277486911060e-01
1.026178010471204133e-01
1.015706806282722502e-01
1.026178010471204133e-01
1.036649214659685903e-01
1.109947643979057597e-01
1.109947643979057597e-01
1.172774869109947660e-01
1.151832460732984259e-01
1.141361256544502628e-01
9.005235602094241454e-02
9.319371727748691769e-02
1.225130890052355953e-01
8.795811518324607448e-02
1.047120418848167533e-01
1.047120418848167533e-01
9.319371727748691769e-02
8.900523560209423757e-02
8.691099476439791138e-02
9.005235602094241454e-02
9.109947643979057763e-02
8.691099476439791138e-02
1.005235602094240871e-01
9.528795811518324388e-02
7.748691099476440192e-02
8.481675392670157132e-02
9.424083769633508079e-02
9.633507853403140697e-02
8.795811518324607448e-02
9.633507853403140697e-02
1.036649214659685903e-01
1.089005235602094196e-01
1.026178010471204133e-01
1.057591623036649164e-01
1.120418848167539227e-01
1.057591623036649164e-01
1.047120418848167533e-01
9.842931937172774703e-02
1.047120418848167533e-01
9.738219895287958394e-02
9.842931937172774703e-02
9.947643979057591013e-02
9.842931937172774703e-02
9.319371727748691769e-02
8.691099476439791138e-02
8.691099476439791138e-02
8.900523560209423757e-02
7.958115183246072810e-02
8.586387434554973441e-02
7.539267015706806185e-02
7.225130890052355870e-02
7.958115183246072810e-02
8.167539267015706816e-02
7.120418848167539561e-02
6.492146596858638929e-02
7.015706806282721864e-02
6.806282722513089245e-02
7.643979057591622495e-02
6.910994764397905554e-02
7.539267015706806185e-02
7.329842931937172179e-02
8.272251308900523126e-02
8.272251308900523126e-02
7.225130890052355870e-02
8.167539267015706816e-02
7.748691099476440192e-02
8.376963350785340823e-02
7.539267015706806185e-02
7.225130890052355870e-02
6.387434554973822620e-02
7.853403141361256501e-02
8.167539267015706816e-02
7.015706806282721864e-02
8.586387434554973441e-02
7.748691099476440192e-02
9.319371727748691769e-02
7.434554973821989876e-02
7.015706806282721864e-02
8.795811518324607448e-02
7.225130890052355870e-02
8.691099476439791138e-02
8.062827225130890507e-02
6.910994764397905554e-02
6.387434554973822620e-02
6.073298429319371611e-02
7.958115183246072810e-02
6.492146596858638929e-02
6.806282722513089245e-02
6.282722513089004923e-02
7.120418848167539561e-02
6.806282722513089245e-02
7.748691099476440192e-02
7.643979057591622495e-02
6.387434554973822620e-02
6.701570680628272936e-02
6.596858638743455239e-02
6.910994764397905554e-02
5.968586387434555302e-02
5.654450261780104986e-02
4.921465968586387352e-02
6.282722513089004923e-02
5.759162303664921295e-02
6.282722513089004923e-02
5.445026178010470980e-02
5.863874345549738298e-02
5.863874345549738298e-02
4.502617801047120727e-02
4.816753926701570349e-02
6.701570680628272936e-02
4.607329842931937036e-02
4.712041884816754039e-02
5.445026178010470980e-02
5.863874345549738298e-02
6.178010471204188614e-02
5.759162303664921295e-02
6.073298429319371611e-02
6.596858638743455239e-02
6.387434554973822620e-02
6.073298429319371611e-02
7.643979057591622495e-02
6.073298429319371611e-02
5.968586387434555302e-02
5.549738219895287983e-02
5.445026178010470980e-02
5.445026178010470980e-02
5.863874345549738298e-02
5.654450261780104986e-02
6.282722513089004923e-02
5.759162303664921295e-02
5.235602094240837667e-02
5.445026178010470980e-02
5.340314136125654670e-02
6.282722513089004923e-02
5.235602094240837667e-02
6.178010471204188614e-02
6.282722513089004923e-02
6.282722513089004923e-02
5.759162303664921295e-02
6.910994764397905554e-02
6.178010471204188614e-02
5.549738219895287983e-02
5.863874345549738298e-02
6.596858638743455239e-02
6.596858638743455239e-02
7.120418848167539561e-02
6.492146596858638929e-02
6.282722513089004923e-02
7.120418848167539561e-02
6.178010471204188614e-02
6.282722513089004923e-02
6.282722513089004923e-02
6.596858638743455239e-02
5.863874345549738298e-02
5.968586387434555302e-02
5.759162303664921295e-02
5.759162303664921295e-02
4.607329842931937036e-02
6.387434554973822620e-02
5.863874345549738298e-02
5.130890052356020664e-02
4.921465968586387352e-02
5.549738219895287983e-02
5.968586387434555302e-02
6.178010471204188614e-02
6.806282722513089245e-02
5.130890052356020664e-02
5.549738219895287983e-02
5.130890052356020664e-02
4.607329842931937036e-02
5.968586387434555302e-02
6.387434554973822620e-02
5.968586387434555302e-02
4.712041884816754039e-02
5.235602094240837667e-02
4.293193717277486721e-02
4.188481675392670411e-02
4.816753926701570349e-02
4.712041884816754039e-02
5.654450261780104986e-02
4.607329842931937036e-02
5.549738219895287983e-02
5.026178010471204355e-02
5.340314136125654670e-02
4.712041884816754039e-02
6.073298429319371611e-02
4.502617801047120727e-02
5.235602094240837667e-02
4.607329842931937036e-02
4.712041884816754039e-02
4.502617801047120727e-02
4.712041884816754039e-02
5.340314136125654670e-02
4.188481675392670411e-02
5.026178010471204355e-02
5.235602094240837667e-02
4.083769633507853408e-02
3.979057591623036405e-02
4.083769633507853408e-02
4.816753926701570349e-02
4.607329842931937036e-02
5.026178010471204355e-02
4.712041884816754039e-02
4.502617801047120727e-02
3.036649214659685805e-02
