1.000000000000000000e+00
8.192771084337349130e-01
7.309236947791164507e-01
7.148594377510040232e-01
6.867469879518072196e-01
6.706827309236947920e-01
7.148594377510040232e-01
7.309236947791164507e-01
6.546184738955823645e-01
5.983935742971887572e-01
6.345381526104417746e-01
6.144578313253011848e-01
6.104417670682731334e-01
5.863453815261043811e-01
6.666666666666666297e-01
5.823293172690763297e-01
6.024096385542169196e-01
5.863453815261043811e-01
5.542168674698795261e-01
6.064257028112449710e-01
5.863453815261043811e-01
5.622489959839357399e-01
5.662650602409639022e-01
5.220883534136546711e-01
5.060240963855421326e-01
5.301204819277108848e-01
5.100401606425702949e-01
5.180722891566265087e-01
4.939759036144578119e-01
4.859437751004015982e-01
5.100401606425702949e-01
4.538152610441766877e-01
4.698795180722891707e-01
4.497991967871485808e-01
4.497991967871485808e-01
4.497991967871485808e-01
4.618473895582329569e-01
4.698795180722891707e-01
4.257028112449799395e-01
4.257028112449799395e-01
3.614457831325301185e-01
3.574297188755020116e-01
3.895582329317269221e-01
3.574297188755020116e-01
4.096385542168674565e-01
3.855421686746988152e-01
3.815261044176707084e-01
3.775100401606425460e-01
4.377510040160642601e-01
3.614457831325301185e-01
3.654618473895582254e-01
3.413654618473895841e-01
3.333333333333333148e-01
3.614457831325301185e-01
2.891566265060240837e-01
3.333333333333333148e-01
3.333333333333333148e-01
3.212851405622489942e-01
3.775100401606425460e-01
3.212851405622489942e-01
3.333333333333333148e-01
2.891566265060240837e-01
3.172690763052208873e-01
3.253012048192771011e-01
3.293172690763052080e-01
2.971887550200802974e-01
3.212851405622489942e-01
2.690763052208835493e-01
3.333333333333333148e-01
3.212851405622489942e-01
3.052208835341365667e-01
2.570281124497991732e-01
2.851405622489959768e-01
2.811244979919678699e-01
2.811244979919678699e-01
3.212851405622489942e-01
2.530120481927710663e-01
2.771084337349397630e-01
2.771084337349397630e-01
2.369477911646586388e-01
2.369477911646586388e-01
2.289156626506023973e-01
2.128514056224899698e-01
2.329317269076305319e-01
2.208835341365461835e-01
2.248995983935742904e-01
2.128514056224899698e-01
2.650602409638554424e-01
2.811244979919678699e-01
2.048192771084337283e-01
1.726907630522088455e-01
2.088353413654618351e-01
2.088353413654618351e-01
2.208835341365461835e-01
1.807228915662650592e-01
2.208835341365461835e-01
2.088353413654618351e-01
2.289156626506023973e-01
2.088353413654618351e-01
2.289156626506023973e-01
2.128514056224899698e-01
1.887550200803212730e-01
2.168674698795180766e-01
1.807228915662650592e-01
2.088353413654618351e-01
2.208835341365461835e-01
1.887550200803212730e-01
2.208835341365461835e-01
2.088353413654618351e-01
1.767068273092369524e-01
2.008032128514056214e-01
1.606425702811244971e-01
1.927710843373494076e-01
1.967871485943775145e-01
2.008032128514056214e-01
2.168674698795180766e-01
2.048192771084337283e-01
2.409638554216867457e-01
2.128514056224899698e-01
2.048192771084337283e-01
2.369477911646586388e-01
2.530120481927710663e-01
1.967871485943775145e-01
2.168674698795180766e-01
1.967871485943775145e-01
2.048192771084337283e-01
2.088353413654618351e-01
1.646586345381526040e-01
2.208835341365461835e-01
1.887550200803212730e-01
2.008032128514056214e-01
1.526104417670682833e-01
1.927710843373494076e-01
1.887550200803212730e-01
1.686746987951807109e-01
1.767068273092369524e-01
1.967871485943775145e-01
1.887550200803212730e-01
1.646586345381526040e-01
1.726907630522088455e-01
1.847389558232931661e-01
1.646586345381526040e-01
1.646586345381526040e-01
1.606425702811244971e-01
1.526104417670682833e-01
1.325301204819277212e-01
1.927710843373494076e-01
1.445783132530120418e-01
1.566265060240963902e-01
1.606425702811244971e-01
1.244979919678714797e-01
1.365461847389558281e-01
1.526104417670682833e-01
1.726907630522088455e-01
1.566265060240963902e-01
1.405622489959839350e-01
1.405622489959839350e-01
1.285140562248995866e-01
1.566265060240963902e-01
1.767068273092369524e-01
1.485943775100401487e-01
1.526104417670682833e-01
1.526104417670682833e-01
1.767068273092369524e-01
1.405622489959839350e-01
1.526104417670682833e-01
1.244979919678714797e-01
1.285140562248995866e-01
1.044176706827309176e-01
9.638554216867470381e-02
9.236947791164658306e-02
1.204819277108433728e-01
1.044176706827309176e-01
1.285140562248995866e-01
1.204819277108433728e-01
1.285140562248995866e-01
8.835341365461847618e-02
8.433734939759035543e-02
9.638554216867470381e-02
9.638554216867470381e-02
9.236947791164658306e-02
1.004016064257028107e-01
1.124497991967871452e-01
1.084337349397590383e-01
1.204819277108433728e-01
1.285140562248995866e-01
1.124497991967871452e-01
7.630522088353414167e-02
1.204819277108433728e-01
1.285140562248995866e-01
1.004016064257028107e-01
8.835341365461847618e-02
9.638554216867470381e-02
1.004016064257028107e-01
1.044176706827309176e-01
8.835341365461847618e-02
1.004016064257028107e-01
8.835341365461847618e-02
8.835341365461847618e-02
7.630522088353414167e-02
9.638554216867470381e-02
8.032128514056224855e-02
8.433734939759035543e-02
7.630522088353414167e-02
8.835341365461847618e-02
8.835341365461847618e-02
9.638554216867470381e-02
1.004016064257028107e-01
6.425702811244979329e-02
9.236947791164658306e-02
9.638554216867470381e-02
8.835341365461847618e-02
8.835341365461847618e-02
1.004016064257028107e-01
9.236947791164658306e-02
8.032128514056224855e-02
1.004016064257028107e-01
9.236947791164658306e-02
7.228915662650602092e-02
7.630522088353414167e-02
8.032128514056224855e-02
9.236947791164658306e-02
1.004016064257028107e-01
1.004016064257028107e-01
8.032128514056224855e-02
8.433734939759035543e-02
8.835341365461847618e-02
1.124497991967871452e-01
8.433734939759035543e-02
1.004016064257028107e-01
1.044176706827309176e-01
7.228915662650602092e-02
9.236947791164658306e-02
6.425702811244979329e-02
9.638554216867470381e-02
7.228915662650602092e-02
8.433734939759035543e-02
7.630522088353414167e-02
7.228915662650602092e-02
6.425702811244979329e-02
8.433734939759035543e-02
7.228915662650602092e-02
9.638554216867470381e-02
8.433734939759035543e-02
6.425702811244979329e-02
7.228915662650602092e-02
7.630522088353414167e-02
6.425702811244979329e-02
7.228915662650602092e-02
7.228915662650602092e-02
8.433734939759035543e-02
6.024096385542168641e-02
6.024096385542168641e-02
7.630522088353414167e-02
6.425702811244979329e-02
6.024096385542168641e-02
7.228915662650602092e-02
9.236947791164658306e-02
7.228915662650602092e-02
6.827309236947791404e-02
6.425702811244979329e-02
8.032128514056224855e-02
7.228915662650602092e-02
7.228915662650602092e-02
7.630522088353414167e-02
9.236947791164658306e-02
8.433734939759035543e-02
7.630522088353414167e-02
6.827309236947791404e-02
8.032128514056224855e-02
6.425702811244979329e-02
5.220883534136545878e-02
6.827309236947791404e-02
7.228915662650602092e-02
6.827309236947791404e-02
7.228915662650602092e-02
1.004016064257028107e-01
8.433734939759035543e-02
6.425702811244979329e-02
5.622489959839357260e-02
9.236947791164658306e-02
7.228915662650602092e-02
7.630522088353414167e-02
7.228915662650602092e-02
6.024096385542168641e-02
4.016064257028112428e-02
5.622489959839357260e-02
5.622489959839357260e-02
5.220883534136545878e-02
5.220883534136545878e-02
5.220883534136545878e-02
6.827309236947791404e-02
5.220883534136545878e-02
5.220883534136545878e-02
6.425702811244979329e-02
5.622489959839357260e-02
7.228915662650602092e-02
6.024096385542168641e-02
6.024096385542168641e-02
6.425702811244979329e-02
7.630522088353414167e-02
7.228915662650602092e-02
6.425702811244979329e-02
7.228915662650602092e-02
6.425702811244979329e-02
6.425702811244979329e-02
6.024096385542168641e-02
6.425702811244979329e-02
6.827309236947791404e-02
6.024096385542168641e-02
5.622489959839357260e-02
4.016064257028112428e-02
4.016064257028112428e-02
5.622489959839357260e-02
5.622489959839357260e-02
5.220883534136545878e-02
7.228915662650602092e-02
5.622489959839357260e-02
4.016064257028112428e-02
6.827309236947791404e-02
6.827309236947791404e-02
4.417670682730923809e-02
6.425702811244979329e-02
5.622489959839357260e-02
6.425702811244979329e-02
4.819277108433735191e-02
4.819277108433735191e-02
6.024096385542168641e-02
6.024096385542168641e-02
4.417670682730923809e-02
4.016064257028112428e-02
6.024096385542168641e-02
5.622489959839357260e-02
4.417670682730923809e-02
5.220883534136545878e-02
6.425702811244979329e-02
5.220883534136545878e-02
8.835341365461847618e-02
6.425702811244979329e-02
3.212851405622489664e-02
5.220883534136545878e-02
6.425702811244979329e-02
6.827309236947791404e-02
5.220883534136545878e-02
4.819277108433735191e-02
6.827309236947791404e-02
6.024096385542168641e-02
4.819277108433735191e-02
5.220883534136545878e-02
3.614457831325301046e-02
6.425702811244979329e-02
4.417670682730923809e-02
4.819277108433735191e-02
5.220883534136545878e-02
3.614457831325301046e-02
3.212851405622489664e-02
5.622489959839357260e-02
2.811244979919678630e-02
3.614457831325301046e-02
4.417670682730923809e-02
4.016064257028112428e-02
3.614457831325301046e-02
3.212851405622489664e-02
2.008032128514056214e-02
3.212851405622489664e-02
3.614457831325301046e-02
3.212851405622489664e-02
5.622489959839357260e-02
4.016064257028112428e-02
4.417670682730923809e-02
4.417670682730923809e-02
4.819277108433735191e-02
2.811244979919678630e-02
3.212851405622489664e-02
6.425702811244979329e-02
4.819277108433735191e-02
7.228915662650602092e-02
6.024096385542168641e-02
4.417670682730923809e-02
7.228915662650602092e-02
4.016064257028112428e-02
5.220883534136545878e-02
5.220883534136545878e-02
4.417670682730923809e-02
3.614457831325301046e-02
4.417670682730923809e-02
3.212851405622489664e-02
2.811244979919678630e-02
4.417670682730923809e-02
2.008032128514056214e-02
4.417670682730923809e-02
4.016064257028112428e-02
3.614457831325301046e-02
3.212851405622489664e-02
4.417670682730923809e-02
2.811244979919678630e-02
4.819277108433735191e-02
5.220883534136545878e-02
4.016064257028112428e-02
4.417670682730923809e-02
5.622489959839357260e-02
