1.000000000000000000e+00
8.548983364140481100e-01
8.031423290203326681e-01
7.301293900184843144e-01
7.079482439926062520e-01
6.682070240295748809e-01
6.534195933456562466e-01
6.848428835489833721e-01
6.460258780036968185e-01
6.016635859519408047e-01
6.201478743068391530e-01
6.395563770794824299e-01
5.767097966728280678e-01
5.628465804066543621e-01
5.619223659889094336e-01
5.739371534195933933e-01
5.249537892791127369e-01
5.489833641404805453e-01
5.240295748613678084e-01
5.018484288354898570e-01
4.981515711645101430e-01
5.101663585951941027e-01
4.759704251386321361e-01
4.768946395563770646e-01
4.731977818853974060e-01
4.593345656192236448e-01
4.602587800369685733e-01
4.297597042513863208e-01
4.251386321626617337e-01
4.306839186691312493e-01
4.399260628465804235e-01
4.214417744916820752e-01
4.066543438077633854e-01
4.140480591497227580e-01
3.743068391866913314e-01
4.057301293900184569e-01
3.992606284658040683e-01
3.927911275415896242e-01
4.066543438077633854e-01
3.881700554528650371e-01
3.669131238447319587e-01
3.817005545286506485e-01
4.020332717190387983e-01
3.715341959334565458e-01
3.724584103512014743e-01
3.752310536044362044e-01
3.659889094269870857e-01
3.428835489833641503e-01
3.558225508317929831e-01
3.364140480591497062e-01
3.123844731977818978e-01
3.548983364140480545e-01
3.308687615526802461e-01
2.874306839186691054e-01
3.003696857670979936e-01
3.077634011090573107e-01
3.022181146025877951e-01
3.022181146025877951e-01
2.939001848428835495e-01
2.846580406654343753e-01
2.929759704251386210e-01
2.791127541589648597e-01
2.698706099815156856e-01
2.643253234750462255e-01
3.059149722735674537e-01
2.717190388170055426e-01
2.902033271719038909e-01
2.855822550831793039e-01
2.772643253234750582e-01
2.560073937153419799e-01
2.670979667282809555e-01
2.513863216266173928e-01
2.624768946395563685e-01
2.486136783733826350e-01
2.393715341959334608e-01
2.643253234750462255e-01
2.569316081330868529e-01
2.504621072088724643e-01
2.550831792975970513e-01
2.384473197781885323e-01
2.245841035120147988e-01
2.689463955637708126e-01
2.578558225508317814e-01
2.615526802218114399e-01
2.467652495378927779e-01
2.615526802218114399e-01
2.735674676524953997e-01
2.227356746765249418e-01
2.449168207024029487e-01
2.402957486136783616e-01
2.236598890942698703e-01
2.190388170055452832e-01
2.181146025878003825e-01
2.264325323475046281e-01
2.208872458410351125e-01
2.088724584103512083e-01
2.236598890942698703e-01
2.458410351201478772e-01
2.292051756007393581e-01
2.393715341959334608e-01
2.125693160813308669e-01
2.208872458410351125e-01
2.245841035120147988e-01
2.134935304990757954e-01
2.024029574861367919e-01
2.171903881700554539e-01
2.116451016635859383e-01
1.996303142329020341e-01
1.987060998151571056e-01
2.116451016635859383e-01
2.171903881700554539e-01
2.014787430683918634e-01
1.903881700554528600e-01
2.060998151571164505e-01
2.060998151571164505e-01
2.024029574861367919e-01
2.014787430683918634e-01
2.181146025878003825e-01
1.903881700554528600e-01
1.848428835489833721e-01
1.959334565619223756e-01
2.014787430683918634e-01
1.987060998151571056e-01
2.042513863216266212e-01
1.922365988909426893e-01
1.968576709796672763e-01
1.839186691312384436e-01
1.968576709796672763e-01
1.866913123844732014e-01
1.950092421441774471e-01
1.866913123844732014e-01
1.959334565619223756e-01
1.903881700554528600e-01
1.682070240295748531e-01
1.765249537892791265e-01
1.783733826247689558e-01
1.589648798521257067e-01
1.645101663585951945e-01
1.524953789279112626e-01
1.635859519408502660e-01
1.728280961182994402e-01
1.765249537892791265e-01
1.589648798521257067e-01
1.691312384473197816e-01
1.672828096118299523e-01
1.691312384473197816e-01
1.543438077634011196e-01
1.682070240295748531e-01
1.691312384473197816e-01
1.524953789279112626e-01
1.709796672828096109e-01
1.552680221811460204e-01
1.414048059149722869e-01
1.645101663585951945e-01
1.524953789279112626e-01
1.451016635859519455e-01
1.377079482439926006e-01
1.349353049907578428e-01
1.497227356746765325e-01
1.414048059149722869e-01
1.229205175600739386e-01
1.312384473197781842e-01
1.377079482439926006e-01
1.293900184842883549e-01
1.358595194085027713e-01
1.386321626617375291e-01
1.256931608133086964e-01
1.312384473197781842e-01
1.349353049907578428e-01
1.487985212569316040e-01
1.349353049907578428e-01
1.266173752310535972e-01
1.182994454713493515e-01
1.219963031423290239e-01
1.303142329020332835e-01
1.321626617375231127e-01
1.266173752310535972e-01
1.293900184842883549e-01
1.432532347504621162e-01
1.441774491682070169e-01
1.423290203327171877e-01
1.275415896487985257e-01
1.238447319778188532e-01
1.247689463955637679e-01
1.284658040665434264e-01
1.266173752310535972e-01
1.155268022181146076e-01
1.377079482439926006e-01
1.201478743068391808e-01
1.173752310536044369e-01
1.275415896487985257e-01
1.173752310536044369e-01
1.182994454713493515e-01
1.155268022181146076e-01
1.127541589648798498e-01
1.146025878003696791e-01
1.090573012939001912e-01
1.146025878003696791e-01
1.229205175600739386e-01
1.312384473197781842e-01
1.349353049907578428e-01
1.284658040665434264e-01
1.201478743068391808e-01
1.210720887245841093e-01
1.099815157116451059e-01
1.127541589648798498e-01
1.127541589648798498e-01
1.072088724584103481e-01
1.275415896487985257e-01
1.118299445471349352e-01
1.164510166358595222e-01
1.164510166358595222e-01
1.256931608133086964e-01
1.238447319778188532e-01
1.284658040665434264e-01
1.090573012939001912e-01
1.127541589648798498e-01
1.173752310536044369e-01
1.164510166358595222e-01
1.219963031423290239e-01
1.330868761552680135e-01
1.146025878003696791e-01
1.136783733826247644e-01
1.201478743068391808e-01
1.229205175600739386e-01
1.201478743068391808e-01
1.192236598890942662e-01
1.192236598890942662e-01
1.247689463955637679e-01
1.229205175600739386e-01
1.192236598890942662e-01
1.090573012939001912e-01
1.192236598890942662e-01
1.173752310536044369e-01
1.146025878003696791e-01
1.136783733826247644e-01
1.164510166358595222e-01
1.072088724584103481e-01
1.146025878003696791e-01
1.247689463955637679e-01
1.146025878003696791e-01
1.173752310536044369e-01
1.247689463955637679e-01
1.099815157116451059e-01
1.173752310536044369e-01
1.219963031423290239e-01
1.173752310536044369e-01
1.081330868761552627e-01
1.109057301293900205e-01
1.099815157116451059e-01
1.118299445471349352e-01
1.053604436229205188e-01
1.182994454713493515e-01
1.182994454713493515e-01
1.118299445471349352e-01
1.210720887245841093e-01
1.081330868761552627e-01
1.146025878003696791e-01
1.219963031423290239e-01
9.704251386321625927e-02
1.192236598890942662e-01
1.127541589648798498e-01
1.109057301293900205e-01
1.053604436229205188e-01
9.889094269870610243e-02
1.007393715341959317e-01
1.062846580406654334e-01
1.099815157116451059e-01
8.687615526802218435e-02
1.136783733826247644e-01
1.016635859519408464e-01
9.611829944547134463e-02
1.007393715341959317e-01
1.072088724584103481e-01
1.053604436229205188e-01
9.981515711645101707e-02
9.242144177449168607e-02
1.053604436229205188e-01
9.796672828096118779e-02
1.109057301293900205e-01
1.062846580406654334e-01
9.704251386321625927e-02
8.225508317929759727e-02
8.780036968576709899e-02
8.317929759704251191e-02
8.502772643253234119e-02
8.687615526802218435e-02
8.410351201478742655e-02
8.872458410351201363e-02
8.410351201478742655e-02
8.225508317929759727e-02
8.317929759704251191e-02
8.502772643253234119e-02
8.040665434380776799e-02
8.502772643253234119e-02
8.687615526802218435e-02
8.502772643253234119e-02
7.486136783733826627e-02
7.578558225508318091e-02
8.687615526802218435e-02
8.225508317929759727e-02
7.948243992606285335e-02
7.855822550831792483e-02
8.410351201478742655e-02
8.040665434380776799e-02
7.578558225508318091e-02
6.377079482439926283e-02
7.393715341959335163e-02
6.931608133086876455e-02
6.746765249537892140e-02
7.948243992606285335e-02
7.670979667282809555e-02
7.301293900184842312e-02
7.486136783733826627e-02
7.116451016635859383e-02
7.301293900184842312e-02
5.914972273567467576e-02
7.486136783733826627e-02
5.914972273567467576e-02
5.914972273567467576e-02
5.545286506469501026e-02
6.377079482439926283e-02
5.914972273567467576e-02
5.822550831792976112e-02
5.452865064695009562e-02
5.175600739371534476e-02
5.914972273567467576e-02
6.192236598890942662e-02
6.284658040665434819e-02
5.268022181146025940e-02
5.175600739371534476e-02
5.452865064695009562e-02
5.730129390018483954e-02
5.822550831792976112e-02
6.284658040665434819e-02
6.284658040665434819e-02
5.452865064695009562e-02
5.914972273567467576e-02
6.469500924214417747e-02
5.822550831792976112e-02
5.914972273567467576e-02
6.839186691312384991e-02
6.377079482439926283e-02
6.284658040665434819e-02
6.284658040665434819e-02
6.654343807763400676e-02
6.469500924214417747e-02
6.099815157116451197e-02
5.637707948243992490e-02
6.377079482439926283e-02
6.377079482439926283e-02
6.192236598890942662e-02
6.192236598890942662e-02
6.099815157116451197e-02
5.730129390018483954e-02
5.452865064695009562e-02
5.452865064695009562e-02
6.099815157116451197e-02
5.360443622920517404e-02
6.099815157116451197e-02
5.822550831792976112e-02
5.822550831792976112e-02
5.822550831792976112e-02
6.007393715341959040e-02
5.914972273567467576e-02
5.822550831792976112e-02
5.083179297597042318e-02
5.268022181146025940e-02
4.436229205175600682e-02
4.251386321626617060e-02
6.099815157116451197e-02
6.561922365988909212e-02
6.284658040665434819e-02
5.637707948243992490e-02
5.637707948243992490e-02
5.175600739371534476e-02
5.637707948243992490e-02
5.452865064695009562e-02
5.545286506469501026e-02
5.452865064695009562e-02
5.545286506469501026e-02
5.730129390018483954e-02
5.360443622920517404e-02
5.822550831792976112e-02
5.083179297597042318e-02
5.822550831792976112e-02
5.545286506469501026e-02
5.452865064695009562e-02
5.360443622920517404e-02
4.528650646950092146e-02
5.268022181146025940e-02
5.822550831792976112e-02
5.083179297597042318e-02
4.621072088724584304e-02
4.898336414048059390e-02
5.083179297597042318e-02
4.528650646950092146e-02
6.099815157116451197e-02
5.914972273567467576e-02
6.561922365988909212e-02
5.545286506469501026e-02
