1.000000000000000000e+00
8.327645051194538794e-01
7.986348122866894217e-01
7.583617747440273282e-01
7.474402730375426795e-01
7.331058020477815296e-01
7.030716723549488290e-01
6.750853242320818959e-01
6.532423208191125985e-01
6.150170648464163836e-01
6.109215017064846265e-01
6.266211604095562882e-01
5.986348122866894661e-01
5.645051194539248973e-01
5.699658703071672772e-01
5.556313993174061272e-01
5.406143344709897214e-01
5.235494880546075480e-01
5.269624573378839383e-01
5.030716723549487623e-01
4.928327645051194805e-01
5.058020477815700078e-01
5.058020477815700078e-01
4.764505119453925075e-01
4.853242320819112776e-01
4.737201365187713176e-01
4.764505119453925075e-01
4.778156996587030747e-01
4.757679180887371961e-01
4.682593856655289932e-01
4.716723549488054390e-01
4.457337883959044400e-01
4.436860068259385614e-01
4.518771331058020202e-01
4.423208191126279942e-01
4.436860068259385614e-01
4.307167235494880342e-01
4.170648464163822511e-01
4.539249146757678988e-01
4.348122866894197913e-01
4.068259385665529138e-01
3.931740614334470751e-01
3.931740614334470751e-01
4.061433447098976024e-01
4.013651877133105894e-01
4.027303754266211566e-01
4.095563139931740482e-01
3.897610921501706294e-01
3.918088737201365079e-01
3.931740614334470751e-01
3.938566552901023865e-01
3.802047781569966034e-01
3.890784982935153735e-01
3.679180887372013875e-01
3.767918088737201576e-01
3.556313993174061161e-01
3.583617747440273060e-01
3.372013651877133200e-01
3.296928327645051171e-01
3.412969283276450772e-01
3.488054607508532245e-01
3.474402730375426573e-01
3.378839590443685759e-01
3.153583617747440226e-01
3.283276450511945499e-01
3.228668941979522256e-01
3.372013651877133200e-01
3.003412969283276723e-01
3.133105802047781441e-01
2.935153583617747253e-01
3.126279863481228882e-01
3.037542662116041181e-01
2.962457337883959152e-01
2.907849829351535909e-01
3.003412969283276723e-01
3.017064846416382395e-01
2.873720136518771451e-01
2.846416382252559552e-01
3.105802047781570097e-01
2.771331058020478078e-01
2.723549488054607393e-01
2.921501706484641581e-01
2.737201365187713065e-01
2.778156996587030636e-01
2.812286689419795094e-01
2.655290102389078477e-01
2.866894197952218337e-01
2.648464163822525363e-01
2.737201365187713065e-01
2.907849829351535909e-01
2.675767918088737263e-01
2.498293515358361860e-01
2.668941979522184149e-01
2.668941979522184149e-01
2.525597269624573205e-01
2.675767918088737263e-01
2.566552901023890776e-01
2.655290102389078477e-01
2.511945392491467532e-01
2.546075085324231990e-01
2.436860068259385781e-01
2.395904436860068210e-01
2.559726962457337662e-01
2.477815699658703075e-01
2.464163822525597403e-01
2.334470989761092130e-01
2.238907849829351593e-01
2.348122866894198080e-01
2.361774744027303752e-01
2.470989761092150239e-01
2.409556313993174159e-01
2.259385665529010101e-01
2.143344709897611056e-01
2.129692832764505106e-01
2.320819112627986458e-01
2.156996587030716728e-01
2.245733788395904429e-01
2.402730375426621046e-01
2.170648464163822400e-01
2.273037542662116051e-01
2.286689419795221723e-01
2.095563139931740648e-01
2.225255972696245643e-01
2.095563139931740648e-01
2.150170648464163892e-01
2.075085324232081863e-01
2.068259385665529027e-01
2.088737201365187812e-01
2.191126279863481185e-01
2.054607508532423077e-01
2.177474402730375513e-01
2.163822525597269564e-01
2.116040955631399434e-01
2.122866894197952270e-01
2.034129692832764569e-01
2.047781569965870241e-01
2.279863481228668887e-01
2.075085324232081863e-01
2.047781569965870241e-01
2.061433447098976190e-01
2.088737201365187812e-01
1.972696245733788489e-01
2.068259385665529027e-01
2.061433447098976190e-01
2.040955631399317405e-01
2.034129692832764569e-01
2.102389078498293484e-01
2.184300341296928349e-01
2.054607508532423077e-01
2.006825938566552947e-01
2.013651877133105783e-01
2.054607508532423077e-01
2.088737201365187812e-01
1.972696245733788489e-01
2.109215017064846320e-01
2.013651877133105783e-01
1.911262798634812410e-01
1.863481228668942002e-01
1.972696245733788489e-01
1.911262798634812410e-01
1.918088737201365246e-01
1.638225255972696193e-01
1.822525597269624709e-01
1.822525597269624709e-01
1.972696245733788489e-01
1.754266211604095516e-01
1.713310580204778222e-01
1.815699658703071595e-01
1.720136518771331058e-01
1.610921501706484571e-01
1.617747440273037407e-01
1.617747440273037407e-01
1.651877133105802142e-01
1.645051194539249029e-01
1.651877133105802142e-01
1.651877133105802142e-01
1.597269624573378899e-01
1.617747440273037407e-01
1.501706484641638362e-01
1.576791808873720113e-01
1.494880546075085248e-01
1.474402730375426740e-01
1.542662116040955655e-01
1.419795221843003497e-01
1.501706484641638362e-01
1.569965870307167277e-01
1.474402730375426740e-01
1.474402730375426740e-01
1.508532423208191198e-01
1.522184300341296870e-01
1.494880546075085248e-01
1.481228668941979576e-01
1.453924914675767954e-01
1.494880546075085248e-01
1.488054607508532412e-01
1.460750853242320790e-01
1.556313993174061328e-01
1.433447098976109169e-01
1.440273037542662005e-01
1.474402730375426740e-01
1.529010238907849706e-01
1.542662116040955655e-01
1.535836177474402819e-01
1.535836177474402819e-01
1.447098976109215118e-01
1.426621160409556333e-01
1.501706484641638362e-01
1.399317406143344711e-01
1.474402730375426740e-01
1.433447098976109169e-01
1.358361774744027417e-01
1.365187713310580253e-01
1.453924914675767954e-01
1.412969283276450383e-01
1.467576791808873626e-01
1.372013651877133089e-01
1.474402730375426740e-01
1.365187713310580253e-01
1.324232081911262682e-01
1.440273037542662005e-01
1.378839590443685925e-01
1.337883959044368631e-01
1.310580204778157010e-01
1.283276450511945388e-01
1.385665529010239039e-01
1.331058020477815795e-01
1.303754266211604174e-01
1.337883959044368631e-01
1.276450511945392552e-01
1.194539249146757687e-01
1.296928327645051060e-01
1.310580204778157010e-01
1.392491467576791875e-01
1.365187713310580253e-01
1.235494880546075119e-01
1.385665529010239039e-01
1.426621160409556333e-01
1.406143344709897547e-01
1.317406143344709846e-01
1.494880546075085248e-01
1.290102389078498224e-01
1.331058020477815795e-01
1.331058020477815795e-01
1.215017064846416334e-01
1.324232081911262682e-01
1.310580204778157010e-01
1.290102389078498224e-01
1.310580204778157010e-01
1.228668941979522145e-01
1.242320819112627955e-01
1.255972696245733766e-01
1.201365187713310523e-01
1.392491467576791875e-01
1.331058020477815795e-01
1.242320819112627955e-01
1.276450511945392552e-01
1.331058020477815795e-01
1.406143344709897547e-01
1.412969283276450383e-01
1.440273037542662005e-01
1.317406143344709846e-01
1.344709897610921467e-01
1.378839590443685925e-01
1.399317406143344711e-01
1.276450511945392552e-01
1.344709897610921467e-01
1.283276450511945388e-01
1.208191126279863498e-01
1.317406143344709846e-01
1.365187713310580253e-01
1.269624573378839716e-01
1.194539249146757687e-01
1.255972696245733766e-01
1.290102389078498224e-01
1.365187713310580253e-01
1.249146757679180930e-01
1.255972696245733766e-01
1.201365187713310523e-01
1.249146757679180930e-01
1.187713310580204712e-01
1.153583617747440254e-01
1.133105802047781607e-01
1.269624573378839716e-01
1.262798634812286602e-01
1.208191126279863498e-01
1.255972696245733766e-01
1.351535836177474303e-01
1.317406143344709846e-01
1.071672354948805528e-01
1.160409556313993229e-01
1.208191126279863498e-01
1.228668941979522145e-01
1.167235494880546065e-01
1.146757679180887418e-01
1.180887372013651876e-01
1.092150170648464175e-01
1.215017064846416334e-01
1.174061433447099040e-01
1.058020477815699717e-01
1.160409556313993229e-01
1.098976109215017011e-01
1.078498293515358364e-01
1.098976109215017011e-01
1.064846416382252553e-01
1.174061433447099040e-01
1.208191126279863498e-01
1.092150170648464175e-01
1.078498293515358364e-01
1.071672354948805528e-01
1.187713310580204712e-01
1.194539249146757687e-01
1.078498293515358364e-01
1.187713310580204712e-01
1.160409556313993229e-01
1.139931740614334443e-01
1.085324232081911200e-01
1.058020477815699717e-01
1.133105802047781607e-01
1.133105802047781607e-01
1.105802047781569986e-01
1.105802047781569986e-01
1.119453924914675796e-01
1.098976109215017011e-01
1.262798634812286602e-01
1.126279863481228632e-01
1.112627986348122822e-01
1.064846416382252553e-01
1.085324232081911200e-01
1.058020477815699717e-01
1.023890784982935120e-01
1.105802047781569986e-01
1.092150170648464175e-01
1.071672354948805528e-01
1.119453924914675796e-01
1.023890784982935120e-01
1.071672354948805528e-01
1.078498293515358364e-01
1.153583617747440254e-01
1.030716723549488095e-01
1.010238907849829310e-01
1.085324232081911200e-01
1.051194539249146742e-01
1.078498293515358364e-01
1.098976109215017011e-01
1.058020477815699717e-01
1.010238907849829310e-01
1.064846416382252553e-01
1.030716723549488095e-01
9.419795221843003941e-02
1.010238907849829310e-01
9.556313993174062049e-02
1.078498293515358364e-01
1.017064846416382284e-01
9.965870307167234987e-02
1.085324232081911200e-01
1.037542662116040931e-01
9.829351535836176879e-02
1.003412969283276474e-01
9.897610921501706627e-02
9.965870307167234987e-02
1.058020477815699717e-01
1.023890784982935120e-01
9.965870307167234987e-02
9.692832764505118770e-02
1.010238907849829310e-01
9.897610921501706627e-02
9.624573378839590410e-02
9.965870307167234987e-02
9.761092150170648518e-02
1.030716723549488095e-01
9.624573378839590410e-02
1.017064846416382284e-01
1.017064846416382284e-01
9.965870307167234987e-02
8.941979522184299867e-02
1.017064846416382284e-01
9.692832764505118770e-02
9.146757679180887723e-02
8.873720136518771506e-02
9.351535836177474192e-02
9.556313993174062049e-02
9.283276450511945832e-02
8.395904436860068820e-02
9.419795221843003941e-02
9.556313993174062049e-02
9.624573378839590410e-02
1.010238907849829310e-01
8.941979522184299867e-02
9.624573378839590410e-02
9.215017064846416084e-02
9.419795221843003941e-02
1.010238907849829310e-01
9.010238907849829615e-02
9.761092150170648518e-02
9.829351535836176879e-02
9.556313993174062049e-02
8.873720136518771506e-02
1.017064846416382284e-01
9.692832764505118770e-02
1.023890784982935120e-01
9.010238907849829615e-02
