1.000000000000000000e+00
8.405797101449274944e-01
8.241965973534971512e-01
7.882797731568997879e-01
7.485822306238185675e-01
7.479521109010711655e-01
7.013232514177694110e-01
6.956521739130434590e-01
6.817895400126023908e-01
6.717076244486452907e-01
6.748582230623818567e-01
6.609955891619407886e-01
6.326402016383112503e-01
6.439823566477630434e-01
6.326402016383112503e-01
5.942028985507246119e-01
6.105860113421549551e-01
5.935727788279773209e-01
5.677378701953371687e-01
5.708884688090737347e-01
5.671077504725897667e-01
5.797101449275362528e-01
5.677378701953371687e-01
5.519848771266541165e-01
5.626969124133585076e-01
5.274102079395085463e-01
5.356017643352236623e-01
5.078764965343415261e-01
4.984247006931317170e-01
5.078764965343415261e-01
4.971644612476370240e-01
5.053560176433522511e-01
4.877126654064272149e-01
4.877126654064272149e-01
4.555765595463138196e-01
4.524259609325771980e-01
4.713295526149968717e-01
4.650283553875236287e-01
4.612476370510397161e-01
4.549464398235664730e-01
4.316320100819155403e-01
4.436042848141146799e-01
4.265910522999369903e-01
4.209199747952110937e-01
4.442344045368620264e-01
4.209199747952110937e-01
4.152488972904851972e-01
4.328922495274102333e-01
4.215500945179583847e-01
3.913043478260869734e-01
4.039067422810334040e-01
3.818525519848771088e-01
3.805923125393824713e-01
3.837429111531190928e-01
3.761814744801512123e-01
3.856332703213610769e-01
3.686200378071833872e-01
3.604284814114681601e-01
3.547574039067422635e-01
3.667296786389414032e-01
3.402646502835538489e-01
3.679899180844360407e-01
3.585381222432262316e-01
3.541272841839949725e-01
3.547574039067422635e-01
3.434152488972904704e-01
3.503465658475110045e-01
3.465658475110270920e-01
3.522369250157529885e-01
3.333333333333333148e-01
3.345935727788279523e-01
3.282923755513547648e-01
3.314429741650913863e-01
3.453056080655324545e-01
3.371140516698172829e-01
3.478260869565217295e-01
3.421550094517958329e-01
3.396345305608065579e-01
3.270321361058601273e-01
3.434152488972904704e-01
3.308128544423440398e-01
3.308128544423440398e-01
3.282923755513547648e-01
3.201008191556395932e-01
3.320730938878386773e-01
2.999369880277252820e-01
3.024574669187145570e-01
3.011972274732199195e-01
2.961562696912413140e-01
2.980466288594832980e-01
2.816635160680529548e-01
2.873345935727788514e-01
2.860743541272841584e-01
2.936357908002520389e-01
2.747321991178323652e-01
2.747321991178323652e-01
2.539382482671707630e-01
2.640201638311279186e-01
2.728418399495904367e-01
2.753623188405797118e-01
2.659105229993699027e-01
2.526780088216761255e-01
2.678008821676118312e-01
2.659105229993699027e-01
2.627599243856332811e-01
2.583490863264020221e-01
2.596093257718966596e-01
2.640201638311279186e-01
2.596093257718966596e-01
2.583490863264020221e-01
2.614996849401386436e-01
2.438563327032136074e-01
2.507876496534341415e-01
2.362948960302457546e-01
2.488972904851921852e-01
2.394454946439823484e-01
2.457466918714555637e-01
2.470069313169502290e-01
2.394454946439823484e-01
2.369250157529930734e-01
2.369250157529930734e-01
2.299936988027725393e-01
2.218021424070573400e-01
2.249527410207939615e-01
2.274732199117832365e-01
2.255828607435412803e-01
2.199117832388153837e-01
2.337744171392564518e-01
2.224322621298046587e-01
2.224322621298046587e-01
2.211720226843100212e-01
2.129804662885948219e-01
2.142407057340894871e-01
2.110901071203528656e-01
2.142407057340894871e-01
2.091997479521109093e-01
2.136105860113421684e-01
2.073093887838689253e-01
2.079395085066162441e-01
2.142407057340894871e-01
2.016383112791430288e-01
1.972274732199117697e-01
2.085696282293635906e-01
2.180214240705733997e-01
2.117202268431001844e-01
2.104599873976055469e-01
1.978575929426591162e-01
2.003780718336483913e-01
1.965973534971644510e-01
2.054190296156269691e-01
2.010081915563957100e-01
2.003780718336483913e-01
1.921865154379332197e-01
2.003780718336483913e-01
2.035286704473850128e-01
2.010081915563957100e-01
1.890359168241965981e-01
1.959672337744171322e-01
1.934467548834278572e-01
1.865154379332073231e-01
1.909262759924385544e-01
1.833648393194707016e-01
2.016383112791430288e-01
1.783238815374921238e-01
1.896660365469439169e-01
1.789540012602394425e-01
1.827347195967233828e-01
1.808443604284813988e-01
1.795841209829867613e-01
1.739130434782608647e-01
1.827347195967233828e-01
1.783238815374921238e-01
1.814744801512287453e-01
1.739130434782608647e-01
1.827347195967233828e-01
1.865154379332073231e-01
1.802142407057340801e-01
1.896660365469439169e-01
1.732829237555135460e-01
1.884057971014492794e-01
1.814744801512287453e-01
1.776937618147448050e-01
1.726528040327662272e-01
1.701323251417769244e-01
1.720226843100189085e-01
1.625708884688090716e-01
1.764335223692501675e-01
1.764335223692501675e-01
1.632010081915563904e-01
1.562696912413358563e-01
1.600504095778197966e-01
1.606805293005671154e-01
1.644612476370510279e-01
1.587901701323251313e-01
1.701323251417769244e-01
1.613106490233144341e-01
1.619407687460617529e-01
1.669817265280403307e-01
1.619407687460617529e-01
1.606805293005671154e-01
1.638311279143037091e-01
1.644612476370510279e-01
1.550094517958412188e-01
1.625708884688090716e-01
1.587901701323251313e-01
1.688720856962822869e-01
1.524889729048519160e-01
1.543793320730939000e-01
1.455576559546313820e-01
1.524889729048519160e-01
1.468178954001260195e-01
1.505986137366099598e-01
1.613106490233144341e-01
1.632010081915563904e-01
1.531190926275992348e-01
1.575299306868304938e-01
1.524889729048519160e-01
1.537492123503465535e-01
1.455576559546313820e-01
1.587901701323251313e-01
1.480781348456206570e-01
1.556395715185885376e-01
1.449275362318840632e-01
1.543793320730939000e-01
1.613106490233144341e-01
1.575299306868304938e-01
1.474480151228733382e-01
1.562696912413358563e-01
1.644612476370510279e-01
1.424070573408947604e-01
1.367359798361688639e-01
1.474480151228733382e-01
1.449275362318840632e-01
1.518588531821045973e-01
1.442974165091367444e-01
1.405166981726528042e-01
1.424070573408947604e-01
1.480781348456206570e-01
1.455576559546313820e-01
1.436672967863894257e-01
1.468178954001260195e-01
1.474480151228733382e-01
1.411468178954001229e-01
1.461877756773787007e-01
1.398865784499054854e-01
1.373660995589161826e-01
1.417769376181474417e-01
1.411468178954001229e-01
1.405166981726528042e-01
1.455576559546313820e-01
1.442974165091367444e-01
1.379962192816635291e-01
1.342155009451795888e-01
1.430371770636420792e-01
1.405166981726528042e-01
1.411468178954001229e-01
1.468178954001260195e-01
1.436672967863894257e-01
1.379962192816635291e-01
1.379962192816635291e-01
1.285444234404536923e-01
1.398865784499054854e-01
1.361058601134215451e-01
1.354757403906742264e-01
1.417769376181474417e-01
1.424070573408947604e-01
1.291745431632010110e-01
1.361058601134215451e-01
1.329552614996849513e-01
1.436672967863894257e-01
1.329552614996849513e-01
1.379962192816635291e-01
1.379962192816635291e-01
1.379962192816635291e-01
1.291745431632010110e-01
1.424070573408947604e-01
1.379962192816635291e-01
1.348456206679269076e-01
1.342155009451795888e-01
1.216131064902331443e-01
1.342155009451795888e-01
1.266540642722117083e-01
1.266540642722117083e-01
1.235034656584751145e-01
1.298046628859483298e-01
1.298046628859483298e-01
1.310649023314429673e-01
1.190926275992438554e-01
1.165721487082545665e-01
1.222432262129804631e-01
1.216131064902331443e-01
1.228733459357277819e-01
1.197227473219911742e-01
1.298046628859483298e-01
1.190926275992438554e-01
1.203528670447385068e-01
1.209829867674858256e-01
1.140516698172652776e-01
1.241335853812224332e-01
1.209829867674858256e-01
1.153119092627599290e-01
1.253938248267170708e-01
1.260239445494643895e-01
1.222432262129804631e-01
1.241335853812224332e-01
1.153119092627599290e-01
1.190926275992438554e-01
1.253938248267170708e-01
1.241335853812224332e-01
1.197227473219911742e-01
1.203528670447385068e-01
1.235034656584751145e-01
1.197227473219911742e-01
1.172022684310018853e-01
1.172022684310018853e-01
1.127914303717706401e-01
1.121613106490233075e-01
1.109010712035286700e-01
1.109010712035286700e-01
1.077504725897920623e-01
1.121613106490233075e-01
1.172022684310018853e-01
1.102709514807813512e-01
1.096408317580340325e-01
1.134215500945179589e-01
1.153119092627599290e-01
1.127914303717706401e-01
1.165721487082545665e-01
1.260239445494643895e-01
1.127914303717706401e-01
1.146817895400125964e-01
1.115311909262759887e-01
1.102709514807813512e-01
1.058601134215500922e-01
1.077504725897920623e-01
1.058601134215500922e-01
1.159420289855072478e-01
1.178323881537492179e-01
1.020793950850661658e-01
1.140516698172652776e-01
1.058601134215500922e-01
1.014492753623188470e-01
1.096408317580340325e-01
1.064902331442974109e-01
1.077504725897920623e-01
1.014492753623188470e-01
1.121613106490233075e-01
1.134215500945179589e-01
1.058601134215500922e-01
1.083805923125393811e-01
1.090107120352866998e-01
1.109010712035286700e-01
1.134215500945179589e-01
1.109010712035286700e-01
1.033396345305608033e-01
1.096408317580340325e-01
1.052299936988027734e-01
1.058601134215500922e-01
1.071203528670447436e-01
1.052299936988027734e-01
1.058601134215500922e-01
1.045998739760554547e-01
1.090107120352866998e-01
1.039697542533081220e-01
1.039697542533081220e-01
1.008191556395715144e-01
1.090107120352866998e-01
1.014492753623188470e-01
1.071203528670447436e-01
1.045998739760554547e-01
1.083805923125393811e-01
1.033396345305608033e-01
9.892879647132955812e-02
1.039697542533081220e-01
1.090107120352866998e-01
9.829867674858222548e-02
1.001890359168241956e-01
1.001890359168241956e-01
1.071203528670447436e-01
9.325771896660366156e-02
1.020793950850661658e-01
1.045998739760554547e-01
1.001890359168241956e-01
9.577819785759293658e-02
1.039697542533081220e-01
1.001890359168241956e-01
9.766855702583490673e-02
1.020793950850661658e-01
1.014492753623188470e-01
9.451795841209829907e-02
1.001890359168241956e-01
9.262759924385632893e-02
9.640831758034026922e-02
9.451795841209829907e-02
9.136735979836169141e-02
9.010712035286704003e-02
9.829867674858222548e-02
8.758664146187775112e-02
9.136735979836169141e-02
9.136735979836169141e-02
8.821676118462508376e-02
