1.000000000000000000e+00
8.012345679012345956e-01
8.123456790123456672e-01
7.987654320987653822e-01
7.629629629629629539e-01
7.246913580246913122e-01
7.246913580246913122e-01
7.135802469135802406e-01
7.074074074074073737e-01
6.888888888888888840e-01
6.851851851851852304e-01
6.530864197530864557e-01
6.629629629629629761e-01
6.320987654320987525e-01
6.518518518518519045e-01
6.432098765432098242e-01
6.382716049382716195e-01
6.358024691358025171e-01
6.234567901234567833e-01
5.999999999999999778e-01
5.827160493827160392e-01
5.580246913580246826e-01
5.802469135802469369e-01
5.617283950617284471e-01
5.666666666666666519e-01
5.320987654320987748e-01
5.592592592592592338e-01
5.456790123456790598e-01
5.222222222222222543e-01
5.037037037037036535e-01
5.049382716049383157e-01
5.148148148148148362e-01
5.222222222222222543e-01
4.987654320987654488e-01
4.691358024691357764e-01
4.864197530864197705e-01
4.666666666666666741e-01
4.777777777777778012e-01
4.679012345679012252e-01
4.654320987654321229e-01
4.395061728395061595e-01
4.629629629629629650e-01
4.530864197530864446e-01
4.481481481481481288e-01
4.345679012345678993e-01
4.790123456790123524e-01
4.604938271604938071e-01
4.320987654320987414e-01
4.506172839506172867e-01
4.246913580246913789e-01
4.444444444444444198e-01
4.246913580246913789e-01
4.432098765432098686e-01
4.259259259259259300e-01
4.222222222222222210e-01
3.962962962962963132e-01
4.012345679012345734e-01
4.197530864197530631e-01
4.197530864197530631e-01
3.925925925925926041e-01
4.185185185185185119e-01
3.987654320987654155e-01
4.222222222222222210e-01
4.123456790123457005e-01
3.876543209876543439e-01
3.876543209876543439e-01
3.975308641975308643e-01
3.876543209876543439e-01
3.913580246913579974e-01
3.839506172839506348e-01
3.864197530864197372e-01
3.629629629629629872e-01
3.827160493827160281e-01
3.753086419753086656e-01
3.654320987654320896e-01
3.753086419753086656e-01
3.740740740740740589e-01
3.592592592592592782e-01
3.555555555555555691e-01
3.543209876543209624e-01
3.370370370370370239e-01
3.530864197530864113e-01
3.518518518518518601e-01
3.641975308641975384e-01
3.716049382716049565e-01
3.370370370370370239e-01
3.506172839506173089e-01
3.641975308641975384e-01
3.432098765432098908e-01
3.518518518518518601e-01
3.271604938271605034e-01
3.271604938271605034e-01
3.246913580246913456e-01
3.358024691358024727e-01
3.358024691358024727e-01
3.098765432098765649e-01
3.333333333333333148e-01
3.086419753086419582e-01
3.049382716049382491e-01
3.222222222222222432e-01
2.999999999999999889e-01
3.012345679012345956e-01
2.975308641975308865e-01
3.271604938271605034e-01
3.197530864197530853e-01
3.345679012345679215e-01
3.358024691358024727e-01
3.197530864197530853e-01
3.370370370370370239e-01
3.135802469135802739e-01
3.111111111111111160e-01
3.296296296296296058e-01
3.185185185185185341e-01
3.123456790123456672e-01
3.111111111111111160e-01
3.074074074074074070e-01
2.925925925925925708e-01
3.074074074074074070e-01
2.975308641975308865e-01
3.061728395061728558e-01
3.074074074074074070e-01
2.901234567901234684e-01
2.839506172839506015e-01
2.814814814814814992e-01
2.950617283950617287e-01
2.790123456790123413e-01
2.753086419753086322e-01
2.790123456790123413e-01
2.814814814814814992e-01
2.555555555555555358e-01
2.827160493827160503e-01
2.641975308641975051e-01
2.888888888888888618e-01
3.037037037037036979e-01
2.851851851851852082e-01
2.703703703703703720e-01
2.839506172839506015e-01
2.629629629629629539e-01
2.802469135802468925e-01
2.691358024691358208e-01
2.851851851851852082e-01
2.765432098765431834e-01
2.691358024691358208e-01
2.728395061728395299e-01
2.839506172839506015e-01
2.802469135802468925e-01
2.802469135802468925e-01
2.839506172839506015e-01
2.851851851851852082e-01
2.753086419753086322e-01
2.753086419753086322e-01
2.641975308641975051e-01
2.740740740740740811e-01
2.580246913580246937e-01
2.407407407407407274e-01
2.716049382716049232e-01
2.679012345679012141e-01
2.839506172839506015e-01
2.876543209876543106e-01
2.592592592592592449e-01
2.469135802469135665e-01
2.444444444444444364e-01
2.691358024691358208e-01
2.506172839506172756e-01
2.666666666666666630e-01
2.506172839506172756e-01
2.728395061728395299e-01
2.518518518518518268e-01
2.518518518518518268e-01
2.506172839506172756e-01
2.432098765432098852e-01
2.691358024691358208e-01
2.567901234567901425e-01
2.456790123456790154e-01
2.604938271604938516e-01
2.567901234567901425e-01
2.358024691358024671e-01
2.518518518518518268e-01
2.283950617283950490e-01
2.320987654320987581e-01
2.444444444444444364e-01
2.481481481481481455e-01
2.506172839506172756e-01
2.469135802469135665e-01
2.407407407407407274e-01
2.407407407407407274e-01
2.432098765432098852e-01
2.271604938271604979e-01
2.407407407407407274e-01
2.518518518518518268e-01
2.469135802469135665e-01
2.358024691358024671e-01
2.580246913580246937e-01
2.246913580246913678e-01
2.419753086419753063e-01
2.308641975308642069e-01
2.283950617283950490e-01
2.345679012345678882e-01
2.222222222222222099e-01
2.172839506172839497e-01
2.197530864197530798e-01
2.135802469135802406e-01
2.061728395061728503e-01
2.135802469135802406e-01
2.407407407407407274e-01
2.172839506172839497e-01
2.296296296296296280e-01
2.074074074074074014e-01
1.962962962962963021e-01
2.259259259259259189e-01
2.234567901234567888e-01
2.111111111111111105e-01
2.246913580246913678e-01
2.185185185185185286e-01
2.086419753086419804e-01
2.061728395061728503e-01
2.234567901234567888e-01
2.246913580246913678e-01
2.493827160493827244e-01
2.395061728395061762e-01
2.320987654320987581e-01
2.419753086419753063e-01
2.320987654320987581e-01
2.234567901234567888e-01
2.333333333333333370e-01
2.209876543209876587e-01
2.123456790123456894e-01
2.086419753086419804e-01
2.234567901234567888e-01
2.000000000000000111e-01
2.111111111111111105e-01
2.160493827160493707e-01
2.000000000000000111e-01
2.086419753086419804e-01
1.987654320987654322e-01
2.111111111111111105e-01
2.135802469135802406e-01
2.012345679012345623e-01
2.234567901234567888e-01
2.061728395061728503e-01
2.160493827160493707e-01
2.086419753086419804e-01
2.271604938271604979e-01
2.197530864197530798e-01
2.061728395061728503e-01
1.987654320987654322e-01
2.160493827160493707e-01
2.271604938271604979e-01
2.098765432098765316e-01
1.987654320987654322e-01
2.283950617283950490e-01
2.049382716049382713e-01
2.123456790123456894e-01
2.024691358024691412e-01
2.172839506172839497e-01
2.098765432098765316e-01
2.185185185185185286e-01
2.049382716049382713e-01
2.024691358024691412e-01
2.012345679012345623e-01
2.049382716049382713e-01
1.962962962962963021e-01
1.864197530864197538e-01
1.864197530864197538e-01
2.037037037037036924e-01
1.975308641975308532e-01
1.975308641975308532e-01
1.839506172839506237e-01
2.160493827160493707e-01
2.123456790123456894e-01
1.888888888888888840e-01
2.012345679012345623e-01
2.000000000000000111e-01
2.000000000000000111e-01
2.000000000000000111e-01
1.950617283950617231e-01
2.012345679012345623e-01
1.938271604938271719e-01
1.962962962962963021e-01
1.987654320987654322e-01
2.037037037037036924e-01
2.049382716049382713e-01
1.987654320987654322e-01
1.913580246913580141e-01
1.765432098765432056e-01
1.925925925925925930e-01
1.876543209876543328e-01
1.938271604938271719e-01
1.703703703703703665e-01
1.864197530864197538e-01
1.790123456790123357e-01
1.753086419753086544e-01
1.679012345679012363e-01
1.617283950617283972e-01
1.765432098765432056e-01
1.851851851851851749e-01
1.901234567901234629e-01
1.962962962962963021e-01
1.691358024691358153e-01
1.691358024691358153e-01
1.802469135802469147e-01
1.901234567901234629e-01
1.654320987654321062e-01
1.839506172839506237e-01
1.765432098765432056e-01
1.629629629629629761e-01
1.827160493827160448e-01
1.716049382716049454e-01
1.876543209876543328e-01
1.851851851851851749e-01
1.814814814814814936e-01
1.679012345679012363e-01
1.740740740740740755e-01
1.753086419753086544e-01
1.765432098765432056e-01
1.777777777777777846e-01
1.888888888888888840e-01
1.716049382716049454e-01
1.716049382716049454e-01
1.814814814814814936e-01
1.728395061728394966e-01
1.703703703703703665e-01
1.543209876543209791e-01
1.691358024691358153e-01
1.888888888888888840e-01
1.740740740740740755e-01
1.654320987654321062e-01
1.728395061728394966e-01
1.839506172839506237e-01
1.716049382716049454e-01
1.740740740740740755e-01
1.802469135802469147e-01
1.641975308641975273e-01
1.888888888888888840e-01
1.814814814814814936e-01
1.790123456790123357e-01
1.777777777777777846e-01
1.679012345679012363e-01
1.703703703703703665e-01
1.728395061728394966e-01
1.716049382716049454e-01
1.802469135802469147e-01
1.580246913580246881e-01
1.567901234567901370e-01
1.580246913580246881e-01
1.790123456790123357e-01
1.814814814814814936e-01
1.654320987654321062e-01
1.629629629629629761e-01
1.666666666666666574e-01
1.666666666666666574e-01
1.777777777777777846e-01
1.617283950617283972e-01
1.802469135802469147e-01
1.555555555555555580e-01
1.617283950617283972e-01
1.592592592592592671e-01
1.580246913580246881e-01
1.679012345679012363e-01
1.641975308641975273e-01
1.666666666666666574e-01
1.617283950617283972e-01
1.604938271604938183e-01
1.567901234567901370e-01
1.506172839506172978e-01
1.790123456790123357e-01
1.679012345679012363e-01
1.839506172839506237e-01
1.543209876543209791e-01
1.740740740740740755e-01
1.592592592592592671e-01
1.654320987654321062e-01
1.580246913580246881e-01
1.691358024691358153e-01
1.629629629629629761e-01
1.790123456790123357e-01
1.543209876543209791e-01
1.518518518518518490e-01
1.395061728395061706e-01
1.691358024691358153e-01
1.481481481481481399e-01
1.530864197530864279e-01
1.555555555555555580e-01
1.567901234567901370e-01
1.617283950617283972e-01
1.604938271604938183e-01
1.481481481481481399e-01
1.777777777777777846e-01
1.580246913580246881e-01
1.555555555555555580e-01
1.641975308641975273e-01
1.567901234567901370e-01
1.617283950617283972e-01
1.518518518518518490e-01
1.543209876543209791e-01
1.506172839506172978e-01
1.703703703703703665e-01
1.617283950617283972e-01
1.679012345679012363e-01
1.679012345679012363e-01
1.703703703703703665e-01
