1.000000000000000000e+00
8.482003129890454129e-01
7.809076682316118401e-01
7.589984350547730463e-01
7.449139280125195439e-01
6.932707355242566649e-01
6.697965571205007906e-01
6.494522691705790773e-01
6.588419405320813382e-01
7.245696400625978306e-01
6.651017214397496602e-01
6.416275430359937859e-01
6.322378716744914140e-01
6.447574334898278359e-01
6.134585289514866702e-01
5.915492957746478764e-01
5.931142410015649569e-01
5.492957746478873693e-01
5.352112676056337559e-01
5.399061032863849974e-01
5.461658841940532083e-01
5.602503912363067107e-01
5.007824726134585402e-01
4.460093896713615003e-01
4.773082942097026660e-01
4.913928012519561683e-01
4.679186228482002941e-01
4.820031298904538519e-01
4.663536776212832691e-01
4.428794992175273948e-01
4.256651017214397315e-01
4.460093896713615003e-01
4.663536776212832691e-01
4.679186228482002941e-01
4.757433489827855855e-01
4.491392801251956057e-01
4.460093896713615003e-01
4.037558685446009377e-01
4.616588419405320831e-01
4.428794992175273948e-01
4.460093896713615003e-01
4.053208137715180182e-01
4.256651017214397315e-01
3.771517996870109579e-01
3.943661971830985657e-01
4.413145539906103143e-01
3.724569640062597720e-01
3.881064162754303548e-01
3.646322378716744805e-01
3.818466353677621439e-01
3.818466353677621439e-01
3.834115805946791689e-01
3.834115805946791689e-01
3.505477308294209782e-01
3.708920187793427470e-01
3.411580594679186063e-01
3.302034428794992094e-01
3.442879499217527117e-01
3.442879499217527117e-01
3.286384976525821844e-01
3.474178403755868727e-01
3.536776212832550836e-01
3.380281690140845008e-01
3.192488262910798125e-01
3.176838810641627320e-01
3.020344287949921491e-01
3.223787167449139179e-01
3.317683881064162899e-01
3.521126760563380031e-01
3.176838810641627320e-01
3.223787167449139179e-01
3.255086071987480234e-01
3.020344287949921491e-01
2.942097026604069132e-01
2.973395931142410187e-01
3.098591549295774406e-01
3.004694835680751241e-01
2.676056338028168780e-01
2.707355242566510389e-01
2.723004694835680639e-01
2.942097026604069132e-01
3.020344287949921491e-01
2.989045383411580437e-01
3.129890453834116015e-01
2.785602503912363304e-01
2.879499217527386468e-01
2.738654147104851444e-01
2.769953051643192499e-01
2.769953051643192499e-01
2.895148669796557273e-01
2.848200312989045413e-01
2.769953051643192499e-01
2.660406885758998530e-01
2.863849765258216218e-01
2.691705790297339584e-01
2.566510172143974811e-01
2.629107981220657475e-01
2.629107981220657475e-01
2.644757433489827725e-01
2.394366197183098455e-01
2.535211267605633756e-01
2.206572769953051572e-01
2.472613458528951369e-01
2.394366197183098455e-01
2.456964006259780842e-01
2.441314553990610314e-01
2.410015649452269260e-01
2.441314553990610314e-01
2.175273865414710517e-01
2.190923317683881044e-01
2.253521126760563431e-01
2.410015649452269260e-01
2.284820031298904486e-01
2.456964006259780842e-01
2.253521126760563431e-01
2.316118935837245818e-01
2.237871674491392904e-01
2.034428794992175216e-01
2.112676056338028130e-01
2.065727699530516548e-01
2.112676056338028130e-01
2.065727699530516548e-01
2.159624413145539990e-01
1.971830985915492829e-01
2.097026604068857603e-01
2.018779342723004688e-01
2.050078247261345743e-01
2.237871674491392904e-01
2.128325508607198657e-01
2.206572769953051572e-01
2.128325508607198657e-01
2.003129890453834161e-01
2.003129890453834161e-01
2.034428794992175216e-01
1.830985915492957805e-01
2.003129890453834161e-01
2.112676056338028130e-01
2.050078247261345743e-01
1.956181533646322301e-01
1.956181533646322301e-01
1.971830985915492829e-01
2.034428794992175216e-01
1.893583724569640192e-01
1.987480438184663634e-01
1.909233176838810719e-01
1.784037558685445946e-01
1.705790297339593031e-01
1.768388106416275418e-01
2.003129890453834161e-01
1.924882629107981247e-01
1.909233176838810719e-01
1.815336463223787278e-01
1.737089201877934364e-01
1.533646322378716675e-01
1.674491392801251977e-01
1.627543035993740117e-01
1.580594679186228535e-01
1.690140845070422504e-01
1.737089201877934364e-01
1.549295774647887203e-01
1.611893583724569590e-01
1.533646322378716675e-01
1.674491392801251977e-01
1.705790297339593031e-01
1.627543035993740117e-01
1.721439749608763559e-01
1.533646322378716675e-01
1.564945226917058008e-01
1.549295774647887203e-01
1.596244131455399062e-01
1.408450704225352179e-01
1.799687010954616473e-01
1.690140845070422504e-01
1.643192488262910922e-01
1.611893583724569590e-01
1.596244131455399062e-01
1.580594679186228535e-01
1.596244131455399062e-01
1.455399061032863761e-01
1.424100156494522706e-01
1.627543035993740117e-01
1.486697965571205093e-01
1.533646322378716675e-01
1.799687010954616473e-01
1.502347417840375621e-01
1.596244131455399062e-01
1.549295774647887203e-01
1.549295774647887203e-01
1.424100156494522706e-01
1.502347417840375621e-01
1.361502347417840320e-01
1.424100156494522706e-01
1.517996870109546148e-01
1.471048513302034566e-01
1.549295774647887203e-01
1.658841940532081449e-01
1.517996870109546148e-01
1.596244131455399062e-01
1.643192488262910922e-01
1.392801251956181652e-01
1.627543035993740117e-01
1.392801251956181652e-01
1.345852895148669792e-01
1.471048513302034566e-01
1.439749608763693234e-01
1.267605633802816878e-01
1.392801251956181652e-01
1.502347417840375621e-01
1.298904538341157933e-01
1.283255086071987405e-01
1.392801251956181652e-01
1.392801251956181652e-01
1.424100156494522706e-01
1.392801251956181652e-01
1.377151799687010847e-01
1.424100156494522706e-01
1.267605633802816878e-01
1.189358372456963964e-01
1.377151799687010847e-01
1.377151799687010847e-01
1.408450704225352179e-01
1.330203442879499265e-01
1.298904538341157933e-01
1.283255086071987405e-01
1.158059467918622909e-01
1.158059467918622909e-01
1.220657276995305157e-01
1.205007824726134630e-01
1.314553990610328738e-01
1.314553990610328738e-01
1.283255086071987405e-01
1.095461658841940522e-01
1.205007824726134630e-01
1.236306729264475684e-01
1.173708920187793436e-01
1.377151799687010847e-01
1.064162754303599329e-01
1.298904538341157933e-01
1.267605633802816878e-01
1.111111111111111049e-01
9.702660406885758870e-02
1.111111111111111049e-01
1.111111111111111049e-01
1.142410015649452243e-01
1.142410015649452243e-01
1.142410015649452243e-01
1.189358372456963964e-01
1.283255086071987405e-01
1.126760563380281716e-01
1.251956181533646351e-01
1.142410015649452243e-01
1.017214397496087608e-01
9.859154929577464144e-02
1.032863849765258274e-01
1.079812206572769995e-01
9.546165884194053597e-02
1.111111111111111049e-01
1.205007824726134630e-01
9.702660406885758870e-02
1.111111111111111049e-01
1.111111111111111049e-01
9.859154929577464144e-02
9.702660406885758870e-02
1.095461658841940522e-01
9.859154929577464144e-02
1.079812206572769995e-01
1.126760563380281716e-01
1.126760563380281716e-01
9.859154929577464144e-02
9.859154929577464144e-02
9.546165884194053597e-02
9.702660406885758870e-02
9.859154929577464144e-02
1.064162754303599329e-01
1.017214397496087608e-01
8.763693270735524454e-02
1.032863849765258274e-01
1.126760563380281716e-01
9.859154929577464144e-02
1.001564945226917080e-01
9.546165884194053597e-02
8.607198748043817793e-02
9.233176838810641662e-02
9.233176838810641662e-02
7.668231611893583377e-02
8.450704225352112520e-02
1.017214397496087608e-01
9.233176838810641662e-02
8.763693270735524454e-02
9.546165884194053597e-02
8.137715179968700585e-02
8.137715179968700585e-02
8.450704225352112520e-02
8.137715179968700585e-02
9.076682316118936389e-02
8.137715179968700585e-02
8.763693270735524454e-02
9.389671361502346936e-02
7.511737089201878104e-02
7.511737089201878104e-02
8.137715179968700585e-02
8.607198748043817793e-02
7.824726134585290038e-02
7.668231611893583377e-02
8.294209702660407246e-02
7.824726134585290038e-02
8.137715179968700585e-02
8.450704225352112520e-02
8.450704225352112520e-02
7.511737089201878104e-02
6.572769953051643688e-02
8.450704225352112520e-02
9.076682316118936389e-02
8.137715179968700585e-02
6.259780907668231753e-02
7.042253521126760896e-02
7.824726134585290038e-02
6.729264475743348961e-02
7.668231611893583377e-02
6.885758998435054234e-02
5.946791862284819818e-02
6.572769953051643688e-02
6.259780907668231753e-02
8.294209702660407246e-02
7.355242566510172830e-02
7.355242566510172830e-02
5.946791862284819818e-02
7.355242566510172830e-02
7.042253521126760896e-02
6.572769953051643688e-02
8.294209702660407246e-02
6.259780907668231753e-02
7.042253521126760896e-02
7.511737089201878104e-02
7.042253521126760896e-02
7.355242566510172830e-02
9.389671361502346936e-02
6.885758998435054234e-02
6.572769953051643688e-02
7.981220657276995312e-02
7.355242566510172830e-02
7.511737089201878104e-02
6.885758998435054234e-02
7.042253521126760896e-02
7.198748043818466169e-02
6.885758998435054234e-02
7.198748043818466169e-02
7.042253521126760896e-02
7.668231611893583377e-02
6.572769953051643688e-02
7.042253521126760896e-02
7.042253521126760896e-02
5.946791862284819818e-02
5.946791862284819818e-02
5.477308294209702610e-02
6.729264475743348961e-02
5.164319248826291370e-02
5.790297339593114545e-02
5.164319248826291370e-02
5.790297339593114545e-02
6.416275430359937026e-02
7.042253521126760896e-02
5.477308294209702610e-02
7.511737089201878104e-02
5.164319248826291370e-02
7.198748043818466169e-02
5.946791862284819818e-02
6.572769953051643688e-02
5.320813771517996643e-02
5.320813771517996643e-02
6.572769953051643688e-02
6.729264475743348961e-02
7.042253521126760896e-02
7.042253521126760896e-02
7.355242566510172830e-02
6.885758998435054234e-02
5.790297339593114545e-02
7.355242566510172830e-02
6.885758998435054234e-02
7.668231611893583377e-02
7.355242566510172830e-02
6.729264475743348961e-02
7.511737089201878104e-02
6.885758998435054234e-02
6.885758998435054234e-02
6.259780907668231753e-02
6.259780907668231753e-02
5.477308294209702610e-02
6.572769953051643688e-02
5.790297339593114545e-02
5.477308294209702610e-02
6.103286384976525786e-02
5.164319248826291370e-02
6.416275430359937026e-02
5.946791862284819818e-02
5.477308294209702610e-02
7.042253521126760896e-02
7.355242566510172830e-02
6.572769953051643688e-02
5.790297339593114545e-02
6.572769953051643688e-02
