1.000000000000000000e+00
8.867822318526543679e-01
8.710725893824485810e-01
8.434452871072589675e-01
8.212351029252438206e-01
7.806067172264354870e-01
7.838569880823401670e-01
7.475622968580715177e-01
7.508125677139761978e-01
7.616468039003250201e-01
7.318526543878656199e-01
6.982665222101841485e-01
7.004333694474539351e-01
7.101841820151679752e-01
6.679306608884073571e-01
6.592632719393283214e-01
6.386782231852654590e-01
6.218851570964246678e-01
6.164680390032503121e-01
6.034669555796315921e-01
6.013001083423619164e-01
5.937161430119176631e-01
5.904658721560129830e-01
5.882990249187431964e-01
5.828819068255688407e-01
5.612134344528710850e-01
5.476706392199349738e-01
5.433369447453954004e-01
5.514626218851570449e-01
5.270855904658721114e-01
5.260021668472372181e-01
5.200433369447453602e-01
5.108342361863488224e-01
5.162513542795232890e-01
5.010834236186348933e-01
5.102925243770314312e-01
4.902491874322860155e-01
4.799566630552545843e-01
4.832069339111592643e-01
4.983748645720476600e-01
4.707475622968580464e-01
4.788732394366196909e-01
4.685807150595883153e-01
4.442036836403033817e-01
4.550379198266522041e-01
4.382448537378114684e-01
4.263271939328277527e-01
4.366197183098591283e-01
4.301191765980498238e-01
4.214517876489707326e-01
4.203683640303358393e-01
4.133261105092090881e-01
3.943661971830985657e-01
4.138678223185265348e-01
3.981581798483206924e-01
4.144095341278439815e-01
3.938244853737811746e-01
3.640303358613217743e-01
3.959913326110509058e-01
3.856988082340194746e-01
3.921993499458288346e-01
3.884073672806067079e-01
3.856988082340194746e-01
3.759479956663055455e-01
3.629469122426868810e-01
3.613217768147345410e-01
3.634886240520043277e-01
3.494041170097508253e-01
3.510292524377031653e-01
3.477789815817984853e-01
3.396533044420368408e-01
3.477789815817984853e-01
3.342361863488624296e-01
3.223185265438786584e-01
3.190682556879739784e-01
3.131094257854821206e-01
3.120260021668472272e-01
3.001083423618635115e-01
3.098591549295774406e-01
2.952329360780064915e-01
3.136511375947995672e-01
2.968580715059588315e-01
2.843986998916576137e-01
3.017334777898157960e-01
2.925243770314192582e-01
2.957746478873239382e-01
3.017334777898157960e-01
2.957746478873239382e-01
2.768147345612134158e-01
2.903575297941495270e-01
2.768147345612134158e-01
2.762730227518959691e-01
2.757313109425785225e-01
2.659804983748645935e-01
2.697724810400866646e-01
2.600216684723726801e-01
2.811484290357529892e-01
2.741061755146262380e-01
2.768147345612134158e-01
2.654387865655471468e-01
2.464788732394366244e-01
2.448537378114842844e-01
2.708559046587215580e-01
2.453954496208017311e-01
2.405200433369447388e-01
2.524377031419284823e-01
2.724810400866738980e-01
2.356446370530877465e-01
2.518959913326110356e-01
2.437703141928493911e-01
2.437703141928493911e-01
2.459371614301191777e-01
2.437703141928493911e-01
2.334777898158179876e-01
2.437703141928493911e-01
2.307692307692307820e-01
2.340195016251354343e-01
2.426868905742145255e-01
2.356446370530877465e-01
2.432286023835319722e-01
2.291440953412784420e-01
2.275189599133261020e-01
2.172264355362946986e-01
2.188515709642470108e-01
2.058504875406283741e-01
2.042253521126760618e-01
1.982665222101841762e-01
2.085590465872156074e-01
2.026002166847237218e-01
2.091007583965330541e-01
2.123510292524377063e-01
2.166847237269772519e-01
2.188515709642470108e-01
2.101841820151679197e-01
2.036836403033586151e-01
2.047670639219935085e-01
2.009750812567714096e-01
2.096424702058505007e-01
2.004333694474539629e-01
2.004333694474539629e-01
2.020585048754062751e-01
1.863488624052004328e-01
1.950162513542795240e-01
1.977248104008667295e-01
1.966413867822318640e-01
2.004333694474539629e-01
1.847237269772480928e-01
1.912242686890574250e-01
1.917659804983748717e-01
1.917659804983748717e-01
1.852654387865655394e-01
1.738894907908992427e-01
1.771397616468038949e-01
1.803900325027085472e-01
1.635969664138678115e-01
1.755146262188515827e-01
1.760563380281690016e-01
1.700975081256771437e-01
1.776814734561213416e-01
1.722643553629469027e-01
1.820151679306608872e-01
1.798483206933911283e-01
1.798483206933911283e-01
1.782231852654387882e-01
1.749729144095341360e-01
1.711809317443120371e-01
1.744312026002166893e-01
1.695557963163596971e-01
1.744312026002166893e-01
1.646803900325027048e-01
1.619718309859154992e-01
1.473456121343445224e-01
1.570964247020585070e-01
1.598049837486457125e-01
1.565547128927410603e-01
1.500541711809317558e-01
1.446370530877573168e-01
1.533044420368364080e-01
1.554712892741061669e-01
1.668472372697724915e-01
1.592632719393282659e-01
1.652221018418201515e-01
1.570964247020585070e-01
1.500541711809317558e-01
1.451787648970747635e-01
1.603466955579631592e-01
1.392199349945828779e-01
1.419284940411701113e-01
1.424702058504875302e-01
1.408450704225352179e-01
1.424702058504875302e-01
1.370530877573131190e-01
1.305525460455037867e-01
1.305525460455037867e-01
1.435536294691224235e-01
1.473456121343445224e-01
1.338028169014084390e-01
1.343445287107258856e-01
1.408450704225352179e-01
1.283856988082340278e-01
1.310942578548212334e-01
1.348862405200433323e-01
1.424702058504875302e-01
1.332611050920910201e-01
1.283856988082340278e-01
1.381365113759479846e-01
1.235102925243770355e-01
1.327193932827735734e-01
1.338028169014084390e-01
1.375947995666305657e-01
1.310942578548212334e-01
1.381365113759479846e-01
1.213434452871072627e-01
1.300108342361863401e-01
1.321776814734561267e-01
1.305525460455037867e-01
1.229685807150595889e-01
1.316359696641386801e-01
1.338028169014084390e-01
1.229685807150595889e-01
1.213434452871072627e-01
1.148429035752979444e-01
1.300108342361863401e-01
1.316359696641386801e-01
1.235102925243770355e-01
1.164680390032502705e-01
1.186348862405200433e-01
1.197183098591549227e-01
1.208017334777898161e-01
1.132177681473456182e-01
1.115926327193932782e-01
1.115926327193932782e-01
1.197183098591549227e-01
1.245937161430119150e-01
1.083423618634886260e-01
1.099674972914409521e-01
1.191765980498374899e-01
1.137594799566630510e-01
1.153846153846153910e-01
1.153846153846153910e-01
1.164680390032502705e-01
1.126760563380281716e-01
1.153846153846153910e-01
1.153846153846153910e-01
1.040086673889490804e-01
1.175514626218851638e-01
1.105092091007583988e-01
9.967497291440953477e-02
9.046587215601299692e-02
9.750812567713976198e-02
9.859154929577464144e-02
1.061755146262188532e-01
9.479956663055254251e-02
9.859154929577464144e-02
9.479956663055254251e-02
8.992416034669556413e-02
1.002166847237269814e-01
9.263271939328276972e-02
9.209100758396533692e-02
1.088840736728060726e-01
1.067172264355362998e-01
9.859154929577464144e-02
9.913326110509208811e-02
9.534127843986998918e-02
9.479956663055254251e-02
8.613217768147345133e-02
8.667388949079089799e-02
8.667388949079089799e-02
8.775731310942579133e-02
8.071505958829902627e-02
9.209100758396533692e-02
8.504875406283857187e-02
8.829902491874322412e-02
8.179848320693390573e-02
8.288190682556879907e-02
8.667388949079089799e-02
8.559046587215601853e-02
8.559046587215601853e-02
8.829902491874322412e-02
9.534127843986998918e-02
8.721560130010834466e-02
8.721560130010834466e-02
7.746478873239436014e-02
8.288190682556879907e-02
8.613217768147345133e-02
8.938244853737811746e-02
8.071505958829902627e-02
8.559046587215601853e-02
8.017334777898157960e-02
7.692307692307692735e-02
7.908992416034670014e-02
7.204767063921993508e-02
8.288190682556879907e-02
8.450704225352112520e-02
8.396533044420367853e-02
8.234019501625135240e-02
8.288190682556879907e-02
8.342361863488624574e-02
8.234019501625135240e-02
8.992416034669556413e-02
8.234019501625135240e-02
8.342361863488624574e-02
7.854821235102925348e-02
7.367280606717226121e-02
7.475622968580715455e-02
7.746478873239436014e-02
7.854821235102925348e-02
8.504875406283857187e-02
8.721560130010834466e-02
8.342361863488624574e-02
8.721560130010834466e-02
8.613217768147345133e-02
8.829902491874322412e-02
8.234019501625135240e-02
8.179848320693390573e-02
8.450704225352112520e-02
8.396533044420367853e-02
8.396533044420367853e-02
8.071505958829902627e-02
8.017334777898157960e-02
7.583965330444203401e-02
7.692307692307692735e-02
7.908992416034670014e-02
7.475622968580715455e-02
7.963163596966413293e-02
8.071505958829902627e-02
7.963163596966413293e-02
7.421451787648970788e-02
7.583965330444203401e-02
6.988082340195016229e-02
7.475622968580715455e-02
7.150595882990248842e-02
7.258938244853738175e-02
7.475622968580715455e-02
6.663055254604551003e-02
7.908992416034670014e-02
7.692307692307692735e-02
7.313109425785481454e-02
7.854821235102925348e-02
6.933911159263271562e-02
7.042253521126760896e-02
6.933911159263271562e-02
6.608884073672806336e-02
7.367280606717226121e-02
6.446370530877573723e-02
6.717226435536294282e-02
6.717226435536294282e-02
7.096424702058505563e-02
6.500541711809317003e-02
6.933911159263271562e-02
5.796316359696641191e-02
6.608884073672806336e-02
6.717226435536294282e-02
6.663055254604551003e-02
6.229685807150595750e-02
6.554712892741061669e-02
6.879739978331528283e-02
6.933911159263271562e-02
6.229685807150595750e-02
6.175514626218851777e-02
5.308775731310942658e-02
6.446370530877573723e-02
6.446370530877573723e-02
6.283856988082339723e-02
6.229685807150595750e-02
5.687973997833152551e-02
6.283856988082339723e-02
6.933911159263271562e-02
6.229685807150595750e-02
5.796316359696641191e-02
5.579631635969663911e-02
6.283856988082339723e-02
5.742145178764897218e-02
5.958829902491874497e-02
6.121343445287107110e-02
6.446370530877573723e-02
6.879739978331528283e-02
6.608884073672806336e-02
5.904658721560129830e-02
6.175514626218851777e-02
5.687973997833152551e-02
5.796316359696641191e-02
5.254604550379197991e-02
5.254604550379197991e-02
6.013001083423618470e-02
5.742145178764897218e-02
5.796316359696641191e-02
5.687973997833152551e-02
6.283856988082339723e-02
5.525460455037919938e-02
5.417118093174431298e-02
5.904658721560129830e-02
6.229685807150595750e-02
6.067172264355363137e-02
5.687973997833152551e-02
5.850487540628385857e-02
5.525460455037919938e-02
6.338028169014084390e-02
5.525460455037919938e-02
5.471289274106175271e-02
5.146262188515709352e-02
