1.000000000000000000e+00
8.701413427561837111e-01
8.374558303886925348e-01
7.853356890459364248e-01
8.277385159010600679e-01
7.959363957597173078e-01
7.862190812720848410e-01
7.915194346289752270e-01
7.623674911660777154e-01
7.667844522968197962e-01
7.420494699646643655e-01
7.243816254416961531e-01
7.208480565371024884e-01
7.120141342756183267e-01
7.226148409893993207e-01
7.120141342756183267e-01
7.058303886925795245e-01
7.199646643109540722e-01
6.969964664310953628e-01
7.014134275618374437e-01
6.651943462897526027e-01
6.722614840989399321e-01
6.572438162544169682e-01
6.227915194346289596e-01
6.192579505300352949e-01
6.210247349823321272e-01
6.201413427561837111e-01
5.936395759717314480e-01
6.068904593639575795e-01
5.874558303886925348e-01
5.962897526501766965e-01
6.201413427561837111e-01
5.724381625441695709e-01
5.644876325088339364e-01
5.856890459363958135e-01
5.724381625441695709e-01
5.697879858657244334e-01
5.574204946996466070e-01
5.432862190812720593e-01
5.609540636042402717e-01
5.238515901060070146e-01
5.424028268551236431e-01
5.353356890459364248e-01
5.017667844522968323e-01
5.309187279151943439e-01
5.512367491166078048e-01
5.088339222614840507e-01
4.805653710247349553e-01
4.717314487632509046e-01
4.761484098939929299e-01
4.796819787985865946e-01
4.885159010600706453e-01
4.858657243816254523e-01
4.796819787985865946e-01
4.743816254416960976e-01
4.699646643109540722e-01
4.673144876325088237e-01
4.399293286219081445e-01
4.399293286219081445e-01
4.337455830388692313e-01
4.213780918727915159e-01
4.196113074204946836e-01
4.249116607773851806e-01
4.346289752650176474e-01
4.275618374558303736e-01
4.187279151943462674e-01
3.957597173144876135e-01
4.143109540636042420e-01
4.045936395759717197e-01
4.054770318021201359e-01
3.886925795053003396e-01
4.028268551236748873e-01
3.948763250883391973e-01
3.789752650176678173e-01
3.754416961130742081e-01
3.833922261484098981e-01
3.754416961130742081e-01
3.666077738515901019e-01
3.851590106007067305e-01
3.639575971731448534e-01
3.551236749116608027e-01
3.727915194346289596e-01
3.604240282685512442e-01
3.365724381625441741e-01
3.630742049469964927e-01
3.674911660777385181e-01
3.595406360424028280e-01
3.392226148409894226e-01
3.480565371024734733e-01
3.436395759717314480e-01
3.348056537102473418e-01
3.462897526501766965e-01
3.542402826855123865e-01
3.401060070671377833e-01
3.427561837455830318e-01
3.197879858657243779e-01
3.418727915194346156e-01
3.242049469964664588e-01
3.109540636042402717e-01
3.056537102473498302e-01
3.127208480565371040e-01
3.109540636042402717e-01
3.144876325088339364e-01
3.197879858657243779e-01
2.985865724381625563e-01
3.003533568904593887e-01
2.879858657243816178e-01
2.924028268551236986e-01
3.038869257950529978e-01
2.835689045936395924e-01
2.977031802120141402e-01
2.994699646643109725e-01
2.729681978798586539e-01
2.950530035335688916e-01
2.915194346289752825e-01
2.897526501766784501e-01
2.835689045936395924e-01
2.517667844522968323e-01
2.729681978798586539e-01
2.791519434628975116e-01
2.703180212014134054e-01
2.712014134275618216e-01
2.720848056537102377e-01
2.420494699646643100e-01
2.570671378091872739e-01
2.482332155477031677e-01
2.588339222614841062e-01
2.349823321554770361e-01
2.420494699646643100e-01
2.526501766784452485e-01
2.314487632508833992e-01
2.305653710247349830e-01
2.606007067137809385e-01
2.305653710247349830e-01
2.420494699646643100e-01
2.234982332155477092e-01
2.429328621908127261e-01
2.455830388692579469e-01
2.128975265017667706e-01
2.234982332155477092e-01
2.340989399293286199e-01
2.376325088339222569e-01
2.155477031802120191e-01
2.093639575971731337e-01
2.199646643109540722e-01
2.234982332155477092e-01
2.305653710247349830e-01
2.173144876325088237e-01
2.226148409893992930e-01
2.128975265017667706e-01
2.181978798586572399e-01
2.075971731448763291e-01
2.040636042402826922e-01
2.093639575971731337e-01
2.385159010600706730e-01
2.243816254416961253e-01
2.252650176678445137e-01
2.164310954063604353e-01
2.075971731448763291e-01
2.093639575971731337e-01
2.058303886925794968e-01
2.128975265017667706e-01
2.155477031802120191e-01
2.102473498233215499e-01
2.146643109540636030e-01
2.128975265017667706e-01
2.226148409893992930e-01
2.128975265017667706e-01
2.164310954063604353e-01
2.155477031802120191e-01
2.199646643109540722e-01
2.031802120141342760e-01
2.067137809187279129e-01
1.996466431095406391e-01
2.199646643109540722e-01
1.952296819787985860e-01
2.128975265017667706e-01
2.093639575971731337e-01
1.996466431095406391e-01
1.934628975265017536e-01
1.863957597173144798e-01
1.846289752650176752e-01
1.969964664310954183e-01
1.855123674911660914e-01
1.978798586572438067e-01
1.890459363957597283e-01
1.863957597173144798e-01
1.810954063604240383e-01
1.996466431095406391e-01
1.908127208480565329e-01
1.766784452296819852e-01
1.934628975265017536e-01
1.916961130742049491e-01
1.766784452296819852e-01
1.837455830388692590e-01
1.872791519434628960e-01
1.837455830388692590e-01
1.678445229681978790e-01
1.696113074204947113e-01
1.713780918727915159e-01
1.757950530035335690e-01
1.634275618374558259e-01
1.643109540636042420e-01
1.669611307420494628e-01
1.660777385159010466e-01
1.643109540636042420e-01
1.731448763250883482e-01
1.598939929328621889e-01
1.687279151943462951e-01
1.607773851590106051e-01
1.634275618374558259e-01
1.643109540636042420e-01
1.634275618374558259e-01
1.598939929328621889e-01
1.563604240282685520e-01
1.704946996466430997e-01
1.678445229681978790e-01
1.607773851590106051e-01
1.554770318021201359e-01
1.598939929328621889e-01
1.749116607773851528e-01
1.572438162544169682e-01
1.590106007067137728e-01
1.501766784452296943e-01
1.510600706713780828e-01
1.395759717314487558e-01
1.448763250883392251e-01
1.413427561837455881e-01
1.422261484098940043e-01
1.439929328621908089e-01
1.378091872791519512e-01
1.457597173144876412e-01
1.369257950530035350e-01
1.431095406360423927e-01
1.422261484098940043e-01
1.510600706713780828e-01
1.307420494699646774e-01
1.342756183745583143e-01
1.431095406360423927e-01
1.395759717314487558e-01
1.307420494699646774e-01
1.298586572438162612e-01
1.439929328621908089e-01
1.395759717314487558e-01
1.378091872791519512e-01
1.351590106007067027e-01
1.351590106007067027e-01
1.325088339222614819e-01
1.236749116607773896e-01
1.254416961130742081e-01
1.307420494699646774e-01
1.378091872791519512e-01
1.272084805653710127e-01
1.157243816254416996e-01
1.289752650176678450e-01
1.316254416961130658e-01
1.333922261484098981e-01
1.298586572438162612e-01
1.316254416961130658e-01
1.457597173144876412e-01
1.254416961130742081e-01
1.219081272084805712e-01
1.166077738515901019e-01
1.307420494699646774e-01
1.166077738515901019e-01
1.245583038869257919e-01
1.210247349823321550e-01
1.263250883392226243e-01
1.219081272084805712e-01
1.183745583038869204e-01
1.192579505300353365e-01
1.210247349823321550e-01
1.148409893992932834e-01
1.201413427561837388e-01
1.272084805653710127e-01
1.210247349823321550e-01
1.210247349823321550e-01
1.307420494699646774e-01
1.148409893992932834e-01
1.183745583038869204e-01
1.157243816254416996e-01
1.263250883392226243e-01
1.139575971731448811e-01
9.540636042402826644e-02
1.068904593639575934e-01
1.104240282685512303e-01
1.086572438162544119e-01
1.086572438162544119e-01
1.139575971731448811e-01
9.982332155477031954e-02
1.183745583038869204e-01
9.982332155477031954e-02
1.095406360424028280e-01
9.982332155477031954e-02
1.077738515901060096e-01
1.086572438162544119e-01
1.060070671378091911e-01
9.187279151943462951e-02
9.982332155477031954e-02
9.540636042402826644e-02
9.628975265017668261e-02
9.363957597173144798e-02
9.628975265017668261e-02
1.060070671378091911e-01
9.540636042402826644e-02
9.098939929328621334e-02
7.773851590106006793e-02
9.540636042402826644e-02
1.015901060070671380e-01
9.010600706713781105e-02
8.303886925795052332e-02
9.010600706713781105e-02
9.805653710247350108e-02
9.275618374558304569e-02
9.805653710247350108e-02
9.452296819787986415e-02
9.805653710247350108e-02
9.717314487632508491e-02
8.745583038869257642e-02
9.098939929328621334e-02
8.922261484098939488e-02
8.657243816254417412e-02
8.833922261484099259e-02
9.098939929328621334e-02
8.215547703180212102e-02
8.922261484098939488e-02
7.243816254416961253e-02
7.685512367491166563e-02
7.508833922261484717e-02
9.098939929328621334e-02
7.773851590106006793e-02
8.038869257950530256e-02
7.597173144876324946e-02
7.243816254416961253e-02
8.038869257950530256e-02
8.303886925795052332e-02
7.950530035335688639e-02
7.773851590106006793e-02
7.243816254416961253e-02
7.685512367491166563e-02
7.773851590106006793e-02
6.625441696113074097e-02
8.303886925795052332e-02
7.773851590106006793e-02
8.568904593639575795e-02
8.038869257950530256e-02
7.597173144876324946e-02
7.508833922261484717e-02
8.215547703180212102e-02
8.215547703180212102e-02
7.508833922261484717e-02
7.067137809187279407e-02
7.420494699646643100e-02
7.773851590106006793e-02
7.067137809187279407e-02
7.597173144876324946e-02
7.332155477031801483e-02
7.420494699646643100e-02
6.360424028268550634e-02
6.890459363957597561e-02
8.392226148409893949e-02
6.978798586572437790e-02
7.685512367491166563e-02
7.773851590106006793e-02
7.685512367491166563e-02
7.508833922261484717e-02
7.420494699646643100e-02
6.978798586572437790e-02
6.890459363957597561e-02
6.978798586572437790e-02
6.978798586572437790e-02
6.272084805653710404e-02
6.007067137809186941e-02
7.332155477031801483e-02
7.685512367491166563e-02
6.890459363957597561e-02
6.537102473498233868e-02
6.890459363957597561e-02
7.773851590106006793e-02
8.038869257950530256e-02
6.890459363957597561e-02
6.978798586572437790e-02
6.272084805653710404e-02
7.332155477031801483e-02
6.625441696113074097e-02
7.420494699646643100e-02
6.537102473498233868e-02
6.448763250883392251e-02
6.802120141342755943e-02
7.773851590106006793e-02
6.978798586572437790e-02
8.038869257950530256e-02
6.713780918727915714e-02
5.830388692579505094e-02
6.537102473498233868e-02
6.713780918727915714e-02
7.950530035335688639e-02
6.713780918727915714e-02
6.448763250883392251e-02
6.625441696113074097e-02
6.095406360424028558e-02
