1.000000000000000000e+00
8.463114754098360892e-01
8.360655737704918433e-01
7.530737704918032405e-01
7.469262295081967595e-01
6.834016393442623460e-01
6.936475409836065920e-01
6.424180327868852514e-01
6.465163934426229053e-01
6.065573770491803351e-01
5.993852459016393297e-01
5.768442622950820109e-01
5.788934426229508379e-01
5.563524590163934080e-01
5.471311475409835756e-01
5.481557377049179891e-01
5.092213114754098324e-01
5.174180327868852514e-01
5.389344262295081567e-01
5.000000000000000000e-01
4.733606557377049162e-01
4.682377049180327933e-01
4.590163934426229608e-01
4.764344262295082122e-01
4.477459016393442459e-01
4.344262295081967040e-01
4.190573770491803351e-01
4.159836065573770392e-01
4.170081967213114527e-01
3.975409836065573743e-01
3.893442622950819554e-01
3.903688524590163689e-01
3.883196721311475419e-01
3.780737704918032960e-01
3.596311475409836311e-01
3.227459016393442459e-01
3.422131147540983798e-01
3.165983606557377095e-01
3.350409836065573743e-01
3.299180327868852514e-01
3.145491803278688270e-01
2.889344262295082122e-01
2.991803278688524581e-01
3.063524590163934636e-01
2.909836065573770392e-01
3.084016393442622905e-01
2.961065573770491621e-01
2.950819672131147486e-01
2.756147540983606703e-01
2.766393442622950838e-01
2.510245901639344135e-01
2.366803278688524581e-01
2.561475409836065364e-01
2.602459016393442459e-01
2.479508196721311453e-01
2.448770491803278770e-01
2.500000000000000000e-01
2.377049180327868716e-01
2.233606557377049162e-01
2.172131147540983520e-01
1.956967213114754189e-01
2.131147540983606425e-01
2.295081967213114804e-01
2.243852459016393575e-01
2.213114754098360615e-01
2.295081967213114804e-01
2.172131147540983520e-01
2.069672131147541061e-01
2.049180327868852514e-01
2.131147540983606425e-01
2.018442622950819554e-01
1.875000000000000000e-01
2.090163934426229608e-01
2.018442622950819554e-01
2.079918032786885196e-01
2.100409836065573743e-01
1.813524590163934358e-01
1.875000000000000000e-01
1.926229508196721230e-01
1.813524590163934358e-01
1.864754098360655865e-01
1.926229508196721230e-01
1.772540983606557263e-01
2.049180327868852514e-01
1.885245901639344135e-01
1.680327868852458939e-01
1.670081967213114804e-01
1.834016393442622905e-01
1.721311475409836034e-01
1.598360655737705027e-01
1.885245901639344135e-01
1.454918032786885196e-01
1.680327868852458939e-01
1.577868852459016480e-01
1.506147540983606425e-01
1.506147540983606425e-01
1.495901639344262291e-01
1.403688524590163966e-01
1.424180327868852514e-01
1.290983606557377095e-01
1.526639344262294973e-01
1.454918032786885196e-01
1.362704918032786872e-01
1.403688524590163966e-01
1.372950819672131284e-01
1.444672131147541061e-01
1.393442622950819554e-01
1.209016393442622905e-01
1.444672131147541061e-01
1.516393442622950838e-01
1.475409836065573743e-01
1.393442622950819554e-01
1.239754098360655726e-01
1.311475409836065642e-01
1.424180327868852514e-01
1.506147540983606425e-01
1.372950819672131284e-01
1.188524590163934358e-01
1.301229508196721230e-01
1.137295081967213128e-01
1.055327868852459078e-01
1.178278688524590223e-01
1.065573770491803213e-01
1.168032786885245949e-01
1.321721311475409777e-01
1.168032786885245949e-01
1.086065573770491760e-01
1.065573770491803213e-01
9.528688524590163411e-02
1.096311475409836034e-01
1.034836065573770530e-01
1.055327868852459078e-01
1.178278688524590223e-01
1.055327868852459078e-01
1.075819672131147486e-01
1.096311475409836034e-01
9.836065573770491621e-02
1.034836065573770530e-01
1.075819672131147486e-01
1.209016393442622905e-01
1.086065573770491760e-01
9.938524590163934358e-02
1.004098360655737709e-01
9.528688524590163411e-02
1.004098360655737709e-01
9.426229508196720674e-02
7.889344262295082399e-02
1.004098360655737709e-01
9.733606557377048885e-02
9.016393442622951115e-02
8.913934426229508379e-02
9.528688524590163411e-02
1.004098360655737709e-01
9.426229508196720674e-02
1.034836065573770530e-01
9.016393442622951115e-02
9.118852459016393852e-02
9.938524590163934358e-02
1.075819672131147486e-01
1.034836065573770530e-01
1.270491803278688547e-01
1.116803278688524581e-01
1.055327868852459078e-01
1.045081967213114804e-01
7.786885245901639663e-02
1.065573770491803213e-01
9.016393442622951115e-02
9.631147540983606148e-02
1.004098360655737709e-01
9.323770491803279326e-02
7.786885245901639663e-02
8.094262295081967873e-02
7.991803278688525136e-02
9.631147540983606148e-02
8.299180327868851959e-02
8.299180327868851959e-02
7.684426229508196926e-02
7.786885245901639663e-02
8.196721311475409222e-02
8.811475409836065642e-02
9.426229508196720674e-02
9.426229508196720674e-02
8.094262295081967873e-02
8.606557377049180169e-02
7.581967213114754189e-02
8.709016393442622905e-02
7.377049180327868716e-02
7.377049180327868716e-02
7.172131147540983243e-02
7.479508196721311453e-02
7.377049180327868716e-02
7.889344262295082399e-02
6.762295081967213684e-02
6.557377049180328210e-02
7.581967213114754189e-02
7.377049180327868716e-02
7.274590163934425979e-02
6.762295081967213684e-02
7.991803278688525136e-02
6.557377049180328210e-02
6.454918032786885473e-02
7.684426229508196926e-02
7.172131147540983243e-02
7.479508196721311453e-02
7.377049180327868716e-02
5.840163934426229747e-02
6.557377049180328210e-02
6.659836065573770947e-02
6.557377049180328210e-02
7.274590163934425979e-02
7.274590163934425979e-02
7.684426229508196926e-02
7.172131147540983243e-02
6.659836065573770947e-02
6.967213114754097769e-02
5.840163934426229747e-02
6.864754098360656420e-02
6.659836065573770947e-02
5.942622950819671790e-02
6.557377049180328210e-02
7.581967213114754189e-02
7.069672131147540506e-02
6.147540983606557263e-02
6.762295081967213684e-02
6.967213114754097769e-02
4.918032786885245811e-02
6.352459016393442737e-02
6.045081967213114527e-02
5.020491803278688547e-02
6.250000000000000000e-02
6.147540983606557263e-02
5.532786885245901537e-02
5.942622950819671790e-02
5.840163934426229747e-02
6.147540983606557263e-02
5.122950819672131284e-02
5.327868852459016064e-02
5.020491803278688547e-02
4.918032786885245811e-02
4.405737704918032821e-02
5.430327868852458800e-02
4.610655737704918294e-02
5.430327868852458800e-02
5.635245901639344274e-02
5.225409836065574021e-02
4.713114754098360337e-02
5.020491803278688547e-02
3.790983606557377095e-02
4.713114754098360337e-02
4.713114754098360337e-02
4.508196721311475558e-02
3.995901639344262568e-02
4.815573770491803074e-02
3.381147540983606842e-02
4.508196721311475558e-02
4.815573770491803074e-02
3.893442622950819831e-02
4.405737704918032821e-02
3.790983606557377095e-02
3.995901639344262568e-02
3.790983606557377095e-02
4.098360655737704611e-02
3.586065573770491621e-02
4.405737704918032821e-02
4.200819672131147348e-02
4.405737704918032821e-02
5.122950819672131284e-02
5.532786885245901537e-02
4.610655737704918294e-02
4.200819672131147348e-02
5.635245901639344274e-02
5.327868852459016064e-02
4.508196721311475558e-02
3.893442622950819831e-02
4.508196721311475558e-02
5.020491803278688547e-02
4.713114754098360337e-02
4.098360655737704611e-02
5.020491803278688547e-02
4.815573770491803074e-02
4.098360655737704611e-02
4.303278688524590084e-02
4.918032786885245811e-02
5.122950819672131284e-02
4.610655737704918294e-02
4.713114754098360337e-02
4.098360655737704611e-02
3.995901639344262568e-02
3.586065573770491621e-02
4.508196721311475558e-02
3.790983606557377095e-02
3.586065573770491621e-02
3.278688524590164105e-02
3.278688524590164105e-02
3.381147540983606842e-02
2.971311475409835895e-02
3.586065573770491621e-02
4.098360655737704611e-02
2.971311475409835895e-02
3.483606557377048885e-02
3.381147540983606842e-02
3.073770491803278632e-02
2.663934426229508032e-02
2.971311475409835895e-02
3.893442622950819831e-02
3.688524590163934358e-02
3.586065573770491621e-02
2.766393442622950768e-02
3.278688524590164105e-02
3.688524590163934358e-02
3.278688524590164105e-02
3.176229508196721368e-02
3.176229508196721368e-02
2.971311475409835895e-02
2.356557377049180169e-02
3.176229508196721368e-02
3.688524590163934358e-02
2.561475409836065642e-02
2.868852459016393505e-02
2.356557377049180169e-02
2.868852459016393505e-02
3.381147540983606842e-02
2.561475409836065642e-02
2.151639344262295042e-02
2.356557377049180169e-02
2.663934426229508032e-02
3.381147540983606842e-02
3.073770491803278632e-02
3.073770491803278632e-02
2.663934426229508032e-02
2.971311475409835895e-02
2.766393442622950768e-02
2.151639344262295042e-02
2.356557377049180169e-02
2.971311475409835895e-02
2.151639344262295042e-02
2.254098360655737779e-02
2.459016393442622905e-02
2.868852459016393505e-02
1.741803278688524442e-02
2.254098360655737779e-02
2.766393442622950768e-02
2.459016393442622905e-02
2.561475409836065642e-02
2.766393442622950768e-02
2.561475409836065642e-02
3.073770491803278632e-02
2.868852459016393505e-02
2.356557377049180169e-02
2.459016393442622905e-02
2.254098360655737779e-02
2.254098360655737779e-02
1.946721311475409916e-02
2.561475409836065642e-02
2.766393442622950768e-02
2.971311475409835895e-02
2.663934426229508032e-02
3.073770491803278632e-02
2.971311475409835895e-02
2.459016393442622905e-02
1.844262295081967179e-02
1.434426229508196753e-02
2.356557377049180169e-02
1.946721311475409916e-02
2.151639344262295042e-02
2.356557377049180169e-02
1.844262295081967179e-02
2.254098360655737779e-02
1.946721311475409916e-02
1.844262295081967179e-02
2.459016393442622905e-02
2.049180327868852305e-02
2.356557377049180169e-02
2.254098360655737779e-02
2.049180327868852305e-02
2.459016393442622905e-02
1.946721311475409916e-02
1.741803278688524442e-02
1.229508196721311453e-02
2.049180327868852305e-02
1.844262295081967179e-02
1.536885245901639316e-02
2.151639344262295042e-02
1.946721311475409916e-02
2.049180327868852305e-02
1.639344262295082053e-02
1.229508196721311453e-02
1.946721311475409916e-02
1.536885245901639316e-02
2.254098360655737779e-02
1.536885245901639316e-02
1.946721311475409916e-02
1.639344262295082053e-02
2.151639344262295042e-02
2.561475409836065642e-02
2.049180327868852305e-02
1.331967213114754016e-02
2.151639344262295042e-02
1.946721311475409916e-02
2.151639344262295042e-02
1.946721311475409916e-02
