1.000000000000000000e+00
8.367844092570037029e-01
7.539585870889159436e-01
7.259439707673568387e-01
7.064555420219245097e-01
6.961023142509135120e-01
6.674786845310596295e-01
6.607795371498172976e-01
5.901339829476248688e-01
5.809987819732034264e-01
5.706455542021924288e-01
5.499390986601705444e-01
5.621193666260657640e-01
5.542021924482338768e-01
5.414129110840438797e-01
5.164433617539585519e-01
5.146163215590743301e-01
4.908647990255785576e-01
4.939098660170523902e-01
4.725943970767356728e-01
4.567600487210718430e-01
4.482338611449451782e-01
4.476248477466504005e-01
4.269183922046285162e-01
4.220462850182704062e-01
4.092570036540804090e-01
4.123020706455541862e-01
3.873325213154689139e-01
3.830694275274055816e-01
3.982947624847746892e-01
3.763702801461631942e-01
3.745432399512789168e-01
3.654080389768574744e-01
3.684531059683313070e-01
3.574908647990255872e-01
3.422655298416565350e-01
3.197320341047503178e-01
3.294762484774664824e-01
3.288672350791717602e-01
3.124238733252131528e-01
3.118148599269183752e-01
3.081607795371498204e-01
2.953714981729598232e-01
3.032886723507917104e-01
2.886723507917174358e-01
2.838002436053593258e-01
2.868453105968331029e-01
2.795371498172959934e-01
2.710109622411693286e-01
2.898903775883069356e-01
2.716199756394640508e-01
2.728380024360536060e-01
2.655298416565164410e-01
2.515225334957368886e-01
2.649208282582216634e-01
2.655298416565164410e-01
2.551766138855054988e-01
2.454323995127892788e-01
2.521315468940316662e-01
2.338611449451887814e-01
2.356881851400730865e-01
2.405602923264311688e-01
2.332521315468940315e-01
2.436053593179050014e-01
2.271619975639463940e-01
2.308160779537149765e-01
2.222898903775883117e-01
2.155907429963459243e-01
2.222898903775883117e-01
2.168087697929354518e-01
1.954933008526187621e-01
2.028014616321558994e-01
1.930572472594397071e-01
2.113276492082825919e-01
1.845310596833130423e-01
1.936662606577344570e-01
1.869671132764920696e-01
1.814859926918392097e-01
1.680876979293544349e-01
1.674786845310596850e-01
1.790499390986601824e-01
1.674786845310596850e-01
1.693057247259439624e-01
1.638246041412911025e-01
1.790499390986601824e-01
1.577344701583434927e-01
1.607795371498172976e-01
1.589524969549330202e-01
1.431181485992691904e-01
1.583434835566382426e-01
1.571254567600487151e-01
1.552984165651644377e-01
1.534713763702801326e-01
1.412911084043848853e-01
1.443361753958587179e-01
1.504263093788063277e-01
1.510353227771011053e-01
1.425091352009744128e-01
1.443361753958587179e-01
1.382460414129110804e-01
1.443361753958587179e-01
1.425091352009744128e-01
1.364190012180268030e-01
1.443361753958587179e-01
1.278928136419001105e-01
1.291108404384896380e-01
1.272838002436053606e-01
1.285018270401948881e-01
1.291108404384896380e-01
1.278928136419001105e-01
1.303288672350791655e-01
1.358099878197320254e-01
1.187576126674786819e-01
1.419001218026796629e-01
1.339829476248477480e-01
1.297198538367844156e-01
1.364190012180268030e-01
1.278928136419001105e-01
1.236297198538367781e-01
1.260657734470158331e-01
1.090133982947624897e-01
1.157125456760048771e-01
1.126674786845310583e-01
1.181485992691839182e-01
1.163215590742996408e-01
1.102314250913520033e-01
1.023142509135201023e-01
1.071863580998781984e-01
1.096224116930572534e-01
1.151035322777101133e-01
1.114494518879415308e-01
1.114494518879415308e-01
1.041412911084043796e-01
1.071863580998781984e-01
1.053593179049939071e-01
1.023142509135201023e-01
1.090133982947624897e-01
8.647990255785627245e-02
9.683313032886722849e-02
8.952496954933009121e-02
9.622411693057247861e-02
9.744214372716199224e-02
9.378806333739342360e-02
1.035322777101096159e-01
9.744214372716199224e-02
9.500609013398295111e-02
8.708891595615103620e-02
9.500609013398295111e-02
9.439707673568818735e-02
8.769792935444579995e-02
9.257003654080389610e-02
9.074299634591960484e-02
9.257003654080389610e-02
9.622411693057247861e-02
8.830694275274056371e-02
7.856272838002435754e-02
8.038976857490864880e-02
8.343483556638245369e-02
8.099878197320341255e-02
8.221680876979294006e-02
7.551766138855055266e-02
7.551766138855055266e-02
7.429963459196102515e-02
7.429963459196102515e-02
7.734470158343483004e-02
7.673568818514006629e-02
7.429963459196102515e-02
7.247259439707673390e-02
7.125456760048720639e-02
7.125456760048720639e-02
7.429963459196102515e-02
6.699147381242387400e-02
6.760048721071863775e-02
6.029232643118148660e-02
7.369062119366626140e-02
7.003654080389767889e-02
6.881851400730816526e-02
7.125456760048720639e-02
6.942752740560292901e-02
7.429963459196102515e-02
7.490864799025578891e-02
6.333739342265529149e-02
6.516443361753958274e-02
5.968331303288672285e-02
6.090133982947625035e-02
6.820950060901340151e-02
5.968331303288672285e-02
6.760048721071863775e-02
6.211936662606577092e-02
6.394640682095005524e-02
5.785627283800243853e-02
5.968331303288672285e-02
5.237515225334957170e-02
6.577344701583434650e-02
5.724725943970767478e-02
6.090133982947625035e-02
6.151035322777101411e-02
5.359317904993909920e-02
5.481120584652862671e-02
5.298416565164433545e-02
5.115712545676005113e-02
5.176613885505480794e-02
5.663824604141291102e-02
4.993909866017052362e-02
5.663824604141291102e-02
5.298416565164433545e-02
4.750304506699147555e-02
5.115712545676005113e-02
5.115712545676005113e-02
5.542021924482338352e-02
5.176613885505480794e-02
5.237515225334957170e-02
5.602923264311814727e-02
5.054811205846528738e-02
5.481120584652862671e-02
5.420219244823386295e-02
5.602923264311814727e-02
5.542021924482338352e-02
4.933008526187575987e-02
5.542021924482338352e-02
5.176613885505480794e-02
5.481120584652862671e-02
5.481120584652862671e-02
4.628501827040194805e-02
4.811205846528623931e-02
5.115712545676005113e-02
5.602923264311814727e-02
4.993909866017052362e-02
5.054811205846528738e-02
5.115712545676005113e-02
4.506699147381242054e-02
4.811205846528623931e-02
4.993909866017052362e-02
4.933008526187575987e-02
5.237515225334957170e-02
5.176613885505480794e-02
4.872107186358099612e-02
4.445797807551766373e-02
4.445797807551766373e-02
4.872107186358099612e-02
4.263093788063337247e-02
4.202192448233860872e-02
3.958587088915956065e-02
3.775883069427527633e-02
3.775883069427527633e-02
3.897685749086479690e-02
3.349573690621193700e-02
3.654080389768574882e-02
4.080389768574908815e-02
4.141291108404385191e-02
3.410475030450670075e-02
2.984165651644336142e-02
3.471376370280146451e-02
3.105968331303288546e-02
3.471376370280146451e-02
3.227771010962240950e-02
3.349573690621193700e-02
3.105968331303288546e-02
3.775883069427527633e-02
4.080389768574908815e-02
4.141291108404385191e-02
3.288672350791717325e-02
3.593179049939098507e-02
3.105968331303288546e-02
3.288672350791717325e-02
3.958587088915956065e-02
3.105968331303288546e-02
2.801461632155907364e-02
3.045066991473812518e-02
3.410475030450670075e-02
2.375152253349573778e-02
2.496954933008526181e-02
3.105968331303288546e-02
2.801461632155907364e-02
2.862362971985383739e-02
3.227771010962240950e-02
3.288672350791717325e-02
2.801461632155907364e-02
2.923264311814859767e-02
2.923264311814859767e-02
2.923264311814859767e-02
3.105968331303288546e-02
2.801461632155907364e-02
2.557856272838002556e-02
2.131546894031668624e-02
2.253349573690621027e-02
2.496954933008526181e-02
2.192448233861144999e-02
2.679658952496954960e-02
2.253349573690621027e-02
1.948842874543239845e-02
2.314250913520097402e-02
2.375152253349573778e-02
2.740560292326431335e-02
2.862362971985383739e-02
2.740560292326431335e-02
1.887941534713763816e-02
2.436053593179049806e-02
2.679658952496954960e-02
2.618757612667478585e-02
2.436053593179049806e-02
2.436053593179049806e-02
2.679658952496954960e-02
2.192448233861144999e-02
2.253349573690621027e-02
2.375152253349573778e-02
2.740560292326431335e-02
2.618757612667478585e-02
2.801461632155907364e-02
2.253349573690621027e-02
2.131546894031668624e-02
2.436053593179049806e-02
2.557856272838002556e-02
2.253349573690621027e-02
2.679658952496954960e-02
2.618757612667478585e-02
2.862362971985383739e-02
2.557856272838002556e-02
2.740560292326431335e-02
2.375152253349573778e-02
2.192448233861144999e-02
2.618757612667478585e-02
2.923264311814859767e-02
2.679658952496954960e-02
2.618757612667478585e-02
2.436053593179049806e-02
2.618757612667478585e-02
2.679658952496954960e-02
2.618757612667478585e-02
2.557856272838002556e-02
2.375152253349573778e-02
3.105968331303288546e-02
2.192448233861144999e-02
2.253349573690621027e-02
2.314250913520097402e-02
2.496954933008526181e-02
2.618757612667478585e-02
2.375152253349573778e-02
2.436053593179049806e-02
2.192448233861144999e-02
1.948842874543239845e-02
2.375152253349573778e-02
2.070645554202192595e-02
2.375152253349573778e-02
2.192448233861144999e-02
2.375152253349573778e-02
2.009744214372716220e-02
2.314250913520097402e-02
2.618757612667478585e-02
2.314250913520097402e-02
2.192448233861144999e-02
2.496954933008526181e-02
1.705237515225335038e-02
2.253349573690621027e-02
2.009744214372716220e-02
2.314250913520097402e-02
1.827040194884287441e-02
2.009744214372716220e-02
2.131546894031668624e-02
2.253349573690621027e-02
2.496954933008526181e-02
2.679658952496954960e-02
2.009744214372716220e-02
2.192448233861144999e-02
2.436053593179049806e-02
2.557856272838002556e-02
2.436053593179049806e-02
2.192448233861144999e-02
2.436053593179049806e-02
1.948842874543239845e-02
2.436053593179049806e-02
2.314250913520097402e-02
2.314250913520097402e-02
2.375152253349573778e-02
2.618757612667478585e-02
2.618757612667478585e-02
2.192448233861144999e-02
1.948842874543239845e-02
2.253349573690621027e-02
2.131546894031668624e-02
2.070645554202192595e-02
1.827040194884287441e-02
1.705237515225335038e-02
1.948842874543239845e-02
2.314250913520097402e-02
1.948842874543239845e-02
2.192448233861144999e-02
2.131546894031668624e-02
2.375152253349573778e-02
2.070645554202192595e-02
2.314250913520097402e-02
2.557856272838002556e-02
2.009744214372716220e-02
2.070645554202192595e-02
2.496954933008526181e-02
2.253349573690621027e-02
2.375152253349573778e-02
2.009744214372716220e-02
2.009744214372716220e-02
2.009744214372716220e-02
2.070645554202192595e-02
