1.000000000000000000e+00
8.174539631705364240e-01
7.445956765412329315e-01
7.029623698959167610e-01
6.925540432345876907e-01
6.477181745396316526e-01
6.244995996797437776e-01
5.916733386709367437e-01
6.076861489191353050e-01
5.876701361088870756e-01
5.756605284227381825e-01
5.588470776621297098e-01
5.356285028022418349e-01
5.468374699759808166e-01
5.148118494795836941e-01
4.995996797437950443e-01
4.795836669335468150e-01
4.603682946357085526e-01
4.603682946357085526e-01
4.507606084867894491e-01
4.259407526020816404e-01
4.443554843875099913e-01
4.283426741393114301e-01
4.283426741393114301e-01
4.139311449159327472e-01
4.147317854283426586e-01
3.811048839071257133e-01
3.979183346677341859e-01
3.947157726180944848e-01
3.658927141713370634e-01
3.434747798238590999e-01
3.450760608486789227e-01
3.370696557245796421e-01
3.194555644515612580e-01
3.146517213771016785e-01
3.362690152121697307e-01
3.154523618895115900e-01
2.906325060048038367e-01
3.066453162530023979e-01
3.002401921537229956e-01
2.810248198558847332e-01
2.866293034427542241e-01
2.642113690952762051e-01
2.650120096076861720e-01
2.618094475580464153e-01
2.626100880704563822e-01
2.722177742193754857e-01
2.602081665332265925e-01
2.497998398718975221e-01
2.578062449959968028e-01
2.602081665332265925e-01
2.385908726981585404e-01
2.377902321857486012e-01
2.441953562850280313e-01
2.433947157726180921e-01
2.538030424339471347e-01
2.425940752602081529e-01
2.297838270616493206e-01
2.185748598879103388e-01
2.097678142514011190e-01
2.137710168134507593e-01
2.201761409127301894e-01
2.185748598879103388e-01
2.217774219375500400e-01
2.177742193755003997e-01
2.065652522017614179e-01
1.897518014411529175e-01
2.097678142514011190e-01
1.873498799039231277e-01
1.665332265812650148e-01
1.937550040032025578e-01
1.857485988791032772e-01
1.889511609287430061e-01
1.825460368294635760e-01
1.753402722177742068e-01
1.769415532425940851e-01
1.817453963170536368e-01
1.689351481184948045e-01
1.657325860688550756e-01
1.641313050440352250e-01
1.705364291433146551e-01
1.689351481184948045e-01
1.593274619695756733e-01
1.585268214571657341e-01
1.489191353082466029e-01
1.529223378702962433e-01
1.481184947958366638e-01
1.385108086469175326e-01
1.497197758206565144e-01
1.545236188951160938e-01
1.385108086469175326e-01
1.441152922337870235e-01
1.425140112089671729e-01
1.489191353082466029e-01
1.529223378702962433e-01
1.457165732586068740e-01
1.393114491593274717e-01
1.281024819855884622e-01
1.361088871096877428e-01
1.385108086469175326e-01
1.441152922337870235e-01
1.216973578863090460e-01
1.321056845476381025e-01
1.305044035228182520e-01
1.240992794235388358e-01
1.224979983987189713e-01
1.273018414731785508e-01
1.240992794235388358e-01
1.265012009607686116e-01
1.064851881505204101e-01
1.120896717373899149e-01
1.176941553242594057e-01
1.208967173738991208e-01
1.120896717373899149e-01
1.008807045636509192e-01
9.607686148919135360e-02
9.847878302642114334e-02
1.032826261008807089e-01
1.064851881505204101e-01
9.447558046437150303e-02
9.207365892714171329e-02
9.527622097678142832e-02
9.847878302642114334e-02
1.072858286629303493e-01
1.080864691753402745e-01
9.447558046437150303e-02
1.008807045636509192e-01
1.040832666132906342e-01
9.207365892714171329e-02
9.127301841473178801e-02
9.287429943955163858e-02
8.326661329063250738e-02
7.686148919135307733e-02
8.166533226581265681e-02
8.326661329063250738e-02
9.767814251401120418e-02
7.846277021617294178e-02
9.127301841473178801e-02
9.207365892714171329e-02
8.726981585268214769e-02
8.326661329063250738e-02
9.687750200160127889e-02
9.207365892714171329e-02
9.527622097678142832e-02
9.367493995196156387e-02
9.287429943955163858e-02
9.287429943955163858e-02
8.006405124099279236e-02
8.326661329063250738e-02
7.606084867894315205e-02
8.406725380304243267e-02
8.566853482786228324e-02
8.326661329063250738e-02
8.566853482786228324e-02
8.326661329063250738e-02
8.166533226581265681e-02
8.887109687750199827e-02
8.326661329063250738e-02
9.127301841473178801e-02
8.086469175340271764e-02
8.967173738991192355e-02
7.606084867894315205e-02
8.006405124099279236e-02
7.926341072858286707e-02
6.725380304243394614e-02
7.686148919135307733e-02
6.565252201761409556e-02
8.166533226581265681e-02
7.445956765412330147e-02
6.805444355484387142e-02
7.606084867894315205e-02
6.725380304243394614e-02
8.166533226581265681e-02
7.606084867894315205e-02
6.645316253002402085e-02
7.365892714171337619e-02
7.205764611689351173e-02
6.645316253002402085e-02
7.445956765412330147e-02
7.045636509207366116e-02
7.766212970376301650e-02
7.526020816653322676e-02
6.725380304243394614e-02
6.885508406725379671e-02
7.766212970376301650e-02
7.125700560448358645e-02
6.725380304243394614e-02
6.965572457966373587e-02
8.086469175340271764e-02
6.645316253002402085e-02
6.645316253002402085e-02
6.325060048038430582e-02
6.485188150520415640e-02
5.124099279423538489e-02
6.244995996797438054e-02
6.405124099279423111e-02
6.565252201761409556e-02
5.924739791833466551e-02
6.244995996797438054e-02
6.164931945556444831e-02
5.844675740592474023e-02
6.405124099279423111e-02
5.284227381905524240e-02
5.924739791833466551e-02
6.084867894315452302e-02
5.524419535628502520e-02
5.364291433146517463e-02
5.444355484387509991e-02
5.124099279423538489e-02
5.684547638110488271e-02
5.044035228182545960e-02
5.524419535628502520e-02
5.364291433146517463e-02
5.364291433146517463e-02
5.284227381905524240e-02
5.284227381905524240e-02
4.643714971977581929e-02
4.723779023218575152e-02
4.403522818254603649e-02
4.403522818254603649e-02
5.204163330664531711e-02
4.963971176941553431e-02
4.883907125700560209e-02
4.483586869495596178e-02
5.044035228182545960e-02
4.563650920736589400e-02
3.763010408326661338e-02
4.243394715772617898e-02
5.444355484387509991e-02
5.044035228182545960e-02
4.243394715772617898e-02
4.163330664531625369e-02
4.643714971977581929e-02
4.163330664531625369e-02
4.803843074459567680e-02
4.403522818254603649e-02
4.163330664531625369e-02
4.323458767013611120e-02
4.403522818254603649e-02
4.883907125700560209e-02
4.483586869495596178e-02
4.003202562049639618e-02
4.323458767013611120e-02
4.163330664531625369e-02
4.403522818254603649e-02
4.883907125700560209e-02
3.923138510808647089e-02
4.003202562049639618e-02
4.083266613290632840e-02
4.163330664531625369e-02
4.323458767013611120e-02
4.323458767013611120e-02
3.682946357085668809e-02
3.362690152121697307e-02
3.442754203362689835e-02
3.602882305844675587e-02
3.843074459567653867e-02
4.163330664531625369e-02
4.243394715772617898e-02
3.763010408326661338e-02
4.483586869495596178e-02
3.682946357085668809e-02
4.083266613290632840e-02
3.843074459567653867e-02
3.362690152121697307e-02
3.522818254603683058e-02
3.522818254603683058e-02
3.763010408326661338e-02
4.323458767013611120e-02
3.202562049639711556e-02
3.202562049639711556e-02
3.843074459567653867e-02
4.243394715772617898e-02
4.403522818254603649e-02
4.163330664531625369e-02
4.163330664531625369e-02
4.323458767013611120e-02
3.763010408326661338e-02
3.682946357085668809e-02
3.923138510808647089e-02
2.882305844675740747e-02
3.122497998398719027e-02
3.923138510808647089e-02
3.682946357085668809e-02
3.682946357085668809e-02
3.602882305844675587e-02
4.003202562049639618e-02
3.602882305844675587e-02
3.843074459567653867e-02
3.122497998398719027e-02
2.722177742193754996e-02
3.923138510808647089e-02
3.522818254603683058e-02
2.802241793434747871e-02
3.442754203362689835e-02
3.682946357085668809e-02
3.763010408326661338e-02
3.763010408326661338e-02
3.602882305844675587e-02
3.602882305844675587e-02
2.802241793434747871e-02
3.202562049639711556e-02
3.602882305844675587e-02
2.802241793434747871e-02
3.042433947157726151e-02
3.442754203362689835e-02
2.882305844675740747e-02
3.843074459567653867e-02
3.522818254603683058e-02
2.962369895916733276e-02
3.442754203362689835e-02
3.202562049639711556e-02
3.202562049639711556e-02
2.642113690952762120e-02
2.001601281024819809e-02
2.481985588470776716e-02
2.401921537229783840e-02
2.642113690952762120e-02
2.241793434747798089e-02
2.722177742193754996e-02
2.401921537229783840e-02
2.722177742193754996e-02
2.241793434747798089e-02
2.401921537229783840e-02
2.001601281024819809e-02
2.802241793434747871e-02
2.562049639711769244e-02
2.161729383506805560e-02
2.401921537229783840e-02
2.642113690952762120e-02
2.401921537229783840e-02
3.042433947157726151e-02
2.722177742193754996e-02
2.401921537229783840e-02
2.962369895916733276e-02
3.122497998398719027e-02
2.481985588470776716e-02
2.562049639711769244e-02
2.802241793434747871e-02
2.882305844675740747e-02
3.042433947157726151e-02
3.442754203362689835e-02
2.962369895916733276e-02
2.722177742193754996e-02
2.562049639711769244e-02
3.763010408326661338e-02
2.962369895916733276e-02
3.282626100880704778e-02
2.481985588470776716e-02
2.802241793434747871e-02
2.321857485988790964e-02
2.642113690952762120e-02
2.802241793434747871e-02
2.642113690952762120e-02
2.882305844675740747e-02
3.282626100880704778e-02
3.122497998398719027e-02
3.202562049639711556e-02
2.642113690952762120e-02
2.722177742193754996e-02
2.481985588470776716e-02
2.321857485988790964e-02
2.321857485988790964e-02
3.122497998398719027e-02
2.562049639711769244e-02
2.802241793434747871e-02
3.202562049639711556e-02
2.722177742193754996e-02
3.042433947157726151e-02
3.122497998398719027e-02
2.722177742193754996e-02
2.642113690952762120e-02
3.442754203362689835e-02
3.282626100880704778e-02
2.642113690952762120e-02
3.442754203362689835e-02
3.362690152121697307e-02
3.122497998398719027e-02
2.562049639711769244e-02
2.802241793434747871e-02
2.562049639711769244e-02
2.962369895916733276e-02
2.802241793434747871e-02
2.882305844675740747e-02
2.642113690952762120e-02
2.882305844675740747e-02
2.562049639711769244e-02
2.081665332265812685e-02
2.161729383506805560e-02
1.841473178542834405e-02
2.481985588470776716e-02
2.481985588470776716e-02
2.161729383506805560e-02
2.241793434747798089e-02
2.161729383506805560e-02
2.562049639711769244e-02
2.001601281024819809e-02
2.001601281024819809e-02
2.401921537229783840e-02
2.001601281024819809e-02
1.841473178542834405e-02
