1.000000000000000000e+00
8.440860215053763715e-01
7.956989247311827551e-01
6.827956989247311315e-01
6.881720430107527431e-01
7.150537634408602461e-01
7.150537634408602461e-01
6.774193548387096309e-01
7.150537634408602461e-01
7.096774193548387455e-01
6.827956989247311315e-01
6.129032258064516236e-01
6.666666666666666297e-01
7.150537634408602461e-01
6.290322580645161255e-01
6.559139784946236285e-01
6.720430107526881303e-01
5.698924731182796188e-01
6.129032258064516236e-01
5.698924731182796188e-01
6.182795698924731242e-01
6.236559139784946248e-01
6.290322580645161255e-01
6.505376344086021279e-01
5.376344086021505042e-01
5.860215053763441206e-01
5.913978494623656212e-01
5.483870967741935054e-01
6.182795698924731242e-01
5.430107526881720048e-01
5.215053763440860024e-01
5.322580645161290036e-01
4.677419354838709409e-01
5.537634408602150060e-01
5.537634408602150060e-01
5.483870967741935054e-01
5.752688172043011194e-01
5.000000000000000000e-01
5.537634408602150060e-01
4.838709677419354982e-01
5.591397849462365066e-01
5.322580645161290036e-01
5.537634408602150060e-01
5.591397849462365066e-01
4.731182795698924970e-01
5.107526881720430012e-01
4.784946236559139976e-01
4.892473118279569988e-01
4.623655913978494403e-01
5.376344086021505042e-01
4.838709677419354982e-01
4.623655913978494403e-01
4.569892473118279397e-01
4.623655913978494403e-01
4.677419354838709409e-01
4.623655913978494403e-01
4.731182795698924970e-01
4.946236559139784994e-01
5.376344086021505042e-01
5.107526881720430012e-01
4.677419354838709409e-01
4.516129032258064391e-01
4.946236559139784994e-01
4.677419354838709409e-01
4.731182795698924970e-01
4.838709677419354982e-01
4.354838709677419373e-01
4.569892473118279397e-01
3.870967741935483764e-01
4.569892473118279397e-01
4.462365591397849385e-01
4.946236559139784994e-01
5.376344086021505042e-01
4.892473118279569988e-01
4.139784946236559349e-01
4.516129032258064391e-01
4.462365591397849385e-01
5.000000000000000000e-01
4.408602150537634379e-01
4.086021505376344343e-01
5.107526881720430012e-01
4.784946236559139976e-01
4.569892473118279397e-01
4.569892473118279397e-01
5.053763440860215006e-01
4.408602150537634379e-01
4.354838709677419373e-01
4.731182795698924970e-01
4.731182795698924970e-01
4.892473118279569988e-01
4.731182795698924970e-01
4.892473118279569988e-01
4.301075268817204367e-01
4.677419354838709409e-01
4.516129032258064391e-01
4.139784946236559349e-01
3.870967741935483764e-01
3.763440860215053752e-01
4.032258064516128782e-01
4.247311827956989361e-01
3.763440860215053752e-01
4.516129032258064391e-01
4.139784946236559349e-01
4.247311827956989361e-01
4.301075268817204367e-01
4.569892473118279397e-01
4.784946236559139976e-01
4.032258064516128782e-01
4.139784946236559349e-01
4.301075268817204367e-01
3.978494623655913776e-01
4.139784946236559349e-01
3.870967741935483764e-01
4.677419354838709409e-01
4.731182795698924970e-01
4.301075268817204367e-01
4.569892473118279397e-01
3.655913978494623739e-01
3.978494623655913776e-01
3.870967741935483764e-01
4.301075268817204367e-01
4.086021505376344343e-01
3.978494623655913776e-01
4.086021505376344343e-01
3.924731182795698770e-01
3.763440860215053752e-01
3.763440860215053752e-01
3.817204301075268758e-01
3.870967741935483764e-01
3.387096774193548154e-01
3.709677419354838745e-01
3.387096774193548154e-01
3.602150537634408733e-01
4.247311827956989361e-01
3.655913978494623739e-01
4.193548387096774355e-01
4.139784946236559349e-01
4.193548387096774355e-01
3.548387096774193727e-01
3.440860215053763715e-01
3.655913978494623739e-01
4.032258064516128782e-01
3.064516129032258118e-01
3.709677419354838745e-01
4.462365591397849385e-01
3.602150537634408733e-01
3.225806451612903136e-01
3.494623655913978721e-01
3.870967741935483764e-01
3.440860215053763715e-01
3.709677419354838745e-01
3.602150537634408733e-01
3.655913978494623739e-01
4.139784946236559349e-01
3.494623655913978721e-01
3.763440860215053752e-01
3.494623655913978721e-01
3.602150537634408733e-01
3.548387096774193727e-01
3.387096774193548154e-01
3.279569892473118142e-01
3.602150537634408733e-01
3.870967741935483764e-01
3.494623655913978721e-01
3.709677419354838745e-01
3.763440860215053752e-01
3.763440860215053752e-01
3.279569892473118142e-01
3.978494623655913776e-01
2.903225806451613100e-01
3.602150537634408733e-01
3.279569892473118142e-01
3.118279569892473124e-01
3.548387096774193727e-01
3.548387096774193727e-01
3.494623655913978721e-01
3.333333333333333148e-01
3.118279569892473124e-01
3.010752688172043112e-01
3.387096774193548154e-01
3.548387096774193727e-01
3.225806451612903136e-01
3.655913978494623739e-01
3.440860215053763715e-01
3.225806451612903136e-01
3.494623655913978721e-01
3.709677419354838745e-01
3.387096774193548154e-01
3.602150537634408733e-01
3.333333333333333148e-01
3.440860215053763715e-01
3.172043010752688130e-01
3.387096774193548154e-01
3.655913978494623739e-01
3.817204301075268758e-01
3.709677419354838745e-01
3.387096774193548154e-01
3.440860215053763715e-01
3.494623655913978721e-01
3.387096774193548154e-01
3.709677419354838745e-01
3.010752688172043112e-01
3.064516129032258118e-01
3.333333333333333148e-01
3.494623655913978721e-01
3.387096774193548154e-01
3.440860215053763715e-01
3.548387096774193727e-01
2.849462365591398094e-01
3.064516129032258118e-01
3.440860215053763715e-01
3.602150537634408733e-01
3.279569892473118142e-01
2.903225806451613100e-01
3.118279569892473124e-01
3.172043010752688130e-01
3.548387096774193727e-01
3.494623655913978721e-01
3.064516129032258118e-01
3.279569892473118142e-01
3.709677419354838745e-01
3.064516129032258118e-01
2.741935483870967527e-01
3.279569892473118142e-01
3.548387096774193727e-01
3.763440860215053752e-01
3.010752688172043112e-01
3.118279569892473124e-01
3.010752688172043112e-01
3.333333333333333148e-01
3.494623655913978721e-01
3.010752688172043112e-01
2.688172043010752521e-01
2.956989247311828106e-01
3.172043010752688130e-01
3.602150537634408733e-01
3.225806451612903136e-01
3.118279569892473124e-01
3.225806451612903136e-01
3.333333333333333148e-01
3.333333333333333148e-01
3.118279569892473124e-01
3.333333333333333148e-01
3.118279569892473124e-01
3.602150537634408733e-01
3.494623655913978721e-01
3.064516129032258118e-01
3.387096774193548154e-01
3.279569892473118142e-01
3.118279569892473124e-01
3.655913978494623739e-01
3.225806451612903136e-01
3.333333333333333148e-01
3.602150537634408733e-01
3.064516129032258118e-01
3.763440860215053752e-01
3.118279569892473124e-01
3.548387096774193727e-01
3.387096774193548154e-01
3.333333333333333148e-01
3.333333333333333148e-01
3.817204301075268758e-01
3.118279569892473124e-01
2.903225806451613100e-01
3.010752688172043112e-01
3.010752688172043112e-01
2.903225806451613100e-01
3.010752688172043112e-01
3.440860215053763715e-01
2.795698924731182533e-01
3.225806451612903136e-01
3.118279569892473124e-01
3.225806451612903136e-01
3.118279569892473124e-01
2.526881720430107503e-01
2.956989247311828106e-01
3.279569892473118142e-01
3.387096774193548154e-01
3.010752688172043112e-01
3.118279569892473124e-01
3.279569892473118142e-01
3.225806451612903136e-01
2.688172043010752521e-01
3.440860215053763715e-01
3.333333333333333148e-01
3.225806451612903136e-01
2.956989247311828106e-01
3.225806451612903136e-01
2.580645161290322509e-01
3.064516129032258118e-01
2.956989247311828106e-01
3.333333333333333148e-01
3.440860215053763715e-01
3.172043010752688130e-01
3.333333333333333148e-01
3.225806451612903136e-01
2.903225806451613100e-01
2.634408602150537515e-01
2.580645161290322509e-01
3.602150537634408733e-01
3.279569892473118142e-01
2.741935483870967527e-01
2.956989247311828106e-01
3.279569892473118142e-01
3.118279569892473124e-01
2.956989247311828106e-01
2.580645161290322509e-01
2.419354838709677491e-01
2.956989247311828106e-01
3.064516129032258118e-01
2.580645161290322509e-01
3.172043010752688130e-01
3.172043010752688130e-01
2.688172043010752521e-01
3.118279569892473124e-01
3.494623655913978721e-01
2.956989247311828106e-01
3.172043010752688130e-01
3.064516129032258118e-01
2.688172043010752521e-01
3.064516129032258118e-01
2.849462365591398094e-01
3.279569892473118142e-01
3.118279569892473124e-01
2.903225806451613100e-01
2.849462365591398094e-01
2.311827956989247201e-01
2.580645161290322509e-01
3.010752688172043112e-01
3.010752688172043112e-01
3.010752688172043112e-01
3.064516129032258118e-01
3.172043010752688130e-01
2.795698924731182533e-01
3.010752688172043112e-01
2.688172043010752521e-01
2.795698924731182533e-01
2.849462365591398094e-01
2.741935483870967527e-01
3.118279569892473124e-01
2.956989247311828106e-01
2.903225806451613100e-01
3.010752688172043112e-01
2.688172043010752521e-01
2.096774193548387177e-01
2.741935483870967527e-01
2.634408602150537515e-01
3.118279569892473124e-01
2.741935483870967527e-01
2.956989247311828106e-01
3.172043010752688130e-01
2.741935483870967527e-01
2.795698924731182533e-01
3.010752688172043112e-01
2.526881720430107503e-01
2.580645161290322509e-01
2.795698924731182533e-01
3.064516129032258118e-01
2.580645161290322509e-01
2.849462365591398094e-01
3.064516129032258118e-01
2.849462365591398094e-01
2.795698924731182533e-01
3.010752688172043112e-01
3.010752688172043112e-01
3.172043010752688130e-01
2.688172043010752521e-01
2.849462365591398094e-01
2.688172043010752521e-01
3.279569892473118142e-01
3.010752688172043112e-01
2.741935483870967527e-01
3.010752688172043112e-01
3.064516129032258118e-01
3.225806451612903136e-01
2.956989247311828106e-01
2.580645161290322509e-01
3.440860215053763715e-01
2.741935483870967527e-01
2.311827956989247201e-01
2.419354838709677491e-01
2.741935483870967527e-01
3.172043010752688130e-01
3.064516129032258118e-01
3.172043010752688130e-01
3.064516129032258118e-01
3.064516129032258118e-01
3.172043010752688130e-01
3.010752688172043112e-01
2.903225806451613100e-01
2.741935483870967527e-01
3.010752688172043112e-01
2.526881720430107503e-01
3.440860215053763715e-01
2.580645161290322509e-01
3.064516129032258118e-01
3.118279569892473124e-01
2.580645161290322509e-01
3.064516129032258118e-01
3.118279569892473124e-01
2.419354838709677491e-01
