1.000000000000000000e+00
8.314606741573034032e-01
7.921348314606742047e-01
7.404494382022471788e-01
6.595505617977528434e-01
6.943820224719101653e-01
6.280898876404494846e-01
5.719101123595505820e-01
5.842696629213482984e-01
5.741573033707865203e-01
5.876404494382022614e-01
5.775280898876404834e-01
5.741573033707865203e-01
5.483146067415730629e-01
5.179775280898876177e-01
5.460674157303371246e-01
5.134831460674157411e-01
4.943820224719100986e-01
4.808988764044943576e-01
4.685393258426966412e-01
4.629213483146067398e-01
4.337078651685393194e-01
4.325842696629213502e-01
4.258426966292134797e-01
4.146067415730337324e-01
4.067415730337078927e-01
4.123595505617977386e-01
4.033707865168539297e-01
3.764044943820224476e-01
3.662921348314606695e-01
3.685393258426966079e-01
3.573033707865168607e-01
3.528089887640449285e-01
3.505617977528089901e-01
3.561797752808988915e-01
3.292134831460674094e-01
3.337078651685393416e-01
3.280898876404494402e-01
3.348314606741573107e-01
3.168539325842696375e-01
3.112359550561797916e-01
3.213483146067415697e-01
3.258426966292135019e-01
2.999999999999999889e-01
3.044943820224719211e-01
3.067415730337078594e-01
3.146067415730336991e-01
3.078651685393258286e-01
2.853932584269662787e-01
2.617977528089887596e-01
2.966292134831460814e-01
2.685393258426966301e-01
2.561797752808988582e-01
2.550561797752808890e-01
2.573033707865168274e-01
2.539325842696629199e-01
2.629213483146067287e-01
2.292134831460674038e-01
2.528089887640449507e-01
2.314606741573033699e-01
2.314606741573033699e-01
2.258426966292134963e-01
2.337078651685393360e-01
2.101123595505617891e-01
2.078651685393258508e-01
2.089887640449438200e-01
2.056179775280898847e-01
2.247191011235954994e-01
2.191011235955056258e-01
2.247191011235954994e-01
2.078651685393258508e-01
2.101123595505617891e-01
2.123595505617977552e-01
2.191011235955056258e-01
2.146067415730337213e-01
2.179775280898876288e-01
2.134831460674157244e-01
1.988764044943820142e-01
2.168539325842696597e-01
2.224719101123595610e-01
1.943820224719101097e-01
1.988764044943820142e-01
1.887640449438202361e-01
1.887640449438202361e-01
1.988764044943820142e-01
1.685393258426966245e-01
1.662921348314606862e-01
1.584269662921348187e-01
1.831460674157303348e-01
1.640449438202247201e-01
1.932584269662921406e-01
1.887640449438202361e-01
1.730337078651685290e-01
1.786516853932584303e-01
1.797752808988763995e-01
1.730337078651685290e-01
1.730337078651685290e-01
1.685393258426966245e-01
1.438202247191011363e-01
1.797752808988763995e-01
1.696629213483145937e-01
1.932584269662921406e-01
1.696629213483145937e-01
1.528089887640449451e-01
1.595505617977528157e-01
1.494382022471910099e-01
1.584269662921348187e-01
1.662921348314606862e-01
1.752808988764044951e-01
1.573033707865168496e-01
1.550561797752809112e-01
1.415730337078651702e-01
1.494382022471910099e-01
1.505617977528089790e-01
1.393258426966292041e-01
1.528089887640449451e-01
1.561797752808988804e-01
1.505617977528089790e-01
1.449438202247191054e-01
1.662921348314606862e-01
1.415730337078651702e-01
1.438202247191011363e-01
1.516853932584269760e-01
1.314606741573033644e-01
1.471910112359550438e-01
1.539325842696629143e-01
1.539325842696629143e-01
1.539325842696629143e-01
1.471910112359550438e-01
1.292134831460674260e-01
1.258426966292134908e-01
1.258426966292134908e-01
1.494382022471910099e-01
1.337078651685393305e-01
1.449438202247191054e-01
1.314606741573033644e-01
1.112359550561797805e-01
1.191011235955056202e-01
1.314606741573033644e-01
1.393258426966292041e-01
1.314606741573033644e-01
1.337078651685393305e-01
1.359550561797752688e-01
1.191011235955056202e-01
1.134831460674157327e-01
1.348314606741572996e-01
1.134831460674157327e-01
1.168539325842696680e-01
1.258426966292134908e-01
1.337078651685393305e-01
1.258426966292134908e-01
1.078651685393258453e-01
1.235955056179775247e-01
1.134831460674157327e-01
1.191011235955056202e-01
1.112359550561797805e-01
1.146067415730337019e-01
1.112359550561797805e-01
1.224719101123595555e-01
1.213483146067415724e-01
1.224719101123595555e-01
1.258426966292134908e-01
1.146067415730337019e-01
1.033707865168539269e-01
1.056179775280898930e-01
1.269662921348314599e-01
1.224719101123595555e-01
1.146067415730337019e-01
1.202247191011235894e-01
1.179775280898876372e-01
1.101123595505617975e-01
1.056179775280898930e-01
1.056179775280898930e-01
1.056179775280898930e-01
1.089887640449438144e-01
1.011235955056179747e-01
1.089887640449438144e-01
8.651685393258426449e-02
1.000000000000000056e-01
9.213483146067415197e-02
8.876404494382023058e-02
8.651685393258426449e-02
9.662921348314607028e-02
8.651685393258426449e-02
1.101123595505617975e-01
9.662921348314607028e-02
8.089887640449437700e-02
9.438202247191011807e-02
8.988764044943819975e-02
1.011235955056179747e-01
9.438202247191011807e-02
8.426966292134831227e-02
8.202247191011236005e-02
8.651685393258426449e-02
7.865168539325842478e-02
8.089887640449437700e-02
8.651685393258426449e-02
9.213483146067415197e-02
9.101123595505618280e-02
7.977528089887640783e-02
9.101123595505618280e-02
7.528089887640448952e-02
8.876404494382023058e-02
8.314606741573034310e-02
8.314606741573034310e-02
8.202247191011236005e-02
8.426966292134831227e-02
8.988764044943819975e-02
8.876404494382023058e-02
7.977528089887640783e-02
9.662921348314607028e-02
7.752808988764045561e-02
7.303370786516853730e-02
7.752808988764045561e-02
7.191011235955056813e-02
8.089887640449437700e-02
7.865168539325842478e-02
8.764044943820224753e-02
7.640449438202247257e-02
7.078651685393258508e-02
8.764044943820224753e-02
7.303370786516853730e-02
7.303370786516853730e-02
7.078651685393258508e-02
7.752808988764045561e-02
7.977528089887640783e-02
8.202247191011236005e-02
6.067415730337078622e-02
7.191011235955056813e-02
6.067415730337078622e-02
6.404494382022471455e-02
6.629213483146068064e-02
5.730337078651685095e-02
4.943820224719101125e-02
5.730337078651685095e-02
6.179775280898876233e-02
5.617977528089887485e-02
5.955056179775281011e-02
5.617977528089887485e-02
5.505617977528089874e-02
6.741573033707864981e-02
6.292134831460674538e-02
6.516853932584269760e-02
6.741573033707864981e-02
6.629213483146068064e-02
6.629213483146068064e-02
5.955056179775281011e-02
6.741573033707864981e-02
6.516853932584269760e-02
6.853932584269663286e-02
5.393258426966292263e-02
6.404494382022471455e-02
5.505617977528089874e-02
5.393258426966292263e-02
5.617977528089887485e-02
5.730337078651685095e-02
5.393258426966292263e-02
5.168539325842696347e-02
5.393258426966292263e-02
5.955056179775281011e-02
5.955056179775281011e-02
5.955056179775281011e-02
5.168539325842696347e-02
4.943820224719101125e-02
5.730337078651685095e-02
5.842696629213483400e-02
4.943820224719101125e-02
5.617977528089887485e-02
5.056179775280898736e-02
4.382022471910112377e-02
4.719101123595505903e-02
5.168539325842696347e-02
5.393258426966292263e-02
5.056179775280898736e-02
4.831460674157303514e-02
5.505617977528089874e-02
4.943820224719101125e-02
5.505617977528089874e-02
5.280898876404494652e-02
3.707865168539326017e-02
5.730337078651685095e-02
5.280898876404494652e-02
5.056179775280898736e-02
4.719101123595505903e-02
5.056179775280898736e-02
4.943820224719101125e-02
4.157303370786517155e-02
4.382022471910112377e-02
4.382022471910112377e-02
4.382022471910112377e-02
4.719101123595505903e-02
4.606741573033707599e-02
4.269662921348314766e-02
4.269662921348314766e-02
4.382022471910112377e-02
5.280898876404494652e-02
5.056179775280898736e-02
3.820224719101123628e-02
4.943820224719101125e-02
4.157303370786517155e-02
4.494382022471909988e-02
4.606741573033707599e-02
4.382022471910112377e-02
3.932584269662921239e-02
5.056179775280898736e-02
3.820224719101123628e-02
4.719101123595505903e-02
4.044943820224718850e-02
5.280898876404494652e-02
4.382022471910112377e-02
4.382022471910112377e-02
4.044943820224718850e-02
3.483146067415730102e-02
3.483146067415730102e-02
4.269662921348314766e-02
4.382022471910112377e-02
3.483146067415730102e-02
4.157303370786517155e-02
4.157303370786517155e-02
4.606741573033707599e-02
3.820224719101123628e-02
4.494382022471909988e-02
3.820224719101123628e-02
3.707865168539326017e-02
3.370786516853932491e-02
3.820224719101123628e-02
3.595505617977528406e-02
3.370786516853932491e-02
4.606741573033707599e-02
4.494382022471909988e-02
4.494382022471909988e-02
4.606741573033707599e-02
4.831460674157303514e-02
4.719101123595505903e-02
4.606741573033707599e-02
4.606741573033707599e-02
3.483146067415730102e-02
4.606741573033707599e-02
4.606741573033707599e-02
3.820224719101123628e-02
4.831460674157303514e-02
4.044943820224718850e-02
3.595505617977528406e-02
4.157303370786517155e-02
3.932584269662921239e-02
3.370786516853932491e-02
4.269662921348314766e-02
3.595505617977528406e-02
4.044943820224718850e-02
4.157303370786517155e-02
4.831460674157303514e-02
4.157303370786517155e-02
3.932584269662921239e-02
4.044943820224718850e-02
3.707865168539326017e-02
3.707865168539326017e-02
4.044943820224718850e-02
3.258426966292134880e-02
3.820224719101123628e-02
3.820224719101123628e-02
3.932584269662921239e-02
3.146067415730337269e-02
3.033707865168539311e-02
2.921348314606741700e-02
2.471910112359550563e-02
2.921348314606741700e-02
3.146067415730337269e-02
2.696629213483146131e-02
2.696629213483146131e-02
2.808988764044943742e-02
3.033707865168539311e-02
2.808988764044943742e-02
2.134831460674157383e-02
3.146067415730337269e-02
2.471910112359550563e-02
2.584269662921348173e-02
2.584269662921348173e-02
2.808988764044943742e-02
2.921348314606741700e-02
3.033707865168539311e-02
3.483146067415730102e-02
4.494382022471909988e-02
3.370786516853932491e-02
2.359550561797752952e-02
2.696629213483146131e-02
3.483146067415730102e-02
3.146067415730337269e-02
2.921348314606741700e-02
3.146067415730337269e-02
3.595505617977528406e-02
3.370786516853932491e-02
3.146067415730337269e-02
2.808988764044943742e-02
2.584269662921348173e-02
4.157303370786517155e-02
3.370786516853932491e-02
3.820224719101123628e-02
4.494382022471909988e-02
3.370786516853932491e-02
3.370786516853932491e-02
3.820224719101123628e-02
