1.000000000000000000e+00
7.974927675988428000e-01
7.049180327868852514e-01
6.721311475409835756e-01
6.306653809064609595e-01
6.624879459980713703e-01
6.190935390549662243e-01
5.998071359691417026e-01
5.602700096432015053e-01
5.573770491803278215e-01
5.245901639344262568e-01
5.130183220829315216e-01
5.120540019286402567e-01
4.744455159112825338e-01
4.648023143683702729e-01
4.551591128254580676e-01
4.349083895853423365e-01
4.397299903567984392e-01
4.397299903567984392e-01
3.915139826422372460e-01
3.616200578592092540e-01
3.712632594021215149e-01
3.712632594021215149e-01
3.751205400192864081e-01
3.645130183220829378e-01
3.404050144648023135e-01
3.211186113789778473e-01
3.500482160077145743e-01
3.413693346190935229e-01
3.076181292189006933e-01
2.999035679845708513e-01
3.018322082931533257e-01
3.008678881388621162e-01
2.854387656702024878e-01
2.748312439729990175e-01
2.651880424300868122e-01
2.613307618129218635e-01
2.603664416586306540e-01
2.536162005785920770e-01
2.198649951783992196e-01
2.217936354869816662e-01
2.304725168756026898e-01
1.947926711668273858e-01
2.025072324011571723e-01
2.054001928640308561e-01
2.063645130183220933e-01
2.131147540983606425e-01
1.928640308582449392e-01
1.918997107039537020e-01
1.880424300867888088e-01
1.851494696239151527e-01
1.793635486981677851e-01
1.687560270009643149e-01
1.629701060752169750e-01
1.687560270009643149e-01
1.774349083895853385e-01
1.716489874638379987e-01
1.745419479267116547e-01
1.774349083895853385e-01
1.552555448408871608e-01
1.648987463837994216e-01
1.697203471552555520e-01
1.639344262295081844e-01
1.571841851494696352e-01
1.639344262295081844e-01
1.494696239151398209e-01
1.465766634522661649e-01
1.388621022179363507e-01
1.427193828351012439e-01
1.263259402121504338e-01
1.292189006750241176e-01
1.243972999035679872e-01
1.417550626808100345e-01
1.311475409836065642e-01
1.378977820636451412e-01
1.340405014464802202e-01
1.205400192864030801e-01
1.301832208293153270e-01
1.301832208293153270e-01
1.080038572806171632e-01
1.186113789778206334e-01
1.215043394406943172e-01
1.359691417550626946e-01
1.205400192864030801e-01
1.253616200578591966e-01
1.108968177434908331e-01
1.195756991321118567e-01
1.041465766634522699e-01
1.051108968177434932e-01
1.070395371263259399e-01
9.739633558341369290e-02
1.031822565091610466e-01
1.051108968177434932e-01
9.546769527483124629e-02
1.108968177434908331e-01
1.031822565091610466e-01
8.871745419479266925e-02
8.678881388621022264e-02
9.546769527483124629e-02
9.353905496624879967e-02
9.353905496624879967e-02
9.932497589199613952e-02
9.064609450337511587e-02
7.907425265188042229e-02
9.450337512054002298e-02
8.196721311475409222e-02
7.425265188042430575e-02
8.389585342333655271e-02
8.486017357762777602e-02
8.389585342333655271e-02
7.135969141755062195e-02
8.968177434908389256e-02
8.678881388621022264e-02
8.196721311475409222e-02
8.293153326904532940e-02
8.293153326904532940e-02
1.051108968177434932e-01
7.714561234329797568e-02
8.582449373191899933e-02
8.678881388621022264e-02
8.775313404050144594e-02
8.196721311475409222e-02
7.328833172613308244e-02
8.678881388621022264e-02
8.003857280617164560e-02
8.293153326904532940e-02
7.714561234329797568e-02
6.846673095467695203e-02
7.232401157184184526e-02
7.714561234329797568e-02
6.750241080038572872e-02
7.425265188042430575e-02
6.846673095467695203e-02
6.846673095467695203e-02
6.943105110896817533e-02
7.328833172613308244e-02
6.075216972034715862e-02
6.846673095467695203e-02
6.943105110896817533e-02
8.003857280617164560e-02
7.714561234329797568e-02
6.364513018322083548e-02
6.364513018322083548e-02
6.268081002892959830e-02
7.618129218900675237e-02
6.364513018322083548e-02
5.785920925747348176e-02
6.943105110896817533e-02
5.303760848601735828e-02
6.557377049180328210e-02
6.557377049180328210e-02
6.268081002892959830e-02
4.725168756027001149e-02
5.207328833172613497e-02
5.207328833172613497e-02
5.689488910318225845e-02
6.268081002892959830e-02
5.882352941176470507e-02
6.171648987463838193e-02
5.207328833172613497e-02
5.882352941176470507e-02
5.593056894889103514e-02
5.689488910318225845e-02
5.496624879459980489e-02
5.014464802314368141e-02
5.110896817743491166e-02
5.110896817743491166e-02
4.725168756027001149e-02
4.821600771456123480e-02
5.207328833172613497e-02
4.725168756027001149e-02
3.857280617164898784e-02
4.339440694310511132e-02
4.532304725168755793e-02
4.339440694310511132e-02
4.050144648023143445e-02
4.243008678881388801e-02
3.567984570877531098e-02
3.953712632594021115e-02
3.760848601735776453e-02
3.760848601735776453e-02
4.146576663452266470e-02
3.857280617164898784e-02
3.664416586306654122e-02
3.953712632594021115e-02
3.664416586306654122e-02
3.375120540019286436e-02
3.857280617164898784e-02
3.857280617164898784e-02
3.760848601735776453e-02
3.085824493731919096e-02
3.182256509161041774e-02
3.182256509161041774e-02
4.725168756027001149e-02
4.339440694310511132e-02
3.953712632594021115e-02
3.471552555448408767e-02
3.953712632594021115e-02
3.085824493731919096e-02
3.857280617164898784e-02
3.760848601735776453e-02
2.700096432015429079e-02
2.989392478302796419e-02
3.567984570877531098e-02
3.857280617164898784e-02
4.918032786885245811e-02
5.014464802314368141e-02
2.892960462873674088e-02
3.182256509161041774e-02
3.471552555448408767e-02
3.471552555448408767e-02
3.375120540019286436e-02
4.050144648023143445e-02
3.471552555448408767e-02
3.664416586306654122e-02
3.182256509161041774e-02
3.471552555448408767e-02
3.182256509161041774e-02
2.892960462873674088e-02
3.471552555448408767e-02
3.085824493731919096e-02
3.375120540019286436e-02
2.603664416586306748e-02
2.700096432015429079e-02
2.989392478302796419e-02
2.603664416586306748e-02
3.085824493731919096e-02
2.796528447444551757e-02
2.410800385728061740e-02
2.892960462873674088e-02
2.121504339440694401e-02
3.085824493731919096e-02
2.700096432015429079e-02
2.025072324011571723e-02
1.928640308582449392e-02
2.796528447444551757e-02
2.796528447444551757e-02
2.603664416586306748e-02
2.989392478302796419e-02
2.892960462873674088e-02
2.603664416586306748e-02
2.410800385728061740e-02
2.217936354869816731e-02
2.700096432015429079e-02
2.314368370298939409e-02
2.796528447444551757e-02
2.892960462873674088e-02
2.603664416586306748e-02
2.700096432015429079e-02
2.796528447444551757e-02
3.085824493731919096e-02
3.085824493731919096e-02
2.892960462873674088e-02
2.603664416586306748e-02
2.507232401157184071e-02
2.410800385728061740e-02
2.989392478302796419e-02
2.603664416586306748e-02
2.314368370298939409e-02
2.700096432015429079e-02
2.603664416586306748e-02
2.603664416586306748e-02
2.989392478302796419e-02
2.121504339440694401e-02
3.085824493731919096e-02
2.025072324011571723e-02
2.700096432015429079e-02
2.892960462873674088e-02
2.025072324011571723e-02
2.603664416586306748e-02
2.121504339440694401e-02
2.314368370298939409e-02
2.025072324011571723e-02
2.314368370298939409e-02
1.832208293153327061e-02
2.314368370298939409e-02
2.314368370298939409e-02
2.025072324011571723e-02
2.025072324011571723e-02
2.410800385728061740e-02
1.928640308582449392e-02
2.025072324011571723e-02
2.025072324011571723e-02
2.700096432015429079e-02
2.025072324011571723e-02
2.989392478302796419e-02
2.025072324011571723e-02
1.928640308582449392e-02
2.217936354869816731e-02
2.410800385728061740e-02
1.735776277724204383e-02
2.217936354869816731e-02
2.025072324011571723e-02
2.603664416586306748e-02
2.700096432015429079e-02
2.121504339440694401e-02
2.025072324011571723e-02
2.217936354869816731e-02
2.121504339440694401e-02
2.507232401157184071e-02
1.542912246865959548e-02
1.832208293153327061e-02
1.928640308582449392e-02
2.025072324011571723e-02
2.121504339440694401e-02
2.121504339440694401e-02
1.928640308582449392e-02
2.025072324011571723e-02
1.639344262295082053e-02
2.217936354869816731e-02
1.735776277724204383e-02
1.928640308582449392e-02
1.639344262295082053e-02
1.446480231436837044e-02
1.735776277724204383e-02
2.314368370298939409e-02
2.217936354869816731e-02
2.217936354869816731e-02
2.314368370298939409e-02
2.314368370298939409e-02
2.121504339440694401e-02
2.121504339440694401e-02
2.025072324011571723e-02
2.025072324011571723e-02
2.025072324011571723e-02
2.025072324011571723e-02
1.832208293153327061e-02
2.314368370298939409e-02
2.410800385728061740e-02
1.639344262295082053e-02
1.639344262295082053e-02
1.832208293153327061e-02
1.542912246865959548e-02
1.832208293153327061e-02
1.639344262295082053e-02
1.639344262295082053e-02
1.350048216007714540e-02
1.542912246865959548e-02
1.639344262295082053e-02
1.060752169720347200e-02
1.157184185149469705e-02
1.253616200578592035e-02
1.350048216007714540e-02
2.121504339440694401e-02
1.735776277724204383e-02
1.928640308582449392e-02
1.253616200578592035e-02
1.735776277724204383e-02
2.025072324011571723e-02
1.542912246865959548e-02
1.157184185149469705e-02
9.643201542912246960e-03
9.643201542912246960e-03
1.060752169720347200e-02
1.253616200578592035e-02
1.060752169720347200e-02
8.678881388621021917e-03
8.678881388621021917e-03
8.678881388621021917e-03
1.350048216007714540e-02
9.643201542912246960e-03
1.253616200578592035e-02
1.253616200578592035e-02
1.350048216007714540e-02
1.157184185149469705e-02
1.253616200578592035e-02
1.542912246865959548e-02
8.678881388621021917e-03
8.678881388621021917e-03
1.060752169720347200e-02
8.678881388621021917e-03
1.060752169720347200e-02
1.253616200578592035e-02
7.714561234329797741e-03
1.060752169720347200e-02
8.678881388621021917e-03
8.678881388621021917e-03
8.678881388621021917e-03
8.678881388621021917e-03
6.750241080038572698e-03
9.643201542912246960e-03
9.643201542912246960e-03
7.714561234329797741e-03
1.157184185149469705e-02
8.678881388621021917e-03
7.714561234329797741e-03
9.643201542912246960e-03
8.678881388621021917e-03
1.639344262295082053e-02
9.643201542912246960e-03
8.678881388621021917e-03
1.350048216007714540e-02
9.643201542912246960e-03
9.643201542912246960e-03
1.350048216007714540e-02
1.060752169720347200e-02
9.643201542912246960e-03
1.060752169720347200e-02
1.157184185149469705e-02
1.060752169720347200e-02
1.060752169720347200e-02
