1.000000000000000000e+00
8.823191733639494938e-01
8.691159586681974636e-01
8.220436280137772833e-01
8.358208955223880299e-01
8.157290470723306264e-01
7.588978185993111580e-01
7.468427095292766715e-01
7.290470723306544665e-01
7.554535017221584159e-01
7.221584385763489822e-01
7.296211251435131828e-01
6.957520091848450328e-01
6.670493685419058849e-01
6.687715269804822560e-01
6.768082663605051730e-01
6.699196326061997997e-01
6.458094144661309377e-01
6.452353616532721103e-01
6.366245694603903660e-01
6.199770378874855936e-01
6.142365097588977640e-01
6.102181400688863055e-01
5.964408725602755590e-01
5.947187141216991879e-01
5.884041331802525310e-01
5.533869115958668372e-01
5.683122847301951275e-01
5.642939150401836690e-01
5.614236509758897542e-01
5.654420206659012127e-01
5.424799081515498944e-01
5.332950631458094337e-01
5.011481056257175437e-01
5.287026406429391479e-01
5.183696900114810324e-01
5.200918484500574035e-01
4.994259471871412281e-01
4.850746268656716542e-01
4.885189437428243409e-01
4.833524684270952831e-01
4.540757749712973634e-01
4.569460390355912782e-01
4.712973593570608521e-01
4.575200918484500501e-01
4.529276693455798197e-01
4.512055109070034487e-01
4.477611940298507620e-01
4.202066590126291579e-01
4.276693455797933585e-01
4.380022962112514184e-01
4.334098737083811881e-01
4.150401836969001002e-01
4.196326061997703860e-01
4.179104477611940149e-01
4.259471871412169874e-01
3.960964408725602959e-01
4.035591274397244410e-01
3.989667049368542107e-01
4.115958668197474135e-01
4.110218140068886417e-01
4.087256027554534987e-01
3.869115958668197242e-01
3.909299655568312382e-01
3.731343283582089776e-01
3.811710677382318946e-01
3.823191733639494938e-01
3.794489092996555790e-01
3.553386911595866615e-01
3.490241102181400601e-01
3.450057405281286016e-01
3.386911595866820002e-01
3.490241102181400601e-01
3.392652123995407720e-01
3.323765786452353432e-01
3.415614236509759150e-01
3.346727898966704862e-01
3.295063145809414284e-01
3.140068886337543108e-01
3.197474167623421404e-01
3.105625717566016242e-01
3.099885189437427968e-01
3.185993111366245967e-01
2.944890929965556792e-01
2.933409873708381355e-01
3.088404133180252531e-01
3.019517795637198798e-01
2.807118254879448771e-01
2.858783008036739348e-01
2.766934557979334186e-01
2.870264064293914785e-01
2.749712973593570475e-01
2.858783008036739348e-01
2.830080367393800200e-01
2.755453501722158194e-01
2.698048220436279898e-01
2.703788748564868172e-01
2.738231917336395038e-01
2.761194029850746468e-01
2.709529276693455890e-01
2.508610792192881855e-01
2.663605051664753032e-01
2.634902411021813884e-01
2.594718714121699299e-01
2.474167623421354711e-01
2.508610792192881855e-01
2.439724454649827845e-01
2.468427095292766993e-01
2.439724454649827845e-01
2.479908151549942708e-01
2.405281285878300701e-01
2.175660160734787518e-01
2.296211251435132106e-01
2.284730195177956391e-01
2.456946039035591278e-01
2.296211251435132106e-01
2.244546498277841529e-01
2.313432835820895539e-01
2.210103329506314662e-01
2.215843857634902381e-01
2.204362801377726666e-01
2.106773823191733508e-01
2.123995407577497219e-01
2.141216991963260652e-01
2.014925373134328346e-01
2.083811710677382356e-01
2.083811710677382356e-01
2.095292766934558071e-01
2.026406429391504060e-01
2.026406429391504060e-01
2.003444316877152631e-01
2.118254879448909223e-01
2.072330654420206641e-01
1.969001148105625765e-01
2.095292766934558071e-01
2.089552238805970075e-01
2.043628013777267494e-01
1.974741676234213483e-01
1.831228473019517744e-01
1.859931113662456892e-01
1.802525832376578596e-01
1.750861079219288297e-01
1.808266360505166592e-01
1.842709529276693459e-01
1.681974741676234286e-01
1.814006888633754311e-01
1.911595866819747469e-01
1.911595866819747469e-01
1.957520091848450050e-01
1.796785304247990878e-01
1.859931113662456892e-01
1.808266360505166592e-01
1.710677382319173434e-01
1.773823191733639448e-01
1.859931113662456892e-01
1.894374282433984036e-01
1.670493685419058572e-01
1.710677382319173434e-01
1.785304247990815163e-01
1.699196326061997719e-01
1.687715269804822005e-01
1.791044776119402882e-01
1.791044776119402882e-01
1.699196326061997719e-01
1.624569460390355990e-01
1.687715269804822005e-01
1.664753157290470853e-01
1.727898966704936867e-01
1.750861079219288297e-01
1.796785304247990878e-01
1.664753157290470853e-01
1.618828932261767994e-01
1.739380022962112582e-01
1.613088404133180276e-01
1.745120551090700300e-01
1.699196326061997719e-01
1.572904707233065413e-01
1.521239954075774836e-01
1.509758897818599399e-01
1.504018369690011403e-01
1.389207807118254812e-01
1.435132032146957393e-01
1.481056257175660251e-01
1.515499425947187118e-01
1.475315729047072255e-01
1.481056257175660251e-01
1.475315729047072255e-01
1.394948335246842808e-01
1.406429391504018245e-01
1.326061997703788797e-01
1.394948335246842808e-01
1.423650975889781956e-01
1.406429391504018245e-01
1.475315729047072255e-01
1.331802525832376516e-01
1.440872560275545389e-01
1.314580941446613083e-01
1.349024110218139949e-01
1.354764638346727945e-01
1.314580941446613083e-01
1.257175660160734787e-01
1.262916188289322506e-01
1.199770378874856491e-01
1.107921928817451190e-01
1.285878300803673935e-01
1.251435132032147068e-01
1.228473019517795639e-01
1.165327210103329486e-01
1.159586681974741629e-01
1.016073478760045889e-01
1.125143513203214762e-01
1.096440872560275615e-01
1.102181400688863333e-01
1.136624569460390338e-01
9.758897818599311658e-02
1.021814006888633747e-01
1.061997703788748609e-01
1.044776119402985037e-01
1.061997703788748609e-01
1.090700344431687757e-01
9.644087256027554511e-02
1.039035591274397180e-01
1.044776119402985037e-01
9.644087256027554511e-02
1.119402985074626905e-01
1.027554535017221604e-01
1.073478760045924185e-01
1.004592422502870314e-01
1.090700344431687757e-01
1.056257175660160752e-01
1.096440872560275615e-01
9.299655568312284459e-02
9.758897818599311658e-02
9.701492537313433084e-02
1.044776119402985037e-01
9.586681974741675938e-02
1.027554535017221604e-01
9.816303099885188843e-02
9.816303099885188843e-02
1.010332950631458032e-01
9.414466130884041606e-02
9.070034443168771554e-02
9.414466130884041606e-02
9.701492537313433084e-02
8.955223880597014408e-02
9.012629161882892981e-02
9.816303099885188843e-02
1.021814006888633747e-01
8.955223880597014408e-02
9.012629161882892981e-02
9.242250287026405886e-02
8.668197474167622929e-02
8.151549942594718545e-02
9.299655568312284459e-02
8.783008036739380076e-02
8.495981630309988597e-02
8.840413318025258649e-02
9.873708381171067416e-02
8.955223880597014408e-02
9.127439724454650127e-02
8.783008036739380076e-02
8.151549942594718545e-02
8.553386911595867170e-02
8.266360505166475692e-02
7.520091848450057015e-02
8.208955223880597118e-02
7.864523536165327067e-02
7.807118254879448493e-02
7.807118254879448493e-02
8.208955223880597118e-02
8.381171067738231450e-02
7.290470723306544110e-02
8.208955223880597118e-02
8.725602755453501502e-02
8.151549942594718545e-02
8.668197474167622929e-02
8.036739380022962786e-02
8.266360505166475692e-02
8.266360505166475692e-02
8.840413318025258649e-02
8.381171067738231450e-02
8.438576349024110024e-02
8.094144661308839972e-02
8.094144661308839972e-02
8.725602755453501502e-02
8.266360505166475692e-02
8.495981630309988597e-02
7.749712973593569920e-02
7.290470723306544110e-02
7.807118254879448493e-02
8.208955223880597118e-02
7.003444316877152631e-02
7.462686567164178442e-02
7.347876004592422683e-02
7.520091848450057015e-02
6.831228473019518299e-02
6.429391504018369674e-02
6.601607347876004006e-02
6.544202066590126821e-02
6.142365097588978196e-02
6.371986222732491101e-02
5.740528128587830264e-02
5.453501722158438786e-02
6.544202066590126821e-02
6.142365097588978196e-02
6.773823191733639726e-02
6.314580941446612528e-02
6.027554535017221743e-02
6.429391504018369674e-02
5.683122847301951691e-02
5.970149253731343170e-02
5.683122847301951691e-02
5.970149253731343170e-02
6.601607347876004006e-02
6.716417910447761153e-02
5.797933409873708144e-02
6.142365097588978196e-02
6.199770378874856769e-02
5.568312284730195239e-02
5.683122847301951691e-02
5.855338691159586717e-02
6.831228473019518299e-02
5.970149253731343170e-02
5.453501722158438786e-02
5.970149253731343170e-02
5.683122847301951691e-02
5.396096440872560213e-02
5.510907003444316665e-02
5.568312284730195239e-02
5.109070034443168734e-02
4.936854190585533708e-02
4.936854190585533708e-02
5.510907003444316665e-02
5.453501722158438786e-02
5.109070034443168734e-02
5.109070034443168734e-02
4.879448909299655829e-02
5.970149253731343170e-02
4.535017221584385777e-02
4.879448909299655829e-02
5.281285878300803760e-02
4.822043628013777256e-02
4.477611940298507204e-02
4.362801377726750751e-02
4.879448909299655829e-02
5.223880597014925187e-02
4.822043628013777256e-02
4.707233065442020803e-02
4.247990815154994299e-02
4.707233065442020803e-02
3.903559127439724247e-02
3.788748564867967794e-02
4.592422502870264350e-02
4.420206659012629324e-02
4.018369690011481393e-02
3.501722158438576316e-02
4.535017221584385777e-02
4.649827784156142230e-02
3.903559127439724247e-02
4.133180252583237846e-02
3.788748564867967794e-02
3.788748564867967794e-02
3.960964408725602820e-02
3.731343283582089221e-02
4.190585533869115725e-02
4.190585533869115725e-02
3.960964408725602820e-02
4.764638346727898682e-02
4.592422502870264350e-02
4.305396096440872872e-02
4.420206659012629324e-02
4.305396096440872872e-02
4.305396096440872872e-02
4.247990815154994299e-02
4.592422502870264350e-02
4.190585533869115725e-02
4.477611940298507204e-02
4.649827784156142230e-02
4.305396096440872872e-02
4.362801377726750751e-02
4.133180252583237846e-02
4.075774971297359273e-02
4.420206659012629324e-02
4.649827784156142230e-02
3.960964408725602820e-02
4.592422502870264350e-02
4.936854190585533708e-02
4.707233065442020803e-02
4.362801377726750751e-02
4.362801377726750751e-02
4.247990815154994299e-02
4.305396096440872872e-02
4.305396096440872872e-02
4.420206659012629324e-02
4.822043628013777256e-02
4.936854190585533708e-02
4.305396096440872872e-02
4.477611940298507204e-02
4.133180252583237846e-02
4.190585533869115725e-02
4.018369690011481393e-02
