1.000000000000000000e+00
8.915304606240713747e-01
8.878157503714709797e-01
8.736998514115899006e-01
8.283803863298663250e-01
8.098068350668647941e-01
8.358098068350668930e-01
8.179791976225854189e-01
7.986627043090639422e-01
8.038632986627043397e-01
7.823179791976225816e-01
8.053491827637444533e-01
7.630014858841009939e-01
7.904903417533432064e-01
7.600297176820207667e-01
7.689450222882615593e-01
7.704309063893016729e-01
7.444279346210995740e-01
7.800891530460624113e-01
7.511144130757800852e-01
7.414561664190193468e-01
7.340267459138186679e-01
7.585438335809806532e-01
7.288261515601782703e-01
7.303120356612183839e-01
7.095096582466567936e-01
7.288261515601782703e-01
7.184249628528974752e-01
7.176820208023774184e-01
7.132243684992570776e-01
7.080237741456166800e-01
7.124814264487370208e-01
7.087667161961367368e-01
7.035661218424963392e-01
6.857355126300148651e-01
6.887072808320950923e-01
6.991084695393758874e-01
6.872213967310549787e-01
6.745913818722140132e-01
6.671619613670133342e-01
6.738484398216939564e-01
6.537890044576523119e-01
6.619613670133729366e-01
6.508172362555720847e-01
6.322436849925705538e-01
6.322436849925705538e-01
6.441307578008915735e-01
6.121842496285290203e-01
6.552748885586924255e-01
6.188707280832095314e-01
6.329866270430906106e-01
6.307578008915304402e-01
6.196136701337295882e-01
6.158989598811293043e-01
6.173848439821694178e-01
6.129271916790490771e-01
5.995542347696879437e-01
6.129271916790490771e-01
6.144130757800891907e-01
6.158989598811293043e-01
6.225854383358098154e-01
5.891530460624071486e-01
5.928677563150074326e-01
5.854383358098068646e-01
6.040118870728082845e-01
6.002971768202080005e-01
5.869242199108469782e-01
5.653789004457652201e-01
5.557206537890044817e-01
5.527488855869242546e-01
5.705794947994056177e-01
5.527488855869242546e-01
5.282317979197622693e-01
5.527488855869242546e-01
5.215453194650817581e-01
5.356612184249628372e-01
5.089153046062406816e-01
5.267459138187221557e-01
5.044576523031203408e-01
5.215453194650817581e-01
5.237741456166419285e-01
5.274888558692422125e-01
5.475482912332838570e-01
5.282317979197622693e-01
5.156017830609211927e-01
5.066864784546805112e-01
5.193164933135215877e-01
5.118870728083209087e-01
4.955423476968796592e-01
5.007429420505200568e-01
5.059435364041604544e-01
4.866270430906389222e-01
4.769687964338781838e-01
4.895988112927191493e-01
4.962852897473997160e-01
4.858841010401188654e-01
4.799405646359584110e-01
4.910846953937592629e-01
4.791976225854383542e-01
4.732540861812778443e-01
4.472511144130758010e-01
4.375928677563150071e-01
4.450222882615155751e-01
4.546805349182763689e-01
4.539375928677563121e-01
4.435364041604754615e-01
4.665676077265973332e-01
4.554234769687964257e-01
4.517087667161961417e-01
4.405646359583952343e-01
4.331352154531946663e-01
4.427934621099554047e-01
4.309063893016344959e-01
4.539375928677563121e-01
4.331352154531946663e-01
4.420505200594353479e-01
4.442793462109955183e-01
4.197622585438335885e-01
4.257057949479940429e-01
4.205052005943536453e-01
4.078751857355126242e-01
4.427934621099554047e-01
3.930163447251114328e-01
4.227340267459138157e-01
4.123328380386329650e-01
4.086181277860326810e-01
3.915304606240713192e-01
4.167904903417533613e-01
4.034175334323922835e-01
4.138187221396730786e-01
4.049034175334323971e-01
3.922734026745913760e-01
4.056463595839524539e-01
3.826151560178305822e-01
3.833580980683506945e-01
3.930163447251114328e-01
3.878157503714710352e-01
3.863298662704309216e-01
3.900445765230312056e-01
3.893016344725111488e-01
3.729569093610698438e-01
3.744427934621099574e-01
3.967310549777117168e-01
3.893016344725111488e-01
3.647845468053491635e-01
3.781575037147102414e-01
3.863298662704309216e-01
3.863298662704309216e-01
3.729569093610698438e-01
3.707280832095096734e-01
3.699851411589896166e-01
3.632986627043090500e-01
3.603268945022288228e-01
3.603268945022288228e-01
3.640416047548291067e-01
3.558692421991084820e-01
3.610698365527488796e-01
3.395245170876671770e-01
3.558692421991084820e-01
3.514115898959880857e-01
3.714710252600297302e-01
3.491827637444279153e-01
3.469539375928677449e-01
3.514115898959880857e-01
3.603268945022288228e-01
3.454680534918276313e-01
3.618127786032689364e-01
3.521545319465081980e-01
3.528974739970282548e-01
3.447251114413075745e-01
3.543833580980683684e-01
3.395245170876671770e-01
3.372956909361070066e-01
3.202080237741455893e-01
3.491827637444279153e-01
3.514115898959880857e-01
3.410104011887072906e-01
3.320950965824665535e-01
3.313521545319464967e-01
3.283803863298662695e-01
3.380386329866270634e-01
3.358098068350668375e-01
3.313521545319464967e-01
3.231797919762258720e-01
3.276374442793462127e-01
3.202080237741455893e-01
3.231797919762258720e-01
3.031203566121842274e-01
3.090638930163447373e-01
3.187221396731054757e-01
3.142644873699851349e-01
3.209509658246657016e-01
3.060921248142645101e-01
3.209509658246657016e-01
2.949479940564636027e-01
2.867756315007429224e-01
3.090638930163447373e-01
3.053491827637444533e-01
3.142644873699851349e-01
2.927191679049034323e-01
2.979197622585438299e-01
2.986627043090638867e-01
2.942050520059435459e-01
3.001485884101040003e-01
2.904903417533432619e-01
2.897473997028232051e-01
2.934621099554234891e-01
3.001485884101040003e-01
2.949479940564636027e-01
2.823179791976225816e-01
3.008915304606240571e-01
3.008915304606240571e-01
2.830609212481426384e-01
2.927191679049034323e-01
2.875185735512629792e-01
2.734026745913818446e-01
2.786032689450222977e-01
2.867756315007429224e-01
2.756315007429420705e-01
2.741456166419019569e-01
2.644873699851411630e-01
2.667161961367013334e-01
2.652303120356612198e-01
2.704309063893016174e-01
2.726597325408617878e-01
2.585438335809807087e-01
2.600297176820208223e-01
2.600297176820208223e-01
2.667161961367013334e-01
2.659732540861812766e-01
2.711738484398216742e-01
2.496285289747399716e-01
2.644873699851411630e-01
2.570579494799405396e-01
2.436849925705794895e-01
2.533432392273402556e-01
2.518573551263001420e-01
2.407132243684992623e-01
2.503714710252600284e-01
2.518573551263001420e-01
2.555720653789004260e-01
2.496285289747399716e-01
2.496285289747399716e-01
2.451708766716196031e-01
2.355126300148588370e-01
2.540861812778603124e-01
2.533432392273402556e-01
2.481426448736998580e-01
2.563150074294204828e-01
2.481426448736998580e-01
2.481426448736998580e-01
2.347696879643387802e-01
2.258543833580980709e-01
2.369985141158989506e-01
2.273402674591381845e-01
2.377414561664190074e-01
2.325408618127786098e-01
2.429420505200594327e-01
2.384843982169390919e-01
2.429420505200594327e-01
2.496285289747399716e-01
2.265973254086181277e-01
2.511144130757800852e-01
2.369985141158989506e-01
2.265973254086181277e-01
2.332838038632986666e-01
2.213967310549777023e-01
2.251114413075780141e-01
2.243684992570579573e-01
2.206537890044576455e-01
2.303120356612184116e-01
2.288261515601782981e-01
2.228826151560178437e-01
2.147102526002971634e-01
2.199108469539375887e-01
2.147102526002971634e-01
2.132243684992570498e-01
2.087667161961367090e-01
2.043090638930163405e-01
2.154531946508172480e-01
2.147102526002971634e-01
2.124814264487369930e-01
2.228826151560178437e-01
2.332838038632986666e-01
2.310549777117384962e-01
2.176820208023774184e-01
2.273402674591381845e-01
2.169390787518573616e-01
2.280832095096582413e-01
2.169390787518573616e-01
2.109955423476968794e-01
2.191679049034175319e-01
2.154531946508172480e-01
2.139673105497771066e-01
2.176820208023774184e-01
2.154531946508172480e-01
2.065378900445765109e-01
2.020802377414561701e-01
2.132243684992570498e-01
2.072808320950965955e-01
2.072808320950965955e-01
2.132243684992570498e-01
2.020802377414561701e-01
1.961367013372956880e-01
1.983655274888558584e-01
2.065378900445765109e-01
2.020802377414561701e-01
1.916790490341753472e-01
1.961367013372956880e-01
1.946508172362555744e-01
2.132243684992570498e-01
2.095096582466567658e-01
1.991084695393759152e-01
2.043090638930163405e-01
1.983655274888558584e-01
1.991084695393759152e-01
1.998514115898959997e-01
2.013372956909361133e-01
2.124814264487369930e-01
2.102526002971768226e-01
2.043090638930163405e-01
2.035661218424962837e-01
2.043090638930163405e-01
2.102526002971768226e-01
2.050520059435363973e-01
2.043090638930163405e-01
1.998514115898959997e-01
1.931649331352154608e-01
2.028231797919762269e-01
2.028231797919762269e-01
2.028231797919762269e-01
1.931649331352154608e-01
1.894502228826151491e-01
1.983655274888558584e-01
1.953937592867756312e-01
1.901931649331352059e-01
1.924219910846954040e-01
1.894502228826151491e-01
1.827637444279346102e-01
1.745913818722139577e-01
1.775631500742942126e-01
1.916790490341753472e-01
1.797919762258543830e-01
1.812778603268944966e-01
1.812778603268944966e-01
1.887072808320950923e-01
1.879643387815750355e-01
1.805349182763744398e-01
1.857355126300148651e-01
1.797919762258543830e-01
1.693907875185735601e-01
1.760772659732540990e-01
1.857355126300148651e-01
1.820208023774145534e-01
1.827637444279346102e-01
1.738484398216939009e-01
1.738484398216939009e-01
1.664190193164933051e-01
1.745913818722139577e-01
1.664190193164933051e-01
1.745913818722139577e-01
1.805349182763744398e-01
1.679049034175334187e-01
1.656760772659732484e-01
1.664190193164933051e-01
1.597325408618127662e-01
1.671619613670133619e-01
1.812778603268944966e-01
1.723625557206537873e-01
1.693907875185735601e-01
1.716196136701337305e-01
1.693907875185735601e-01
1.582466567607726526e-01
1.597325408618127662e-01
1.485884101040118865e-01
1.575037147102525958e-01
1.641901931649331348e-01
1.634472511144130780e-01
1.679049034175334187e-01
1.575037147102525958e-01
1.552748885586924255e-01
1.552748885586924255e-01
1.508172362555720569e-01
1.641901931649331348e-01
1.567607726597325390e-01
1.552748885586924255e-01
1.456166419019316594e-01
1.589895988112927094e-01
1.485884101040118865e-01
1.552748885586924255e-01
1.515601783060921137e-01
1.500742942050520001e-01
1.567607726597325390e-01
1.552748885586924255e-01
1.597325408618127662e-01
1.552748885586924255e-01
1.433878157503714612e-01
1.523031203566121705e-01
1.456166419019316594e-01
1.493313521545319433e-01
1.619613670133729644e-01
