1.000000000000000000e+00
8.473581213307240789e-01
8.473581213307240789e-01
8.440965427266796661e-01
8.056099151989563056e-01
8.232224396607957795e-01
7.912589693411611336e-01
7.677756033920417611e-01
7.834311806914546761e-01
7.632093933463796054e-01
7.671232876712328341e-01
7.345075016307892612e-01
7.449445531637312046e-01
7.038486627527723583e-01
6.849315068493150305e-01
6.927592954990214880e-01
6.947162426614481578e-01
6.771037181996085730e-01
6.601435094585779151e-01
6.294846705805610121e-01
6.392694063926940284e-01
6.679712981082843726e-01
6.516634050880626416e-01
6.262230919765165993e-01
6.379647749510762855e-01
6.001304631441617410e-01
5.968688845401174392e-01
6.294846705805610121e-01
6.086105675146771254e-01
5.883887801696020547e-01
5.942596216568819534e-01
6.007827788649706680e-01
5.825179386823222671e-01
5.825179386823222671e-01
5.812133072407045242e-01
5.753424657534246256e-01
5.662100456621004252e-01
5.538160469667319230e-01
5.381604696673190080e-01
5.309849967384213665e-01
5.512067840834964372e-01
5.446836268754077226e-01
5.009784735812132794e-01
5.107632093933464068e-01
5.088062622309197369e-01
5.101108936725374798e-01
5.172863666014351214e-01
5.101108936725374798e-01
4.944553163731245649e-01
5.094585779517286639e-01
5.003261578604044635e-01
4.885844748858447217e-01
4.859752120026092359e-01
4.709719504240051924e-01
4.696673189823874495e-01
4.872798434442269788e-01
4.618395303326809920e-01
4.605348988910632491e-01
4.533594259621656630e-01
4.487932159165035628e-01
4.657534246575342207e-01
4.409654272667971053e-01
4.540117416829745345e-01
4.416177429876059768e-01
4.474885844748858199e-01
4.474885844748858199e-01
4.468362687540769485e-01
4.233529028049575760e-01
4.259621656881930618e-01
4.350945857795172622e-01
4.220482713633398331e-01
3.992172211350293320e-01
4.135681669928245041e-01
3.926940639269406175e-01
4.135681669928245041e-01
4.057403783431180466e-01
4.005218525766470750e-01
3.796477495107631883e-01
3.776908023483365739e-01
3.685583822570123735e-01
3.568166992824526873e-01
3.600782778864970446e-01
3.659491193737768877e-01
3.561643835616438158e-01
3.555120678408349444e-01
3.496412263535551013e-01
3.411611219830397723e-01
3.483365949119373584e-01
3.470319634703196154e-01
3.274624918460534717e-01
3.294194390084800861e-01
3.346379647749510577e-01
3.444227005870841296e-01
3.333333333333333148e-01
3.131115459882582996e-01
3.235485975212002430e-01
3.157208088714937855e-01
3.013698630136986134e-01
3.131115459882582996e-01
2.961513372472276417e-01
3.033268101761252278e-01
3.020221787345074849e-01
2.935420743639921559e-01
2.922374429223744130e-01
3.000652315720808705e-01
2.850619699934768270e-01
2.818003913894324697e-01
3.026744944553163563e-01
3.000652315720808705e-01
2.902804957599477986e-01
2.922374429223744130e-01
2.941943900848010274e-01
2.896281800391389272e-01
2.831050228310502126e-01
2.837573385518590841e-01
2.785388127853881124e-01
2.700587084148727834e-01
2.772341813437703695e-01
2.622309197651663260e-01
2.641878669275929403e-01
2.837573385518590841e-01
2.720156555772993978e-01
2.602739726027397116e-01
2.648401826484018118e-01
2.530984996738421255e-01
2.583170254403130972e-01
2.602739726027397116e-01
2.596216568819308401e-01
2.570123939986953543e-01
2.544031311154598685e-01
2.439660795825179251e-01
2.544031311154598685e-01
2.602739726027397116e-01
2.472276581865622824e-01
2.563600782778864828e-01
2.583170254403130972e-01
2.504892367906066397e-01
2.400521852576646964e-01
2.315720808871493674e-01
2.361382909328114676e-01
2.407045009784735679e-01
2.289628180039138816e-01
2.270058708414872672e-01
2.243966079582517814e-01
2.237442922374429100e-01
2.348336594911937247e-01
2.407045009784735679e-01
2.257012393998695243e-01
2.263535551206783958e-01
2.302674494455316245e-01
2.380952380952380820e-01
2.328767123287671104e-01
2.361382909328114676e-01
2.302674494455316245e-01
2.296151337247227531e-01
2.178734507501630668e-01
2.178734507501630668e-01
2.263535551206783958e-01
2.283105022831050102e-01
2.015655577299412804e-01
2.054794520547945091e-01
2.146118721461187095e-01
2.237442922374429100e-01
2.165688193085453239e-01
2.172211350293541954e-01
2.185257664709719383e-01
2.133072407045009666e-01
2.230919765166340385e-01
2.100456621004566093e-01
2.178734507501630668e-01
2.054794520547945091e-01
1.983039791258969231e-01
2.093933463796477379e-01
1.976516634050880517e-01
1.950424005218525658e-01
1.911285061969993371e-01
2.015655577299412804e-01
1.826484018264840081e-01
1.969993476842791802e-01
1.859099804305283654e-01
1.917808219178082085e-01
2.009132420091324089e-01
2.028701891715590233e-01
1.924331376386170800e-01
1.963470319634703087e-01
1.937377690802348229e-01
1.748206131767775506e-01
1.787345075016307794e-01
1.741682974559686792e-01
1.872146118721461083e-01
1.813437703848662652e-01
1.793868232224396508e-01
1.741682974559686792e-01
1.774298760600130365e-01
1.819960861056751367e-01
1.819960861056751367e-01
1.709067188519243219e-01
1.676451402478799646e-01
1.780821917808219079e-01
1.643835616438356073e-01
1.493803000652315638e-01
1.656881930854533502e-01
1.702544031311154504e-01
1.676451402478799646e-01
1.663405088062622217e-01
1.643835616438356073e-01
1.696020874103065790e-01
1.591650358773646357e-01
1.722113502935420648e-01
1.682974559686888361e-01
1.676451402478799646e-01
1.637312459230267359e-01
1.526418786692759211e-01
1.565557729941291498e-01
1.715590345727331933e-01
1.532941943900847925e-01
1.585127201565557642e-01
1.428571428571428492e-01
1.448140900195694636e-01
1.565557729941291498e-01
1.500326157860404352e-01
1.565557729941291498e-01
1.500326157860404352e-01
1.402478799739073634e-01
1.493803000652315638e-01
1.395955642530984919e-01
1.487279843444226923e-01
1.480756686236138209e-01
1.493803000652315638e-01
1.448140900195694636e-01
1.389432485322896205e-01
1.467710371819960780e-01
1.454664057403783350e-01
1.461187214611872065e-01
1.415525114155251063e-01
1.448140900195694636e-01
1.435094585779517207e-01
1.311154598825831630e-01
1.382909328114807490e-01
1.369863013698630061e-01
1.350293542074363917e-01
1.409001956947162348e-01
1.317677756033920344e-01
1.356816699282452632e-01
1.258969341161121913e-01
1.382909328114807490e-01
1.382909328114807490e-01
1.272015655577299342e-01
1.337247227658186488e-01
1.343770384866275203e-01
1.311154598825831630e-01
1.382909328114807490e-01
1.350293542074363917e-01
1.245923026744944484e-01
1.389432485322896205e-01
1.265492498369210628e-01
1.298108284409654201e-01
1.180691454664057338e-01
1.187214611872146053e-01
1.115459882583170192e-01
1.232876712328767055e-01
1.102413568166992763e-01
1.108936725375081478e-01
1.174168297455968624e-01
1.121983039791258907e-01
1.089367253750815334e-01
1.141552511415525051e-01
1.161121983039791195e-01
1.069797782126549190e-01
1.206784083496412197e-01
1.174168297455968624e-01
1.148075668623613765e-01
1.089367253750815334e-01
1.108936725375081478e-01
1.102413568166992763e-01
1.089367253750815334e-01
1.076320939334637905e-01
1.037181996086105618e-01
1.076320939334637905e-01
1.115459882583170192e-01
1.148075668623613765e-01
1.121983039791258907e-01
1.115459882583170192e-01
1.063274624918460476e-01
1.037181996086105618e-01
1.017612524461839474e-01
1.082844096542726620e-01
1.115459882583170192e-01
1.121983039791258907e-01
1.037181996086105618e-01
9.915198956294846155e-02
1.056751467710371761e-01
1.108936725375081478e-01
1.050228310502283047e-01
9.589041095890410427e-02
9.784735812133071864e-02
9.915198956294846155e-02
1.011089367253750759e-01
1.037181996086105618e-01
9.849967384213959010e-02
1.011089367253750759e-01
9.523809523809523281e-02
8.610567514677103240e-02
8.414872798434441803e-02
9.654272667971297572e-02
9.849967384213959010e-02
9.980430528375733301e-02
1.017612524461839474e-01
9.849967384213959010e-02
1.017612524461839474e-01
9.980430528375733301e-02
9.393346379647748989e-02
1.024135681669928188e-01
8.936725375081538969e-02
9.001956947162426115e-02
8.741030658838877532e-02
8.741030658838877532e-02
9.393346379647748989e-02
9.719504240052184718e-02
8.871493803000651823e-02
9.262883235485974698e-02
8.153946510110893220e-02
8.545335942596216094e-02
7.762557077625570345e-02
8.675799086757990386e-02
8.153946510110893220e-02
8.284409654272667511e-02
7.958251793868231783e-02
7.371167645140247471e-02
8.871493803000651823e-02
8.414872798434441803e-02
7.893020221787344637e-02
7.501630789302021762e-02
7.762557077625570345e-02
7.893020221787344637e-02
7.175472928897586034e-02
7.175472928897586034e-02
6.653620352250488867e-02
7.827788649706457491e-02
6.131767775603391701e-02
7.175472928897586034e-02
6.979778212654924596e-02
7.371167645140247471e-02
7.632093933463796054e-02
7.501630789302021762e-02
6.718851924331376013e-02
7.762557077625570345e-02
8.284409654272667511e-02
6.979778212654924596e-02
7.305936073059360325e-02
7.305936073059360325e-02
7.175472928897586034e-02
7.045009784735811742e-02
6.653620352250488867e-02
6.718851924331376013e-02
6.392694063926940284e-02
6.653620352250488867e-02
6.131767775603391701e-02
6.131767775603391701e-02
7.110241356816698888e-02
6.392694063926940284e-02
6.196999347684278847e-02
6.392694063926940284e-02
6.196999347684278847e-02
6.718851924331376013e-02
6.523157208088714576e-02
7.305936073059360325e-02
7.436399217221134617e-02
7.501630789302021762e-02
6.718851924331376013e-02
6.979778212654924596e-02
5.414220482713633098e-02
6.327462491846053139e-02
6.718851924331376013e-02
6.327462491846053139e-02
6.457925636007827430e-02
7.305936073059360325e-02
6.718851924331376013e-02
7.045009784735811742e-02
6.327462491846053139e-02
6.979778212654924596e-02
7.240704500978473179e-02
6.523157208088714576e-02
6.914546640574037450e-02
7.045009784735811742e-02
6.849315068493150305e-02
6.849315068493150305e-02
6.588388780169601722e-02
6.392694063926940284e-02
6.914546640574037450e-02
7.175472928897586034e-02
7.827788649706457491e-02
7.240704500978473179e-02
6.718851924331376013e-02
6.849315068493150305e-02
7.436399217221134617e-02
6.523157208088714576e-02
6.001304631441617410e-02
6.066536203522504556e-02
6.849315068493150305e-02
6.327462491846053139e-02
