1.000000000000000000e+00
8.829971181556195425e-01
8.576368876080691095e-01
8.582132564841498112e-01
8.132564841498559627e-01
8.063400576368876527e-01
7.729106628242075061e-01
7.533141210374639796e-01
7.435158501440922718e-01
7.377521613832852543e-01
7.360230547550432600e-01
7.337175792507204530e-01
7.106628242074928270e-01
6.910662824207493005e-01
7.066282420749279147e-01
6.991354466858790140e-01
6.870317002881843882e-01
6.703170028818443704e-01
6.634005763688760604e-01
6.501440922190201421e-01
6.680115273775215634e-01
6.305475504322766156e-01
6.345821325648415279e-01
6.368876080691642239e-01
6.414985590778098379e-01
6.115273775216137908e-01
6.184438040345821008e-01
6.069164265129682878e-01
6.005763688760806795e-01
5.982708933717578725e-01
5.757925072046109483e-01
5.948126801152737730e-01
5.631123919308357317e-01
5.757925072046109483e-01
5.475504322766570064e-01
5.579250720461095270e-01
5.458213256484150122e-01
5.648414985590778370e-01
5.498559077809798135e-01
5.429394812680115034e-01
5.268011527377521874e-01
5.031700288184437486e-01
5.077809798270893626e-01
5.031700288184437486e-01
4.962536023054754941e-01
4.904899135446685876e-01
4.916426512968299911e-01
5.089337175792507661e-01
4.812680115273775261e-01
4.772334293948126693e-01
4.536023054755043415e-01
4.680115273775216078e-01
4.512968299711815345e-01
4.524495677233429380e-01
4.397694524495677215e-01
4.541786743515849878e-01
4.489913544668587830e-01
4.311239193083573618e-01
4.247838616714697535e-01
4.172910662824207417e-01
4.288184438040345547e-01
4.265129682997118032e-01
4.236311239193083500e-01
4.155619596541786920e-01
4.097982708933717855e-01
4.144092219020172885e-01
4.224783861671469465e-01
4.103746397694524317e-01
4.132564841498558850e-01
3.896253602305475572e-01
3.907780979827089607e-01
3.884726224783861537e-01
3.832853025936599489e-01
3.959654178674351654e-01
3.769452449567723407e-01
3.752161383285302354e-01
3.711815561959654342e-01
3.688760806916426271e-01
3.608069164265129691e-01
3.561959654178674106e-01
3.631123919308357206e-01
3.677233429394812791e-01
3.556195965417867644e-01
3.619596541786743726e-01
3.487031700288184544e-01
3.394812680115273928e-01
3.417867435158501443e-01
3.279538904899135243e-01
3.354466858789625361e-01
3.291066282420749278e-01
3.435158501440921941e-01
3.400576368876080946e-01
3.394812680115273928e-01
3.342939481268011326e-01
3.216138328530259161e-01
3.123919308357348545e-01
3.210374639769452698e-01
3.146974063400576616e-01
3.193083573487031646e-01
3.193083573487031646e-01
2.985590778097982900e-01
3.129682997118155563e-01
2.997118155619596380e-01
2.968299711815561848e-01
2.968299711815561848e-01
2.962536023054754830e-01
3.129682997118155563e-01
2.910662824207492783e-01
2.876080691642651233e-01
2.714697406340057517e-01
2.726224783861671552e-01
2.853025936599423718e-01
2.789625360230547635e-01
2.749279538904899067e-01
2.737752161383285032e-01
2.651296829971181435e-01
2.639769452449567955e-01
2.680115273775215967e-01
2.564841498559077837e-01
2.645533141210374417e-01
2.697406340057637020e-01
2.760806916426513102e-01
2.564841498559077837e-01
2.484149855907780979e-01
2.495677233429394737e-01
2.628242074927953920e-01
2.478386167146973962e-01
2.489913544668587997e-01
2.582132564841498334e-01
2.530259365994236287e-01
2.495677233429394737e-01
2.536023054755043304e-01
2.536023054755043304e-01
2.409221902017291139e-01
2.512968299711815789e-01
2.547550432276656784e-01
2.472622478386167222e-01
2.386167146974063347e-01
2.547550432276656784e-01
2.426512968299711914e-01
2.414985590778097879e-01
2.409221902017291139e-01
2.299711815561959749e-01
2.334293948126801022e-01
2.322766570605187264e-01
2.253602305475504441e-01
2.270893371757924939e-01
2.195965417867435099e-01
2.057636887608069176e-01
2.149855907780979791e-01
2.074927953890489951e-01
2.213256484149855874e-01
2.046109510086455419e-01
2.074927953890489951e-01
2.144092219020172774e-01
2.011527377521613869e-01
1.890489913544668721e-01
2.034582132564841384e-01
1.936599423631124028e-01
2.005763688760806851e-01
2.040345821325648401e-01
2.069164265129682934e-01
1.988472622478386076e-01
1.965417867435158561e-01
1.867435158501440928e-01
1.896253602305475461e-01
1.815561959654178603e-01
1.867435158501440928e-01
1.959654178674351543e-01
1.959654178674351543e-01
1.948126801152737786e-01
1.809798270893371863e-01
1.902017291066282478e-01
1.867435158501440928e-01
1.838616714697406396e-01
1.925072046109509993e-01
1.804034582132564846e-01
1.855907780979827171e-01
1.769452449567723296e-01
1.723342939481267988e-01
1.827089337175792638e-01
1.792507204610951088e-01
1.746397694524495781e-01
1.729106628242075006e-01
1.659942363112391905e-01
1.775216138328530313e-01
1.579250720461095048e-01
1.659942363112391905e-01
1.717579250720460970e-01
1.723342939481267988e-01
1.769452449567723296e-01
1.706051873198847213e-01
1.665706051873198923e-01
1.734870317002881746e-01
1.677233429394812680e-01
1.538904899135446758e-01
1.608069164265129580e-01
1.631123919308357373e-01
1.740634005763688763e-01
1.636887608069164390e-01
1.492795389048991450e-01
1.648414985590778148e-01
1.602305475504322840e-01
1.642651296829971130e-01
1.521613832853025983e-01
1.608069164265129580e-01
1.579250720461095048e-01
1.538904899135446758e-01
1.688760806916426438e-01
1.515850144092218965e-01
1.590778097982708805e-01
1.636887608069164390e-01
1.435158501440922107e-01
1.487031700288184433e-01
1.492795389048991450e-01
1.475504322766570675e-01
1.498559077809798190e-01
1.429394812680115368e-01
1.412103746397694592e-01
1.463976945244956640e-01
1.452449567723342883e-01
1.504322766570605208e-01
1.475504322766570675e-01
1.342939481268011492e-01
1.389048991354466800e-01
1.435158501440922107e-01
1.371757925072046025e-01
1.337175792507204475e-01
1.348703170028818510e-01
1.342939481268011492e-01
1.308357348703169942e-01
1.331412103746397735e-01
1.394812680115273817e-01
1.365994236311239285e-01
1.348703170028818510e-01
1.273775216138328392e-01
1.308357348703169942e-01
1.244956772334293998e-01
1.371757925072046025e-01
1.227665706051873223e-01
1.216138328530259327e-01
1.170028818443804020e-01
1.268011527377521652e-01
1.250720461095100877e-01
1.175792507204610898e-01
1.227665706051873223e-01
1.123919308357348712e-01
1.233429394812680102e-01
1.279538904899135410e-01
1.210374639769452448e-01
1.187319884726224795e-01
1.244956772334293998e-01
1.227665706051873223e-01
1.152737752161383245e-01
1.164265129682997141e-01
1.181556195965417916e-01
1.210374639769452448e-01
1.227665706051873223e-01
1.256484149855907895e-01
1.227665706051873223e-01
1.279538904899135410e-01
1.118155619596541833e-01
1.123919308357348712e-01
1.152737752161383245e-01
1.100864553314121058e-01
1.100864553314121058e-01
1.106628242074927937e-01
1.118155619596541833e-01
1.141210374639769487e-01
1.008645533141210443e-01
1.054755043227665751e-01
1.106628242074927937e-01
1.083573487031700283e-01
1.077809798270893404e-01
1.129682997118155591e-01
1.025936599423631079e-01
1.089337175792507162e-01
1.095100864553314179e-01
1.054755043227665751e-01
1.072046109510086387e-01
9.971181556195965467e-02
1.112391930835734816e-01
1.141210374639769487e-01
1.123919308357348712e-01
1.118155619596541833e-01
1.054755043227665751e-01
1.112391930835734816e-01
1.048991354466858733e-01
1.112391930835734816e-01
1.077809798270893404e-01
1.043227665706051854e-01
1.089337175792507162e-01
1.089337175792507162e-01
1.031700288184438097e-01
1.037463976945244976e-01
1.106628242074927937e-01
1.135446685878962469e-01
1.048991354466858733e-01
1.095100864553314179e-01
1.054755043227665751e-01
1.072046109510086387e-01
1.060518731988472629e-01
1.095100864553314179e-01
1.112391930835734816e-01
1.060518731988472629e-01
1.175792507204610898e-01
1.031700288184438097e-01
1.037463976945244976e-01
9.913544668587896680e-02
1.008645533141210443e-01
9.567723342939481179e-02
1.014409221902017322e-01
9.798270893371757717e-02
9.855907780979826505e-02
9.971181556195965467e-02
9.971181556195965467e-02
9.855907780979826505e-02
9.740634005763688930e-02
8.876080691642651566e-02
9.279538904899135854e-02
9.798270893371757717e-02
9.855907780979826505e-02
9.164265129682996891e-02
1.008645533141210443e-01
9.913544668587896680e-02
9.971181556195965467e-02
9.510086455331412392e-02
9.740634005763688930e-02
8.876080691642651566e-02
9.394812680115273429e-02
9.740634005763688930e-02
9.394812680115273429e-02
8.414985590778098490e-02
1.048991354466858733e-01
9.452449567723343604e-02
8.818443804034582778e-02
8.414985590778098490e-02
8.242074927953890739e-02
7.953890489913544026e-02
8.530259365994236065e-02
8.760806916426512603e-02
8.299711815561959527e-02
7.953890489913544026e-02
8.703170028818443815e-02
9.106628242074928103e-02
8.242074927953890739e-02
8.472622478386167277e-02
8.530259365994236065e-02
8.299711815561959527e-02
7.780979827089337664e-02
9.279538904899135854e-02
8.645533141210375028e-02
8.530259365994236065e-02
7.838616714697406451e-02
8.011527377521614202e-02
8.126801152737751777e-02
8.530259365994236065e-02
8.242074927953890739e-02
7.780979827089337664e-02
7.723342939481267488e-02
7.492795389048990951e-02
7.492795389048990951e-02
7.262247838616714413e-02
7.550432276657061126e-02
7.377521613832853375e-02
7.262247838616714413e-02
6.743515850144092549e-02
7.550432276657061126e-02
7.031700288184437875e-02
7.435158501440922163e-02
7.665706051873198701e-02
8.069164265129682989e-02
7.319884726224783200e-02
8.126801152737751777e-02
7.435158501440922163e-02
7.608069164265129913e-02
7.550432276657061126e-02
7.262247838616714413e-02
7.146974063400576838e-02
7.262247838616714413e-02
7.377521613832853375e-02
6.858789625360230124e-02
6.628242074927953587e-02
6.628242074927953587e-02
6.570605187319884799e-02
6.340057636887608261e-02
6.455331412103745836e-02
6.397694524495677049e-02
5.878962536023054491e-02
6.224783861671469992e-02
6.051873198847262242e-02
5.821325648414985704e-02
6.282420749279539474e-02
5.763688760806916223e-02
5.936599423631123973e-02
6.167146974063400511e-02
5.878962536023054491e-02
5.590778097982709166e-02
5.590778097982709166e-02
5.590778097982709166e-02
5.475504322766570897e-02
