1.000000000000000000e+00
8.233890214797136009e-01
8.186157517899761427e-01
7.517899761336515052e-01
8.162291169451073580e-01
7.589498806682577481e-01
7.183770883054892975e-01
6.921241050119332217e-01
7.088305489260142700e-01
6.945107398568018953e-01
6.849642004773269788e-01
7.136038186157518393e-01
6.515513126491646601e-01
6.897374701670644370e-01
6.348448687350835007e-01
6.563245823389021183e-01
6.539379474940334447e-01
6.181384248210023413e-01
6.587112171837709029e-01
6.038186157517899666e-01
6.396181384248209589e-01
5.680190930787589743e-01
5.751789976133651061e-01
5.799522673031026754e-01
6.300715990453460424e-01
5.823389021479713490e-01
5.799522673031026754e-01
6.085918854415274248e-01
5.727923627684964325e-01
5.632458233890215160e-01
5.322195704057278709e-01
5.966587112171837237e-01
5.704057279236276479e-01
5.513126491646778149e-01
5.775656324582338907e-01
5.417661097852028984e-01
5.727923627684964325e-01
5.584725536992840578e-01
5.417661097852028984e-01
5.011933174224343368e-01
5.489260143198090303e-01
5.083532219570405797e-01
5.155131264916468226e-01
5.513126491646778149e-01
5.202863961813842808e-01
4.844868735083532330e-01
4.964200477326968786e-01
5.059665871121717950e-01
5.298329355608591973e-01
5.131264916467780379e-01
4.844868735083532330e-01
4.725536992840095318e-01
4.510739856801909142e-01
5.274463007159904127e-01
4.892601431980906912e-01
5.369928400954654402e-01
5.083532219570405797e-01
4.821002386634845038e-01
5.226730310262529544e-01
4.868735083532219621e-01
5.035799522673031214e-01
4.677804295942720736e-01
4.152744630071599219e-01
4.606205250596658862e-01
4.677804295942720736e-01
4.343675417661098104e-01
4.415274463007159977e-01
4.415274463007159977e-01
4.057279236276849499e-01
4.248210023866348384e-01
4.558472553699284280e-01
4.844868735083532330e-01
4.582338902147971571e-01
4.081145584725536790e-01
3.770883054892601449e-01
4.272076372315035675e-01
4.200477326968973801e-01
4.319809069212410257e-01
4.367541766109785395e-01
4.319809069212410257e-01
4.272076372315035675e-01
4.701670644391408027e-01
4.009546539379474916e-01
4.224343675417661093e-01
4.128878281622911928e-01
4.009546539379474916e-01
4.057279236276849499e-01
4.009546539379474916e-01
4.224343675417661093e-01
3.818615751789976032e-01
3.699284009546539576e-01
4.248210023866348384e-01
3.770883054892601449e-01
4.319809069212410257e-01
4.057279236276849499e-01
3.794749403341288740e-01
3.699284009546539576e-01
4.152744630071599219e-01
3.985680190930787625e-01
4.033412887828162208e-01
3.460620525059666108e-01
4.128878281622911928e-01
3.961813842482100334e-01
3.627684964200477147e-01
3.985680190930787625e-01
3.699284009546539576e-01
3.818615751789976032e-01
4.057279236276849499e-01
3.961813842482100334e-01
3.866348448687350614e-01
3.937947494033413043e-01
3.675417661097852284e-01
3.651551312649164438e-01
3.723150357995226867e-01
3.651551312649164438e-01
3.699284009546539576e-01
3.818615751789976032e-01
3.579952267303102564e-01
3.914081145584725752e-01
3.985680190930787625e-01
3.675417661097852284e-01
3.436754176610978262e-01
3.341288782816229097e-01
3.317422434367541806e-01
3.699284009546539576e-01
3.699284009546539576e-01
3.556085918854415273e-01
3.914081145584725752e-01
4.152744630071599219e-01
3.723150357995226867e-01
3.770883054892601449e-01
3.818615751789976032e-01
3.436754176610978262e-01
3.770883054892601449e-01
3.532219570405727982e-01
3.579952267303102564e-01
3.508353221957040691e-01
3.412887828162290971e-01
3.293556085918854515e-01
3.794749403341288740e-01
3.269689737470167223e-01
3.508353221957040691e-01
3.556085918854415273e-01
3.412887828162290971e-01
3.174224343675417503e-01
3.389021479713603680e-01
3.245823389021479932e-01
3.556085918854415273e-01
3.436754176610978262e-01
3.579952267303102564e-01
3.078758949880668339e-01
3.436754176610978262e-01
3.221957040572792086e-01
3.221957040572792086e-01
3.221957040572792086e-01
3.365155131264916388e-01
3.603818615751789856e-01
3.436754176610978262e-01
3.794749403341288740e-01
3.389021479713603680e-01
3.579952267303102564e-01
3.341288782816229097e-01
3.245823389021479932e-01
3.150357995226730212e-01
3.174224343675417503e-01
3.341288782816229097e-01
3.532219570405727982e-01
3.269689737470167223e-01
2.959427207637231327e-01
3.221957040572792086e-01
3.054892601431981047e-01
3.054892601431981047e-01
3.102625298329355630e-01
3.078758949880668339e-01
3.341288782816229097e-01
3.054892601431981047e-01
3.078758949880668339e-01
2.935560859188544036e-01
3.198090692124104795e-01
2.983293556085918619e-01
2.959427207637231327e-01
3.078758949880668339e-01
3.221957040572792086e-01
2.959427207637231327e-01
3.102625298329355630e-01
2.983293556085918619e-01
2.911694510739856745e-01
2.911694510739856745e-01
2.816229116945107580e-01
2.529832935560858975e-01
2.792362768496420289e-01
3.174224343675417503e-01
2.935560859188544036e-01
2.983293556085918619e-01
2.863961813842482163e-01
2.959427207637231327e-01
2.887828162291169454e-01
2.911694510739856745e-01
3.007159904534606465e-01
3.126491646778042921e-01
2.625298329355608695e-01
2.720763723150357860e-01
2.959427207637231327e-01
2.553699284009546266e-01
2.983293556085918619e-01
2.935560859188544036e-01
2.673031026252983278e-01
2.625298329355608695e-01
2.911694510739856745e-01
2.792362768496420289e-01
2.553699284009546266e-01
2.529832935560858975e-01
2.887828162291169454e-01
2.744630071599045151e-01
2.505966587112171684e-01
2.601431980906921404e-01
2.601431980906921404e-01
2.768496420047732443e-01
2.529832935560858975e-01
2.577565632458234113e-01
2.458233890214797102e-01
2.386634844868734950e-01
2.601431980906921404e-01
2.553699284009546266e-01
2.601431980906921404e-01
2.505966587112171684e-01
2.458233890214797102e-01
2.338902147971360368e-01
2.744630071599045151e-01
2.744630071599045151e-01
2.553699284009546266e-01
2.625298329355608695e-01
2.673031026252983278e-01
2.649164677804295986e-01
2.529832935560858975e-01
2.529832935560858975e-01
2.410501193317422519e-01
2.505966587112171684e-01
2.195704057279236343e-01
2.267303102625298217e-01
2.410501193317422519e-01
2.291169451073985786e-01
2.219570405727923634e-01
2.482100238663484393e-01
2.291169451073985786e-01
2.147971360381861483e-01
2.267303102625298217e-01
2.338902147971360368e-01
2.315035799522673077e-01
2.386634844868734950e-01
2.219570405727923634e-01
2.410501193317422519e-01
2.219570405727923634e-01
2.147971360381861483e-01
2.267303102625298217e-01
2.386634844868734950e-01
2.124105011933174192e-01
2.362768496420047659e-01
2.219570405727923634e-01
2.076372315035799609e-01
2.147971360381861483e-01
2.100238663484486901e-01
2.100238663484486901e-01
2.052505966587112041e-01
2.243436754176610926e-01
2.458233890214797102e-01
2.410501193317422519e-01
2.553699284009546266e-01
2.315035799522673077e-01
2.147971360381861483e-01
2.362768496420047659e-01
2.219570405727923634e-01
2.267303102625298217e-01
2.434367541766109810e-01
2.458233890214797102e-01
2.338902147971360368e-01
2.219570405727923634e-01
2.338902147971360368e-01
1.909307875894988016e-01
2.386634844868734950e-01
2.171837708830549052e-01
1.933174224343675307e-01
2.100238663484486901e-01
2.195704057279236343e-01
2.124105011933174192e-01
2.219570405727923634e-01
1.980906921241050167e-01
2.243436754176610926e-01
2.243436754176610926e-01
2.052505966587112041e-01
2.076372315035799609e-01
1.933174224343675307e-01
1.766109785202863991e-01
1.789976133651551282e-01
1.980906921241050167e-01
1.837708830548926142e-01
1.837708830548926142e-01
2.100238663484486901e-01
2.076372315035799609e-01
1.885441527446300725e-01
1.837708830548926142e-01
1.980906921241050167e-01
2.124105011933174192e-01
1.909307875894988016e-01
1.813842482100238573e-01
2.004773269689737458e-01
2.171837708830549052e-01
2.100238663484486901e-01
1.885441527446300725e-01
2.195704057279236343e-01
1.837708830548926142e-01
1.957040572792362876e-01
2.028639618138424749e-01
2.004773269689737458e-01
2.219570405727923634e-01
2.124105011933174192e-01
2.147971360381861483e-01
2.076372315035799609e-01
2.458233890214797102e-01
1.909307875894988016e-01
1.885441527446300725e-01
2.076372315035799609e-01
1.646778042959427257e-01
2.004773269689737458e-01
1.718377088305489131e-01
2.004773269689737458e-01
1.813842482100238573e-01
1.861575178997613433e-01
1.503579952267303232e-01
1.885441527446300725e-01
1.718377088305489131e-01
1.551312649164677815e-01
1.766109785202863991e-01
1.599045346062052397e-01
1.503579952267303232e-01
1.766109785202863991e-01
2.052505966587112041e-01
1.742243436754176700e-01
1.694510739856801840e-01
1.837708830548926142e-01
1.575178997613365106e-01
1.431980906921241081e-01
1.551312649164677815e-01
1.599045346062052397e-01
1.813842482100238573e-01
1.980906921241050167e-01
2.028639618138424749e-01
1.527446300715990524e-01
1.742243436754176700e-01
1.885441527446300725e-01
1.837708830548926142e-01
1.861575178997613433e-01
1.909307875894988016e-01
2.028639618138424749e-01
2.076372315035799609e-01
1.789976133651551282e-01
1.766109785202863991e-01
1.861575178997613433e-01
1.694510739856801840e-01
1.813842482100238573e-01
1.861575178997613433e-01
1.742243436754176700e-01
1.718377088305489131e-01
1.789976133651551282e-01
1.909307875894988016e-01
1.622911694510739966e-01
1.551312649164677815e-01
1.694510739856801840e-01
1.789976133651551282e-01
1.622911694510739966e-01
1.766109785202863991e-01
1.885441527446300725e-01
1.766109785202863991e-01
1.551312649164677815e-01
1.813842482100238573e-01
1.622911694510739966e-01
1.837708830548926142e-01
1.527446300715990524e-01
1.622911694510739966e-01
1.980906921241050167e-01
1.670644391408114549e-01
1.599045346062052397e-01
1.599045346062052397e-01
1.718377088305489131e-01
1.718377088305489131e-01
1.766109785202863991e-01
1.694510739856801840e-01
1.360381861575178930e-01
1.575178997613365106e-01
1.503579952267303232e-01
1.503579952267303232e-01
1.360381861575178930e-01
1.551312649164677815e-01
1.479713603818615664e-01
1.360381861575178930e-01
1.503579952267303232e-01
1.384248210023866221e-01
1.503579952267303232e-01
1.360381861575178930e-01
1.360381861575178930e-01
1.479713603818615664e-01
