1.000000000000000000e+00
8.700290979631425392e-01
8.443258971871968610e-01
8.171677982541222240e-01
8.423860329776915457e-01
8.113482056256061670e-01
7.963142580019398897e-01
8.021338506304558358e-01
7.866149369544132020e-01
7.507274490785644794e-01
7.550921435499514667e-01
7.599418040737148106e-01
7.410281280310377916e-01
7.167798254122211832e-01
6.871968962172647633e-01
7.051406401551891800e-01
6.886517943743938330e-01
6.842870999030067347e-01
6.755577109602327601e-01
6.459747817652764512e-01
6.498545101842870819e-01
6.445198836081473814e-01
6.377303588748787222e-01
6.222114451988360884e-01
6.367604267701261200e-01
6.144519883608147159e-01
5.994180407371484387e-01
5.921435499515034229e-01
6.013579049466537541e-01
5.853540252182347636e-01
5.746847720659553627e-01
5.567410281280310569e-01
5.397672162948593533e-01
5.402521823472357099e-01
5.518913676042677130e-01
5.363724539282250792e-01
5.252182347235693216e-01
5.446168768186226972e-01
5.184287099903006624e-01
5.169738118331717036e-01
5.150339476236663883e-01
5.116391852570320031e-01
5.043646944713869873e-01
5.024248302618816719e-01
4.932104752667313408e-01
4.917555771096023265e-01
4.689621726479146213e-01
4.631425800193986198e-01
4.597478176527642901e-01
4.388942774005819558e-01
4.461687681862269717e-01
4.573229873908826182e-01
4.544131910766246452e-01
4.636275460717749763e-01
4.495635305528613013e-01
4.481086323957322870e-01
4.510184287099903155e-01
4.296799224054316246e-01
4.199806013579049369e-01
4.083414161008729337e-01
4.102812803103782491e-01
4.005819592628516168e-01
4.039767216294859464e-01
4.039767216294859464e-01
3.836081474296799132e-01
4.097963142580019480e-01
3.947623666343356152e-01
3.889427740058196137e-01
3.889427740058196137e-01
3.821532492725508989e-01
3.850630455868089275e-01
3.855480116391852841e-01
3.908826382153249290e-01
3.627546071774975789e-01
3.787584869059165693e-01
3.642095053346265932e-01
3.520853540252182334e-01
3.714839961202715535e-01
3.588748787584868927e-01
3.569350145489815773e-01
3.651794374393792508e-01
3.569350145489815773e-01
3.414161008729388880e-01
3.520853540252182334e-01
3.389912706110572160e-01
3.583899127061105916e-01
3.462657613967022319e-01
3.472356935014548895e-01
3.249272550921435410e-01
3.433559650824442033e-01
3.312318137730358991e-01
3.278370514064015695e-01
3.317167798254122002e-01
3.103782735208535648e-01
3.205625606207565537e-01
3.297769156159068848e-01
3.108632395732298659e-01
2.997090203685742194e-01
2.992240543161978628e-01
3.060135790494665220e-01
3.064985451018428786e-01
2.895247332686711750e-01
2.861299709020368454e-01
2.904946653734238327e-01
3.006789524733268770e-01
2.841901066925315300e-01
2.846750727449078311e-01
2.997090203685742194e-01
2.861299709020368454e-01
2.929194956353055046e-01
2.919495635305528469e-01
2.832201745877788723e-01
2.662463627546071687e-01
2.609117361784675238e-01
2.667313288069835253e-01
2.681862269641125396e-01
2.526673132880698502e-01
2.618816682832201814e-01
2.468477206595538209e-01
2.458777885548011632e-01
2.463627546071774921e-01
2.623666343355964825e-01
2.434529582929194913e-01
2.604267701260911672e-01
2.560620756547041799e-01
2.584869059165858518e-01
2.497575169738118217e-01
2.444228903976721767e-01
2.492725509214354929e-01
2.560620756547041799e-01
2.419980601357905048e-01
2.318137730358874882e-01
2.313288069835111593e-01
2.298739088263821451e-01
2.177497575169738131e-01
2.216294859359844716e-01
2.187196896217264708e-01
2.245392822502424723e-01
2.303588748787584739e-01
2.192046556741027996e-01
2.298739088263821451e-01
2.235693501454898147e-01
2.201745877788554850e-01
2.119301648884578115e-01
2.065955383123181388e-01
2.017458777885547949e-01
2.032007759456838092e-01
2.080504364694471253e-01
2.007759456838021372e-01
1.930164888457807926e-01
1.983511154219204653e-01
1.910766246362754495e-01
1.891367604267701341e-01
2.070805043646944676e-01
1.925315227934044637e-01
1.930164888457807926e-01
1.930164888457807926e-01
1.964112512124151222e-01
1.915615906886518061e-01
1.988360814742967941e-01
1.871968962172647910e-01
1.915615906886518061e-01
1.741028128031037736e-01
1.847720659553831191e-01
1.876818622696411198e-01
1.930164888457807926e-01
1.711930164888457728e-01
1.784675072744907887e-01
1.842870999030067902e-01
1.770126091173617744e-01
1.687681862269641009e-01
1.838021338506304614e-01
1.833171677982541325e-01
1.804073714839961318e-01
1.779825412221144598e-01
1.833171677982541325e-01
1.881668283220174487e-01
1.726479146459747871e-01
1.871968962172647910e-01
1.687681862269641009e-01
1.726479146459747871e-01
1.542192046556740970e-01
1.600387972841900985e-01
1.585838991270611120e-01
1.580989330746847832e-01
1.692531522793404575e-01
1.644034917555771136e-01
1.653734238603297713e-01
1.644034917555771136e-01
1.692531522793404575e-01
1.614936954413191128e-01
1.614936954413191128e-01
1.580989330746847832e-01
1.644034917555771136e-01
1.687681862269641009e-01
1.731328806983511159e-01
1.629485935984480993e-01
1.663433559650824567e-01
1.644034917555771136e-01
1.663433559650824567e-01
1.580989330746847832e-01
1.634335596508244559e-01
1.522793404461687816e-01
1.527643064985451105e-01
1.454898157129000946e-01
1.551891367604267824e-01
1.571290009699320978e-01
1.576139670223084266e-01
1.425800193986420938e-01
1.493695441319107531e-01
1.425800193986420938e-01
1.430649854510184227e-01
1.353055286129970780e-01
1.382153249272550788e-01
1.411251212415131073e-01
1.411251212415131073e-01
1.445198836081474369e-01
1.469447138700291089e-01
1.440349175557711081e-01
1.430649854510184227e-01
1.483996120271580954e-01
1.430649854510184227e-01
1.430649854510184227e-01
1.464597478176527523e-01
1.450048496605237658e-01
1.459747817652764235e-01
1.299709020368574330e-01
1.367604267701260923e-01
1.420950533462657650e-01
1.411251212415131073e-01
1.469447138700291089e-01
1.401551891367604219e-01
1.435499515033947515e-01
1.430649854510184227e-01
1.382153249272550788e-01
1.450048496605237658e-01
1.333656644034917627e-01
1.450048496605237658e-01
1.391852570320077642e-01
1.391852570320077642e-01
1.323957322987390772e-01
1.445198836081474369e-01
1.430649854510184227e-01
1.445198836081474369e-01
1.387002909796314354e-01
1.333656644034917627e-01
1.357904946653734346e-01
1.304558680892337619e-01
1.353055286129970780e-01
1.241513094083414176e-01
1.231813773035887460e-01
1.275460717749757611e-01
1.275460717749757611e-01
1.348205625606207492e-01
1.226964112512124172e-01
1.256062075654704180e-01
1.309408341416100907e-01
1.183317167798254160e-01
1.275460717749757611e-01
1.265761396702230757e-01
1.207565470417070741e-01
1.207565470417070741e-01
1.173617846750727445e-01
1.163918525703200729e-01
1.236663433559650888e-01
1.226964112512124172e-01
1.222114451988360884e-01
1.241513094083414176e-01
1.105722599418040714e-01
1.139670223084384149e-01
1.129970902036857433e-01
1.091173617846750710e-01
1.100872938894277425e-01
1.062075654704170702e-01
1.091173617846750710e-01
1.057225994180407413e-01
1.052376333656643986e-01
1.168768186226964156e-01
1.047526673132880698e-01
1.076624636275460706e-01
1.197866149369544164e-01
1.105722599418040714e-01
1.047526673132880698e-01
1.081474296799223994e-01
1.057225994180407413e-01
1.144519883608147437e-01
1.086323957322987421e-01
1.120271580989330718e-01
1.100872938894277425e-01
1.047526673132880698e-01
9.844810863239572551e-02
1.125121241513094145e-01
1.032977691561590694e-01
1.008729388942773975e-01
9.796314258001939668e-02
1.037827352085353982e-01
9.990300678952473978e-02
1.047526673132880698e-01
9.941804073714839707e-02
1.028128031037827406e-01
9.941804073714839707e-02
9.747817652764306784e-02
9.553831231813772473e-02
1.003879728419010686e-01
9.214354995150339511e-02
9.553831231813772473e-02
9.456838021338506706e-02
1.013579049466537402e-01
9.699321047526672512e-02
9.165858389912706627e-02
9.408341416100872434e-02
9.262851600387972395e-02
9.359844810863239550e-02
8.826382153249272278e-02
8.971871968962172317e-02
8.486905916585839316e-02
8.923375363724539433e-02
8.971871968962172317e-02
8.341416100872939277e-02
8.826382153249272278e-02
8.001939864209504927e-02
8.680892337536372239e-02
8.680892337536372239e-02
8.292919495635305005e-02
8.535402521823472199e-02
9.020368574199806588e-02
8.535402521823472199e-02
8.244422890397672121e-02
9.359844810863239550e-02
9.311348205625606667e-02
9.165858389912706627e-02
8.535402521823472199e-02
8.341416100872939277e-02
8.389912706110572160e-02
8.098933074684772082e-02
8.244422890397672121e-02
8.923375363724539433e-02
8.971871968962172317e-02
7.807953443258972004e-02
8.147429679922404966e-02
8.632395732298739355e-02
8.341416100872939277e-02
7.904946653734239159e-02
8.244422890397672121e-02
8.535402521823472199e-02
7.953443258971872043e-02
8.632395732298739355e-02
8.486905916585839316e-02
7.613967022308439081e-02
7.807953443258972004e-02
7.032007759456837537e-02
7.953443258971872043e-02
7.322987390882637615e-02
7.710960232783704849e-02
7.468477206595537654e-02
8.050436469447139198e-02
8.195926285160039237e-02
7.856450048496604888e-02
8.147429679922404966e-02
8.486905916585839316e-02
9.117361784675072356e-02
8.098933074684772082e-02
8.389912706110572160e-02
7.759456838021339120e-02
7.565470417070804809e-02
7.468477206595537654e-02
7.468477206595537654e-02
7.807953443258972004e-02
7.613967022308439081e-02
6.983511154219204653e-02
7.468477206595537654e-02
8.050436469447139198e-02
7.662463627546071965e-02
8.195926285160039237e-02
7.322987390882637615e-02
7.419980601357904770e-02
7.419980601357904770e-02
7.322987390882637615e-02
7.565470417070804809e-02
7.516973811833171926e-02
7.225994180407371847e-02
7.129000969932104692e-02
6.983511154219204653e-02
6.935014548981571769e-02
7.032007759456837537e-02
6.304558680892337341e-02
6.692531522793404575e-02
6.256062075654704457e-02
6.353055286129970225e-02
5.334626576139669951e-02
6.013579049466537263e-02
6.062075654704170841e-02
5.528612997090203568e-02
5.722599418040737185e-02
6.644034917555771691e-02
6.547041707080504536e-02
6.401551891367604497e-02
6.498545101842871652e-02
5.771096023278370762e-02
5.625606207565470723e-02
5.528612997090203568e-02
