1.000000000000000000e+00
8.418972332015810522e-01
8.063241106719367668e-01
7.411067193675889841e-01
7.826086956521739468e-01
7.391304347826086474e-01
6.996047430830039104e-01
6.581027667984189478e-01
6.778656126482213162e-01
6.936758893280632332e-01
6.699604743083004132e-01
6.541501976284584963e-01
6.521739130434782705e-01
5.968379446640316166e-01
6.007905138339920681e-01
5.988142292490118423e-01
6.225296442687746623e-01
6.264822134387352248e-01
5.750988142292490224e-01
5.889328063241107136e-01
5.316205533596838340e-01
5.750988142292490224e-01
5.711462450592885709e-01
5.691699604743083452e-01
5.553359683794466539e-01
5.691699604743083452e-01
5.671936758893280084e-01
5.296442687747036082e-01
5.395256916996047369e-01
5.217391304347825942e-01
5.316205533596838340e-01
5.000000000000000000e-01
4.841897233201580830e-01
4.881422924901185900e-01
4.624505928853754888e-01
5.138339920948616912e-01
4.703557312252964473e-01
4.644268774703557146e-01
5.019762845849802257e-01
4.762845849802371800e-01
4.328063241106719361e-01
4.723320158102766730e-01
4.723320158102766730e-01
4.367588932806323876e-01
4.189723320158103004e-01
4.644268774703557146e-01
3.972332015810276507e-01
4.525691699604743046e-01
4.209486166007905261e-01
4.169960474308300191e-01
4.031620553359683834e-01
3.972332015810276507e-01
3.616600790513834207e-01
3.359683794466403195e-01
3.794466403162055079e-01
3.478260869565217295e-01
3.932806324110671992e-01
3.833992094861660149e-01
4.011857707509881577e-01
4.189723320158103004e-01
4.011857707509881577e-01
3.932806324110671992e-01
3.754940711462450564e-01
3.754940711462450564e-01
3.873517786561264664e-01
3.735177865612648307e-01
3.537549407114624622e-01
3.754940711462450564e-01
3.320158102766798680e-01
3.498023715415019552e-01
3.339920948616600938e-01
3.438735177865612780e-01
3.616600790513834207e-01
3.083003952569169925e-01
3.162055335968379510e-01
3.260869565217391353e-01
3.320158102766798680e-01
3.557312252964426880e-01
3.557312252964426880e-01
3.438735177865612780e-01
3.359683794466403195e-01
3.735177865612648307e-01
3.636363636363636465e-01
3.379446640316205452e-01
3.339920948616600938e-01
3.162055335968379510e-01
3.260869565217391353e-01
2.964426877470355826e-01
2.905138339920948498e-01
2.944664031620553568e-01
2.588932806324110714e-01
3.122529644268774440e-01
2.667984189723320299e-01
2.944664031620553568e-01
2.964426877470355826e-01
3.083003952569169925e-01
2.687747035573122556e-01
2.865612648221343983e-01
2.806324110671936656e-01
2.608695652173912971e-01
2.569169960474308456e-01
2.529644268774703386e-01
2.826086956521738913e-01
2.628458498023715229e-01
2.707509881422924813e-01
2.806324110671936656e-01
2.747035573122529883e-01
2.608695652173912971e-01
2.766798418972332141e-01
2.667984189723320299e-01
2.786561264822134398e-01
2.509881422924901129e-01
2.529644268774703386e-01
2.608695652173912971e-01
2.628458498023715229e-01
2.588932806324110714e-01
2.470355731225296336e-01
2.252964426877470394e-01
2.826086956521738913e-01
2.667984189723320299e-01
2.490118577075098871e-01
2.549407114624506199e-01
2.490118577075098871e-01
2.430830039525691821e-01
2.292490118577075187e-01
2.450592885375494079e-01
2.272727272727272652e-01
2.035573122529644174e-01
2.411067193675889286e-01
2.272727272727272652e-01
2.233201581027667859e-01
2.332015810276679979e-01
2.430830039525691821e-01
2.292490118577075187e-01
2.154150197628458552e-01
2.332015810276679979e-01
2.015810276679841917e-01
2.292490118577075187e-01
2.450592885375494079e-01
2.094861660079051502e-01
2.312252964426877444e-01
2.450592885375494079e-01
2.173913043478260809e-01
2.114624505928853759e-01
2.055335968379446709e-01
2.035573122529644174e-01
2.015810276679841917e-01
2.134387351778656017e-01
2.233201581027667859e-01
2.035573122529644174e-01
1.976284584980237125e-01
1.916996047430830075e-01
1.976284584980237125e-01
1.956521739130434867e-01
1.936758893280632332e-01
1.877470355731225282e-01
2.055335968379446709e-01
1.897233201581027540e-01
2.055335968379446709e-01
2.075098814229248967e-01
1.916996047430830075e-01
1.818181818181818232e-01
1.818181818181818232e-01
1.739130434782608647e-01
1.739130434782608647e-01
1.739130434782608647e-01
1.837944664031620490e-01
1.739130434782608647e-01
1.679841897233201597e-01
1.877470355731225282e-01
1.778656126482213440e-01
1.837944664031620490e-01
2.154150197628458552e-01
1.897233201581027540e-01
1.877470355731225282e-01
1.897233201581027540e-01
1.916996047430830075e-01
1.976284584980237125e-01
1.818181818181818232e-01
1.956521739130434867e-01
1.818181818181818232e-01
1.897233201581027540e-01
1.936758893280632332e-01
1.778656126482213440e-01
1.996047430830039660e-01
2.035573122529644174e-01
1.818181818181818232e-01
1.699604743083003855e-01
1.956521739130434867e-01
1.818181818181818232e-01
1.660079051383399340e-01
1.679841897233201597e-01
1.739130434782608647e-01
1.679841897233201597e-01
1.897233201581027540e-01
1.699604743083003855e-01
1.581027667984189755e-01
1.541501976284584963e-01
1.778656126482213440e-01
1.739130434782608647e-01
1.581027667984189755e-01
1.699604743083003855e-01
1.442687747035573120e-01
1.501976284584980170e-01
1.660079051383399340e-01
1.719367588932806390e-01
1.581027667984189755e-01
1.581027667984189755e-01
1.679841897233201597e-01
1.521739130434782705e-01
1.581027667984189755e-01
1.521739130434782705e-01
1.600790513833992013e-01
1.660079051383399340e-01
1.422924901185770863e-01
1.561264822134387220e-01
1.343873517786561278e-01
1.363636363636363535e-01
1.442687747035573120e-01
1.719367588932806390e-01
1.422924901185770863e-01
1.541501976284584963e-01
1.442687747035573120e-01
1.501976284584980170e-01
1.442687747035573120e-01
1.363636363636363535e-01
1.343873517786561278e-01
1.304347826086956486e-01
1.343873517786561278e-01
1.383399209486166070e-01
1.324110671936759021e-01
1.225296442687747039e-01
1.324110671936759021e-01
1.343873517786561278e-01
1.581027667984189755e-01
1.422924901185770863e-01
1.343873517786561278e-01
1.363636363636363535e-01
1.343873517786561278e-01
1.185770750988142247e-01
1.363636363636363535e-01
1.264822134387351693e-01
1.304347826086956486e-01
1.343873517786561278e-01
1.185770750988142247e-01
1.264822134387351693e-01
1.462450592885375378e-01
1.363636363636363535e-01
1.324110671936759021e-01
1.561264822134387220e-01
1.225296442687747039e-01
1.343873517786561278e-01
1.225296442687747039e-01
1.205533596837944643e-01
1.245059288537549436e-01
1.284584980237154228e-01
1.284584980237154228e-01
1.225296442687747039e-01
1.245059288537549436e-01
1.363636363636363535e-01
1.185770750988142247e-01
1.264822134387351693e-01
1.185770750988142247e-01
1.324110671936759021e-01
1.106719367588932801e-01
1.185770750988142247e-01
1.225296442687747039e-01
1.205533596837944643e-01
1.403162055335968328e-01
1.284584980237154228e-01
1.166007905138339990e-01
1.007905138339920958e-01
1.324110671936759021e-01
1.106719367588932801e-01
1.166007905138339990e-01
1.067193675889328008e-01
1.245059288537549436e-01
9.881422924901185623e-02
1.047430830039525751e-01
1.047430830039525751e-01
1.007905138339920958e-01
9.881422924901185623e-02
8.498023715415019275e-02
1.106719367588932801e-01
1.225296442687747039e-01
1.067193675889328008e-01
1.027667984189723355e-01
1.185770750988142247e-01
9.090909090909091161e-02
1.007905138339920958e-01
9.881422924901185623e-02
8.498023715415019275e-02
1.027667984189723355e-01
9.683794466403161660e-02
1.086956521739130405e-01
1.047430830039525751e-01
9.486166007905137698e-02
8.300395256916996700e-02
1.007905138339920958e-01
1.007905138339920958e-01
8.300395256916996700e-02
1.166007905138339990e-01
9.288537549407115124e-02
1.027667984189723355e-01
8.300395256916996700e-02
9.090909090909091161e-02
8.102766798418972738e-02
9.288537549407115124e-02
8.300395256916996700e-02
1.047430830039525751e-01
8.102766798418972738e-02
1.007905138339920958e-01
8.893280632411067199e-02
1.027667984189723355e-01
1.007905138339920958e-01
1.126482213438735197e-01
9.090909090909091161e-02
8.498023715415019275e-02
1.166007905138339990e-01
9.881422924901185623e-02
8.893280632411067199e-02
1.047430830039525751e-01
9.288537549407115124e-02
1.027667984189723355e-01
9.090909090909091161e-02
9.881422924901185623e-02
1.106719367588932801e-01
9.090909090909091161e-02
7.707509881422924813e-02
9.881422924901185623e-02
1.146245059288537593e-01
9.288537549407115124e-02
9.881422924901185623e-02
9.486166007905137698e-02
9.090909090909091161e-02
7.707509881422924813e-02
7.312252964426876889e-02
8.300395256916996700e-02
9.683794466403161660e-02
9.881422924901185623e-02
9.288537549407115124e-02
8.102766798418972738e-02
7.905138339920948776e-02
9.486166007905137698e-02
9.090909090909091161e-02
9.288537549407115124e-02
8.893280632411067199e-02
7.905138339920948776e-02
7.707509881422924813e-02
8.695652173913043237e-02
7.114624505928854314e-02
5.928853754940711235e-02
8.102766798418972738e-02
7.509881422924900851e-02
8.102766798418972738e-02
7.114624505928854314e-02
8.695652173913043237e-02
7.312252964426876889e-02
6.324110671936758465e-02
7.509881422924900851e-02
5.533596837944664004e-02
7.312252964426876889e-02
5.335968379446640042e-02
6.916996047430830352e-02
7.509881422924900851e-02
7.114624505928854314e-02
7.312252964426876889e-02
6.521739130434782428e-02
8.102766798418972738e-02
7.509881422924900851e-02
7.312252964426876889e-02
6.324110671936758465e-02
5.928853754940711235e-02
5.928853754940711235e-02
7.509881422924900851e-02
6.324110671936758465e-02
5.533596837944664004e-02
5.138339920948616774e-02
7.312252964426876889e-02
6.916996047430830352e-02
6.324110671936758465e-02
6.126482213438735197e-02
5.533596837944664004e-02
3.557312252964427157e-02
5.928853754940711235e-02
6.126482213438735197e-02
6.719367588932806390e-02
6.324110671936758465e-02
6.324110671936758465e-02
6.916996047430830352e-02
5.138339920948616774e-02
4.940711462450592811e-02
4.940711462450592811e-02
6.126482213438735197e-02
7.114624505928854314e-02
6.719367588932806390e-02
6.126482213438735197e-02
4.940711462450592811e-02
4.347826086956521618e-02
5.731225296442687966e-02
6.521739130434782428e-02
