1.000000000000000000e+00
8.577512776831345276e-01
7.862010221465076665e-01
7.751277683134583096e-01
7.367972742759795191e-01
6.933560477001703415e-01
6.413969335604770006e-01
6.371379897785349744e-01
6.465076660988074986e-01
6.533219761499148293e-01
6.541737649063031901e-01
5.996592844974446557e-01
6.013628620102214883e-01
6.277683134582623392e-01
6.047700170357751537e-01
5.885860306643951878e-01
5.689948892674616676e-01
5.587734241908006716e-01
5.340715502555366534e-01
5.357751277683134861e-01
4.931856899488926693e-01
5.059625212947188588e-01
5.085178875638841633e-01
4.795570698466780080e-01
4.642248722316865694e-01
4.625212947189097368e-01
4.642248722316865694e-01
4.378194207836456631e-01
4.480408858603066591e-01
4.199318568994889200e-01
4.080068143100510913e-01
4.199318568994889200e-01
3.960817717206132627e-01
4.088586030664395077e-01
4.344122657580919977e-01
3.935264054514480137e-01
4.037478705281090097e-01
4.028960817717205933e-01
3.790459965928449915e-01
3.798977853492334078e-01
3.696763202725724118e-01
3.790459965928449915e-01
3.662691652470187464e-01
3.568994889267461668e-01
3.671209540034071628e-01
3.407155025553662564e-01
3.432708688245315054e-01
3.432708688245315054e-01
3.568994889267461668e-01
3.390119250425894237e-01
3.279386712095400114e-01
3.185689948892674872e-01
3.415672913117546727e-01
3.219761499148210970e-01
3.194207836456559035e-01
3.219761499148210970e-01
3.194207836456559035e-01
3.066439522998296585e-01
3.134582623509369892e-01
3.177172061328790709e-01
2.862010221465076665e-01
2.751277683134582541e-01
2.947189097103918298e-01
2.904599659284497482e-01
2.913117546848381645e-01
2.768313458262350868e-01
2.844974446337308338e-01
2.947189097103918298e-01
2.674616695059625071e-01
2.691652470187393398e-01
2.683134582623509234e-01
2.734241908006814215e-01
2.470187393526405428e-01
2.504258943781941804e-01
2.495741056218057918e-01
2.623509369676320091e-01
2.436115843270868775e-01
2.350936967632027141e-01
2.393526405451447958e-01
2.529812606473594294e-01
2.359454855195911305e-01
2.359454855195911305e-01
2.410562180579216285e-01
2.393526405451447958e-01
2.291311754684838276e-01
2.257240204429301622e-01
2.265758091993185785e-01
2.214650766609880805e-01
2.112436115843270845e-01
2.172061328790459989e-01
2.103918228279386682e-01
2.052810902896081702e-01
2.163543441226575825e-01
2.018739352640545048e-01
2.086882453151618355e-01
2.137989778534923335e-01
2.069846678023850028e-01
2.112436115843270845e-01
2.086882453151618355e-01
2.044293015332197538e-01
2.018739352640545048e-01
1.890971039182282876e-01
1.856899488926746222e-01
1.959114139693356182e-01
1.967632027257240068e-01
1.950596252129472019e-01
1.856899488926746222e-01
1.942078364565587856e-01
1.865417376490630386e-01
1.882453151618398712e-01
1.814310051107325406e-01
1.584327086882453273e-01
1.720613287904599609e-01
1.669505962521294629e-01
1.695059625212947119e-01
1.737649063032367935e-01
1.660988074957410465e-01
1.609880749574105485e-01
1.567291311754684946e-01
1.635434412265757975e-01
1.592844974446337436e-01
1.499148211243611639e-01
1.729131175468483772e-01
1.567291311754684946e-01
1.652470187393526302e-01
1.516183986371379966e-01
1.609880749574105485e-01
1.533219761499148293e-01
1.592844974446337436e-01
1.465076660988074986e-01
1.712095400340715445e-01
1.592844974446337436e-01
1.712095400340715445e-01
1.592844974446337436e-01
1.499148211243611639e-01
1.575809199318569109e-01
1.601362862010221599e-01
1.720613287904599609e-01
1.601362862010221599e-01
1.550255536626916619e-01
1.499148211243611639e-01
1.533219761499148293e-01
1.354344122657580862e-01
1.396933560477001679e-01
1.431005110732538332e-01
1.490630323679727476e-01
1.354344122657580862e-01
1.413969335604770006e-01
1.499148211243611639e-01
1.439522998296422496e-01
1.379897785349233352e-01
1.371379897785349189e-01
1.311754684838160046e-01
1.431005110732538332e-01
1.354344122657580862e-01
1.362862010221465026e-01
1.388415672913117516e-01
1.448040885860306659e-01
1.243611584327086877e-01
1.362862010221465026e-01
1.371379897785349189e-01
1.388415672913117516e-01
1.362862010221465026e-01
1.311754684838160046e-01
1.235093696763202714e-01
1.243611584327086877e-01
1.226575809199318551e-01
1.303236797274275882e-01
1.192504258943781897e-01
1.252129471890970902e-01
1.209540034071550224e-01
1.175468483816013571e-01
1.141396933560477056e-01
1.252129471890970902e-01
1.218057921635434387e-01
1.107325383304940403e-01
1.209540034071550224e-01
1.158432708688245383e-01
1.328790459965928372e-01
1.124361158432708729e-01
1.226575809199318551e-01
1.209540034071550224e-01
1.166950596252129407e-01
1.175468483816013571e-01
1.073253833049403749e-01
1.141396933560477056e-01
1.098807495741056239e-01
1.183986371379897734e-01
1.107325383304940403e-01
1.056218057921635423e-01
1.149914821124361219e-01
1.115843270868824566e-01
1.192504258943781897e-01
1.039182282793867096e-01
1.047700170357751259e-01
9.795570698466780912e-02
1.081771720613287913e-01
1.030664395229982933e-01
1.243611584327086877e-01
1.090289608177172076e-01
1.081771720613287913e-01
9.965928449744462791e-02
1.124361158432708729e-01
1.115843270868824566e-01
1.132879045996592893e-01
1.022146507666098769e-01
1.005110732538330442e-01
1.073253833049403749e-01
1.064735945485519586e-01
1.005110732538330442e-01
9.880749574105621158e-02
9.795570698466780912e-02
9.795570698466780912e-02
9.369676320272572745e-02
8.688245315161839677e-02
8.688245315161839677e-02
1.005110732538330442e-01
9.625212947189097645e-02
9.284497444633731111e-02
8.432708688245314776e-02
8.347529812606473143e-02
7.836456558773424730e-02
8.688245315161839677e-02
7.921635434412266363e-02
8.347529812606473143e-02
8.603066439522998043e-02
8.091993185689948243e-02
8.603066439522998043e-02
7.580919931856899829e-02
7.666098807495741463e-02
7.155025553662691662e-02
8.943781942078364577e-02
8.603066439522998043e-02
9.625212947189097645e-02
8.177172061328789876e-02
8.432708688245314776e-02
7.325383304940374929e-02
8.347529812606473143e-02
6.984667802385008395e-02
7.836456558773424730e-02
7.495741056218058196e-02
7.836456558773424730e-02
8.603066439522998043e-02
8.006814310051107997e-02
7.325383304940374929e-02
7.580919931856899829e-02
7.751277683134583096e-02
7.410562180579216562e-02
6.814310051107325128e-02
7.155025553662691662e-02
7.410562180579216562e-02
7.325383304940374929e-02
8.603066439522998043e-02
6.899488926746166761e-02
7.069846678023850028e-02
7.495741056218058196e-02
6.388415672913116961e-02
7.666098807495741463e-02
8.091993185689948243e-02
6.132879045996592754e-02
7.495741056218058196e-02
8.091993185689948243e-02
7.410562180579216562e-02
7.069846678023850028e-02
6.984667802385008395e-02
8.006814310051107997e-02
7.069846678023850028e-02
6.899488926746166761e-02
7.240204429301533295e-02
6.814310051107325128e-02
6.473594548551958594e-02
6.814310051107325128e-02
7.495741056218058196e-02
7.325383304940374929e-02
7.325383304940374929e-02
6.899488926746166761e-02
7.751277683134583096e-02
7.069846678023850028e-02
7.495741056218058196e-02
7.410562180579216562e-02
6.814310051107325128e-02
7.069846678023850028e-02
6.388415672913116961e-02
7.240204429301533295e-02
6.473594548551958594e-02
6.899488926746166761e-02
7.155025553662691662e-02
7.155025553662691662e-02
6.558773424190800228e-02
7.325383304940374929e-02
6.899488926746166761e-02
6.303236797274275327e-02
7.666098807495741463e-02
6.303236797274275327e-02
6.729131175468483494e-02
7.155025553662691662e-02
5.536626916524702013e-02
5.877342419080067853e-02
6.047700170357751120e-02
6.729131175468483494e-02
5.962521294718909487e-02
6.303236797274275327e-02
6.558773424190800228e-02
6.132879045996592754e-02
5.621805792163543647e-02
5.451448040885860380e-02
5.792163543441226914e-02
6.984667802385008395e-02
6.388415672913116961e-02
7.155025553662691662e-02
6.814310051107325128e-02
6.558773424190800228e-02
6.558773424190800228e-02
6.303236797274275327e-02
5.025553662691652212e-02
5.877342419080067853e-02
6.473594548551958594e-02
6.218057921635434387e-02
5.877342419080067853e-02
5.451448040885860380e-02
6.218057921635434387e-02
6.132879045996592754e-02
6.388415672913116961e-02
6.303236797274275327e-02
6.218057921635434387e-02
6.729131175468483494e-02
5.877342419080067853e-02
5.621805792163543647e-02
4.940374787052810579e-02
4.855195911413969639e-02
5.366269165247018746e-02
5.195911413969335479e-02
5.451448040885860380e-02
5.536626916524702013e-02
5.451448040885860380e-02
5.621805792163543647e-02
5.451448040885860380e-02
5.706984667802385280e-02
5.706984667802385280e-02
4.514480408858603105e-02
4.855195911413969639e-02
4.855195911413969639e-02
5.110732538330493846e-02
5.110732538330493846e-02
5.025553662691652212e-02
4.088586030664394938e-02
5.877342419080067853e-02
5.195911413969335479e-02
5.110732538330493846e-02
6.303236797274275327e-02
4.855195911413969639e-02
4.770017035775128006e-02
5.110732538330493846e-02
5.536626916524702013e-02
5.281090289608177113e-02
5.366269165247018746e-02
5.195911413969335479e-02
5.110732538330493846e-02
4.770017035775128006e-02
5.025553662691652212e-02
5.451448040885860380e-02
4.599659284497444739e-02
5.110732538330493846e-02
4.429301533219761472e-02
4.855195911413969639e-02
4.514480408858603105e-02
5.110732538330493846e-02
5.025553662691652212e-02
4.344122657580919838e-02
4.429301533219761472e-02
4.599659284497444739e-02
4.258943781942078205e-02
4.258943781942078205e-02
4.599659284497444739e-02
4.344122657580919838e-02
4.173764906303236571e-02
3.662691652470187464e-02
4.599659284497444739e-02
4.173764906303236571e-02
4.684838160136286372e-02
4.599659284497444739e-02
3.662691652470187464e-02
4.514480408858603105e-02
4.003407155025553998e-02
4.003407155025553998e-02
4.344122657580919838e-02
3.662691652470187464e-02
3.662691652470187464e-02
4.684838160136286372e-02
4.684838160136286372e-02
4.258943781942078205e-02
4.429301533219761472e-02
4.429301533219761472e-02
4.684838160136286372e-02
4.088586030664394938e-02
4.599659284497444739e-02
3.833049403747870731e-02
4.344122657580919838e-02
3.407155025553662564e-02
3.492333901192504197e-02
4.258943781942078205e-02
