1.000000000000000000e+00
8.932655654383735433e-01
8.500635324015247685e-01
8.348157560355781159e-01
8.551461245235070230e-01
8.475222363405336967e-01
8.132147395171537285e-01
7.522236340533672294e-01
7.814485387547649431e-01
7.484116899618805663e-01
7.433290978398983118e-01
7.255400254129605875e-01
7.293519695044472506e-01
7.052096569250317915e-01
6.886912325285895475e-01
7.153748411689961895e-01
6.594663278271918339e-01
6.810673443456162213e-01
6.454891994917407727e-01
6.175349428208386504e-01
6.111817026683609155e-01
6.086404066073697328e-01
6.188055908513341308e-01
5.870393900889453453e-01
5.743329097839898756e-01
5.756035578144853559e-01
5.972045743329097434e-01
5.870393900889453453e-01
5.756035578144853559e-01
5.324015247776365811e-01
5.451080050825921619e-01
5.578144853875476317e-01
5.336721728081321725e-01
5.362134688691232443e-01
5.463786531130876423e-01
5.412960609911054988e-01
5.006353240152477957e-01
5.324015247776365811e-01
5.235069885641677745e-01
4.891994917407878063e-01
5.108005082592121937e-01
5.108005082592121937e-01
4.917407878017789336e-01
4.917407878017789336e-01
5.298602287166455094e-01
5.209656925031765917e-01
5.095298602287166023e-01
4.891994917407878063e-01
4.523506988564167663e-01
4.447268106734434401e-01
4.243964421855145885e-01
4.790343074968233528e-01
4.523506988564167663e-01
4.637865311308767557e-01
4.891994917407878063e-01
4.637865311308767557e-01
4.498094027954256946e-01
4.663278271918678275e-01
4.498094027954256946e-01
4.332909783989835062e-01
4.383735705209657052e-01
4.358322744599745779e-01
4.396442185514612411e-01
4.066073697585768643e-01
4.294790343074968431e-01
4.294790343074968431e-01
4.027954256670902011e-01
4.256670902160101799e-01
3.964421855146124662e-01
3.862770012706480127e-01
4.002541296060991294e-01
3.735705209656924874e-01
3.735705209656924874e-01
3.684879288437102884e-01
3.697585768742058243e-01
3.735705209656924874e-01
3.799237611181702778e-01
3.532401524777636359e-01
3.583227445997458904e-01
3.240152477763659222e-01
3.506988564167725642e-01
3.519695044472681000e-01
3.595933926302414263e-01
3.570520965692502990e-01
3.379923761118170389e-01
3.202033036848793146e-01
3.176620076238881873e-01
3.125794155019059883e-01
3.303684879288437126e-01
3.113087674714103970e-01
3.125794155019059883e-01
3.367217280813214475e-01
3.316391359593392485e-01
3.290978398983481767e-01
3.468869123252859010e-01
3.354510800508259116e-01
3.418043202033037020e-01
3.392630241423125748e-01
3.418043202033037020e-01
3.100381194409148611e-01
3.252858958068615136e-01
3.367217280813214475e-01
3.240152477763659222e-01
2.897077509529860095e-01
2.973316391359593358e-01
3.036848792884371262e-01
3.113087674714103970e-01
2.884371029224904737e-01
3.036848792884371262e-01
2.973316391359593358e-01
3.151207115628970601e-01
3.265565438373570495e-01
2.947903430749682085e-01
3.163913595933926515e-01
2.935196950444726727e-01
2.986022871664548717e-01
2.808132147395171474e-01
2.897077509529860095e-01
2.884371029224904737e-01
2.858958068614993464e-01
2.897077509529860095e-01
3.049555273189326621e-01
2.808132147395171474e-01
2.668360864040660863e-01
2.642947903430749590e-01
2.782719186785260757e-01
2.693773824650571580e-01
2.693773824650571580e-01
2.782719186785260757e-01
2.515883100381194337e-01
2.757306226175349484e-01
2.668360864040660863e-01
2.655654383735704949e-01
2.642947903430749590e-01
2.541296060991105610e-01
2.490470139771283342e-01
2.693773824650571580e-01
2.693773824650571580e-01
2.782719186785260757e-01
2.706480304955527494e-01
2.808132147395171474e-01
2.617534942820838872e-01
2.630241423125794231e-01
2.731893265565438211e-01
2.490470139771283342e-01
2.401524777636594721e-01
2.528589580686149696e-01
2.376111817026683726e-01
2.541296060991105610e-01
2.566709021601016327e-01
2.642947903430749590e-01
2.554002541296060969e-01
2.363405336721728089e-01
2.363405336721728089e-01
2.350698856416772453e-01
2.249047013977128473e-01
2.287166454891994827e-01
2.388818297331639084e-01
2.287166454891994827e-01
2.363405336721728089e-01
2.109275730622617584e-01
2.376111817026683726e-01
2.554002541296060969e-01
2.363405336721728089e-01
2.172808132147395210e-01
2.414231257941550080e-01
2.223634053367217200e-01
2.198221092757306205e-01
2.210927573062261842e-01
2.287166454891994827e-01
2.299872935196950463e-01
2.185514612452350569e-01
2.350698856416772453e-01
2.121982210927572943e-01
1.982210927573062331e-01
1.956797966963151336e-01
2.007623888182973326e-01
2.147395171537484215e-01
2.058449809402795316e-01
2.223634053367217200e-01
1.956797966963151336e-01
2.071156289707750953e-01
2.274459974587039468e-01
2.007623888182973326e-01
2.172808132147395210e-01
2.147395171537484215e-01
2.147395171537484215e-01
2.134688691232528579e-01
2.134688691232528579e-01
2.172808132147395210e-01
2.147395171537484215e-01
2.033036848792884321e-01
2.007623888182973326e-01
2.020330368487928963e-01
1.982210927573062331e-01
1.804320203303684811e-01
1.982210927573062331e-01
1.944091486658195700e-01
1.956797966963151336e-01
1.829733163913595806e-01
1.905972045743329069e-01
1.753494282083862821e-01
1.905972045743329069e-01
1.956797966963151336e-01
1.702668360864040553e-01
1.867852604828462437e-01
1.613722998729351932e-01
1.829733163913595806e-01
1.829733163913595806e-01
1.829733163913595806e-01
1.702668360864040553e-01
1.791613722998729452e-01
1.969504447268106695e-01
1.880559085133418074e-01
1.918678526048284705e-01
1.931385006353240064e-01
1.804320203303684811e-01
1.842439644218551442e-01
1.753494282083862821e-01
1.905972045743329069e-01
1.804320203303684811e-01
1.842439644218551442e-01
1.715374841168996189e-01
1.905972045743329069e-01
1.740787801778907185e-01
1.905972045743329069e-01
1.689961880559085194e-01
1.728081321473951826e-01
1.969504447268106695e-01
1.740787801778907185e-01
1.829733163913595806e-01
1.817026683608640447e-01
1.702668360864040553e-01
1.677255400254129558e-01
1.740787801778907185e-01
1.689961880559085194e-01
1.804320203303684811e-01
1.804320203303684811e-01
1.715374841168996189e-01
1.575603557814485300e-01
1.677255400254129558e-01
1.499364675984752315e-01
1.499364675984752315e-01
1.766200762388818180e-01
1.664548919949174199e-01
1.639135959339262927e-01
1.575603557814485300e-01
1.626429479034307568e-01
1.550190597204574305e-01
1.499364675984752315e-01
1.499364675984752315e-01
1.651842439644218563e-01
1.880559085133418074e-01
1.651842439644218563e-01
1.486658195679796679e-01
1.651842439644218563e-01
1.651842439644218563e-01
1.588310038119440937e-01
1.588310038119440937e-01
1.537484116899618669e-01
1.639135959339262927e-01
1.461245235069885684e-01
1.588310038119440937e-01
1.537484116899618669e-01
1.613722998729351932e-01
1.575603557814485300e-01
1.639135959339262927e-01
1.677255400254129558e-01
1.689961880559085194e-01
1.550190597204574305e-01
1.601016518424396573e-01
1.499364675984752315e-01
1.524777636594663310e-01
1.639135959339262927e-01
1.537484116899618669e-01
1.537484116899618669e-01
1.410419313850063416e-01
1.512071156289707674e-01
1.372299872935197063e-01
1.372299872935197063e-01
1.372299872935197063e-01
1.359593392630241426e-01
1.321473951715374795e-01
1.334180432020330431e-01
1.270648030495552805e-01
1.448538754764930048e-01
1.359593392630241426e-01
1.270648030495552805e-01
1.372299872935197063e-01
1.283354510800508164e-01
1.410419313850063416e-01
1.397712833545108058e-01
1.499364675984752315e-01
1.296060991105463800e-01
1.385006353240152421e-01
1.346886912325285790e-01
1.334180432020330431e-01
1.486658195679796679e-01
1.524777636594663310e-01
1.270648030495552805e-01
1.385006353240152421e-01
1.207115628970775040e-01
1.473951715374841043e-01
1.207115628970775040e-01
1.257941550190597169e-01
1.207115628970775040e-01
1.207115628970775040e-01
1.296060991105463800e-01
1.296060991105463800e-01
1.283354510800508164e-01
1.308767471410419436e-01
1.423125794155019053e-01
1.359593392630241426e-01
1.270648030495552805e-01
1.296060991105463800e-01
1.359593392630241426e-01
1.385006353240152421e-01
1.448538754764930048e-01
1.270648030495552805e-01
1.397712833545108058e-01
1.334180432020330431e-01
1.194409148665819542e-01
1.372299872935197063e-01
1.308767471410419436e-01
1.118170266836086418e-01
1.308767471410419436e-01
1.219822109275730676e-01
1.130876747141041916e-01
1.219822109275730676e-01
1.296060991105463800e-01
1.283354510800508164e-01
1.308767471410419436e-01
1.270648030495552805e-01
1.296060991105463800e-01
1.359593392630241426e-01
1.346886912325285790e-01
1.423125794155019053e-01
1.245235069885641671e-01
1.194409148665819542e-01
1.283354510800508164e-01
1.245235069885641671e-01
1.207115628970775040e-01
1.257941550190597169e-01
1.143583227445997413e-01
1.207115628970775040e-01
1.105463786531130921e-01
1.168996188055908547e-01
1.270648030495552805e-01
1.194409148665819542e-01
1.118170266836086418e-01
1.092757306226175285e-01
1.245235069885641671e-01
1.156289707750953050e-01
1.143583227445997413e-01
1.232528589580686174e-01
1.118170266836086418e-01
1.194409148665819542e-01
1.207115628970775040e-01
1.067344345616264290e-01
1.092757306226175285e-01
1.194409148665819542e-01
1.016518424396442161e-01
1.118170266836086418e-01
1.029224904701397658e-01
1.156289707750953050e-01
1.156289707750953050e-01
1.092757306226175285e-01
1.232528589580686174e-01
1.105463786531130921e-01
1.168996188055908547e-01
1.016518424396442161e-01
1.207115628970775040e-01
1.296060991105463800e-01
1.270648030495552805e-01
1.118170266836086418e-01
1.207115628970775040e-01
1.067344345616264290e-01
1.143583227445997413e-01
1.168996188055908547e-01
1.334180432020330431e-01
1.270648030495552805e-01
1.194409148665819542e-01
1.283354510800508164e-01
1.219822109275730676e-01
1.168996188055908547e-01
1.257941550190597169e-01
1.207115628970775040e-01
1.130876747141041916e-01
1.359593392630241426e-01
1.092757306226175285e-01
1.041931385006353294e-01
1.168996188055908547e-01
1.080050825921219787e-01
1.257941550190597169e-01
1.041931385006353294e-01
1.245235069885641671e-01
1.067344345616264290e-01
1.054637865311308792e-01
1.156289707750953050e-01
1.207115628970775040e-01
1.054637865311308792e-01
