1.000000000000000000e+00
8.223443223443223093e-01
7.380952380952381375e-01
6.959706959706959406e-01
6.758241758241758657e-01
6.520146520146520297e-01
6.208791208791208938e-01
6.007326007326007078e-01
6.172161172161172438e-01
5.531135531135531469e-01
5.714285714285713969e-01
5.952380952380952328e-01
5.659340659340659219e-01
5.366300366300366109e-01
5.073260073260073000e-01
4.890109890109889945e-01
4.981684981684981750e-01
4.798534798534798695e-01
4.487179487179487336e-01
4.542124542124542086e-01
4.706959706959706891e-01
4.340659340659340781e-01
4.285714285714285476e-01
4.523809523809523836e-01
4.230769230769230727e-01
3.864468864468864617e-01
4.285714285714285476e-01
3.644688644688644508e-01
3.516483516483516758e-01
3.901098901098901117e-01
3.699633699633699813e-01
3.827838827838827562e-01
3.553113553113553258e-01
3.754578754578754562e-01
3.388278388278388453e-01
3.754578754578754562e-01
3.168498168498168344e-01
2.967032967032967039e-01
3.131868131868131844e-01
2.967032967032967039e-01
3.021978021978021789e-01
2.930402930402930539e-01
3.168498168498168344e-01
3.150183150183150094e-01
3.369963369963370203e-01
3.223443223443223649e-01
3.168498168498168344e-01
3.205128205128205399e-01
2.783882783882783984e-01
2.893772893772894039e-01
2.802197802197802234e-01
2.967032967032967039e-01
2.655677655677655680e-01
2.857142857142856984e-01
2.692307692307692180e-01
2.619047619047619180e-01
2.564102564102563875e-01
2.490842490842490875e-01
2.692307692307692180e-01
2.582417582417582680e-01
2.307692307692307820e-01
2.509157509157509125e-01
2.435897435897435848e-01
2.362637362637362570e-01
2.344322344322344320e-01
2.051282051282051211e-01
2.234432234432234543e-01
2.069597069597069461e-01
2.179487179487179516e-01
2.307692307692307820e-01
2.380952380952380820e-01
1.923076923076923184e-01
2.142857142857142738e-01
2.179487179487179516e-01
2.142857142857142738e-01
1.996336996336996461e-01
2.032967032967032961e-01
2.124542124542124488e-01
1.886446886446886406e-01
2.161172161172161266e-01
1.739926739926739852e-01
2.051282051282051211e-01
1.886446886446886406e-01
1.886446886446886406e-01
1.849816849816849906e-01
1.648351648351648324e-01
1.849816849816849906e-01
1.978021978021977934e-01
1.868131868131868156e-01
1.813186813186813129e-01
1.739926739926739852e-01
1.721611721611721602e-01
1.520146520146520019e-01
1.666666666666666574e-01
1.593406593406593297e-01
1.703296703296703352e-01
1.666666666666666574e-01
1.849816849816849906e-01
1.410256410256410242e-01
1.886446886446886406e-01
1.721611721611721602e-01
1.721611721611721602e-01
1.501831501831501769e-01
1.813186813186813129e-01
1.483516483516483520e-01
1.501831501831501769e-01
1.575091575091575047e-01
1.501831501831501769e-01
1.593406593406593297e-01
1.611721611721611824e-01
1.391941391941391992e-01
1.501831501831501769e-01
1.593406593406593297e-01
1.300366300366300465e-01
1.336996336996336965e-01
1.446886446886447020e-01
1.208791208791208799e-01
1.135531135531135521e-01
1.227106227106227049e-01
1.098901098901098883e-01
1.263736263736263687e-01
1.373626373626373742e-01
1.117216117216117272e-01
1.300366300366300465e-01
1.446886446886447020e-01
1.318681318681318715e-01
1.483516483516483520e-01
1.336996336996336965e-01
1.208791208791208799e-01
1.153846153846153910e-01
1.227106227106227049e-01
1.227106227106227049e-01
9.523809523809523281e-02
1.153846153846153910e-01
1.117216117216117272e-01
1.098901098901098883e-01
9.890109890109889668e-02
1.043956043956043994e-01
1.043956043956043994e-01
1.043956043956043994e-01
8.791208791208791895e-02
1.117216117216117272e-01
1.098901098901098883e-01
1.080586080586080633e-01
1.098901098901098883e-01
8.791208791208791895e-02
1.007326007326007355e-01
9.890109890109889668e-02
1.025641025641025605e-01
8.974358974358974395e-02
1.080586080586080633e-01
9.157509157509156894e-02
9.340659340659340781e-02
1.190476190476190410e-01
9.340659340659340781e-02
9.890109890109889668e-02
1.062271062271062244e-01
1.153846153846153910e-01
8.974358974358974395e-02
9.890109890109889668e-02
8.058608058608059121e-02
8.974358974358974395e-02
9.706959706959707168e-02
9.340659340659340781e-02
9.706959706959707168e-02
7.692307692307692735e-02
9.340659340659340781e-02
8.791208791208791895e-02
7.326007326007326348e-02
7.509157509157508847e-02
6.959706959706959961e-02
6.776556776556776074e-02
8.424908424908425508e-02
7.692307692307692735e-02
7.326007326007326348e-02
8.424908424908425508e-02
7.509157509157508847e-02
7.875457875457875234e-02
6.410256410256409687e-02
6.776556776556776074e-02
5.677655677655677607e-02
6.043956043956043994e-02
6.227106227106227188e-02
5.677655677655677607e-02
6.593406593406593574e-02
6.776556776556776074e-02
7.326007326007326348e-02
6.959706959706959961e-02
7.326007326007326348e-02
8.608058608058608008e-02
7.142857142857142461e-02
7.509157509157508847e-02
6.043956043956043994e-02
7.142857142857142461e-02
6.776556776556776074e-02
6.593406593406593574e-02
6.227106227106227188e-02
8.241758241758241621e-02
6.227106227106227188e-02
7.326007326007326348e-02
7.509157509157508847e-02
7.509157509157508847e-02
6.410256410256409687e-02
5.128205128205128027e-02
5.860805860805860801e-02
4.945054945054944834e-02
7.142857142857142461e-02
6.959706959706959961e-02
4.945054945054944834e-02
5.860805860805860801e-02
4.212454212454212754e-02
5.860805860805860801e-02
5.677655677655677607e-02
5.677655677655677607e-02
5.128205128205128027e-02
5.494505494505494414e-02
6.043956043956043994e-02
5.860805860805860801e-02
6.410256410256409687e-02
6.410256410256409687e-02
6.959706959706959961e-02
6.043956043956043994e-02
5.494505494505494414e-02
6.593406593406593574e-02
5.860805860805860801e-02
6.410256410256409687e-02
5.677655677655677607e-02
5.128205128205128027e-02
6.227106227106227188e-02
4.945054945054944834e-02
5.128205128205128027e-02
5.494505494505494414e-02
6.776556776556776074e-02
6.043956043956043994e-02
6.043956043956043994e-02
6.227106227106227188e-02
5.860805860805860801e-02
5.677655677655677607e-02
5.860805860805860801e-02
5.677655677655677607e-02
5.677655677655677607e-02
5.677655677655677607e-02
6.227106227106227188e-02
5.128205128205128027e-02
5.128205128205128027e-02
5.311355311355311221e-02
5.128205128205128027e-02
5.311355311355311221e-02
6.227106227106227188e-02
5.128205128205128027e-02
4.578754578754578447e-02
4.578754578754578447e-02
4.945054945054944834e-02
5.860805860805860801e-02
4.212454212454212754e-02
5.311355311355311221e-02
5.128205128205128027e-02
4.761904761904761640e-02
4.029304029304029561e-02
3.479853479853479981e-02
4.395604395604395948e-02
4.761904761904761640e-02
5.128205128205128027e-02
3.663003663003663174e-02
4.395604395604395948e-02
5.494505494505494414e-02
5.494505494505494414e-02
4.578754578754578447e-02
5.311355311355311221e-02
5.311355311355311221e-02
5.494505494505494414e-02
5.677655677655677607e-02
6.043956043956043994e-02
5.494505494505494414e-02
6.227106227106227188e-02
6.410256410256409687e-02
5.494505494505494414e-02
5.128205128205128027e-02
5.128205128205128027e-02
4.761904761904761640e-02
4.395604395604395948e-02
6.043956043956043994e-02
4.212454212454212754e-02
4.212454212454212754e-02
4.395604395604395948e-02
4.395604395604395948e-02
4.395604395604395948e-02
5.311355311355311221e-02
4.761904761904761640e-02
4.395604395604395948e-02
4.761904761904761640e-02
5.677655677655677607e-02
4.212454212454212754e-02
5.128205128205128027e-02
4.578754578754578447e-02
5.128205128205128027e-02
6.959706959706959961e-02
3.846153846153846367e-02
5.311355311355311221e-02
5.860805860805860801e-02
4.761904761904761640e-02
5.128205128205128027e-02
4.761904761904761640e-02
5.128205128205128027e-02
5.128205128205128027e-02
5.128205128205128027e-02
5.128205128205128027e-02
5.311355311355311221e-02
4.395604395604395948e-02
4.945054945054944834e-02
4.578754578754578447e-02
4.029304029304029561e-02
4.212454212454212754e-02
5.128205128205128027e-02
4.945054945054944834e-02
4.395604395604395948e-02
4.945054945054944834e-02
4.578754578754578447e-02
5.677655677655677607e-02
5.494505494505494414e-02
5.860805860805860801e-02
4.761904761904761640e-02
4.578754578754578447e-02
4.761904761904761640e-02
4.029304029304029561e-02
4.761904761904761640e-02
4.578754578754578447e-02
4.578754578754578447e-02
5.128205128205128027e-02
5.311355311355311221e-02
4.395604395604395948e-02
4.761904761904761640e-02
3.113553113553113594e-02
4.578754578754578447e-02
5.311355311355311221e-02
4.212454212454212754e-02
5.311355311355311221e-02
6.227106227106227188e-02
4.578754578754578447e-02
5.677655677655677607e-02
4.578754578754578447e-02
5.311355311355311221e-02
5.494505494505494414e-02
5.860805860805860801e-02
5.494505494505494414e-02
4.395604395604395948e-02
5.128205128205128027e-02
5.677655677655677607e-02
3.846153846153846367e-02
2.930402930402930400e-02
4.578754578754578447e-02
4.212454212454212754e-02
5.494505494505494414e-02
4.029304029304029561e-02
4.395604395604395948e-02
3.479853479853479981e-02
3.296703296703296787e-02
3.663003663003663174e-02
2.747252747252747207e-02
3.296703296703296787e-02
3.479853479853479981e-02
3.113553113553113594e-02
3.663003663003663174e-02
2.747252747252747207e-02
4.212454212454212754e-02
4.029304029304029561e-02
2.747252747252747207e-02
2.197802197802197974e-02
3.113553113553113594e-02
3.663003663003663174e-02
2.930402930402930400e-02
3.663003663003663174e-02
3.846153846153846367e-02
4.029304029304029561e-02
4.212454212454212754e-02
3.846153846153846367e-02
3.846153846153846367e-02
3.479853479853479981e-02
4.029304029304029561e-02
2.747252747252747207e-02
3.846153846153846367e-02
2.747252747252747207e-02
3.113553113553113594e-02
3.663003663003663174e-02
3.846153846153846367e-02
3.846153846153846367e-02
3.479853479853479981e-02
3.479853479853479981e-02
4.395604395604395948e-02
3.663003663003663174e-02
3.296703296703296787e-02
3.296703296703296787e-02
3.296703296703296787e-02
3.296703296703296787e-02
2.930402930402930400e-02
2.564102564102564014e-02
2.930402930402930400e-02
3.479853479853479981e-02
2.747252747252747207e-02
3.296703296703296787e-02
3.663003663003663174e-02
