1.000000000000000000e+00
7.558635394456290069e-01
7.121535181236673395e-01
7.313432835820895539e-01
6.748400852878464473e-01
6.695095948827292087e-01
6.417910447761193682e-01
6.172707889125799152e-01
5.938166311300639988e-01
5.639658848614071962e-01
5.255863539445628785e-01
5.298507462686566916e-01
5.191897654584222144e-01
5.021321961620469621e-01
4.925373134328357994e-01
4.936034115138592804e-01
4.733475479744136405e-01
4.957356076759061869e-01
4.701492537313433084e-01
4.861407249466950797e-01
4.498933901918976686e-01
4.477611940298507620e-01
4.371002132196162293e-01
4.349680170575693228e-01
4.402985074626865614e-01
4.157782515991471084e-01
4.083155650319829633e-01
4.243070362473347346e-01
3.923240938166311365e-01
4.040511727078891502e-01
3.848614072494669358e-01
3.891257995735607489e-01
3.368869936034115109e-01
3.667377398720682580e-01
3.827292110874200293e-01
3.507462686567164312e-01
3.528784648187633377e-01
3.678038379530916835e-01
3.699360341151385900e-01
3.528784648187633377e-01
3.422174840085288050e-01
3.144989339019189645e-01
3.368869936034115109e-01
3.208955223880596841e-01
3.336886993603411788e-01
3.432835820895522305e-01
3.166311300639658710e-01
3.113006396588486324e-01
3.038379530916844318e-01
3.059701492537313383e-01
3.027718550106610063e-01
2.910447761194029925e-01
2.921108742004264180e-01
2.963752665245202311e-01
2.921108742004264180e-01
3.166311300639658710e-01
2.942430703624733246e-01
2.942430703624733246e-01
2.953091684434968056e-01
2.825159914712153664e-01
3.049040511727079128e-01
2.814498933901918853e-01
2.771855010660980723e-01
2.611940298507462455e-01
2.675906183368870206e-01
2.707889125799573526e-01
2.622601279317697265e-01
2.526652452025586193e-01
2.771855010660980723e-01
2.441364605543709931e-01
2.452025586353944464e-01
2.569296375266524324e-01
2.452025586353944464e-01
2.473347547974413529e-01
2.302771855010661006e-01
2.452025586353944464e-01
2.302771855010661006e-01
2.238805970149253810e-01
2.100213219616204607e-01
2.249466950959488343e-01
2.217484008528784745e-01
2.345415778251599137e-01
2.388059701492537268e-01
2.292110874200426474e-01
2.324093816631130072e-01
2.462686567164178997e-01
2.270788912579957408e-01
2.313432835820895539e-01
2.281449893390191941e-01
2.142857142857142738e-01
2.036247334754797411e-01
2.324093816631130072e-01
2.281449893390191941e-01
1.982942430703624748e-01
2.217484008528784745e-01
1.972281449893390215e-01
1.961620469083155682e-01
2.068230277185501009e-01
2.164179104477611804e-01
2.057569296375266477e-01
2.110874200426439140e-01
2.206823027718550212e-01
2.249466950959488343e-01
2.004264392324093813e-01
1.940298507462686617e-01
2.164179104477611804e-01
2.100213219616204607e-01
2.014925373134328346e-01
1.950959488272921150e-01
2.142857142857142738e-01
1.855010660980810355e-01
1.897654584221748486e-01
1.897654584221748486e-01
1.940298507462686617e-01
1.940298507462686617e-01
1.940298507462686617e-01
2.057569296375266477e-01
2.110874200426439140e-01
1.812366737739871947e-01
2.068230277185501009e-01
1.940298507462686617e-01
2.046908315565031944e-01
2.206823027718550212e-01
2.185501066098081147e-01
1.886993603411513953e-01
1.812366737739871947e-01
1.855010660980810355e-01
1.972281449893390215e-01
1.844349680170575823e-01
1.695095948827292087e-01
1.705756929637526620e-01
1.737739872068230218e-01
1.791044776119402882e-01
1.737739872068230218e-01
1.727078891257995685e-01
1.769722814498933816e-01
1.673773987206823022e-01
1.759061833688699283e-01
1.823027718550106480e-01
1.823027718550106480e-01
1.599147121535181293e-01
1.695095948827292087e-01
1.780383795309168349e-01
1.780383795309168349e-01
1.801705756929637414e-01
1.748400852878464751e-01
1.769722814498933816e-01
1.833688699360341290e-01
1.748400852878464751e-01
1.684434968017057555e-01
1.705756929637526620e-01
1.684434968017057555e-01
1.631130063965884891e-01
1.609808102345415826e-01
1.609808102345415826e-01
1.705756929637526620e-01
1.545842217484008629e-01
1.588486140724946760e-01
1.673773987206823022e-01
1.577825159914712227e-01
1.599147121535181293e-01
1.641791044776119424e-01
1.545842217484008629e-01
1.545842217484008629e-01
1.481876332622601156e-01
1.449893390191897558e-01
1.535181236673774097e-01
1.513859275053305031e-01
1.407249466950959427e-01
1.641791044776119424e-01
1.481876332622601156e-01
1.481876332622601156e-01
1.620469083155650358e-01
1.748400852878464751e-01
1.567164179104477695e-01
1.545842217484008629e-01
1.567164179104477695e-01
1.705756929637526620e-01
1.524520255863539564e-01
1.631130063965884891e-01
1.481876332622601156e-01
1.631130063965884891e-01
1.353944562899786763e-01
1.620469083155650358e-01
1.492537313432835688e-01
1.524520255863539564e-01
1.364605543710021296e-01
1.407249466950959427e-01
1.439232409381663025e-01
1.194029850746268634e-01
1.481876332622601156e-01
1.300639658848614100e-01
1.428571428571428492e-01
1.396588486140724894e-01
1.577825159914712227e-01
1.343283582089552231e-01
1.396588486140724894e-01
1.417910447761193959e-01
1.407249466950959427e-01
1.439232409381663025e-01
1.417910447761193959e-01
1.481876332622601156e-01
1.471215351812366623e-01
1.407249466950959427e-01
1.417910447761193959e-01
1.385927505330490361e-01
1.343283582089552231e-01
1.343283582089552231e-01
1.439232409381663025e-01
1.247334754797441297e-01
1.300639658848614100e-01
1.375266524520255829e-01
1.183368869936034101e-01
1.311300639658848632e-01
1.236673773987206765e-01
1.385927505330490361e-01
1.300639658848614100e-01
1.300639658848614100e-01
1.439232409381663025e-01
1.194029850746268634e-01
1.311300639658848632e-01
1.268656716417910502e-01
1.119402985074626905e-01
1.268656716417910502e-01
1.289978678038379567e-01
1.343283582089552231e-01
1.257995735607675969e-01
1.194029850746268634e-01
1.247334754797441297e-01
1.215351812366737699e-01
1.247334754797441297e-01
1.268656716417910502e-01
1.321961620469083165e-01
1.162046908315565036e-01
1.236673773987206765e-01
1.353944562899786763e-01
1.130063965884861438e-01
1.140724946695095970e-01
1.204690831556503167e-01
1.140724946695095970e-01
1.130063965884861438e-01
1.194029850746268634e-01
1.236673773987206765e-01
1.076759061833688635e-01
1.183368869936034101e-01
1.151385927505330503e-01
1.151385927505330503e-01
1.194029850746268634e-01
1.215351812366737699e-01
1.130063965884861438e-01
1.194029850746268634e-01
1.130063965884861438e-01
1.119402985074626905e-01
1.108742004264392372e-01
1.087420042643923307e-01
1.098081023454157840e-01
1.055437100213219570e-01
1.066098081023454103e-01
1.034115138592750505e-01
1.098081023454157840e-01
1.066098081023454103e-01
1.119402985074626905e-01
1.087420042643923307e-01
1.130063965884861438e-01
1.034115138592750505e-01
1.087420042643923307e-01
1.087420042643923307e-01
1.055437100213219570e-01
1.066098081023454103e-01
1.066098081023454103e-01
1.108742004264392372e-01
1.183368869936034101e-01
1.023454157782515972e-01
1.119402985074626905e-01
1.066098081023454103e-01
1.162046908315565036e-01
1.055437100213219570e-01
9.914712153518123738e-02
1.130063965884861438e-01
1.034115138592750505e-01
1.044776119402985037e-01
1.087420042643923307e-01
1.023454157782515972e-01
9.808102345415778411e-02
9.594882729211087757e-02
1.012793176972281439e-01
9.914712153518123738e-02
8.742004264392323754e-02
1.012793176972281439e-01
1.002132196162046907e-01
9.168443496801706449e-02
9.168443496801706449e-02
1.002132196162046907e-01
9.914712153518123738e-02
9.594882729211087757e-02
1.034115138592750505e-01
1.076759061833688635e-01
8.848614072494669081e-02
8.955223880597014408e-02
9.275053304904051776e-02
9.488272921108742430e-02
9.808102345415778411e-02
9.914712153518123738e-02
1.066098081023454103e-01
9.168443496801706449e-02
1.023454157782515972e-01
9.488272921108742430e-02
8.315565031982942445e-02
1.023454157782515972e-01
1.012793176972281439e-01
1.023454157782515972e-01
9.168443496801706449e-02
9.275053304904051776e-02
9.808102345415778411e-02
8.848614072494669081e-02
9.381663113006397103e-02
1.076759061833688635e-01
1.034115138592750505e-01
8.955223880597014408e-02
8.528784648187633100e-02
9.168443496801706449e-02
9.701492537313433084e-02
1.034115138592750505e-01
9.381663113006397103e-02
9.594882729211087757e-02
1.002132196162046907e-01
1.066098081023454103e-01
9.701492537313433084e-02
9.275053304904051776e-02
9.061833688699359735e-02
9.168443496801706449e-02
1.002132196162046907e-01
8.422174840085287773e-02
9.061833688699359735e-02
9.488272921108742430e-02
9.701492537313433084e-02
8.848614072494669081e-02
9.701492537313433084e-02
1.002132196162046907e-01
9.381663113006397103e-02
9.168443496801706449e-02
9.381663113006397103e-02
1.044776119402985037e-01
9.914712153518123738e-02
8.742004264392323754e-02
9.701492537313433084e-02
9.275053304904051776e-02
9.808102345415778411e-02
8.955223880597014408e-02
8.742004264392323754e-02
8.422174840085287773e-02
7.782515991471215810e-02
8.422174840085287773e-02
8.208955223880597118e-02
8.742004264392323754e-02
8.315565031982942445e-02
7.782515991471215810e-02
7.356076759061833115e-02
8.208955223880597118e-02
8.955223880597014408e-02
7.995735607675906464e-02
9.275053304904051776e-02
8.422174840085287773e-02
8.848614072494669081e-02
8.102345415778251791e-02
8.208955223880597118e-02
8.848614072494669081e-02
7.782515991471215810e-02
8.315565031982942445e-02
7.249466950959487788e-02
7.782515991471215810e-02
7.889125799573561137e-02
7.782515991471215810e-02
7.782515991471215810e-02
7.249466950959487788e-02
6.823027718550106480e-02
8.422174840085287773e-02
7.782515991471215810e-02
7.462686567164178442e-02
7.995735607675906464e-02
8.102345415778251791e-02
7.036247334754797134e-02
7.462686567164178442e-02
7.569296375266525156e-02
7.995735607675906464e-02
7.675906183368870483e-02
8.208955223880597118e-02
7.675906183368870483e-02
8.422174840085287773e-02
7.356076759061833115e-02
7.356076759061833115e-02
7.995735607675906464e-02
7.782515991471215810e-02
7.569296375266525156e-02
7.889125799573561137e-02
7.462686567164178442e-02
8.742004264392323754e-02
8.528784648187633100e-02
8.315565031982942445e-02
6.823027718550106480e-02
8.315565031982942445e-02
