1.000000000000000000e+00
8.554838709677419217e-01
7.780645161290322687e-01
7.729032258064516547e-01
7.367741935483871352e-01
7.187096774193548754e-01
6.980645161290323086e-01
6.929032258064515837e-01
6.877419354838709697e-01
6.929032258064515837e-01
6.851612903225806628e-01
6.412903225806451113e-01
6.529032258064516592e-01
6.193548387096774466e-01
6.154838709677419306e-01
6.064516129032258007e-01
6.051612903225805917e-01
5.703225806451612812e-01
5.845161290322580250e-01
5.716129032258064901e-01
5.045161290322580649e-01
5.070967741935483719e-01
5.483870967741935054e-01
5.341935483870967616e-01
5.187096774193548088e-01
4.864516129032258052e-01
4.864516129032258052e-01
5.109677419354838879e-01
4.967741935483870885e-01
4.890322580645161121e-01
4.696774193548386989e-01
4.825806451612903447e-01
4.632258064516128759e-01
4.709677419354838523e-01
4.554838709677419550e-01
4.541935483870968016e-01
4.270967741935484119e-01
4.477419354838709786e-01
4.567741935483871085e-01
4.451612903225806717e-01
4.335483870967741793e-01
4.232258064516128959e-01
4.296774193548387188e-01
4.154838709677419195e-01
3.961290322580645062e-01
3.819354838709677624e-01
4.064516129032257896e-01
3.974193548387096597e-01
4.051612903225806361e-01
3.896774193548386833e-01
3.858064516129032229e-01
3.380645161290322664e-01
3.535483870967742193e-01
3.664516129032258096e-01
3.767741935483870930e-01
3.716129032258064790e-01
3.754838709677419395e-01
3.638709677419355026e-01
3.638709677419355026e-01
3.845161290322580694e-01
3.496774193548387033e-01
3.522580645161290103e-01
3.432258064516128804e-01
3.561290322580645262e-01
3.483870967741935498e-01
3.445161290322580894e-01
3.367741935483871130e-01
3.354838709677419595e-01
3.509677419354838568e-01
3.625806451612903492e-01
3.445161290322580894e-01
3.432258064516128804e-01
3.329032258064515970e-01
3.329032258064515970e-01
3.316129032258064435e-01
3.406451612903225734e-01
3.122580645161290303e-01
3.341935483870967505e-01
3.212903225806451601e-01
3.303225806451612900e-01
3.083870967741935698e-01
3.251612903225806206e-01
3.083870967741935698e-01
3.032258064516129004e-01
2.941935483870967705e-01
3.096774193548387233e-01
3.045161290322580538e-01
2.851612903225806406e-01
2.787096774193548177e-01
3.122580645161290303e-01
2.993548387096774399e-01
3.006451612903225934e-01
3.070967741935483608e-01
3.212903225806451601e-01
2.864516129032257941e-01
2.722580645161290502e-01
3.083870967741935698e-01
2.696774193548386878e-01
3.019354838709677469e-01
2.761290322580645107e-01
2.929032258064516170e-01
2.812903225806451801e-01
2.825806451612903336e-01
2.916129032258064635e-01
2.670967741935483808e-01
2.490322580645161210e-01
2.438709677419354793e-01
2.593548387096774044e-01
2.529032258064516370e-01
2.503225806451612745e-01
2.632258064516129203e-01
2.619354838709677669e-01
2.606451612903225579e-01
2.735483870967742037e-01
2.645161290322580738e-01
2.696774193548386878e-01
2.541935483870967905e-01
2.645161290322580738e-01
2.567741935483870974e-01
2.670967741935483808e-01
2.503225806451612745e-01
2.516129032258064280e-01
2.529032258064516370e-01
2.412903225806451724e-01
2.438709677419354793e-01
2.477419354838709675e-01
2.554838709677419439e-01
2.619354838709677669e-01
2.490322580645161210e-01
2.361290322580645029e-01
2.464516129032258140e-01
2.322580645161290425e-01
2.335483870967741959e-01
2.464516129032258140e-01
2.258064516129032195e-01
2.387096774193548376e-01
2.245161290322580661e-01
2.206451612903225779e-01
2.232258064516129126e-01
2.361290322580645029e-01
2.361290322580645029e-01
2.361290322580645029e-01
2.309677419354838612e-01
2.219354838709677313e-01
2.000000000000000111e-01
1.909677419354838812e-01
2.129032258064516014e-01
2.154838709677419362e-01
2.193548387096774244e-01
2.051612903225806528e-01
2.167741935483870896e-01
2.219354838709677313e-01
2.090322580645161410e-01
2.193548387096774244e-01
2.064516129032258063e-01
2.141935483870967827e-01
1.948387096774193417e-01
2.077419354838709598e-01
2.090322580645161410e-01
1.974193548387096764e-01
2.154838709677419362e-01
1.948387096774193417e-01
2.064516129032258063e-01
2.000000000000000111e-01
2.038709677419354716e-01
2.000000000000000111e-01
2.038709677419354716e-01
2.064516129032258063e-01
1.819354838709677513e-01
1.858064516129032395e-01
2.000000000000000111e-01
1.858064516129032395e-01
1.896774193548387000e-01
1.896774193548387000e-01
1.896774193548387000e-01
1.935483870967741882e-01
1.754838709677419284e-01
2.012903225806451646e-01
1.935483870967741882e-01
1.845161290322580583e-01
1.948387096774193417e-01
1.741935483870967749e-01
2.000000000000000111e-01
1.961290322580645229e-01
2.012903225806451646e-01
1.883870967741935465e-01
2.077419354838709598e-01
1.974193548387096764e-01
1.819354838709677513e-01
1.819354838709677513e-01
1.909677419354838812e-01
1.974193548387096764e-01
1.948387096774193417e-01
2.064516129032258063e-01
1.780645161290322631e-01
1.935483870967741882e-01
1.948387096774193417e-01
1.754838709677419284e-01
1.690322580645161332e-01
1.883870967741935465e-01
1.870967741935483930e-01
1.948387096774193417e-01
2.012903225806451646e-01
1.858064516129032395e-01
1.767741935483871096e-01
1.741935483870967749e-01
1.729032258064516214e-01
1.793548387096774166e-01
1.793548387096774166e-01
1.832258064516129048e-01
1.909677419354838812e-01
1.832258064516129048e-01
1.832258064516129048e-01
1.961290322580645229e-01
1.935483870967741882e-01
1.909677419354838812e-01
1.896774193548387000e-01
1.858064516129032395e-01
1.806451612903225701e-01
1.909677419354838812e-01
1.651612903225806450e-01
1.767741935483871096e-01
1.741935483870967749e-01
1.741935483870967749e-01
1.754838709677419284e-01
1.703225806451612867e-01
1.819354838709677513e-01
1.741935483870967749e-01
1.716129032258064402e-01
1.793548387096774166e-01
1.819354838709677513e-01
1.896774193548387000e-01
1.883870967741935465e-01
1.870967741935483930e-01
2.103225806451612945e-01
1.819354838709677513e-01
1.845161290322580583e-01
1.793548387096774166e-01
1.677419354838709797e-01
1.677419354838709797e-01
1.793548387096774166e-01
1.819354838709677513e-01
1.767741935483871096e-01
1.741935483870967749e-01
1.625806451612903103e-01
1.767741935483871096e-01
1.832258064516129048e-01
1.883870967741935465e-01
1.664516129032257985e-01
1.767741935483871096e-01
1.677419354838709797e-01
1.638709677419354915e-01
1.690322580645161332e-01
1.664516129032257985e-01
1.729032258064516214e-01
1.754838709677419284e-01
1.780645161290322631e-01
1.600000000000000033e-01
1.535483870967741804e-01
1.780645161290322631e-01
1.677419354838709797e-01
1.729032258064516214e-01
1.612903225806451568e-01
1.690322580645161332e-01
1.703225806451612867e-01
1.729032258064516214e-01
1.664516129032257985e-01
1.819354838709677513e-01
1.754838709677419284e-01
1.754838709677419284e-01
1.677419354838709797e-01
1.793548387096774166e-01
1.729032258064516214e-01
1.690322580645161332e-01
1.625806451612903103e-01
1.664516129032257985e-01
1.754838709677419284e-01
1.754838709677419284e-01
1.780645161290322631e-01
1.677419354838709797e-01
1.754838709677419284e-01
1.729032258064516214e-01
1.729032258064516214e-01
1.677419354838709797e-01
1.587096774193548498e-01
1.522580645161290269e-01
1.587096774193548498e-01
1.458064516129032318e-01
1.535483870967741804e-01
1.651612903225806450e-01
1.587096774193548498e-01
1.690322580645161332e-01
1.587096774193548498e-01
1.574193548387096686e-01
1.561290322580645151e-01
1.509677419354838734e-01
1.754838709677419284e-01
1.535483870967741804e-01
1.587096774193548498e-01
1.548387096774193616e-01
1.522580645161290269e-01
1.432258064516128970e-01
1.535483870967741804e-01
1.470967741935483852e-01
1.600000000000000033e-01
1.625806451612903103e-01
1.600000000000000033e-01
1.496774193548387200e-01
1.496774193548387200e-01
1.561290322580645151e-01
1.354838709677419484e-01
1.496774193548387200e-01
1.509677419354838734e-01
1.496774193548387200e-01
1.612903225806451568e-01
1.406451612903225901e-01
1.470967741935483852e-01
1.496774193548387200e-01
1.354838709677419484e-01
1.393548387096774088e-01
1.393548387096774088e-01
1.496774193548387200e-01
1.522580645161290269e-01
1.496774193548387200e-01
1.574193548387096686e-01
1.483870967741935387e-01
1.445161290322580783e-01
1.329032258064516137e-01
1.458064516129032318e-01
1.496774193548387200e-01
1.393548387096774088e-01
1.445161290322580783e-01
1.316129032258064602e-01
1.419354838709677435e-01
1.238709677419354838e-01
1.329032258064516137e-01
1.509677419354838734e-01
1.509677419354838734e-01
1.535483870967741804e-01
1.625806451612903103e-01
1.483870967741935387e-01
1.406451612903225901e-01
1.393548387096774088e-01
1.445161290322580783e-01
1.290322580645161255e-01
1.574193548387096686e-01
1.483870967741935387e-01
1.354838709677419484e-01
1.419354838709677435e-01
1.445161290322580783e-01
1.432258064516128970e-01
1.393548387096774088e-01
1.406451612903225901e-01
1.419354838709677435e-01
1.316129032258064602e-01
1.303225806451612789e-01
1.470967741935483852e-01
1.483870967741935387e-01
1.470967741935483852e-01
1.496774193548387200e-01
1.380645161290322553e-01
1.251612903225806372e-01
1.303225806451612789e-01
1.264516129032258185e-01
1.329032258064516137e-01
1.406451612903225901e-01
1.251612903225806372e-01
1.354838709677419484e-01
1.238709677419354838e-01
1.199999999999999956e-01
1.264516129032258185e-01
1.277419354838709720e-01
1.303225806451612789e-01
1.277419354838709720e-01
1.122580645161290330e-01
1.290322580645161255e-01
1.341935483870967671e-01
1.303225806451612789e-01
1.264516129032258185e-01
1.316129032258064602e-01
1.251612903225806372e-01
1.225806451612903164e-01
1.277419354838709720e-01
1.277419354838709720e-01
1.290322580645161255e-01
1.225806451612903164e-01
1.264516129032258185e-01
1.174193548387096747e-01
1.148387096774193539e-01
1.238709677419354838e-01
1.199999999999999956e-01
1.264516129032258185e-01
1.148387096774193539e-01
1.277419354838709720e-01
1.212903225806451629e-01
1.187096774193548421e-01
1.148387096774193539e-01
1.070967741935483913e-01
1.199999999999999956e-01
1.174193548387096747e-01
1.109677419354838657e-01
