1.000000000000000000e+00
8.009868421052631637e-01
8.075657894736841813e-01
7.861842105263158187e-01
7.088815789473684736e-01
7.302631578947368363e-01
6.694078947368421462e-01
6.726973684210526550e-01
6.414473684210526550e-01
6.052631578947368363e-01
5.740131578947368363e-01
5.411184210526315264e-01
5.855263157894736725e-01
5.756578947368421462e-01
5.279605263157894912e-01
4.967105263157894912e-01
5.098684210526315264e-01
4.819078947368420907e-01
4.917763157894736725e-01
4.654605263157894912e-01
4.226973684210526550e-01
4.243421052631579093e-01
4.506578947368420907e-01
4.572368421052631637e-01
4.490131578947368363e-01
4.210526315789473450e-01
4.177631578947368363e-01
3.848684210526315819e-01
4.029605263157894912e-01
4.013157894736842368e-01
4.095394736842105088e-01
3.947368421052631637e-01
4.095394736842105088e-01
3.799342105263157632e-01
3.240131578947368363e-01
3.618421052631579093e-01
3.404605263157894912e-01
3.667763157894736725e-01
3.453947368421052544e-01
3.371710526315789269e-01
3.289473684210526550e-01
3.273026315789473450e-01
3.519736842105263275e-01
3.125000000000000000e-01
3.453947368421052544e-01
3.190789473684210731e-01
3.042763157894736725e-01
3.092105263157894912e-01
3.009868421052631637e-01
2.779605263157894912e-01
2.861842105263157632e-01
3.042763157894736725e-01
2.861842105263157632e-01
2.631578947368420907e-01
2.549342105263157632e-01
2.549342105263157632e-01
2.648026315789473450e-01
2.598684210526315819e-01
2.730263157894736725e-01
2.680921052631579093e-01
2.763157894736842368e-01
2.763157894736842368e-01
2.680921052631579093e-01
2.680921052631579093e-01
2.302631578947368363e-01
2.417763157894736725e-01
2.417763157894736725e-01
2.384868421052631637e-01
2.269736842105263275e-01
2.236842105263157909e-01
2.138157894736842091e-01
2.203947368421052544e-01
2.154605263157894635e-01
2.286184210526315819e-01
2.286184210526315819e-01
2.006578947368421184e-01
1.940789473684210453e-01
2.088815789473684181e-01
2.187500000000000000e-01
2.023026315789473728e-01
1.875000000000000000e-01
1.825657894736842091e-01
1.842105263157894635e-01
1.957236842105263275e-01
1.842105263157894635e-01
1.891447368421052544e-01
1.759868421052631637e-01
1.743421052631578816e-01
1.825657894736842091e-01
1.694078947368421184e-01
1.578947368421052544e-01
1.595394736842105365e-01
1.677631578947368363e-01
1.546052631578947456e-01
1.661184210526315819e-01
1.595394736842105365e-01
1.694078947368421184e-01
1.578947368421052544e-01
1.480263157894736725e-01
1.694078947368421184e-01
1.743421052631578816e-01
1.447368421052631637e-01
1.315789473684210453e-01
1.513157894736842091e-01
1.809210526315789547e-01
1.776315789473684181e-01
1.414473684210526272e-01
1.529605263157894635e-01
1.644736842105263275e-01
1.644736842105263275e-01
1.381578947368421184e-01
1.381578947368421184e-01
1.250000000000000000e-01
1.480263157894736725e-01
1.414473684210526272e-01
1.496710526315789547e-01
1.578947368421052544e-01
1.414473684210526272e-01
1.480263157894736725e-01
1.513157894736842091e-01
1.414473684210526272e-01
1.496710526315789547e-01
1.463815789473684181e-01
1.562500000000000000e-01
1.250000000000000000e-01
1.414473684210526272e-01
1.299342105263157909e-01
1.282894736842105365e-01
1.233552631578947317e-01
1.266447368421052544e-01
1.052631578947368363e-01
1.233552631578947317e-01
1.332236842105263275e-01
1.233552631578947317e-01
1.332236842105263275e-01
1.250000000000000000e-01
1.365131578947368363e-01
1.151315789473684181e-01
1.069078947368421045e-01
9.539473684210526827e-02
9.210526315789473173e-02
9.539473684210526827e-02
1.085526315789473728e-01
1.167763157894736864e-01
1.003289473684210592e-01
1.052631578947368363e-01
8.881578947368420907e-02
8.881578947368420907e-02
9.210526315789473173e-02
1.003289473684210592e-01
1.101973684210526272e-01
9.539473684210526827e-02
1.118421052631578955e-01
9.868421052631579093e-02
1.003289473684210592e-01
1.052631578947368363e-01
9.868421052631579093e-02
8.717105263157894079e-02
7.236842105263158187e-02
8.552631578947368640e-02
8.881578947368420907e-02
8.388157894736841813e-02
8.881578947368420907e-02
8.059210526315789547e-02
9.046052631578947734e-02
8.388157894736841813e-02
9.868421052631579093e-02
7.730263157894737280e-02
7.730263157894737280e-02
7.401315789473683626e-02
7.565789473684210453e-02
9.375000000000000000e-02
7.565789473684210453e-02
7.894736842105262720e-02
7.072368421052631360e-02
6.907894736842105921e-02
8.881578947368420907e-02
7.236842105263158187e-02
7.236842105263158187e-02
8.388157894736841813e-02
6.250000000000000000e-02
7.236842105263158187e-02
8.223684210526316374e-02
6.578947368421052266e-02
5.756578947368420907e-02
6.414473684210526827e-02
7.730263157894737280e-02
6.907894736842105921e-02
7.401315789473683626e-02
8.059210526315789547e-02
9.210526315789473173e-02
7.565789473684210453e-02
6.907894736842105921e-02
7.401315789473683626e-02
5.592105263157894773e-02
5.921052631578947040e-02
5.756578947368420907e-02
7.072368421052631360e-02
5.592105263157894773e-02
6.250000000000000000e-02
7.236842105263158187e-02
6.085526315789473867e-02
6.578947368421052266e-02
5.921052631578947040e-02
7.565789473684210453e-02
7.401315789473683626e-02
6.907894736842105921e-02
6.250000000000000000e-02
7.401315789473683626e-02
6.414473684210526827e-02
7.236842105263158187e-02
7.401315789473683626e-02
5.592105263157894773e-02
6.414473684210526827e-02
5.921052631578947040e-02
4.276315789473684320e-02
5.756578947368420907e-02
5.263157894736841813e-02
6.085526315789473867e-02
5.921052631578947040e-02
5.427631578947368640e-02
6.250000000000000000e-02
4.769736842105263414e-02
5.098684210526315680e-02
5.592105263157894773e-02
4.769736842105263414e-02
5.098684210526315680e-02
5.263157894736841813e-02
4.769736842105263414e-02
5.098684210526315680e-02
4.440789473684210453e-02
4.605263157894736586e-02
4.605263157894736586e-02
6.085526315789473867e-02
4.605263157894736586e-02
5.427631578947368640e-02
5.921052631578947040e-02
5.921052631578947040e-02
5.427631578947368640e-02
4.769736842105263414e-02
5.098684210526315680e-02
4.934210526315789547e-02
5.592105263157894773e-02
5.098684210526315680e-02
5.427631578947368640e-02
5.098684210526315680e-02
5.098684210526315680e-02
5.263157894736841813e-02
4.276315789473684320e-02
3.782894736842105227e-02
3.947368421052631360e-02
2.631578947368420907e-02
3.289473684210526133e-02
3.618421052631579093e-02
3.453947368421052960e-02
4.276315789473684320e-02
4.440789473684210453e-02
3.947368421052631360e-02
3.947368421052631360e-02
4.605263157894736586e-02
4.769736842105263414e-02
4.440789473684210453e-02
4.111842105263158187e-02
3.453947368421052960e-02
4.111842105263158187e-02
3.618421052631579093e-02
3.782894736842105227e-02
4.111842105263158187e-02
2.796052631578947387e-02
3.453947368421052960e-02
2.467105263157894773e-02
2.796052631578947387e-02
3.618421052631579093e-02
3.125000000000000000e-02
3.289473684210526133e-02
2.796052631578947387e-02
3.289473684210526133e-02
3.782894736842105227e-02
3.618421052631579093e-02
2.467105263157894773e-02
3.125000000000000000e-02
3.453947368421052960e-02
3.782894736842105227e-02
3.289473684210526133e-02
2.960526315789473520e-02
3.618421052631579093e-02
3.453947368421052960e-02
2.960526315789473520e-02
1.973684210526315680e-02
2.960526315789473520e-02
2.796052631578947387e-02
3.782894736842105227e-02
3.289473684210526133e-02
2.960526315789473520e-02
3.125000000000000000e-02
1.809210526315789547e-02
2.302631578947368293e-02
2.302631578947368293e-02
2.467105263157894773e-02
3.289473684210526133e-02
3.289473684210526133e-02
3.618421052631579093e-02
3.125000000000000000e-02
3.289473684210526133e-02
3.289473684210526133e-02
2.796052631578947387e-02
3.618421052631579093e-02
1.973684210526315680e-02
3.947368421052631360e-02
2.960526315789473520e-02
2.796052631578947387e-02
3.289473684210526133e-02
3.289473684210526133e-02
2.467105263157894773e-02
2.302631578947368293e-02
3.618421052631579093e-02
2.796052631578947387e-02
3.453947368421052960e-02
3.947368421052631360e-02
3.289473684210526133e-02
3.125000000000000000e-02
3.618421052631579093e-02
3.453947368421052960e-02
3.125000000000000000e-02
2.796052631578947387e-02
3.125000000000000000e-02
2.796052631578947387e-02
3.125000000000000000e-02
3.618421052631579093e-02
2.631578947368420907e-02
2.631578947368420907e-02
2.960526315789473520e-02
2.796052631578947387e-02
2.631578947368420907e-02
2.960526315789473520e-02
1.809210526315789547e-02
2.302631578947368293e-02
2.467105263157894773e-02
2.302631578947368293e-02
2.138157894736842160e-02
2.960526315789473520e-02
3.782894736842105227e-02
3.125000000000000000e-02
2.467105263157894773e-02
3.125000000000000000e-02
2.631578947368420907e-02
1.973684210526315680e-02
1.644736842105263067e-02
2.467105263157894773e-02
3.453947368421052960e-02
2.138157894736842160e-02
2.960526315789473520e-02
2.960526315789473520e-02
2.138157894736842160e-02
3.289473684210526133e-02
2.631578947368420907e-02
2.960526315789473520e-02
2.631578947368420907e-02
2.138157894736842160e-02
1.644736842105263067e-02
2.467105263157894773e-02
2.138157894736842160e-02
2.960526315789473520e-02
2.302631578947368293e-02
2.467105263157894773e-02
2.302631578947368293e-02
2.467105263157894773e-02
2.631578947368420907e-02
2.631578947368420907e-02
2.138157894736842160e-02
2.467105263157894773e-02
2.467105263157894773e-02
2.138157894736842160e-02
1.973684210526315680e-02
2.631578947368420907e-02
2.138157894736842160e-02
2.631578947368420907e-02
3.125000000000000000e-02
2.960526315789473520e-02
3.289473684210526133e-02
2.138157894736842160e-02
2.302631578947368293e-02
2.631578947368420907e-02
1.973684210526315680e-02
2.302631578947368293e-02
2.467105263157894773e-02
2.796052631578947387e-02
2.796052631578947387e-02
2.467105263157894773e-02
2.467105263157894773e-02
2.302631578947368293e-02
2.796052631578947387e-02
1.809210526315789547e-02
2.467105263157894773e-02
3.125000000000000000e-02
2.631578947368420907e-02
2.796052631578947387e-02
2.302631578947368293e-02
2.302631578947368293e-02
2.796052631578947387e-02
2.960526315789473520e-02
