1.000000000000000000e+00
8.193189715079917113e-01
7.324530924252953268e-01
6.977067407922168396e-01
6.824183460736622520e-01
6.504517025712299727e-01
5.795691452397497834e-01
5.941626129256427635e-01
5.858234885337039177e-01
5.865184155663655252e-01
5.615010423905489878e-01
5.232800555941625742e-01
4.940931202223766694e-01
5.024322446143154597e-01
4.843641417651146641e-01
4.767199444058373703e-01
4.614315496872828382e-01
4.572619874913134153e-01
4.419735927727588831e-01
4.357192494788047488e-01
4.183460736622654497e-01
4.176511466296038977e-01
4.030576789437109175e-01
3.842946490618485145e-01
3.829047949965253550e-01
3.599722029186935290e-01
3.641417651146629519e-01
3.592772758860319771e-01
3.488533703961084198e-01
3.419041000694926780e-01
3.273106323835996978e-01
3.300903405142460167e-01
3.175816539263377480e-01
2.849200833912439168e-01
2.821403752605976534e-01
2.842251563585823648e-01
2.821403752605976534e-01
2.911744266851980512e-01
2.731063238359972001e-01
2.738012508686588076e-01
2.404447533009033966e-01
2.550382209867964045e-01
2.543432939541347970e-01
2.439193884642112675e-01
2.209867963863794416e-01
2.279360667129951279e-01
2.307157748436414191e-01
2.209867963863794416e-01
2.175121612230715706e-01
2.237665045170257050e-01
2.411396803335649763e-01
2.036136205698401702e-01
2.119527449617790160e-01
2.015288394718554588e-01
1.980542043085476156e-01
2.084781097984711729e-01
1.973592772758860359e-01
2.098679638637943046e-01
1.890201528839471901e-01
1.904100069492703218e-01
1.938846421125781927e-01
1.897150799166087698e-01
1.917998610145934812e-01
2.008339124391938790e-01
1.876302988186240583e-01
1.751216122307157619e-01
1.897150799166087698e-01
1.695621959694232073e-01
1.660875608061153641e-01
1.785962473940236328e-01
1.890201528839471901e-01
1.612230715774843615e-01
1.501042390548992245e-01
1.667824878387769161e-01
1.584433634468380703e-01
1.521890201528839359e-01
1.501042390548992245e-01
1.549687282835302271e-01
1.480194579569145130e-01
1.438498957609450901e-01
1.514940931202223839e-01
1.438498957609450901e-01
1.487143849895760928e-01
1.501042390548992245e-01
1.375955524669909558e-01
1.473245309242529610e-01
1.459346768589298016e-01
1.417651146629603787e-01
1.396803335649756672e-01
1.480194579569145130e-01
1.320361362056984011e-01
1.306462821403752694e-01
1.341209173036831126e-01
1.424600416956219584e-01
1.285615010423905580e-01
1.341209173036831126e-01
1.355107713690062443e-01
1.292564280750521100e-01
1.250868658790826871e-01
1.292564280750521100e-01
1.292564280750521100e-01
1.202223766504516983e-01
1.285615010423905580e-01
1.292564280750521100e-01
1.230020847810979895e-01
1.327310632383599809e-01
1.382904794996525355e-01
1.223071577484364097e-01
1.320361362056984011e-01
1.236970118137595553e-01
1.264767199444058465e-01
1.320361362056984011e-01
1.202223766504516983e-01
1.327310632383599809e-01
1.216122307157748439e-01
1.271716469770673985e-01
1.417651146629603787e-01
1.181375955524669868e-01
1.257817929117442668e-01
1.167477414871438551e-01
1.118832522585128525e-01
1.146629603891591437e-01
1.091035441278665752e-01
1.035441278665740067e-01
9.312022237665044944e-02
1.084086170952050093e-01
9.589993050729674062e-02
1.000694927032661635e-01
9.867963863794301793e-02
9.312022237665044944e-02
9.867963863794301793e-02
8.617095205003474923e-02
9.589993050729674062e-02
9.173036831132730384e-02
9.312022237665044944e-02
9.589993050729674062e-02
9.242529534398888358e-02
8.686587908269631508e-02
9.312022237665044944e-02
8.686587908269631508e-02
8.617095205003474923e-02
8.756080611535788094e-02
9.728978457261987234e-02
8.547602501737316949e-02
9.937456567060458379e-02
8.269631688672689218e-02
8.061153578874218073e-02
7.713690062543432369e-02
8.339124391938845804e-02
8.478109798471160363e-02
8.895066018068102653e-02
7.366226546212648052e-02
7.852675469075746928e-02
7.574704656011119197e-02
8.617095205003474923e-02
8.269631688672689218e-02
7.852675469075746928e-02
7.018763029881862348e-02
6.740792216817234617e-02
7.435719249478804638e-02
7.366226546212648052e-02
7.435719249478804638e-02
7.644197359277275783e-02
7.505211952744961224e-02
7.574704656011119197e-02
8.617095205003474923e-02
7.713690062543432369e-02
7.644197359277275783e-02
6.532314107018763472e-02
7.783182765809590342e-02
7.644197359277275783e-02
7.991660875608061487e-02
6.323835997220292326e-02
6.254343293954134353e-02
6.184850590687977767e-02
6.601806810284920057e-02
6.462821403752605498e-02
5.559416261292564332e-02
7.018763029881862348e-02
5.698401667824878197e-02
6.045865184155663902e-02
6.671299513551076643e-02
5.489923558026407052e-02
5.906879777623349342e-02
5.420430854760250466e-02
5.489923558026407052e-02
5.906879777623349342e-02
5.350938151494093187e-02
6.184850590687977767e-02
5.420430854760250466e-02
5.003474635163308176e-02
5.976372480889506622e-02
6.184850590687977767e-02
5.211952744961779321e-02
5.767894371091035477e-02
5.698401667824878197e-02
4.517025712300208606e-02
5.628908964558721612e-02
5.767894371091035477e-02
5.559416261292564332e-02
5.420430854760250466e-02
5.628908964558721612e-02
4.169562195969422902e-02
5.281445448227935907e-02
5.628908964558721612e-02
5.628908964558721612e-02
5.072967338429464762e-02
3.961084086170951757e-02
4.517025712300208606e-02
4.656011118832522472e-02
4.933981931897150897e-02
5.350938151494093187e-02
5.420430854760250466e-02
5.211952744961779321e-02
4.586518415566365192e-02
5.142460041695622042e-02
5.072967338429464762e-02
4.725503822098679751e-02
5.003474635163308176e-02
4.308547602501737461e-02
4.725503822098679751e-02
4.656011118832522472e-02
4.378040305767894047e-02
4.030576789437109037e-02
4.517025712300208606e-02
5.003474635163308176e-02
5.489923558026407052e-02
4.864489228630993617e-02
4.239054899235580182e-02
5.142460041695622042e-02
4.378040305767894047e-02
4.794996525364837031e-02
4.656011118832522472e-02
4.308547602501737461e-02
4.378040305767894047e-02
4.656011118832522472e-02
4.308547602501737461e-02
4.378040305767894047e-02
4.447533009034051327e-02
3.544127866574009467e-02
4.030576789437109037e-02
3.196664350243224456e-02
4.725503822098679751e-02
3.544127866574009467e-02
4.030576789437109037e-02
3.544127866574009467e-02
3.891591382904795171e-02
4.169562195969422902e-02
3.266157053509381736e-02
4.100069492703266316e-02
3.405142460041695601e-02
3.405142460041695601e-02
4.100069492703266316e-02
4.169562195969422902e-02
3.405142460041695601e-02
3.544127866574009467e-02
3.613620569840166746e-02
4.100069492703266316e-02
3.613620569840166746e-02
3.613620569840166746e-02
4.517025712300208606e-02
3.196664350243224456e-02
3.752605976372480612e-02
3.961084086170951757e-02
3.474635163307852881e-02
4.100069492703266316e-02
3.891591382904795171e-02
4.100069492703266316e-02
4.378040305767894047e-02
4.239054899235580182e-02
3.683113273106324026e-02
4.030576789437109037e-02
4.239054899235580182e-02
3.752605976372480612e-02
4.030576789437109037e-02
3.474635163307852881e-02
3.335649756775538322e-02
3.891591382904795171e-02
3.544127866574009467e-02
3.474635163307852881e-02
3.057678943710910244e-02
3.057678943710910244e-02
4.100069492703266316e-02
3.613620569840166746e-02
2.710215427380125233e-02
2.918693537178596378e-02
2.640722724113967954e-02
2.779708130646282166e-02
3.613620569840166746e-02
3.822098679638637891e-02
2.918693537178596378e-02
2.988186240444753311e-02
2.710215427380125233e-02
2.501737317581654088e-02
2.849200833912439099e-02
2.640722724113967954e-02
2.710215427380125233e-02
2.779708130646282166e-02
3.196664350243224456e-02
2.571230020847811021e-02
2.918693537178596378e-02
2.362751911049339876e-02
2.640722724113967954e-02
2.432244614315496808e-02
2.432244614315496808e-02
1.876302988186240306e-02
2.640722724113967954e-02
2.501737317581654088e-02
2.710215427380125233e-02
1.945795691452397586e-02
2.849200833912439099e-02
2.710215427380125233e-02
2.154273801250868731e-02
2.293259207783182596e-02
2.571230020847811021e-02
2.988186240444753311e-02
2.293259207783182596e-02
1.945795691452397586e-02
1.667824878387769161e-02
2.154273801250868731e-02
2.501737317581654088e-02
2.154273801250868731e-02
2.501737317581654088e-02
2.710215427380125233e-02
2.432244614315496808e-02
2.362751911049339876e-02
2.501737317581654088e-02
2.571230020847811021e-02
2.362751911049339876e-02
2.432244614315496808e-02
2.293259207783182596e-02
2.084781097984711451e-02
2.362751911049339876e-02
2.362751911049339876e-02
2.015288394718554518e-02
2.223766504517025663e-02
2.015288394718554518e-02
1.876302988186240306e-02
1.806810284920083373e-02
1.806810284920083373e-02
1.667824878387769161e-02
1.876302988186240306e-02
1.876302988186240306e-02
2.432244614315496808e-02
2.362751911049339876e-02
2.918693537178596378e-02
2.084781097984711451e-02
2.710215427380125233e-02
2.223766504517025663e-02
2.710215427380125233e-02
2.293259207783182596e-02
2.779708130646282166e-02
2.571230020847811021e-02
2.154273801250868731e-02
1.737317581653926440e-02
1.320361362056983977e-02
2.223766504517025663e-02
2.154273801250868731e-02
2.362751911049339876e-02
1.737317581653926440e-02
2.571230020847811021e-02
1.667824878387769161e-02
1.945795691452397586e-02
1.598332175121612228e-02
2.432244614315496808e-02
2.015288394718554518e-02
2.015288394718554518e-02
2.015288394718554518e-02
1.459346768589298189e-02
1.528839471855455122e-02
1.806810284920083373e-02
1.598332175121612228e-02
2.223766504517025663e-02
1.389854065323141083e-02
1.876302988186240306e-02
1.945795691452397586e-02
1.459346768589298189e-02
1.945795691452397586e-02
1.667824878387769161e-02
1.945795691452397586e-02
1.459346768589298189e-02
1.667824878387769161e-02
1.945795691452397586e-02
1.876302988186240306e-02
1.320361362056983977e-02
1.389854065323141083e-02
1.320361362056983977e-02
1.459346768589298189e-02
1.111883252258512832e-02
1.181375955524669938e-02
1.320361362056983977e-02
1.667824878387769161e-02
1.876302988186240306e-02
1.528839471855455122e-02
1.667824878387769161e-02
1.389854065323141083e-02
1.876302988186240306e-02
1.737317581653926440e-02
1.181375955524669938e-02
1.876302988186240306e-02
1.598332175121612228e-02
