1.000000000000000000e+00
8.793012175754367776e-01
8.496559025939650622e-01
8.205399682371624648e-01
8.390682901005823702e-01
8.226574907358390476e-01
7.776601376389624676e-01
7.654843832715723106e-01
7.580730545262043263e-01
7.527792482795129247e-01
7.432503970354684686e-01
7.199576495500265017e-01
7.188988883006881547e-01
6.950767601905770698e-01
6.866066701958708496e-01
7.072525145579672268e-01
6.834303864478560309e-01
6.781365802011646293e-01
6.521969295923769616e-01
6.749602964531498106e-01
6.405505558496559226e-01
6.379036527263102219e-01
6.135521439915299080e-01
6.114346214928533252e-01
5.982001058761249324e-01
6.077289571201693885e-01
5.923769190047644129e-01
5.892006352567495941e-01
5.976707252514558144e-01
5.701429327686606818e-01
5.727898358920063826e-01
5.606140815246162257e-01
5.622022233986235795e-01
5.447326627845421321e-01
5.404976177871889664e-01
5.352038115404975649e-01
5.404976177871889664e-01
5.314981471678136282e-01
5.500264690312334226e-01
5.336156696664902110e-01
5.134992059290629518e-01
5.246161990471148728e-01
5.119110640550555980e-01
5.023822128110111418e-01
4.891476971942826935e-01
4.939121228163049215e-01
4.817363684489147646e-01
4.949708840656432129e-01
4.896770778189518114e-01
4.822657490735838826e-01
4.642668078348332616e-01
4.626786659608258523e-01
4.764425622022234186e-01
4.478560084700899946e-01
4.610905240868184429e-01
4.441503440974060579e-01
4.536791953414505141e-01
4.182106934886183347e-01
4.197988353626257441e-01
4.340921122286924283e-01
4.266807834833244994e-01
4.076230809952355871e-01
4.134462678665961066e-01
4.070937003705664137e-01
3.954473266278454302e-01
3.843303335097935647e-01
4.028586553732133591e-01
3.822128110111169819e-01
3.880359978824775014e-01
3.906829010058232021e-01
4.002117522498676583e-01
3.853890947591318006e-01
3.726839597670725257e-01
3.954473266278454302e-01
3.838009528851243912e-01
3.742721016410799351e-01
3.610375860243514867e-01
3.673901535203811797e-01
3.742721016410799351e-01
3.631551085230280695e-01
3.578613022763366680e-01
3.695076760190577070e-01
3.446267866596082752e-01
3.319216516675489448e-01
3.467443091582848025e-01
3.467443091582848025e-01
3.525674960296453220e-01
3.298041291688724175e-01
3.234515616728427800e-01
3.250397035468501894e-01
3.245103229221810714e-01
3.313922710428798268e-01
3.197458973001587879e-01
3.133933298041291504e-01
2.885124404446797186e-01
3.160402329274748512e-01
3.176283748014822605e-01
2.985706723133933482e-01
3.133933298041291504e-01
3.144520910534674418e-01
3.038644785600846943e-01
3.049232398094229857e-01
3.133933298041291504e-01
3.075701429327686864e-01
3.012175754367389935e-01
2.885124404446797186e-01
2.858655373213340178e-01
2.853361566966648999e-01
2.773954473266278531e-01
2.705134992059290422e-01
2.853361566966648999e-01
2.694547379565908063e-01
2.747485442032821523e-01
2.578083642138697673e-01
2.646903123345685782e-01
2.779248279512969710e-01
2.821598729486500812e-01
2.805717310746426718e-01
2.583377448385388853e-01
2.615140285865537595e-01
2.668078348332451055e-01
2.535733192165166572e-01
2.556908417151932400e-01
2.424563260984647917e-01
2.525145579671784213e-01
2.615140285865537595e-01
2.593965060878771767e-01
2.514557967178401299e-01
2.562202223398623580e-01
2.525145579671784213e-01
2.509264160931710119e-01
2.541026998411858306e-01
2.355743779777660085e-01
2.493382742191635748e-01
2.387506617257808272e-01
2.424563260984647917e-01
2.408681842244573823e-01
2.366331392271042999e-01
2.392800423504499729e-01
2.186341979883536235e-01
2.323980942297511898e-01
2.239280042350449973e-01
2.276336686077289617e-01
2.196929592376918872e-01
2.271042879830598160e-01
2.186341979883536235e-01
2.196929592376918872e-01
2.191635786130227692e-01
2.191635786130227692e-01
2.159872948650079505e-01
2.138697723663313954e-01
2.091053467443091674e-01
2.196929592376918872e-01
2.080465854949708759e-01
2.128110111169931318e-01
2.154579142403388048e-01
2.159872948650079505e-01
2.159872948650079505e-01
2.186341979883536235e-01
2.069878242456326123e-01
2.122816304923239861e-01
2.223398623610375879e-01
2.027527792482795022e-01
2.064584436209634666e-01
2.006352567496029748e-01
1.995764955002646834e-01
2.043409211222869115e-01
1.985177342509264198e-01
1.900476442562202273e-01
1.990471148755955655e-01
2.048703017469560572e-01
2.001058761249338291e-01
1.852832186341979992e-01
1.884595023822128179e-01
1.889888830068819359e-01
1.741662255161461059e-01
1.937533086289041917e-01
1.889888830068819359e-01
1.858125992588671171e-01
1.879301217575436722e-01
1.905770248808893730e-01
1.852832186341979992e-01
1.768131286394918067e-01
1.805187930121757434e-01
1.720487030174695509e-01
1.768131286394918067e-01
1.773425092641609246e-01
1.916357861302276366e-01
1.826363155108522984e-01
1.799894123875066254e-01
1.720487030174695509e-01
1.757543673901535153e-01
1.699311805187930235e-01
1.641079936474325041e-01
1.614610905240868310e-01
1.651667548967707677e-01
1.656961355214399134e-01
1.582848067760719846e-01
1.704605611434621415e-01
1.598729486500793939e-01
1.725780836421386966e-01
1.715193223928004329e-01
1.688724192694547321e-01
1.725780836421386966e-01
1.699311805187930235e-01
1.646373742721016498e-01
1.709899417681312872e-01
1.651667548967707677e-01
1.688724192694547321e-01
1.625198517734250947e-01
1.641079936474325041e-01
1.635786130227633584e-01
1.662255161461090591e-01
1.625198517734250947e-01
1.593435680254102760e-01
1.614610905240868310e-01
1.556379036527263116e-01
1.556379036527263116e-01
1.561672842773954573e-01
1.625198517734250947e-01
1.551085230280571658e-01
1.429327686606670089e-01
1.508734780307040835e-01
1.566966649020645752e-01
1.529910005293806385e-01
1.519322392800423471e-01
1.466384330333509733e-01
1.498147167813657921e-01
1.577554261514028666e-01
1.503440974060349378e-01
1.519322392800423471e-01
1.476971942826892648e-01
1.535203811540497565e-01
1.535203811540497565e-01
1.466384330333509733e-01
1.418740074113287453e-01
1.492853361566966741e-01
1.381683430386447808e-01
1.519322392800423471e-01
1.365802011646373715e-01
1.265219692959237696e-01
1.355214399152991078e-01
1.429327686606670089e-01
1.339332980412916985e-01
1.349920592906299621e-01
1.328745367919534071e-01
1.365802011646373715e-01
1.334039174166225528e-01
1.408152461619904816e-01
1.376389624139756351e-01
1.286394917946003247e-01
1.334039174166225528e-01
1.259925886712546239e-01
1.201694017998941183e-01
1.265219692959237696e-01
1.312863949179459977e-01
1.291688724192694426e-01
1.191106405505558546e-01
1.196400211752249865e-01
1.275807305452620333e-01
1.249338274219163603e-01
1.312863949179459977e-01
1.302276336686077340e-01
1.212281630492323958e-01
1.275807305452620333e-01
1.191106405505558546e-01
1.159343568025410220e-01
1.222869242985706734e-01
1.249338274219163603e-01
1.217575436739015415e-01
1.286394917946003247e-01
1.307570142932768797e-01
1.138168343038644809e-01
1.148755955532027584e-01
1.143462149285336127e-01
1.196400211752249865e-01
1.132874536791953352e-01
1.244044467972472146e-01
1.244044467972472146e-01
1.116993118051879258e-01
1.175224986765484314e-01
1.090524086818422389e-01
1.143462149285336127e-01
1.116993118051879258e-01
1.132874536791953352e-01
1.069348861831656977e-01
9.846479618845950521e-02
1.005823186871360464e-01
9.899417681312863704e-02
9.264160931709899960e-02
9.740603493912122768e-02
9.317098994176813143e-02
9.740603493912122768e-02
9.952355743779778274e-02
9.634727368978295015e-02
9.846479618845950521e-02
8.787718369507675764e-02
9.422975119110640896e-02
9.211222869242985389e-02
1.011116993118051921e-01
9.687665431445209585e-02
1.037586024351508790e-01
9.422975119110640896e-02
8.999470619375331271e-02
9.846479618845950521e-02
9.317098994176813143e-02
9.952355743779778274e-02
9.317098994176813143e-02
8.575966119640021645e-02
8.523028057173107075e-02
8.258337744838538386e-02
9.317098994176813143e-02
8.417151932239280709e-02
8.681842244573848011e-02
8.311275807305452956e-02
7.728957120169402395e-02
8.205399682371625203e-02
8.523028057173107075e-02
8.470089994706193892e-02
8.311275807305452956e-02
8.152461619904712020e-02
8.628904182106934828e-02
8.470089994706193892e-02
9.052408681842244453e-02
9.422975119110640896e-02
7.781895182636315578e-02
9.052408681842244453e-02
8.734780307040762581e-02
9.370037056643726325e-02
8.681842244573848011e-02
8.470089994706193892e-02
7.517204870301746888e-02
8.364213869772366139e-02
7.676019057702487824e-02
9.158284806776072207e-02
7.940709370037056514e-02
8.787718369507675764e-02
8.417151932239280709e-02
8.311275807305452956e-02
7.834833245103228760e-02
8.152461619904712020e-02
8.417151932239280709e-02
8.258337744838538386e-02
8.364213869772366139e-02
8.417151932239280709e-02
8.999470619375331271e-02
8.628904182106934828e-02
8.523028057173107075e-02
7.993647432503969696e-02
8.470089994706193892e-02
8.258337744838538386e-02
7.781895182636315578e-02
7.940709370037056514e-02
8.628904182106934828e-02
7.887771307570143331e-02
7.623080995235574642e-02
7.676019057702487824e-02
7.993647432503969696e-02
7.781895182636315578e-02
7.676019057702487824e-02
7.464266807834833706e-02
7.728957120169402395e-02
7.834833245103228760e-02
8.152461619904712020e-02
8.258337744838538386e-02
8.099523557437797450e-02
7.146638433033350446e-02
8.099523557437797450e-02
7.305452620434092770e-02
6.934886183165696327e-02
7.146638433033350446e-02
7.358390682901005952e-02
8.205399682371625203e-02
8.311275807305452956e-02
7.993647432503969696e-02
7.940709370037056514e-02
8.470089994706193892e-02
8.311275807305452956e-02
7.570142932768660071e-02
7.093700370566437263e-02
7.728957120169402395e-02
7.834833245103228760e-02
6.987824245632609510e-02
7.040762308099524081e-02
7.305452620434092770e-02
6.617257808364214455e-02
6.405505558496558949e-02
6.299629433562731196e-02
6.776071995764955391e-02
6.723133933298040821e-02
6.776071995764955391e-02
6.405505558496558949e-02
6.564319745897299885e-02
6.352567496029645766e-02
6.617257808364214455e-02
7.146638433033350446e-02
7.093700370566437263e-02
6.458443620963472132e-02
6.511381683430386702e-02
6.987824245632609510e-02
6.723133933298040821e-02
