1.000000000000000000e+00
7.457044673539519053e-01
7.319587628865978912e-01
6.907216494845360710e-01
7.628865979381442841e-01
6.804123711340206437e-01
6.838487972508591195e-01
6.254295532646048095e-01
5.910652920962199408e-01
6.013745704467353681e-01
5.979381443298968923e-01
5.532646048109965964e-01
6.323024054982817610e-01
5.120274914089346652e-01
5.567010309278350721e-01
5.567010309278350721e-01
5.223367697594502035e-01
5.532646048109965964e-01
5.360824742268041065e-01
4.639175257731958935e-01
4.295532646048109693e-01
4.467353951890034591e-01
4.879725085910652793e-01
3.711340206185567148e-01
4.226804123711340178e-01
3.917525773195876249e-01
4.364261168384879763e-01
4.192439862542955420e-01
4.123711340206185350e-01
4.536082474226804107e-01
4.329896907216495006e-01
4.192439862542955420e-01
3.539518900343642804e-01
4.329896907216495006e-01
3.780068728522336663e-01
3.986254295532646319e-01
3.986254295532646319e-01
3.951890034364261006e-01
3.298969072164948391e-01
3.676975945017182390e-01
3.367697594501718461e-01
3.814432989690721421e-01
3.883161512027491491e-01
3.298969072164948391e-01
3.436426116838487976e-01
3.161512027491408805e-01
3.367697594501718461e-01
3.127147766323024047e-01
3.058419243986254532e-01
2.886597938144329634e-01
2.371134020618556604e-01
2.611683848797251017e-01
2.783505154639175361e-01
2.886597938144329634e-01
2.714776632302405290e-01
2.577319587628865705e-01
2.508591065292096189e-01
2.611683848797251017e-01
2.577319587628865705e-01
3.024054982817869219e-01
2.783505154639175361e-01
2.611683848797251017e-01
3.024054982817869219e-01
2.405498281786941639e-01
2.817869415807560118e-01
2.611683848797251017e-01
2.852233676975944876e-01
2.371134020618556604e-01
2.749140893470790603e-01
2.989690721649484462e-01
2.955326460481099704e-01
2.508591065292096189e-01
2.955326460481099704e-01
3.024054982817869219e-01
2.646048109965635775e-01
2.646048109965635775e-01
2.714776632302405290e-01
2.268041237113402053e-01
2.233676975945017296e-01
2.336769759450171846e-01
2.439862542955326397e-01
2.027491408934707917e-01
2.302405498281786811e-01
1.821305841924398539e-01
2.405498281786941639e-01
1.993127147766323159e-01
1.993127147766323159e-01
2.233676975945017296e-01
1.993127147766323159e-01
1.924398625429553367e-01
2.268041237113402053e-01
1.718213058419243988e-01
2.336769759450171846e-01
2.061855670103092675e-01
2.371134020618556604e-01
2.164948453608247503e-01
2.302405498281786811e-01
2.577319587628865705e-01
2.405498281786941639e-01
2.027491408934707917e-01
2.027491408934707917e-01
2.199312714776632260e-01
2.130584192439862468e-01
2.061855670103092675e-01
2.027491408934707917e-01
2.233676975945017296e-01
2.302405498281786811e-01
2.302405498281786811e-01
1.821305841924398539e-01
1.890034364261168331e-01
1.752577319587628746e-01
1.786941580756013781e-01
1.993127147766323159e-01
1.821305841924398539e-01
1.683848797250859231e-01
1.890034364261168331e-01
1.821305841924398539e-01
1.615120274914089438e-01
2.268041237113402053e-01
1.580756013745704402e-01
2.027491408934707917e-01
1.855670103092783574e-01
1.615120274914089438e-01
1.408934707903780059e-01
1.718213058419243988e-01
1.752577319587628746e-01
1.786941580756013781e-01
1.512027491408934610e-01
1.924398625429553367e-01
1.786941580756013781e-01
1.580756013745704402e-01
1.580756013745704402e-01
1.821305841924398539e-01
2.027491408934707917e-01
1.649484536082474195e-01
1.374570446735395302e-01
1.202749140893470819e-01
1.408934707903780059e-01
1.477663230240549852e-01
1.408934707903780059e-01
1.408934707903780059e-01
1.443298969072164817e-01
1.512027491408934610e-01
1.683848797250859231e-01
1.374570446735395302e-01
1.408934707903780059e-01
1.580756013745704402e-01
1.615120274914089438e-01
1.546391752577319645e-01
1.580756013745704402e-01
1.443298969072164817e-01
1.512027491408934610e-01
1.649484536082474195e-01
1.340206185567010266e-01
1.374570446735395302e-01
1.237113402061855716e-01
2.096219931271477710e-01
1.718213058419243988e-01
1.477663230240549852e-01
1.340206185567010266e-01
1.649484536082474195e-01
1.649484536082474195e-01
1.718213058419243988e-01
1.443298969072164817e-01
1.512027491408934610e-01
1.305841924398625509e-01
1.271477663230240474e-01
9.965635738831615797e-02
9.965635738831615797e-02
9.278350515463917869e-02
9.278350515463917869e-02
1.099656357388316130e-01
1.443298969072164817e-01
1.168384879725085923e-01
9.278350515463917869e-02
1.305841924398625509e-01
1.271477663230240474e-01
1.305841924398625509e-01
1.305841924398625509e-01
1.168384879725085923e-01
1.237113402061855716e-01
1.099656357388316130e-01
1.477663230240549852e-01
1.340206185567010266e-01
1.305841924398625509e-01
1.649484536082474195e-01
1.271477663230240474e-01
9.621993127147766833e-02
8.934707903780068905e-02
1.065292096219931234e-01
1.099656357388316130e-01
1.168384879725085923e-01
7.560137457044673048e-02
1.305841924398625509e-01
8.247422680412370977e-02
9.278350515463917869e-02
9.965635738831615797e-02
1.099656357388316130e-01
1.237113402061855716e-01
1.168384879725085923e-01
7.903780068728522012e-02
1.030927835051546337e-01
1.099656357388316130e-01
8.591065292096219941e-02
1.237113402061855716e-01
1.168384879725085923e-01
1.134020618556701027e-01
1.065292096219931234e-01
1.271477663230240474e-01
1.030927835051546337e-01
1.065292096219931234e-01
9.621993127147766833e-02
8.247422680412370977e-02
1.030927835051546337e-01
1.168384879725085923e-01
8.934707903780068905e-02
8.591065292096219941e-02
1.065292096219931234e-01
9.278350515463917869e-02
9.621993127147766833e-02
9.965635738831615797e-02
1.030927835051546337e-01
1.134020618556701027e-01
8.247422680412370977e-02
7.216494845360824084e-02
8.247422680412370977e-02
9.621993127147766833e-02
7.216494845360824084e-02
8.247422680412370977e-02
8.934707903780068905e-02
9.621993127147766833e-02
9.278350515463917869e-02
5.841924398625429615e-02
1.030927835051546337e-01
9.278350515463917869e-02
9.278350515463917869e-02
7.903780068728522012e-02
8.247422680412370977e-02
9.621993127147766833e-02
9.621993127147766833e-02
7.560137457044673048e-02
1.030927835051546337e-01
8.934707903780068905e-02
7.216494845360824084e-02
9.278350515463917869e-02
6.185567010309278579e-02
7.903780068728522012e-02
7.560137457044673048e-02
7.903780068728522012e-02
8.247422680412370977e-02
8.591065292096219941e-02
7.216494845360824084e-02
8.247422680412370977e-02
8.934707903780068905e-02
9.278350515463917869e-02
8.934707903780068905e-02
6.872852233676976508e-02
7.216494845360824084e-02
7.560137457044673048e-02
8.247422680412370977e-02
6.872852233676976508e-02
8.934707903780068905e-02
5.498281786941580651e-02
6.529209621993127544e-02
6.529209621993127544e-02
5.498281786941580651e-02
7.560137457044673048e-02
5.841924398625429615e-02
6.872852233676976508e-02
7.216494845360824084e-02
6.529209621993127544e-02
6.872852233676976508e-02
6.872852233676976508e-02
5.498281786941580651e-02
5.841924398625429615e-02
4.123711340206185488e-02
3.780068728522336524e-02
5.498281786941580651e-02
5.498281786941580651e-02
3.780068728522336524e-02
4.123711340206185488e-02
3.436426116838488254e-02
4.467353951890034452e-02
5.154639175257731687e-02
4.810996563573883417e-02
5.154639175257731687e-02
6.185567010309278579e-02
5.841924398625429615e-02
7.560137457044673048e-02
6.529209621993127544e-02
7.903780068728522012e-02
7.216494845360824084e-02
6.529209621993127544e-02
7.903780068728522012e-02
8.591065292096219941e-02
5.841924398625429615e-02
6.529209621993127544e-02
4.467353951890034452e-02
7.903780068728522012e-02
5.841924398625429615e-02
4.810996563573883417e-02
4.467353951890034452e-02
6.872852233676976508e-02
5.154639175257731687e-02
4.467353951890034452e-02
4.810996563573883417e-02
5.154639175257731687e-02
4.123711340206185488e-02
5.154639175257731687e-02
4.467353951890034452e-02
5.154639175257731687e-02
2.749140893470790326e-02
5.841924398625429615e-02
4.467353951890034452e-02
5.154639175257731687e-02
5.841924398625429615e-02
6.185567010309278579e-02
4.467353951890034452e-02
6.185567010309278579e-02
5.841924398625429615e-02
5.154639175257731687e-02
5.154639175257731687e-02
5.154639175257731687e-02
6.185567010309278579e-02
6.185567010309278579e-02
4.123711340206185488e-02
3.780068728522336524e-02
3.092783505154639290e-02
3.092783505154639290e-02
1.030927835051546372e-02
1.374570446735395163e-02
2.749140893470790326e-02
3.092783505154639290e-02
2.405498281786941708e-02
3.436426116838488254e-02
2.405498281786941708e-02
5.154639175257731687e-02
3.780068728522336524e-02
4.467353951890034452e-02
4.467353951890034452e-02
3.092783505154639290e-02
2.749140893470790326e-02
2.749140893470790326e-02
2.749140893470790326e-02
2.061855670103092744e-02
3.436426116838488254e-02
3.780068728522336524e-02
2.749140893470790326e-02
2.405498281786941708e-02
4.123711340206185488e-02
3.092783505154639290e-02
3.780068728522336524e-02
3.780068728522336524e-02
2.749140893470790326e-02
3.092783505154639290e-02
4.123711340206185488e-02
3.436426116838488254e-02
4.467353951890034452e-02
3.436426116838488254e-02
4.123711340206185488e-02
3.780068728522336524e-02
3.092783505154639290e-02
3.436426116838488254e-02
3.092783505154639290e-02
2.749140893470790326e-02
3.780068728522336524e-02
4.467353951890034452e-02
4.123711340206185488e-02
4.123711340206185488e-02
4.810996563573883417e-02
4.810996563573883417e-02
3.092783505154639290e-02
4.123711340206185488e-02
3.780068728522336524e-02
3.780068728522336524e-02
3.780068728522336524e-02
3.780068728522336524e-02
5.498281786941580651e-02
4.123711340206185488e-02
3.780068728522336524e-02
4.467353951890034452e-02
5.154639175257731687e-02
4.467353951890034452e-02
3.092783505154639290e-02
4.123711340206185488e-02
4.810996563573883417e-02
4.467353951890034452e-02
4.123711340206185488e-02
3.436426116838488254e-02
4.123711340206185488e-02
3.780068728522336524e-02
4.123711340206185488e-02
4.810996563573883417e-02
3.436426116838488254e-02
2.749140893470790326e-02
3.780068728522336524e-02
5.498281786941580651e-02
5.498281786941580651e-02
5.154639175257731687e-02
2.405498281786941708e-02
6.529209621993127544e-02
