1.000000000000000000e+00
8.583086053412463112e-01
8.508902077151335730e-01
8.056379821958457033e-01
7.870919881305638022e-01
7.603857566765578335e-01
7.255192878338279083e-01
7.388724035608308371e-01
7.210682492581602654e-01
6.772997032640949433e-01
7.032640949554895826e-01
6.810089020771513679e-01
6.209198813056380217e-01
6.268545994065282123e-01
6.409495548961424705e-01
5.890207715133530808e-01
6.053412462908012159e-01
6.157270029673590495e-01
5.919881305637981761e-01
5.971810089020771484e-01
5.586053412462907986e-01
5.415430267062314451e-01
5.504451038575667310e-01
5.437685459940653221e-01
5.289317507418397346e-01
5.326409495548961592e-01
5.274480712166171870e-01
5.133531157270029288e-01
5.178041543026705718e-01
5.066765578635015199e-01
4.977744807121661785e-01
4.933234421364985356e-01
4.458456973293768444e-01
4.695845697329376622e-01
4.666172106824925669e-01
4.651335311572700193e-01
4.629080118694361978e-01
4.643916913946587455e-01
4.658753709198812931e-01
4.695845697329376622e-01
4.443620178041542967e-01
4.443620178041542967e-01
4.376854599406528323e-01
4.243323442136498480e-01
3.931750741839762364e-01
3.909495548961424150e-01
4.191394658753709312e-01
4.080118694362017684e-01
3.991097922848664825e-01
3.902077151335311411e-01
3.916913946587536888e-01
3.523738872403560651e-01
3.835311572700296767e-01
3.998516320474777563e-01
3.916913946587536888e-01
4.035608308605341255e-01
3.820474777448071291e-01
3.523738872403560651e-01
3.471810089020771484e-01
3.501483679525222437e-01
3.523738872403560651e-01
3.605341246290801327e-01
3.405044510385756840e-01
3.301186943620177949e-01
3.590504451038575850e-01
3.204747774480712352e-01
3.241839762611276043e-01
3.531157270029673390e-01
3.390207715133531363e-01
3.323442136498516164e-01
3.316023738872403426e-01
3.197329376854599614e-01
2.967359050445103619e-01
3.137982195845697153e-01
3.071216617210682509e-01
3.093471810089020724e-01
2.922848664688427189e-01
2.989614243323442389e-01
2.893175074183976236e-01
3.004451038575667865e-01
2.952522255192878142e-01
2.781899109792284608e-01
3.019287833827893341e-01
2.982195845697329650e-01
2.885756676557863498e-01
2.767062314540059131e-01
2.900593471810088975e-01
2.655786350148368058e-01
2.863501483679525283e-01
2.774480712166171870e-01
3.019287833827893341e-01
2.863501483679525283e-01
2.930267062314539928e-01
2.811572700296736116e-01
2.915430267062314451e-01
2.707715133531157226e-01
2.937685459940652666e-01
2.759643916913946393e-01
2.700296735905044487e-01
2.603857566765578890e-01
2.818991097922848854e-01
2.818991097922848854e-01
2.663204747774480796e-01
2.841246290801187069e-01
2.744807121661720917e-01
2.722551928783382702e-01
2.655786350148368058e-01
2.663204747774480796e-01
2.589020771513352859e-01
2.715133531157269964e-01
2.373887240356083173e-01
2.559347181008901906e-01
2.336795252225519204e-01
2.618694362017804367e-01
2.485163204747774524e-01
2.574183976261127382e-01
2.381305637982195911e-01
2.210682492581602376e-01
2.277448071216617298e-01
2.440652818991097817e-01
2.270029673590504560e-01
2.195845697329376900e-01
2.195845697329376900e-01
2.232937685459940591e-01
2.173590504451038685e-01
2.047477744807121580e-01
2.173590504451038685e-01
2.025222551928783365e-01
2.010385756676557889e-01
2.314540059347180989e-01
2.084569732937685549e-01
1.936201780415430229e-01
2.062314540059347057e-01
1.928783382789317491e-01
2.002967359050445151e-01
1.988130563798219674e-01
2.002967359050445151e-01
1.943620178041542967e-01
2.054896142433234318e-01
1.965875370919881182e-01
1.943620178041542967e-01
1.973293768545994198e-01
2.032640949554896104e-01
1.973293768545994198e-01
1.943620178041542967e-01
1.980712166172106936e-01
1.965875370919881182e-01
1.995548961424332413e-01
1.876854599406528323e-01
1.965875370919881182e-01
1.936201780415430229e-01
1.936201780415430229e-01
2.010385756676557889e-01
1.995548961424332413e-01
1.995548961424332413e-01
1.988130563798219674e-01
2.129080118694361978e-01
1.965875370919881182e-01
1.988130563798219674e-01
1.765578635014836695e-01
1.921364985163204753e-01
1.758160237388723957e-01
1.780415430267062449e-01
1.721068249258160265e-01
1.743323442136498480e-01
1.758160237388723957e-01
1.787833827893175187e-01
1.817507418397626140e-01
1.876854599406528323e-01
1.787833827893175187e-01
1.750741839762611218e-01
1.721068249258160265e-01
1.617210682492581653e-01
1.706231454005934789e-01
1.632047477744807129e-01
1.557863501483679469e-01
1.602373887240356176e-01
1.691394658753709312e-01
1.669139465875370820e-01
1.706231454005934789e-01
1.617210682492581653e-01
1.721068249258160265e-01
1.543026706231453993e-01
1.535608308605341255e-01
1.654302670623145344e-01
1.683976261127596574e-01
1.594955489614243438e-01
1.550445103857566731e-01
1.632047477744807129e-01
1.491097922848664825e-01
1.624629080118694391e-01
1.669139465875370820e-01
1.580118694362017684e-01
1.520771513353115778e-01
1.528189910979228516e-01
1.468842729970326333e-01
1.550445103857566731e-01
1.528189910979228516e-01
1.498516320474777563e-01
1.491097922848664825e-01
1.498516320474777563e-01
1.565281899109792207e-01
1.565281899109792207e-01
1.550445103857566731e-01
1.565281899109792207e-01
1.617210682492581653e-01
1.594955489614243438e-01
1.602373887240356176e-01
1.394658753709198951e-01
1.476261127596439071e-01
1.320474777448071291e-01
1.342729970326409505e-01
1.320474777448071291e-01
1.350148367952522244e-01
1.313056379821958553e-01
1.283382789317507322e-01
1.431750741839762642e-01
1.320474777448071291e-01
1.364985163204747720e-01
1.253709198813056369e-01
1.327893175074184029e-01
1.350148367952522244e-01
1.372403560830860458e-01
1.476261127596439071e-01
1.528189910979228516e-01
1.335311572700296767e-01
1.342729970326409505e-01
1.261127596439169107e-01
1.268545994065281846e-01
1.283382789317507322e-01
1.261127596439169107e-01
1.186943620178041586e-01
1.105341246290801188e-01
1.127596439169139403e-01
1.313056379821958553e-01
1.090504451038575712e-01
1.135014836795252280e-01
1.172106824925815971e-01
1.283382789317507322e-01
1.142433234421365018e-01
1.298219584569733076e-01
1.283382789317507322e-01
1.246290801186943631e-01
1.261127596439169107e-01
1.112759643916913926e-01
1.186943620178041586e-01
1.231454005934718154e-01
1.238872403560830893e-01
1.142433234421365018e-01
1.120178041543026665e-01
1.298219584569733076e-01
1.201780415430267063e-01
1.231454005934718154e-01
1.201780415430267063e-01
1.112759643916913926e-01
1.253709198813056369e-01
1.135014836795252280e-01
1.142433234421365018e-01
1.179525222551928848e-01
1.075667655786350096e-01
1.090504451038575712e-01
1.172106824925815971e-01
9.940652818991098372e-02
9.569732937685460072e-02
1.068249258160237358e-01
1.083086053412462973e-01
1.083086053412462973e-01
1.142433234421365018e-01
1.135014836795252280e-01
1.127596439169139403e-01
1.105341246290801188e-01
1.083086053412462973e-01
1.075667655786350096e-01
1.075667655786350096e-01
1.120178041543026665e-01
1.060830860534124620e-01
1.090504451038575712e-01
1.142433234421365018e-01
1.068249258160237358e-01
1.023738872403560790e-01
9.940652818991098372e-02
9.792284866468842219e-02
1.120178041543026665e-01
1.031157270029673528e-01
1.045994065281899144e-01
1.060830860534124620e-01
9.866468842729970989e-02
1.031157270029673528e-01
1.090504451038575712e-01
1.097922848664688450e-01
1.001483679525222575e-01
9.792284866468842219e-02
1.001483679525222575e-01
9.940652818991098372e-02
9.866468842729970989e-02
1.135014836795252280e-01
1.090504451038575712e-01
1.157270029673590495e-01
1.016320474777448052e-01
1.023738872403560790e-01
1.135014836795252280e-01
1.045994065281899144e-01
1.008902077151335314e-01
1.105341246290801188e-01
1.179525222551928848e-01
1.097922848664688450e-01
1.008902077151335314e-01
1.023738872403560790e-01
9.124629080118694391e-02
1.172106824925815971e-01
1.031157270029673528e-01
9.050445103857567009e-02
1.031157270029673528e-01
1.075667655786350096e-01
1.045994065281899144e-01
1.075667655786350096e-01
1.083086053412462973e-01
1.105341246290801188e-01
1.060830860534124620e-01
1.023738872403560790e-01
1.075667655786350096e-01
1.023738872403560790e-01
1.023738872403560790e-01
1.038575667655786405e-01
1.001483679525222575e-01
9.866468842729970989e-02
9.569732937685460072e-02
1.075667655786350096e-01
9.495548961424332690e-02
9.940652818991098372e-02
1.031157270029673528e-01
9.866468842729970989e-02
9.272997032640949155e-02
1.008902077151335314e-01
9.643916913946587455e-02
9.643916913946587455e-02
9.792284866468842219e-02
9.643916913946587455e-02
1.060830860534124620e-01
9.272997032640949155e-02
9.495548961424332690e-02
1.090504451038575712e-01
1.097922848664688450e-01
1.031157270029673528e-01
1.075667655786350096e-01
1.001483679525222575e-01
1.053412462908011882e-01
8.827893175074183474e-02
9.866468842729970989e-02
9.866468842729970989e-02
9.643916913946587455e-02
9.569732937685460072e-02
9.272997032640949155e-02
8.976261127596439626e-02
9.569732937685460072e-02
9.347181008902076538e-02
1.001483679525222575e-01
9.347181008902076538e-02
8.902077151335312244e-02
8.827893175074183474e-02
8.827893175074183474e-02
8.456973293768546562e-02
9.643916913946587455e-02
9.050445103857567009e-02
9.643916913946587455e-02
1.031157270029673528e-01
8.753709198813056092e-02
1.008902077151335314e-01
8.827893175074183474e-02
9.940652818991098372e-02
8.902077151335312244e-02
8.531157270029673945e-02
8.086053412462908263e-02
1.060830860534124620e-01
1.023738872403560790e-01
8.753709198813056092e-02
8.531157270029673945e-02
9.421364985163205308e-02
8.382789317507417792e-02
8.902077151335312244e-02
8.605341246290801327e-02
8.531157270029673945e-02
8.234421364985163028e-02
8.086053412462908263e-02
8.086053412462908263e-02
7.863501483679524728e-02
7.789317507418397346e-02
8.382789317507417792e-02
8.456973293768546562e-02
9.272997032640949155e-02
8.456973293768546562e-02
8.976261127596439626e-02
9.495548961424332690e-02
8.605341246290801327e-02
8.605341246290801327e-02
9.718100890207714837e-02
9.124629080118694391e-02
8.605341246290801327e-02
9.272997032640949155e-02
9.272997032640949155e-02
9.569732937685460072e-02
