1.000000000000000000e+00
8.600129617627997325e-01
8.172391445236552032e-01
7.913156189241736804e-01
7.673363577446532524e-01
7.511341542449773145e-01
7.278029812054439551e-01
7.342838626053143081e-01
7.388204795852235662e-01
7.167854828256643440e-01
6.668826960466623932e-01
6.889176928062216154e-01
6.604018146467919292e-01
6.675307841866493508e-01
6.254050550874918901e-01
6.221646143875566581e-01
6.305897602073882169e-01
6.124432922877511842e-01
5.813350615683733347e-01
5.923525599481529458e-01
5.664290343486714230e-01
5.793907971484121289e-01
5.638366817887232596e-01
5.761503564484770079e-01
5.567077122488658381e-01
5.482825664290343903e-01
5.612443292287750962e-01
5.450421257290991583e-01
5.469863901490602531e-01
5.152300712896954460e-01
5.158781594296824036e-01
5.171743357096565408e-01
4.983797796500323840e-01
5.048606610499027925e-01
4.854180168502916226e-01
4.763447828904731063e-01
4.815294880103694330e-01
4.692158133506156847e-01
4.873622812702527729e-01
4.471808165910564070e-01
4.419961114711600803e-01
4.394037589112119169e-01
4.387556707712249038e-01
4.510693454309785966e-01
4.264419961114711555e-01
4.381075826312378352e-01
4.381075826312378352e-01
4.251458198314970738e-01
4.342190537913156456e-01
4.115359688917692993e-01
4.173687621516526391e-01
4.212572909915748287e-01
4.134802333117303941e-01
3.998703823720026196e-01
4.115359688917692993e-01
3.920933246921581294e-01
3.998703823720026196e-01
4.115359688917692993e-01
3.888528839922229530e-01
3.901490602721970347e-01
3.810758263123784628e-01
3.810758263123784628e-01
3.564484769928710217e-01
3.596889176928061982e-01
3.713545042125729334e-01
3.635774465327284433e-01
3.570965651328580903e-01
3.441348023331173289e-01
3.460790667530784237e-01
3.551523007128969400e-01
3.415424497731691655e-01
3.583927414128321720e-01
3.376539209332469205e-01
3.486714193130265871e-01
3.383020090732339336e-01
3.370058327932599074e-01
3.402462734931950838e-01
3.428386260531432472e-01
3.408943616331820969e-01
3.143227478937135611e-01
3.195074530136098323e-01
3.402462734931950838e-01
3.227478937135450643e-01
3.175631885936487375e-01
3.091380427738172343e-01
3.201555411535969009e-01
3.117303953337653977e-01
2.961762799740764729e-01
3.104342190537913160e-01
3.162670123136746558e-01
3.156189241736876427e-01
3.020090732339598127e-01
3.020090732339598127e-01
3.046014257939079761e-01
3.000648088139987180e-01
3.000648088139987180e-01
2.916396629941672147e-01
2.961762799740764729e-01
3.143227478937135611e-01
2.994167206740116494e-01
2.929358392741412964e-01
2.812702527543746167e-01
2.929358392741412964e-01
2.922877511341542278e-01
2.909915748541801461e-01
2.760855476344782899e-01
2.786779001944264533e-01
2.760855476344782899e-01
2.786779001944264533e-01
2.760855476344782899e-01
2.728451069345431135e-01
2.786779001944264533e-01
2.650680492546986233e-01
2.773817239144523716e-01
2.709008425145819632e-01
2.754374594944912769e-01
2.747893713545042083e-01
2.624756966947504599e-01
2.521062864549578619e-01
2.508101101749837802e-01
2.702527543745949501e-01
2.702527543745949501e-01
2.501620220349967672e-01
2.534024627349319436e-01
2.488658457550226855e-01
2.449773169151004404e-01
2.384964355152300597e-01
2.313674659753726381e-01
2.391445236552171005e-01
2.384964355152300597e-01
2.313674659753726381e-01
2.378483473752430466e-01
2.430330524951393456e-01
2.365521710952689649e-01
2.313674659753726381e-01
2.229423201555411627e-01
2.365521710952689649e-01
2.508101101749837802e-01
2.281270252754374617e-01
2.281270252754374617e-01
2.255346727154892983e-01
2.268308489954633800e-01
2.339598185353208015e-01
2.248865845755022574e-01
2.216461438755670810e-01
2.255346727154892983e-01
2.197018794556059584e-01
2.184057031756318767e-01
2.190537913156189176e-01
2.158133506156837411e-01
2.281270252754374617e-01
2.216461438755670810e-01
2.119248217757614960e-01
2.320155541153596790e-01
2.099805573558004013e-01
2.229423201555411627e-01
2.099805573558004013e-01
2.041477640959170337e-01
2.222942320155541218e-01
2.229423201555411627e-01
2.209980557355800401e-01
2.255346727154892983e-01
2.164614387556707820e-01
2.151652624756967003e-01
2.138690861957226186e-01
2.132209980557355777e-01
2.093324692158133604e-01
2.067401166558651970e-01
1.970187945560596121e-01
2.125729099157485369e-01
1.989630589760207346e-01
1.898898250162021906e-01
1.996111471160077755e-01
2.015554115359688980e-01
1.905379131561892314e-01
1.970187945560596121e-01
1.911860012961762723e-01
1.996111471160077755e-01
1.944264419961114765e-01
1.898898250162021906e-01
1.937783538561244356e-01
1.989630589760207346e-01
1.918340894361633131e-01
1.885936487362281366e-01
1.853532080362929324e-01
1.892417368762151775e-01
1.924821775761503539e-01
1.847051198963058916e-01
1.847051198963058916e-01
1.911860012961762723e-01
1.808165910563836742e-01
1.834089436163318099e-01
1.892417368762151775e-01
1.795204147764095925e-01
1.723914452365521710e-01
1.808165910563836742e-01
1.743357096565132935e-01
1.860012961762799732e-01
1.827608554763447690e-01
1.840570317563188507e-01
1.860012961762799732e-01
1.659105638366817903e-01
1.646143875567077086e-01
1.853532080362929324e-01
1.840570317563188507e-01
1.788723266364225517e-01
1.730395333765392119e-01
1.697990926766040076e-01
1.795204147764095925e-01
1.665586519766688312e-01
1.613739468567725321e-01
1.710952689565780893e-01
1.762799740764743883e-01
1.782242384964355109e-01
1.730395333765392119e-01
1.639662994167206678e-01
1.685029163966299537e-01
1.691510045366169668e-01
1.613739468567725321e-01
1.672067401166558720e-01
1.620220349967595730e-01
1.568373298768632462e-01
1.555411535968891645e-01
1.542449773169151106e-01
1.626701231367465861e-01
1.730395333765392119e-01
1.594296824368114096e-01
1.548930654569021514e-01
1.510045366169799064e-01
1.587815942968243688e-01
1.607258587167854913e-01
1.503564484769928655e-01
1.438755670771224848e-01
1.419313026571613623e-01
1.542449773169151106e-01
1.535968891769280698e-01
1.445236552171095257e-01
1.548930654569021514e-01
1.523007128969539881e-01
1.555411535968891645e-01
1.548930654569021514e-01
1.445236552171095257e-01
1.360985093972780224e-01
1.451717433570965665e-01
1.367465975372650633e-01
1.425793907971484031e-01
1.445236552171095257e-01
1.451717433570965665e-01
1.451717433570965665e-01
1.425793907971484031e-01
1.458198314970836074e-01
1.477640959170447299e-01
1.386908619572261858e-01
1.451717433570965665e-01
1.406351263771873084e-01
1.309138042773817234e-01
1.257290991574854244e-01
1.296176279974076417e-01
1.360985093972780224e-01
1.335061568373298868e-01
1.289695398574206009e-01
1.296176279974076417e-01
1.276733635774465192e-01
1.263771872974724653e-01
1.257290991574854244e-01
1.257290991574854244e-01
1.263771872974724653e-01
1.283214517174335600e-01
1.244329228775113427e-01
1.309138042773817234e-01
1.244329228775113427e-01
1.263771872974724653e-01
1.218405703175631932e-01
1.147116007777057717e-01
1.140635126377187308e-01
1.101749837977964996e-01
1.153596889176928125e-01
1.186001296176280029e-01
1.218405703175631932e-01
1.192482177576150298e-01
1.147116007777057717e-01
1.108230719377835405e-01
1.127673363577446491e-01
1.140635126377187308e-01
1.127673363577446491e-01
1.121192482177576083e-01
1.108230719377835405e-01
1.173039533376539212e-01
1.101749837977964996e-01
1.082307193778353910e-01
1.224886584575502202e-01
1.101749837977964996e-01
1.160077770576798395e-01
1.121192482177576083e-01
1.153596889176928125e-01
1.166558651976668803e-01
1.082307193778353910e-01
1.101749837977964996e-01
1.082307193778353910e-01
1.211924821775761524e-01
1.069345430978613093e-01
1.173039533376539212e-01
1.062864549578742684e-01
1.160077770576798395e-01
1.114711600777705813e-01
1.244329228775113427e-01
1.153596889176928125e-01
1.101749837977964996e-01
1.134154244977316900e-01
1.056383668178872276e-01
1.043421905379131598e-01
1.030460142579390781e-01
1.023979261179520373e-01
1.023979261179520373e-01
1.095268956578094588e-01
1.062864549578742684e-01
1.082307193778353910e-01
1.023979261179520373e-01
9.980557355800388775e-02
9.591704471808165655e-02
9.980557355800388775e-02
9.850939727802980606e-02
9.786130913804277909e-02
9.591704471808165655e-02
9.267660401814646620e-02
9.397278029812054789e-02
9.073233959818535754e-02
9.980557355800388775e-02
9.721322099805573824e-02
9.656513285806869740e-02
1.043421905379131598e-01
9.721322099805573824e-02
9.850939727802980606e-02
9.462086843810758874e-02
1.030460142579390781e-01
9.332469215813350705e-02
1.030460142579390781e-01
9.526895657809461571e-02
9.526895657809461571e-02
9.656513285806869740e-02
9.980557355800388775e-02
9.462086843810758874e-02
1.043421905379131598e-01
9.591704471808165655e-02
9.462086843810758874e-02
1.030460142579390781e-01
9.721322099805573824e-02
9.850939727802980606e-02
1.030460142579390781e-01
1.043421905379131598e-01
1.049902786779002006e-01
1.095268956578094588e-01
1.049902786779002006e-01
1.036941023979261189e-01
1.095268956578094588e-01
1.056383668178872276e-01
1.023979261179520373e-01
9.721322099805573824e-02
9.980557355800388775e-02
1.017498379779649964e-01
9.786130913804277909e-02
9.850939727802980606e-02
9.980557355800388775e-02
1.082307193778353910e-01
9.786130913804277909e-02
1.030460142579390781e-01
1.049902786779002006e-01
1.030460142579390781e-01
9.980557355800388775e-02
9.915748541801684690e-02
9.526895657809461571e-02
9.786130913804277909e-02
8.749189889825016719e-02
9.267660401814646620e-02
9.462086843810758874e-02
9.591704471808165655e-02
9.786130913804277909e-02
9.462086843810758874e-02
9.138042773817238451e-02
8.878807517822423501e-02
8.489954633830200381e-02
8.878807517822423501e-02
8.230719377835385431e-02
9.008425145819831670e-02
9.980557355800388775e-02
9.462086843810758874e-02
8.684381075826312635e-02
9.462086843810758874e-02
9.073233959818535754e-02
9.721322099805573824e-02
9.073233959818535754e-02
9.138042773817238451e-02
9.008425145819831670e-02
8.619572261827608550e-02
8.878807517822423501e-02
8.230719377835385431e-02
8.425145819831497684e-02
8.619572261827608550e-02
9.397278029812054789e-02
8.489954633830200381e-02
9.332469215813350705e-02
