1.000000000000000000e+00
8.313521545319465522e-01
7.800891530460624113e-01
7.390416047548291623e-01
7.148959881129272054e-01
7.050520059435364528e-01
6.719910846953938144e-01
6.419019316493314031e-01
6.296433878157503550e-01
6.064264487369984691e-01
6.095839524517088215e-01
5.843239227340267794e-01
5.637072808320950923e-01
5.440193164933134762e-01
5.403046062407131922e-01
5.189450222882615593e-01
5.126300148588409655e-01
5.159732540861813321e-01
4.923848439821694178e-01
4.849554234769687944e-01
4.777117384843982406e-01
4.593239227340267239e-01
4.518945022288261559e-01
4.392644873699851349e-01
4.292347696879643126e-01
4.201337295690936169e-01
4.151188707280832335e-01
4.136329866270430644e-01
4.049034175334323971e-01
3.887444279346211062e-01
3.816864784546805112e-01
3.707280832095096734e-01
3.763001485884100994e-01
3.662704309063892771e-01
3.584695393759286808e-01
3.495542347696879437e-01
3.484398216939078585e-01
3.415676077265973332e-01
3.380386329866270634e-01
3.298662704309063831e-01
3.287518573551262979e-01
3.174219910846953763e-01
3.131500742942050497e-01
3.066493313521545527e-01
3.083209509658246805e-01
2.997771173848439719e-01
2.838038632986626952e-01
2.908618127786032903e-01
2.906760772659732761e-01
2.869613670133729366e-01
2.906760772659732761e-01
2.808320950965824681e-01
2.821322436849925674e-01
2.758172362555720847e-01
2.864041604754828940e-01
2.748885586924220137e-01
2.654160475482912340e-01
2.555720653789004260e-01
2.648588410104011914e-01
2.568722139673105254e-01
2.555720653789004260e-01
2.637444279346211062e-01
2.702451708766716032e-01
2.503714710252600284e-01
2.559435364041604544e-01
2.537147102526002840e-01
2.488855869242199148e-01
2.451708766716196031e-01
2.447994056463595747e-01
2.286404160475482839e-01
2.338410104011887092e-01
2.271545319465081703e-01
2.273402674591381845e-01
2.269687964338781561e-01
2.217682020802377307e-01
2.293833580980683406e-01
2.122956909361069788e-01
2.161961367013373048e-01
2.061664190193164825e-01
2.041233283803863263e-01
2.054234769687964257e-01
2.007800891530460707e-01
1.940936106983655318e-01
1.959509658246656738e-01
1.920505200594353756e-01
1.913075780089152911e-01
1.879643387815750355e-01
1.914933135215453330e-01
1.879643387815750355e-01
1.818350668647845392e-01
1.862927191679049077e-01
1.842496285289747515e-01
1.786775631500742978e-01
1.790490341753343262e-01
1.783060921248142694e-01
1.805349182763744398e-01
1.688335809806835175e-01
1.718053491827637447e-01
1.764487369985141274e-01
1.660475482912332768e-01
1.677191679049034045e-01
1.623328380386329928e-01
1.703194650817236311e-01
1.589895988112927094e-01
1.612184249628529076e-01
1.552748885586924255e-01
1.580609212481426384e-01
1.472882615156017871e-01
1.524888558692422125e-01
1.513744427934620995e-01
1.515601783060921137e-01
1.506315007429420427e-01
1.489598811292719149e-01
1.478454680534918297e-01
1.433878157503714612e-01
1.430163447251114328e-01
1.346582466567607661e-01
1.368870728083209642e-01
1.411589895988112908e-01
1.381872213967310636e-01
1.396731054977711772e-01
1.372585438335809926e-01
1.385586924219910920e-01
1.352154531946508087e-01
1.363298662704308939e-01
1.296433878157503827e-01
1.352154531946508087e-01
1.354011887072808229e-01
1.372585438335809926e-01
1.309435364041604821e-01
1.248142644873699858e-01
1.229569093610698299e-01
1.311292719167904963e-01
1.337295690936106951e-01
1.210995542347696879e-01
1.210995542347696879e-01
1.238855869242199148e-01
1.220282317979197589e-01
1.223997028231797873e-01
1.170133729569093617e-01
1.158989598811292765e-01
1.095839524517087660e-01
1.097696879643387802e-01
1.095839524517087660e-01
1.079123328380386382e-01
1.121842496285289786e-01
1.106983655274888512e-01
1.105126300148588370e-01
1.080980683506686524e-01
1.056835066864784539e-01
1.082838038632986666e-01
1.056835066864784539e-01
1.134843982169390780e-01
1.041976225854383403e-01
1.066121842496285249e-01
1.060549777117384823e-01
1.069836552748885533e-01
1.043833580980683545e-01
1.045690936106983687e-01
9.825408618127785820e-02
1.002971768202080283e-01
9.973997028231798567e-02
9.862555720653788660e-02
1.017830609212481419e-01
9.546805349182763134e-02
9.286775631500743255e-02
9.825408618127785820e-02
9.788261515601782981e-02
9.491084695393758874e-02
9.472511144130757454e-02
9.732540861812778721e-02
9.416790490341753195e-02
9.732540861812778721e-02
8.673848439821693623e-02
8.933878157503714890e-02
9.063893016344724829e-02
8.859583952451709210e-02
9.398216939078751775e-02
8.562407132243685104e-02
8.952451708766716310e-02
9.193907875185736156e-02
8.673848439821693623e-02
9.045319465081723409e-02
8.580980683506686524e-02
8.710995542347696463e-02
8.673848439821693623e-02
8.358098068350668097e-02
8.859583952451709210e-02
8.005200594353639731e-02
8.190936106983655318e-02
8.246656760772659578e-02
8.413818722139673745e-02
8.822436849925706370e-02
8.413818722139673745e-02
8.562407132243685104e-02
7.708023774145617013e-02
8.302377414561663838e-02
8.005200594353639731e-02
7.800891530460624113e-02
7.968053491827636892e-02
7.615156017830608526e-02
7.949479940564635472e-02
7.169390787518573060e-02
7.225111441307577320e-02
7.150817236255571641e-02
7.466567607726597167e-02
7.373699851411590067e-02
7.336552748885587227e-02
7.373699851411590067e-02
7.187964338781574480e-02
6.983655274888558862e-02
7.336552748885587227e-02
7.336552748885587227e-02
7.150817236255571641e-02
7.187964338781574480e-02
6.909361069836553182e-02
7.206537890044575900e-02
7.002228826151560281e-02
6.797919762258543275e-02
7.132243684992570221e-02
6.797919762258543275e-02
6.296433878157503550e-02
6.519316493313521976e-02
6.742199108469539015e-02
6.556463595839524816e-02
6.556463595839524816e-02
6.407875185735512069e-02
6.184992570579495030e-02
6.445022288261514909e-02
6.407875185735512069e-02
6.315007429420504970e-02
6.445022288261514909e-02
6.110698365527488657e-02
6.445022288261514909e-02
6.203566121842496450e-02
6.240713224368499290e-02
6.556463595839524816e-02
6.129271916790490077e-02
5.869242199108469504e-02
6.166419019316493610e-02
6.054977711738484397e-02
6.054977711738484397e-02
5.869242199108469504e-02
5.887815750371470924e-02
5.627786032689450352e-02
5.646359583952451772e-02
6.054977711738484397e-02
5.869242199108469504e-02
5.534918276374442558e-02
5.906389301634472344e-02
5.794947994056463825e-02
5.683506686478454611e-02
5.832095096582466665e-02
5.479197622585438299e-02
5.182020802377414886e-02
5.627786032689450352e-02
5.423476968796434039e-02
5.534918276374442558e-02
5.293462109955423406e-02
5.497771173848439719e-02
5.609212481426448932e-02
5.219167904903417726e-02
5.237741456166419146e-02
5.404903417533432619e-02
5.256315007429420566e-02
5.404903417533432619e-02
5.219167904903417726e-02
5.163447251114412773e-02
4.847696879643387941e-02
5.590638930163447512e-02
5.200594353640416306e-02
5.367756315007429085e-02
5.312035661218424826e-02
5.386329866270431199e-02
4.847696879643387941e-02
5.423476968796434039e-02
5.497771173848439719e-02
5.200594353640416306e-02
5.367756315007429085e-02
5.572065378900446092e-02
5.163447251114412773e-02
4.847696879643387941e-02
4.921991084695393620e-02
4.420505200594353895e-02
5.052005943536404253e-02
4.810549777117385101e-02
5.033432392273402833e-02
5.219167904903417726e-02
5.144873699851411353e-02
4.996285289747399994e-02
5.070579494799405673e-02
4.903417533432392200e-02
4.791976225854383681e-02
5.107726597325408513e-02
5.107726597325408513e-02
5.107726597325408513e-02
4.587667161961366674e-02
4.531946508172362414e-02
4.921991084695393620e-02
4.977711738484397880e-02
4.606240713224368788e-02
4.847696879643387941e-02
4.810549777117385101e-02
4.791976225854383681e-02
4.680534918276374468e-02
4.717682020802377307e-02
4.884843982169390780e-02
4.717682020802377307e-02
4.550520059435363834e-02
5.070579494799405673e-02
4.847696879643387941e-02
4.606240713224368788e-02
4.346210995542347522e-02
4.476225854383358155e-02
4.773402674591381567e-02
4.661961367013373048e-02
4.643387815750371628e-02
4.791976225854383681e-02
5.126300148588409933e-02
5.052005943536404253e-02
4.903417533432392200e-02
4.327637444279346102e-02
4.309063893016344682e-02
4.383358098068350361e-02
4.327637444279346102e-02
4.179049034175334049e-02
4.346210995542347522e-02
4.401931649331352475e-02
4.401931649331352475e-02
4.160475482912332629e-02
4.160475482912332629e-02
4.271916790490341842e-02
3.956166419019316316e-02
4.234769687964339002e-02
3.937592867756314896e-02
3.696136701337295744e-02
3.826151560178306377e-02
3.993313521545319156e-02
3.974739970282317736e-02
4.123328380386329789e-02
4.364784546805348942e-02
4.104754829123328369e-02
4.141901931649331209e-02
4.067607726597325529e-02
3.789004457652302843e-02
3.714710252600297163e-02
3.881872213967310636e-02
3.603268945022287950e-02
3.640416047548291484e-02
3.324665676077265958e-02
3.696136701337295744e-02
3.491827637444279431e-02
3.510401188707280851e-02
3.826151560178306377e-02
3.343239227340267378e-02
3.714710252600297163e-02
3.584695393759286530e-02
3.714710252600297163e-02
3.658989598811292904e-02
3.844725111441307797e-02
3.621842496285290064e-02
3.863298662704309216e-02
3.677563150074294324e-02
3.696136701337295744e-02
4.030460624071322689e-02
3.621842496285290064e-02
3.398959881129271637e-02
3.770430906389301423e-02
3.343239227340267378e-02
3.789004457652302843e-02
3.770430906389301423e-02
3.380386329866270217e-02
3.566121842496285110e-02
3.528974739970282271e-02
3.417533432392273057e-02
3.491827637444279431e-02
3.770430906389301423e-02
3.733283803863298583e-02
3.491827637444279431e-02
3.584695393759286530e-02
3.547548291233283690e-02
3.584695393759286530e-02
3.658989598811292904e-02
3.528974739970282271e-02
3.361812778603268798e-02
3.547548291233283690e-02
3.436106983655275171e-02
3.268945022288261698e-02
3.361812778603268798e-02
3.306092124814264538e-02
3.547548291233283690e-02
3.696136701337295744e-02
3.566121842496285110e-02
3.306092124814264538e-02
3.677563150074294324e-02
3.306092124814264538e-02
3.250371471025260278e-02
3.194650817236255325e-02
3.491827637444279431e-02
3.194650817236255325e-02
3.287518573551263118e-02
