1.000000000000000000e+00
7.935135135135135132e-01
7.459459459459459874e-01
7.149549549549549798e-01
6.868468468468468258e-01
6.882882882882882525e-01
6.446846846846846502e-01
6.500900900900901114e-01
6.115315315315315026e-01
6.075675675675675791e-01
5.855855855855855996e-01
5.639639639639639768e-01
5.513513513513513820e-01
5.365765765765765360e-01
5.243243243243242979e-01
4.951351351351351293e-01
4.818018018018018211e-01
4.792792792792792689e-01
4.771171171171171288e-01
4.540540540540540793e-01
4.418018018018017856e-01
4.295495495495495475e-01
4.396396396396396455e-01
4.327927927927928131e-01
4.234234234234234284e-01
4.147747747747747571e-01
4.093693693693693514e-01
3.920720720720720642e-01
3.899099099099099242e-01
3.891891891891892108e-01
3.780180180180180427e-01
3.895495495495495675e-01
3.805405405405405395e-01
3.751351351351351338e-01
3.495495495495495319e-01
3.596396396396396300e-01
3.470270270270270352e-01
3.549549549549549377e-01
3.491891891891891753e-01
3.434234234234234129e-01
3.372972972972972938e-01
3.236036036036036290e-01
3.358558558558558671e-01
3.239639639639639856e-01
3.412612612612612728e-01
3.153153153153153143e-01
3.135135135135135309e-01
3.156756756756756710e-01
3.073873873873874119e-01
2.969369369369369571e-01
2.911711711711711947e-01
2.929729729729729781e-01
2.972972972972973138e-01
2.792792792792792578e-01
2.702702702702702853e-01
2.756756756756756910e-01
2.810810810810810967e-01
2.717117117117117120e-01
2.735135135135134954e-01
2.648648648648648796e-01
2.731531531531531387e-01
2.663063063063063063e-01
2.583783783783784038e-01
2.677477477477477330e-01
2.580180180180179916e-01
2.515315315315315159e-01
2.482882882882882780e-01
2.544144144144144248e-01
2.407207207207207322e-01
2.410810810810810889e-01
2.403603603603603478e-01
2.381981981981982077e-01
2.288288288288288230e-01
2.342342342342342287e-01
2.371171171171171099e-01
2.255855855855855852e-01
2.104504504504504381e-01
2.187387387387387250e-01
2.165765765765765849e-01
2.190990990990991094e-01
1.992792792792792700e-01
1.960360360360360321e-01
2.036036036036036057e-01
2.028828828828828923e-01
2.000000000000000111e-01
2.082882882882882980e-01
1.971171171171171299e-01
2.003603603603603678e-01
1.960360360360360321e-01
1.949549549549549621e-01
1.924324324324324376e-01
1.989189189189189133e-01
1.891891891891891997e-01
1.852252252252252207e-01
1.852252252252252207e-01
1.895495495495495564e-01
1.906306306306306264e-01
1.891891891891891997e-01
1.913513513513513398e-01
1.809009009009009128e-01
1.924324324324324376e-01
1.870270270270270319e-01
1.787387387387387450e-01
1.819819819819819828e-01
1.830630630630630529e-01
1.870270270270270319e-01
1.693693693693693603e-01
1.762162162162162204e-01
1.812612612612612695e-01
1.809009009009009128e-01
1.708108108108108147e-01
1.643243243243243112e-01
1.636036036036035979e-01
1.682882882882882902e-01
1.682882882882882902e-01
1.581981981981981922e-01
1.679279279279279335e-01
1.621621621621621712e-01
1.553153153153153110e-01
1.520720720720720731e-01
1.603603603603603600e-01
1.556756756756756677e-01
1.542342342342342409e-01
1.610810810810810734e-01
1.545945945945945976e-01
1.567567567567567655e-01
1.499099099099099053e-01
1.484684684684684786e-01
1.455855855855855974e-01
1.488288288288288352e-01
1.430630630630630729e-01
1.455855855855855974e-01
1.589189189189189055e-01
1.538738738738738843e-01
1.455855855855855974e-01
1.423423423423423317e-01
1.473873873873873808e-01
1.365765765765765694e-01
1.430630630630630729e-01
1.365765765765765694e-01
1.279279279279279258e-01
1.365765765765765694e-01
1.336936936936936882e-01
1.362162162162162127e-01
1.347747747747747860e-01
1.383783783783783805e-01
1.261261261261261146e-01
1.268468468468468557e-01
1.228828828828828768e-01
1.329729729729729748e-01
1.318918918918919048e-01
1.239639639639639607e-01
1.333333333333333315e-01
1.326126126126126181e-01
1.329729729729729748e-01
1.300900900900900936e-01
1.268468468468468557e-01
1.214414414414414362e-01
1.228828828828828768e-01
1.203603603603603661e-01
1.218018018018018067e-01
1.189189189189189255e-01
1.221621621621621634e-01
1.199999999999999956e-01
1.239639639639639607e-01
1.145945945945945899e-01
1.178378378378378416e-01
1.113513513513513520e-01
1.189189189189189255e-01
1.109909909909909953e-01
1.088288288288288275e-01
1.135135135135135198e-01
1.131531531531531493e-01
1.081081081081081141e-01
1.059459459459459463e-01
1.066666666666666735e-01
1.138738738738738765e-01
1.070270270270270302e-01
1.088288288288288275e-01
1.052252252252252190e-01
1.005405405405405406e-01
1.037837837837837784e-01
9.333333333333333759e-02
9.297297297297296703e-02
9.549549549549549154e-02
9.729729729729730270e-02
9.585585585585586210e-02
9.549549549549549154e-02
9.909909909909909997e-02
9.621621621621621878e-02
9.369369369369369427e-02
1.001801801801801839e-01
9.009009009009008584e-02
9.621621621621621878e-02
8.720720720720720465e-02
8.828828828828828856e-02
9.045045045045045640e-02
9.405405405405405095e-02
8.576576576576576405e-02
9.549549549549549154e-02
9.945945945945945665e-02
9.477477477477477819e-02
8.612612612612612073e-02
8.576576576576576405e-02
9.045045045045045640e-02
8.720720720720720465e-02
8.252252252252252618e-02
7.963963963963964499e-02
9.297297297297296703e-02
8.468468468468468013e-02
8.468468468468468013e-02
9.009009009009008584e-02
8.108108108108108558e-02
8.612612612612612073e-02
8.576576576576576405e-02
7.711711711711712047e-02
8.216216216216215562e-02
8.720720720720720465e-02
8.504504504504505069e-02
8.072072072072071502e-02
7.675675675675674992e-02
7.711711711711712047e-02
7.783783783783783383e-02
7.603603603603603656e-02
7.351351351351351204e-02
7.963963963963964499e-02
7.675675675675674992e-02
7.567567567567567988e-02
7.603603603603603656e-02
8.000000000000000167e-02
7.423423423423423928e-02
7.927927927927927443e-02
6.918918918918919025e-02
7.855855855855856107e-02
7.855855855855856107e-02
6.918918918918919025e-02
7.747747747747747715e-02
7.603603603603603656e-02
7.135135135135135809e-02
6.846846846846846302e-02
6.630630630630630906e-02
6.450450450450449791e-02
6.738738738738739298e-02
6.126126126126126004e-02
6.774774774774774966e-02
6.990990990990990361e-02
6.702702702702702242e-02
7.243243243243242813e-02
6.738738738738739298e-02
6.450450450450449791e-02
6.918918918918919025e-02
6.666666666666666574e-02
6.486486486486486847e-02
7.027027027027027417e-02
6.594594594594595238e-02
6.234234234234234395e-02
6.018018018018018306e-02
6.522522522522522515e-02
6.198198198198198033e-02
6.486486486486486847e-02
6.522522522522522515e-02
6.270270270270270063e-02
6.990990990990990361e-02
6.162162162162162365e-02
5.765765765765765855e-02
6.054054054054053974e-02
6.126126126126126004e-02
5.945945945945946276e-02
5.909909909909909914e-02
6.054054054054053974e-02
5.693693693693693825e-02
5.801801801801801522e-02
5.477477477477477735e-02
5.765765765765765855e-02
6.162162162162162365e-02
5.657657657657657463e-02
5.549549549549549765e-02
5.729729729729729493e-02
5.261261261261260952e-02
5.333333333333333676e-02
5.333333333333333676e-02
5.621621621621621795e-02
5.261261261261260952e-02
5.693693693693693825e-02
5.549549549549549765e-02
6.018018018018018306e-02
5.837837837837837884e-02
5.621621621621621795e-02
5.405405405405405705e-02
5.297297297297297314e-02
5.477477477477477735e-02
5.297297297297297314e-02
5.405405405405405705e-02
4.900900900900900803e-02
5.513513513513513403e-02
5.729729729729729493e-02
5.261261261261260952e-02
5.153153153153153254e-02
5.333333333333333676e-02
5.225225225225225284e-02
5.477477477477477735e-02
5.333333333333333676e-02
5.801801801801801522e-02
5.441441441441441373e-02
5.333333333333333676e-02
5.189189189189188922e-02
4.972972972972972833e-02
5.117117117117116892e-02
5.441441441441441373e-02
5.045045045045044863e-02
4.684684684684684713e-02
5.261261261261260952e-02
5.261261261261260952e-02
4.396396396396396594e-02
5.153153153153153254e-02
5.405405405405405705e-02
4.504504504504504292e-02
4.792792792792793105e-02
5.225225225225225284e-02
5.081081081081081224e-02
4.864864864864865135e-02
4.684684684684684713e-02
4.864864864864865135e-02
5.009009009009009195e-02
4.576576576576576322e-02
4.684684684684684713e-02
4.936936936936937165e-02
4.504504504504504292e-02
5.117117117117116892e-02
4.540540540540540654e-02
4.792792792792793105e-02
5.009009009009009195e-02
5.333333333333333676e-02
4.900900900900900803e-02
4.864864864864865135e-02
4.612612612612612684e-02
4.648648648648648352e-02
4.576576576576576322e-02
4.216216216216216173e-02
4.432432432432432262e-02
4.720720720720720381e-02
4.936936936936937165e-02
4.612612612612612684e-02
4.576576576576576322e-02
4.180180180180180505e-02
4.216216216216216173e-02
4.396396396396396594e-02
3.783783783783783994e-02
3.963963963963963721e-02
4.252252252252252535e-02
3.675675675675675602e-02
4.468468468468468624e-02
4.072072072072072113e-02
3.891891891891891692e-02
3.963963963963963721e-02
3.747747747747747632e-02
4.144144144144144143e-02
3.891891891891891692e-02
3.783783783783783994e-02
4.036036036036035751e-02
4.072072072072072113e-02
4.000000000000000083e-02
4.396396396396396594e-02
4.252252252252252535e-02
4.000000000000000083e-02
3.819819819819819662e-02
4.216216216216216173e-02
3.927927927927928053e-02
4.036036036036035751e-02
3.927927927927928053e-02
3.711711711711711964e-02
4.288288288288288203e-02
3.783783783783783994e-02
3.207207207207207061e-02
3.135135135135135032e-02
2.882882882882882927e-02
3.387387387387387483e-02
4.036036036036035751e-02
3.459459459459459513e-02
3.891891891891891692e-02
3.459459459459459513e-02
3.243243243243243423e-02
3.783783783783783994e-02
3.243243243243243423e-02
3.675675675675675602e-02
3.819819819819819662e-02
3.495495495495495181e-02
3.459459459459459513e-02
3.927927927927928053e-02
3.747747747747747632e-02
3.459459459459459513e-02
3.639639639639639934e-02
3.207207207207207061e-02
3.387387387387387483e-02
3.423423423423423151e-02
3.711711711711711964e-02
3.567567567567567904e-02
3.531531531531531543e-02
3.711711711711711964e-02
3.891891891891891692e-02
3.567567567567567904e-02
