1.000000000000000000e+00
8.346415489272631660e-01
7.870225013082156051e-01
7.583725798011512476e-01
7.274986917844060708e-01
6.934850863422291622e-01
6.950549450549450281e-01
6.547619047619047672e-01
6.482208267922553446e-01
6.255886970172684913e-01
6.144688644688645063e-01
5.940607012035583612e-01
5.860805860805861078e-01
5.761381475667189944e-01
5.587388801674515459e-01
5.302197802197802234e-01
5.218472004186289759e-01
5.138670852956567225e-01
5.052328623757195158e-01
4.909733124018838546e-01
4.777603349031920299e-01
4.606227106227105961e-01
4.565672422815280074e-01
4.451857666143380632e-01
4.400837257980115269e-01
4.221611721611721602e-01
4.284406070120355681e-01
4.072475143903715455e-01
4.094714809000523092e-01
4.094714809000523092e-01
3.944270015698587151e-01
3.962585034013605401e-01
3.850078492935635754e-01
3.772893772893772812e-01
3.669544740973312291e-01
3.594976452119309496e-01
3.584510727367870020e-01
3.482469911041339850e-01
3.401360544217686965e-01
3.414442700156986032e-01
3.400052328623757170e-01
3.284929356357927932e-01
3.245682888540031286e-01
3.216902145473574115e-01
3.104395604395604469e-01
3.095238095238095344e-01
3.025902668759811731e-01
3.015436944008372810e-01
2.972265829408686777e-01
2.870225013082156051e-01
2.922553636839351210e-01
2.789115646258503167e-01
2.820512820512820484e-01
2.808738880167451768e-01
2.759026687598116201e-01
2.824437467294610427e-01
2.698848770277341713e-01
2.662218733647305213e-01
2.544479330193615829e-01
2.638670852956567225e-01
2.582417582417582680e-01
2.581109366823652329e-01
2.488226059654631006e-01
2.425431711145996927e-01
2.536630036630036500e-01
2.450287807430664710e-01
2.433281004709576256e-01
2.348246991104133985e-01
2.316849816849816945e-01
2.316849816849816945e-01
2.307692307692307820e-01
2.269754055468341247e-01
2.191261119832548510e-01
2.146781789638932403e-01
2.104918890633176443e-01
2.106227106227106238e-01
2.085295656724228119e-01
2.090528519099947580e-01
2.014652014652014711e-01
2.056514913657770671e-01
1.993720565149136592e-01
1.980638409209837802e-01
1.930926216640502235e-01
1.923076923076923184e-01
1.942700156985871229e-01
1.883830455259026815e-01
1.805337519623233800e-01
1.866823652537938361e-01
1.835426478283621043e-01
1.788330716902145345e-01
1.827577184720041992e-01
1.758241758241758379e-01
1.747776033490319181e-01
1.800104657247514339e-01
1.737310308738880260e-01
1.756933542647828306e-01
1.762166405023547766e-01
1.695447409733124022e-01
1.648351648351648324e-01
1.619570905285190876e-01
1.666666666666666574e-01
1.597331240188382961e-01
1.628728414442700279e-01
1.603872318158032495e-01
1.555468341182627001e-01
1.550235478806907263e-01
1.543694400837258007e-01
1.535845107273678678e-01
1.559392987964416666e-01
1.491365777080062849e-01
1.493982208267922440e-01
1.491365777080062849e-01
1.466509680795395065e-01
1.446886446886447020e-01
1.433804290947147952e-01
1.390633176347462197e-01
1.399790685504971322e-01
1.351386708529565550e-01
1.352694924123495623e-01
1.382783882783882867e-01
1.418105703819989571e-01
1.384092098377812663e-01
1.338304552590266761e-01
1.342229199372056425e-01
1.297749869178440596e-01
1.299058084772370392e-01
1.363160648874934544e-01
1.279434850863422346e-01
1.255886970172684358e-01
1.246729461015175233e-01
1.229722658294086918e-01
1.285975928833071602e-01
1.147305075876504515e-01
1.152537938252223976e-01
1.100209314495028817e-01
1.142072213500784916e-01
1.117216117216117272e-01
1.159079016221873371e-01
1.121140763997906797e-01
1.113291470434327607e-01
1.143380429094714851e-01
1.101517530088958613e-01
1.054421768707483054e-01
1.033490319204604935e-01
1.062271062271062244e-01
1.037414965986394599e-01
1.032182103610675000e-01
1.024332810047095810e-01
1.032182103610675000e-01
1.036106750392464665e-01
1.015175300889586546e-01
1.002093144950287756e-01
9.981684981684982305e-02
9.497645211930925979e-02
9.824699110413395720e-02
9.863945578231292366e-02
9.275248560962846833e-02
9.288330716902144790e-02
9.118262689691261635e-02
9.314495028780743480e-02
9.314495028780743480e-02
9.079016221873364989e-02
9.824699110413395720e-02
9.079016221873364989e-02
9.157509157509156894e-02
9.039769754055468343e-02
8.581894296180010706e-02
8.699633699633699258e-02
8.751962323390895249e-02
8.725798011512296559e-02
8.516483516483516758e-02
8.281004709576138267e-02
8.451072736787022810e-02
8.359497645211931560e-02
8.032443746729460432e-02
7.836211407639978588e-02
8.045525902668759777e-02
8.058608058608059121e-02
8.163265306122448328e-02
8.045525902668759777e-02
7.810047095761381286e-02
7.862375719518577277e-02
7.587650444793302140e-02
7.770800627943484640e-02
7.312925170068027003e-02
7.666143380429094045e-02
7.927786499215071225e-02
7.705389848246990692e-02
7.574568288854002795e-02
7.417582417582417598e-02
7.286760858189429702e-02
6.855049712192569367e-02
7.522239665096808192e-02
7.142857142857142461e-02
7.195185766614338452e-02
7.378335949764520951e-02
7.221350078492935753e-02
7.391418105703820296e-02
6.802721088435374763e-02
7.103610675039245814e-02
6.423338566195709032e-02
6.750392464678178772e-02
6.789638932496075419e-02
6.946624803767660616e-02
6.789638932496075419e-02
6.724228152799581471e-02
6.645735217163788178e-02
6.554160125588696928e-02
6.501831501831502325e-02
6.645735217163788178e-02
6.671899529042386867e-02
6.645735217163788178e-02
6.815803244374672720e-02
6.907378335949763970e-02
6.606488749345891531e-02
6.475667189952903635e-02
6.384092098377812385e-02
6.632653061224490221e-02
6.344845630559915739e-02
6.567242281527996273e-02
6.266352694924123834e-02
6.096284667713239291e-02
6.357927786499215084e-02
6.331763474620617782e-02
6.122448979591836593e-02
5.939298796441653400e-02
6.122448979591836593e-02
6.161695447409733239e-02
6.122448979591836593e-02
6.109366823652537942e-02
5.716902145473574254e-02
5.599162742019885008e-02
5.769230769230769551e-02
5.638409209837780961e-02
5.664573521716378957e-02
5.782312925170068202e-02
5.468341182626897112e-02
5.389848246991103820e-02
5.285190999476713919e-02
5.664573521716378957e-02
5.494505494505494414e-02
5.638409209837780961e-02
5.285190999476713919e-02
4.984301412872841480e-02
5.128205128205128027e-02
5.298273155416012570e-02
5.102040816326530726e-02
5.036630036630036777e-02
5.442176870748299117e-02
5.102040816326530726e-02
5.586080586080586358e-02
5.363683935112506518e-02
5.638409209837780961e-02
5.206698063840921320e-02
5.115122972265829376e-02
5.062794348508634079e-02
5.219780219780219971e-02
5.167451596023024674e-02
4.879644165358450886e-02
4.918890633176347532e-02
4.683411826268969042e-02
5.141287284144426678e-02
4.788069073783359636e-02
4.696493982208267692e-02
4.578754578754578447e-02
4.722658294086865688e-02
4.683411826268969042e-02
4.395604395604395948e-02
4.722658294086865688e-02
4.670329670329670391e-02
4.931972789115646183e-02
4.788069073783359636e-02
4.735740450026164339e-02
4.434850863422291900e-02
4.748822605965462990e-02
4.539508110936682495e-02
4.513343799058084499e-02
4.421768707482993249e-02
4.722658294086865688e-02
4.657247514390371740e-02
4.604918890633176443e-02
4.369440083725797952e-02
4.735740450026164339e-02
4.369440083725797952e-02
4.251700680272108707e-02
4.408686551543694598e-02
4.094714809000523509e-02
4.199372056514913409e-02
4.094714809000523509e-02
4.434850863422291900e-02
4.081632653061224164e-02
3.911564625850340315e-02
4.317111459968602655e-02
4.068550497121925513e-02
4.186289900575614759e-02
3.976975405546834264e-02
4.147043432757718806e-02
4.016221873364730216e-02
4.120879120879120810e-02
4.264782836211407357e-02
3.911564625850340315e-02
3.833071690214547023e-02
4.408686551543694598e-02
4.212454212454212754e-02
4.238618524332810056e-02
4.003139717425431565e-02
3.950811093668236268e-02
3.689167974882260476e-02
4.068550497121925513e-02
3.728414442700157122e-02
3.427524856096284683e-02
3.519099947671375933e-02
3.479853479853479981e-02
3.545264259549973929e-02
3.741496598639455773e-02
3.649921507064364523e-02
3.806907378335949721e-02
3.335949764521193434e-02
3.571428571428571230e-02
3.479853479853479981e-02
3.623757195185766528e-02
3.649921507064364523e-02
3.440607012035583334e-02
3.663003663003663174e-02
3.270538984824698792e-02
3.623757195185766528e-02
3.113553113553113594e-02
3.388278388278388037e-02
3.178963893249607542e-02
3.113553113553113594e-02
3.192046049188906193e-02
3.021978021978021997e-02
3.178963893249607542e-02
3.113553113553113594e-02
3.074306645735217294e-02
3.074306645735217294e-02
3.218210361067504188e-02
3.283621140763998136e-02
3.008895866038723346e-02
3.205128205128204844e-02
2.982731554160125698e-02
3.126635269492412245e-02
2.956567242281528049e-02
2.930402930402930400e-02
2.917320774463631750e-02
2.747252747252747207e-02
2.956567242281528049e-02
2.956567242281528049e-02
3.244374672946101490e-02
3.126635269492412245e-02
2.995813710099424348e-02
2.917320774463631750e-02
3.021978021978021997e-02
3.035060177917320648e-02
3.178963893249607542e-02
3.349031920460492084e-02
2.930402930402930400e-02
2.864992150706436452e-02
2.917320774463631750e-02
2.930402930402930400e-02
3.061224489795918297e-02
2.995813710099424348e-02
3.087388801674515945e-02
2.943485086342229051e-02
2.773417059131344856e-02
2.825745682888540153e-02
2.694924123495551910e-02
3.074306645735217294e-02
2.773417059131344856e-02
2.825745682888540153e-02
2.773417059131344856e-02
2.721088435374149558e-02
2.629513343799057962e-02
2.799581371009942504e-02
2.721088435374149558e-02
2.590266875981161662e-02
2.838827838827838804e-02
2.407116692830978469e-02
2.551020408163265363e-02
2.721088435374149558e-02
2.564102564102564014e-02
2.799581371009942504e-02
2.551020408163265363e-02
2.642595499738356959e-02
2.668759811616954608e-02
2.655677655677655610e-02
2.537938252223966365e-02
2.668759811616954608e-02
2.616431187859759311e-02
2.694924123495551910e-02
2.577184720041863011e-02
2.158555729984301327e-02
2.341705913134484521e-02
2.237048665620094273e-02
2.302459445316588221e-02
2.407116692830978469e-02
2.119309262166405028e-02
2.354788069073783519e-02
2.263212977498691922e-02
2.080062794348508728e-02
2.354788069073783519e-02
