1.000000000000000000e+00
6.453201970443349644e-01
5.467980295566502447e-01
5.911330049261084296e-01
5.517241379310344751e-01
6.157635467980295818e-01
5.517241379310344751e-01
6.059113300492611209e-01
5.369458128078817838e-01
6.403940886699507340e-01
5.862068965517240882e-01
5.566502463054187055e-01
5.566502463054187055e-01
5.123152709359606316e-01
5.073891625615764012e-01
6.059113300492611209e-01
5.812807881773398577e-01
5.714285714285713969e-01
4.926108374384236543e-01
5.418719211822660142e-01
5.665024630541871664e-01
5.467980295566502447e-01
5.024630541871921707e-01
4.778325123152709630e-01
5.221674876847290925e-01
5.763546798029556273e-01
5.517241379310344751e-01
5.123152709359606316e-01
4.729064039408866771e-01
4.827586206896551935e-01
4.285714285714285476e-01
4.926108374384236543e-01
4.679802955665024466e-01
5.369458128078817838e-01
5.123152709359606316e-01
5.467980295566502447e-01
4.729064039408866771e-01
5.467980295566502447e-01
4.827586206896551935e-01
5.714285714285713969e-01
4.876847290640394239e-01
5.270935960591133229e-01
5.320197044334975534e-01
4.630541871921182162e-01
4.334975369458128336e-01
5.369458128078817838e-01
4.482758620689655249e-01
4.384236453201970640e-01
4.975369458128078848e-01
4.778325123152709630e-01
4.581280788177339858e-01
5.270935960591133229e-01
4.975369458128078848e-01
5.172413793103448620e-01
5.960591133004926601e-01
4.532019704433497553e-01
5.418719211822660142e-01
4.630541871921182162e-01
4.876847290640394239e-01
5.320197044334975534e-01
4.384236453201970640e-01
4.778325123152709630e-01
4.630541871921182162e-01
4.581280788177339858e-01
5.123152709359606316e-01
4.778325123152709630e-01
4.581280788177339858e-01
4.827586206896551935e-01
5.024630541871921707e-01
4.729064039408866771e-01
4.532019704433497553e-01
4.187192118226600868e-01
4.384236453201970640e-01
4.630541871921182162e-01
4.482758620689655249e-01
4.581280788177339858e-01
4.532019704433497553e-01
4.285714285714285476e-01
3.940886699507389346e-01
4.482758620689655249e-01
3.793103448275861878e-01
3.694581280788177269e-01
4.236453201970443172e-01
3.990147783251231650e-01
4.236453201970443172e-01
4.778325123152709630e-01
4.088669950738916259e-01
4.729064039408866771e-01
4.679802955665024466e-01
4.729064039408866771e-01
4.236453201970443172e-01
3.940886699507389346e-01
4.679802955665024466e-01
4.778325123152709630e-01
4.088669950738916259e-01
4.088669950738916259e-01
3.743842364532019573e-01
3.940886699507389346e-01
4.236453201970443172e-01
4.088669950738916259e-01
3.645320197044334964e-01
3.990147783251231650e-01
3.546798029556650356e-01
4.729064039408866771e-01
4.187192118226600868e-01
4.384236453201970640e-01
4.532019704433497553e-01
3.743842364532019573e-01
4.679802955665024466e-01
4.679802955665024466e-01
3.743842364532019573e-01
4.137931034482758563e-01
3.645320197044334964e-01
4.187192118226600868e-01
5.024630541871921707e-01
3.891625615763547041e-01
4.384236453201970640e-01
3.842364532019704182e-01
4.630541871921182162e-01
4.334975369458128336e-01
4.876847290640394239e-01
3.990147783251231650e-01
4.187192118226600868e-01
4.482758620689655249e-01
4.088669950738916259e-01
3.546798029556650356e-01
4.187192118226600868e-01
3.793103448275861878e-01
4.039408866995073955e-01
4.285714285714285476e-01
4.384236453201970640e-01
3.546798029556650356e-01
4.679802955665024466e-01
4.630541871921182162e-01
4.482758620689655249e-01
4.236453201970443172e-01
4.039408866995073955e-01
3.842364532019704182e-01
3.891625615763547041e-01
3.743842364532019573e-01
4.137931034482758563e-01
4.236453201970443172e-01
4.039408866995073955e-01
4.630541871921182162e-01
4.384236453201970640e-01
3.891625615763547041e-01
3.891625615763547041e-01
4.137931034482758563e-01
4.088669950738916259e-01
3.842364532019704182e-01
4.088669950738916259e-01
4.532019704433497553e-01
3.990147783251231650e-01
4.039408866995073955e-01
4.137931034482758563e-01
4.285714285714285476e-01
3.990147783251231650e-01
4.433497536945812945e-01
4.039408866995073955e-01
3.743842364532019573e-01
3.990147783251231650e-01
3.990147783251231650e-01
4.285714285714285476e-01
4.137931034482758563e-01
3.842364532019704182e-01
4.187192118226600868e-01
4.088669950738916259e-01
4.384236453201970640e-01
4.187192118226600868e-01
4.532019704433497553e-01
4.630541871921182162e-01
3.743842364532019573e-01
4.384236453201970640e-01
3.891625615763547041e-01
4.236453201970443172e-01
4.187192118226600868e-01
4.876847290640394239e-01
4.581280788177339858e-01
4.729064039408866771e-01
4.187192118226600868e-01
4.384236453201970640e-01
4.532019704433497553e-01
4.532019704433497553e-01
4.827586206896551935e-01
4.039408866995073955e-01
3.596059113300492660e-01
4.088669950738916259e-01
3.891625615763547041e-01
4.729064039408866771e-01
4.236453201970443172e-01
3.891625615763547041e-01
4.187192118226600868e-01
4.581280788177339858e-01
4.827586206896551935e-01
4.187192118226600868e-01
4.334975369458128336e-01
4.187192118226600868e-01
4.137931034482758563e-01
4.926108374384236543e-01
4.630541871921182162e-01
4.679802955665024466e-01
4.876847290640394239e-01
3.990147783251231650e-01
4.187192118226600868e-01
4.433497536945812945e-01
4.876847290640394239e-01
4.630541871921182162e-01
4.187192118226600868e-01
4.679802955665024466e-01
3.990147783251231650e-01
3.645320197044334964e-01
3.891625615763547041e-01
4.778325123152709630e-01
5.221674876847290925e-01
5.320197044334975534e-01
4.876847290640394239e-01
4.433497536945812945e-01
4.729064039408866771e-01
4.581280788177339858e-01
4.088669950738916259e-01
4.630541871921182162e-01
4.334975369458128336e-01
4.729064039408866771e-01
4.679802955665024466e-01
4.975369458128078848e-01
4.729064039408866771e-01
4.384236453201970640e-01
4.679802955665024466e-01
4.630541871921182162e-01
4.433497536945812945e-01
4.679802955665024466e-01
5.073891625615764012e-01
4.187192118226600868e-01
4.532019704433497553e-01
4.137931034482758563e-01
3.940886699507389346e-01
4.827586206896551935e-01
4.039408866995073955e-01
4.729064039408866771e-01
3.497536945812808051e-01
4.482758620689655249e-01
4.581280788177339858e-01
4.679802955665024466e-01
4.433497536945812945e-01
3.842364532019704182e-01
4.433497536945812945e-01
4.630541871921182162e-01
3.990147783251231650e-01
3.743842364532019573e-01
4.236453201970443172e-01
5.024630541871921707e-01
4.187192118226600868e-01
4.679802955665024466e-01
4.384236453201970640e-01
4.236453201970443172e-01
4.137931034482758563e-01
3.990147783251231650e-01
5.369458128078817838e-01
4.433497536945812945e-01
4.630541871921182162e-01
4.137931034482758563e-01
4.532019704433497553e-01
4.285714285714285476e-01
4.039408866995073955e-01
4.039408866995073955e-01
4.039408866995073955e-01
3.546798029556650356e-01
3.054187192118226757e-01
3.990147783251231650e-01
4.482758620689655249e-01
4.285714285714285476e-01
4.581280788177339858e-01
4.433497536945812945e-01
3.990147783251231650e-01
4.088669950738916259e-01
4.975369458128078848e-01
4.137931034482758563e-01
5.270935960591133229e-01
4.876847290640394239e-01
4.630541871921182162e-01
4.236453201970443172e-01
4.187192118226600868e-01
4.433497536945812945e-01
4.729064039408866771e-01
5.073891625615764012e-01
4.679802955665024466e-01
5.172413793103448620e-01
4.876847290640394239e-01
4.236453201970443172e-01
4.532019704433497553e-01
3.596059113300492660e-01
4.876847290640394239e-01
4.482758620689655249e-01
3.596059113300492660e-01
4.334975369458128336e-01
4.433497536945812945e-01
3.694581280788177269e-01
4.581280788177339858e-01
4.039408866995073955e-01
3.645320197044334964e-01
4.581280788177339858e-01
3.645320197044334964e-01
4.482758620689655249e-01
3.793103448275861878e-01
4.088669950738916259e-01
4.088669950738916259e-01
4.532019704433497553e-01
3.940886699507389346e-01
3.546798029556650356e-01
4.039408866995073955e-01
4.088669950738916259e-01
4.384236453201970640e-01
3.694581280788177269e-01
4.433497536945812945e-01
4.039408866995073955e-01
3.891625615763547041e-01
4.039408866995073955e-01
4.729064039408866771e-01
3.645320197044334964e-01
4.039408866995073955e-01
4.679802955665024466e-01
4.137931034482758563e-01
4.532019704433497553e-01
4.384236453201970640e-01
4.039408866995073955e-01
4.384236453201970640e-01
4.285714285714285476e-01
4.039408866995073955e-01
4.532019704433497553e-01
3.694581280788177269e-01
3.694581280788177269e-01
3.251231527093595974e-01
3.990147783251231650e-01
4.137931034482758563e-01
4.187192118226600868e-01
4.187192118226600868e-01
4.334975369458128336e-01
3.546798029556650356e-01
3.940886699507389346e-01
4.088669950738916259e-01
3.743842364532019573e-01
3.349753694581280583e-01
3.645320197044334964e-01
3.743842364532019573e-01
3.448275862068965747e-01
3.349753694581280583e-01
3.694581280788177269e-01
3.694581280788177269e-01
4.088669950738916259e-01
4.088669950738916259e-01
4.187192118226600868e-01
3.300492610837438279e-01
4.236453201970443172e-01
4.334975369458128336e-01
3.645320197044334964e-01
3.743842364532019573e-01
4.433497536945812945e-01
4.285714285714285476e-01
3.596059113300492660e-01
3.399014778325122887e-01
4.334975369458128336e-01
3.546798029556650356e-01
4.088669950738916259e-01
3.448275862068965747e-01
3.891625615763547041e-01
3.990147783251231650e-01
3.201970443349753670e-01
4.137931034482758563e-01
3.842364532019704182e-01
3.891625615763547041e-01
3.940886699507389346e-01
4.334975369458128336e-01
3.743842364532019573e-01
3.399014778325122887e-01
3.743842364532019573e-01
3.596059113300492660e-01
3.990147783251231650e-01
4.236453201970443172e-01
3.448275862068965747e-01
3.694581280788177269e-01
4.236453201970443172e-01
3.546798029556650356e-01
4.236453201970443172e-01
3.694581280788177269e-01
3.793103448275861878e-01
3.645320197044334964e-01
3.694581280788177269e-01
3.793103448275861878e-01
3.891625615763547041e-01
4.679802955665024466e-01
4.137931034482758563e-01
4.088669950738916259e-01
4.137931034482758563e-01
4.039408866995073955e-01
4.285714285714285476e-01
3.596059113300492660e-01
4.088669950738916259e-01
4.334975369458128336e-01
4.285714285714285476e-01
4.236453201970443172e-01
3.990147783251231650e-01
