1.000000000000000000e+00
8.017459223524006084e-01
7.567195037904893562e-01
7.142200781070525695e-01
6.972203078336779436e-01
6.797610843096715261e-01
6.643694004135078934e-01
6.193429818515966412e-01
6.276131403629681138e-01
5.982081323225362235e-01
5.830461750516885422e-01
5.835056283023202228e-01
5.708706639099471181e-01
5.522628072593613879e-01
5.288306914771422340e-01
5.178038134619802335e-01
5.127498277050309694e-01
5.136687342062945527e-01
5.040202159430278162e-01
5.037904893177119758e-01
4.856420859177578708e-01
4.828853664139673985e-01
4.879393521709166071e-01
4.707098552722260298e-01
4.546289915001148763e-01
4.463588329887434036e-01
4.410751206064782992e-01
4.463588329887434036e-01
4.224672639558925136e-01
4.130484723179416728e-01
4.302779692166321945e-01
4.286698828394210903e-01
4.001837813002526723e-01
4.084539398116241449e-01
4.093728463128876727e-01
3.795083850218240462e-01
3.914541695382494635e-01
3.886974500344589911e-01
3.923730760395129913e-01
3.716976797610843097e-01
3.739949460142430460e-01
3.822651045256145186e-01
3.654950608775557330e-01
3.572249023661842604e-01
3.661842407535033095e-01
3.671031472547668373e-01
3.496439237307604198e-01
3.473466574776016280e-01
3.294279807029634743e-01
3.312657937054904744e-01
3.425223983459683152e-01
3.390764989662302109e-01
3.356305995864920511e-01
3.282793475763841062e-01
3.158741098093268973e-01
3.147254766827475292e-01
3.094417643004824248e-01
3.154146565586951612e-01
3.209280955662761059e-01
3.174821961865380016e-01
3.156443831840110015e-01
3.055364116701125843e-01
2.977257064093728478e-01
2.910636342752124794e-01
2.892258212726854794e-01
2.791178497587870622e-01
2.956581667815299519e-01
2.848610153916839027e-01
2.889960946473696390e-01
2.821042958878934304e-01
2.791178497587870622e-01
2.832529290144727985e-01
2.747530438777854300e-01
2.777394900068917982e-01
2.726855042499425896e-01
2.733746841258901661e-01
2.614288996094647488e-01
2.655639788651504851e-01
2.536181943487250123e-01
2.630369859866758531e-01
2.559154606018837486e-01
2.602802664828853807e-01
2.547668274753043804e-01
2.621180794854123808e-01
2.618883528600964850e-01
2.501722949689869080e-01
2.441994027107741716e-01
2.522398345968297484e-01
2.462669423386170398e-01
2.478750287158281718e-01
2.400643234550884353e-01
2.416724098322995673e-01
2.400643234550884353e-01
2.469561222145646717e-01
2.460372157133011717e-01
2.327130714449804627e-01
2.359292441994026990e-01
2.334022513209280947e-01
2.320238915690328585e-01
2.216861934298185177e-01
2.304158051918217265e-01
2.391454169538249352e-01
2.299563519411899903e-01
2.281185389386629903e-01
2.232942798070296220e-01
2.184700206753962815e-01
2.283482655639788583e-01
2.106593154146565450e-01
2.200781070526073857e-01
2.205375603032391496e-01
2.166322076728692814e-01
2.200781070526073857e-01
2.198483804272915176e-01
2.124971284171835451e-01
2.166322076728692814e-01
2.219159200551343858e-01
2.170916609235010453e-01
2.124971284171835451e-01
2.067539627842867045e-01
2.118079485412359408e-01
2.051458764070755725e-01
2.051458764070755725e-01
2.003216172754422320e-01
1.980243510222834957e-01
2.014702504020216001e-01
1.936595451412818636e-01
1.892947392602802592e-01
1.906730990121755231e-01
1.867677463818056549e-01
1.856191132552262868e-01
1.906730990121755231e-01
1.906730990121755231e-01
1.920514587640707593e-01
1.927406386400183913e-01
1.904433723868596273e-01
1.911325522628072593e-01
1.895244658855961273e-01
1.938892717665977594e-01
1.902136457615437592e-01
1.932000918906501274e-01
1.876866528830691550e-01
1.860785665058580229e-01
1.895244658855961273e-01
1.920514587640707593e-01
1.835515736273834186e-01
1.812543073742246824e-01
1.879163795083850230e-01
1.867677463818056549e-01
1.826326671261199186e-01
1.807948541235929185e-01
1.759705949919595780e-01
1.752814151160119460e-01
1.729841488628532098e-01
1.729841488628532098e-01
1.736733287388008140e-01
1.759705949919595780e-01
1.791867677463818143e-01
1.787273144957500504e-01
1.766597748679071822e-01
1.782678612451183142e-01
1.771192281185389461e-01
1.716057891109579736e-01
1.734436021134849459e-01
1.713760624856420778e-01
1.732138754881690779e-01
1.711463358603262097e-01
1.729841488628532098e-01
1.755111417413278141e-01
1.729841488628532098e-01
1.803354008729611824e-01
1.704571559843785777e-01
1.649437169767976052e-01
1.720652423615897098e-01
1.656328968527452372e-01
1.640248104755341052e-01
1.688490696071674735e-01
1.633356305995865010e-01
1.651734436021134733e-01
1.626464507236388690e-01
1.702274293590627097e-01
1.647139903514817372e-01
1.582816448426372646e-01
1.548357454628991603e-01
1.619572708476912370e-01
1.594302779692166327e-01
1.592005513439007647e-01
1.555249253388467645e-01
1.550654720882150284e-01
1.518492993337927921e-01
1.477142200781070558e-01
1.481736733287387919e-01
1.546060188375832645e-01
1.529979324603721602e-01
1.541465655869515283e-01
1.516195727084769240e-01
1.497817597059499239e-01
1.449575005743165557e-01
1.488628532046864239e-01
1.440385940730530556e-01
1.456466804502641876e-01
1.433494141971054514e-01
1.440385940730530556e-01
1.467953135768435557e-01
1.444980473236848195e-01
1.408224213186308194e-01
1.433494141971054514e-01
1.518492993337927921e-01
1.447277739490006876e-01
1.449575005743165557e-01
1.461061337008959238e-01
1.362278888123133469e-01
1.463358603262118196e-01
1.447277739490006876e-01
1.387548816907879512e-01
1.359981621869974788e-01
1.396737881920514512e-01
1.382954284401562151e-01
1.442683206983689514e-01
1.408224213186308194e-01
1.396737881920514512e-01
1.382954284401562151e-01
1.311739030553641105e-01
1.337008959338387426e-01
1.281874569262577424e-01
1.330117160578911106e-01
1.382954284401562151e-01
1.300252699287847424e-01
1.304847231794165063e-01
1.325522628072593745e-01
1.268090971743625062e-01
1.355387089363657149e-01
1.371467953135768469e-01
1.442683206983689514e-01
1.293360900528371105e-01
1.355387089363657149e-01
1.325522628072593745e-01
1.346198024351022149e-01
1.343900758097863468e-01
1.293360900528371105e-01
1.277280036756260062e-01
1.270388237996783742e-01
1.341603491844704787e-01
1.233631977946244018e-01
1.286469101768895062e-01
1.279577303009418743e-01
1.272685504249942701e-01
1.254307374224672700e-01
1.226740179186767699e-01
1.226740179186767699e-01
1.258901906730990061e-01
1.215253847920974017e-01
1.254307374224672700e-01
1.284171835515736382e-01
1.242821042958878880e-01
1.314036296806799786e-01
1.199172984148862836e-01
1.219848380427291518e-01
1.212956581667815337e-01
1.249712841718355200e-01
1.231334711693085199e-01
1.164713990351481793e-01
1.164713990351481793e-01
1.171605789110957974e-01
1.222145646680450198e-01
1.196875717895704155e-01
1.233631977946244018e-01
1.203767516655180336e-01
1.224442912933609018e-01
1.176200321617275474e-01
1.201470250402021656e-01
1.146335860326211792e-01
1.180794854123592974e-01
1.219848380427291518e-01
1.132552262807259430e-01
1.167011256604640473e-01
1.139444061566735611e-01
1.082012405237767066e-01
1.132552262807259430e-01
1.171605789110957974e-01
1.109579600275671929e-01
1.183092120376751655e-01
1.107282334022513248e-01
1.088904203997243247e-01
1.169308522857799154e-01
1.056742476453020885e-01
1.024580748908798522e-01
1.056742476453020885e-01
1.068228807718814566e-01
1.091201470250402067e-01
1.095796002756719567e-01
1.088904203997243247e-01
1.052147943946703385e-01
1.054445210199862204e-01
1.082012405237767066e-01
1.019986216402481022e-01
1.040661612680909703e-01
1.109579600275671929e-01
1.031472547668274703e-01
1.052147943946703385e-01
1.033769813921433522e-01
1.033769813921433522e-01
1.038364346427751023e-01
1.006202618883528660e-01
1.059039742706179704e-01
1.026878015161957203e-01
1.038364346427751023e-01
9.809326900987824782e-02
1.024580748908798522e-01
1.049850677693544704e-01
1.038364346427751023e-01
1.056742476453020885e-01
1.013094417643004841e-01
9.556627613140362965e-02
9.924190213645761593e-02
1.003905352630369840e-01
9.901217551114174786e-02
9.855272226050999784e-02
1.017688950149322341e-01
1.003905352630369840e-01
9.970135538708936596e-02
9.579600275671949772e-02
1.015391683896163522e-01
9.280955662761314340e-02
1.029175281415116022e-01
9.487709625545601155e-02
1.059039742706179704e-01
1.006202618883528660e-01
9.464736963014012960e-02
9.671490925798299776e-02
9.602572938203537967e-02
9.924190213645761593e-02
1.006202618883528660e-01
9.326900987824489342e-02
9.533654950608776157e-02
1.001608086377211160e-01
9.533654950608776157e-02
9.694463588329887971e-02
9.212037675166551143e-02
9.395818975419251151e-02
9.510682288077187962e-02
9.395818975419251151e-02
9.441764300482426153e-02
9.418791637950837958e-02
9.487709625545601155e-02
8.821502412129565707e-02
9.556627613140362965e-02
8.706639099471628895e-02
8.752584424534803897e-02
9.372846312887664344e-02
9.441764300482426153e-02
9.074201699977027524e-02
9.763381575924649780e-02
8.821502412129565707e-02
9.005283712382265715e-02
8.982311049850677520e-02
8.729611762003215703e-02
9.051229037445439329e-02
9.028256374913852522e-02
8.798529749597978900e-02
8.798529749597978900e-02
8.775557087066390705e-02
8.522857799218928887e-02
8.798529749597978900e-02
8.522857799218928887e-02
8.293131173903055264e-02
8.362049161497817074e-02
8.339076498966230266e-02
8.660693774408453893e-02
8.430967149092580271e-02
8.660693774408453893e-02
8.752584424534803897e-02
8.890420399724327516e-02
8.339076498966230266e-02
8.591775786813692084e-02
8.339076498966230266e-02
8.040431886055593447e-02
8.132322536181943451e-02
8.293131173903055264e-02
8.407994486560992076e-02
8.430967149092580271e-02
8.430967149092580271e-02
8.247185848839880262e-02
8.430967149092580271e-02
8.430967149092580271e-02
7.948541235929244830e-02
7.833677923271306631e-02
8.270158511371468457e-02
7.695841948081783013e-02
8.293131173903055264e-02
8.040431886055593447e-02
7.925568573397656635e-02
8.017459223524006640e-02
7.833677923271306631e-02
7.695841948081783013e-02
8.224213186308293455e-02
8.178267861245118453e-02
8.247185848839880262e-02
8.063404548587181642e-02
8.293131173903055264e-02
8.247185848839880262e-02
7.856650585802894826e-02
