1.000000000000000000e+00
7.615894039735099375e-01
6.534216335540838916e-01
6.975717439293598332e-01
6.843267108167770951e-01
6.600441501103753161e-01
6.534216335540838916e-01
6.578366445916115079e-01
6.114790286975717581e-01
6.092715231788079500e-01
6.070640176600441418e-01
6.048565121412803336e-01
5.871964679911699792e-01
6.114790286975717581e-01
5.629139072847682002e-01
5.805739514348785546e-01
5.739514348785872411e-01
5.430463576158940375e-01
5.496688741721854621e-01
6.048565121412803336e-01
5.629139072847682002e-01
5.275938189845474913e-01
5.187637969094922585e-01
5.187637969094922585e-01
5.496688741721854621e-01
5.011037527593819041e-01
5.364238410596026130e-01
5.496688741721854621e-01
5.077262693156733286e-01
5.364238410596026130e-01
5.121412803532008340e-01
4.944812362030905351e-01
5.187637969094922585e-01
5.033112582781457123e-01
4.724061810154525642e-01
4.812362030905077415e-01
5.298013245033112995e-01
4.834437086092715496e-01
4.944812362030905351e-01
4.790286975717439333e-01
5.033112582781457123e-01
4.944812362030905351e-01
4.701986754966887561e-01
4.790286975717439333e-01
4.503311258278145934e-01
4.768211920529801251e-01
4.569536423841059625e-01
4.282560706401766226e-01
4.348785871964679917e-01
5.033112582781457123e-01
4.415011037527593607e-01
4.834437086092715496e-01
4.679911699779249479e-01
4.569536423841059625e-01
4.348785871964679917e-01
4.944812362030905351e-01
4.194260485651213899e-01
4.525386313465783461e-01
4.216335540838851981e-01
4.172185430463576372e-01
4.657836644591611397e-01
4.569536423841059625e-01
4.370860927152317998e-01
4.591611479028697707e-01
4.591611479028697707e-01
4.547461368653421543e-01
4.348785871964679917e-01
4.370860927152317998e-01
4.128035320088300208e-01
4.128035320088300208e-01
4.348785871964679917e-01
4.172185430463576372e-01
4.437086092715231689e-01
4.326710816777041835e-01
4.370860927152317998e-01
4.591611479028697707e-01
4.083885209713024045e-01
4.392935982339956080e-01
4.569536423841059625e-01
4.613686534216335788e-01
4.459161147902869771e-01
4.437086092715231689e-01
4.304635761589403753e-01
4.547461368653421543e-01
4.304635761589403753e-01
4.238410596026490063e-01
4.216335540838851981e-01
4.326710816777041835e-01
4.061810154525386518e-01
4.304635761589403753e-01
3.863134657836644337e-01
3.730684326710816956e-01
3.907284768211920500e-01
4.194260485651213899e-01
3.973509933774834191e-01
4.128035320088300208e-01
4.326710816777041835e-01
3.841059602649006810e-01
4.061810154525386518e-01
3.885209713024282419e-01
4.392935982339956080e-01
3.774834437086092565e-01
4.238410596026490063e-01
3.995584988962472273e-01
4.503311258278145934e-01
3.995584988962472273e-01
3.774834437086092565e-01
3.774834437086092565e-01
3.752759381898454483e-01
3.951434878587196664e-01
3.642384105960264629e-01
3.907284768211920500e-01
3.554083885209712856e-01
3.796909492273730646e-01
3.951434878587196664e-01
3.907284768211920500e-01
3.818984547461368728e-01
4.172185430463576372e-01
3.796909492273730646e-01
3.863134657836644337e-01
3.443708609271523002e-01
3.554083885209712856e-01
3.421633554083885476e-01
3.907284768211920500e-01
3.554083885209712856e-01
3.664459161147902710e-01
3.973509933774834191e-01
3.708609271523178874e-01
3.752759381898454483e-01
3.267108167770419458e-01
3.377483443708609312e-01
4.017660044150110354e-01
3.487858719646799166e-01
3.796909492273730646e-01
3.576158940397350938e-01
3.774834437086092565e-01
3.752759381898454483e-01
3.818984547461368728e-01
3.885209713024282419e-01
3.443708609271523002e-01
3.686534216335540792e-01
3.708609271523178874e-01
3.730684326710816956e-01
3.554083885209712856e-01
3.598233995584989020e-01
3.642384105960264629e-01
3.487858719646799166e-01
3.664459161147902710e-01
3.399558498896247394e-01
3.443708609271523002e-01
3.355408388520971230e-01
3.554083885209712856e-01
3.509933774834437248e-01
3.465783664459161084e-01
3.532008830022075330e-01
3.598233995584989020e-01
3.841059602649006810e-01
3.311258278145695622e-01
3.377483443708609312e-01
3.046357615894039750e-01
3.377483443708609312e-01
3.554083885209712856e-01
3.178807947019867686e-01
3.554083885209712856e-01
3.576158940397350938e-01
3.664459161147902710e-01
3.443708609271523002e-01
3.355408388520971230e-01
3.200883002207505768e-01
3.554083885209712856e-01
3.333333333333333148e-01
3.642384105960264629e-01
3.289183222958057540e-01
3.399558498896247394e-01
3.642384105960264629e-01
3.598233995584989020e-01
3.377483443708609312e-01
3.377483443708609312e-01
3.377483443708609312e-01
3.222958057395143294e-01
3.421633554083885476e-01
3.774834437086092565e-01
3.355408388520971230e-01
3.311258278145695622e-01
3.355408388520971230e-01
3.532008830022075330e-01
3.156732891832229604e-01
3.355408388520971230e-01
3.222958057395143294e-01
3.620309050772627102e-01
3.487858719646799166e-01
3.443708609271523002e-01
3.355408388520971230e-01
3.112582781456953440e-01
3.421633554083885476e-01
3.311258278145695622e-01
3.487858719646799166e-01
3.598233995584989020e-01
3.333333333333333148e-01
3.377483443708609312e-01
3.509933774834437248e-01
3.686534216335540792e-01
3.664459161147902710e-01
3.267108167770419458e-01
3.863134657836644337e-01
3.245033112582781376e-01
3.002207505518763586e-01
3.245033112582781376e-01
3.509933774834437248e-01
3.200883002207505768e-01
3.068432671081677832e-01
3.399558498896247394e-01
3.046357615894039750e-01
3.134657836644591522e-01
3.267108167770419458e-01
3.399558498896247394e-01
3.134657836644591522e-01
2.891832229580573732e-01
3.222958057395143294e-01
3.024282560706401668e-01
3.024282560706401668e-01
3.532008830022075330e-01
3.289183222958057540e-01
3.399558498896247394e-01
3.311258278145695622e-01
3.377483443708609312e-01
3.532008830022075330e-01
3.178807947019867686e-01
3.289183222958057540e-01
3.156732891832229604e-01
3.046357615894039750e-01
3.267108167770419458e-01
3.399558498896247394e-01
3.178807947019867686e-01
2.693156732891832106e-01
3.002207505518763586e-01
3.355408388520971230e-01
3.200883002207505768e-01
3.002207505518763586e-01
3.024282560706401668e-01
3.156732891832229604e-01
3.112582781456953440e-01
3.068432671081677832e-01
3.200883002207505768e-01
2.935982339955849896e-01
2.935982339955849896e-01
3.068432671081677832e-01
3.222958057395143294e-01
2.825607064017660042e-01
2.671081677704194024e-01
3.311258278145695622e-01
2.958057395143487978e-01
3.090507726269315913e-01
2.913907284768211814e-01
2.935982339955849896e-01
2.715231788079470188e-01
2.737306843267108269e-01
2.759381898454746351e-01
2.980132450331126059e-01
2.958057395143487978e-01
3.112582781456953440e-01
3.068432671081677832e-01
2.891832229580573732e-01
2.913907284768211814e-01
2.891832229580573732e-01
2.913907284768211814e-01
2.759381898454746351e-01
3.002207505518763586e-01
2.958057395143487978e-01
3.002207505518763586e-01
2.825607064017660042e-01
3.024282560706401668e-01
2.803532008830021960e-01
2.869757174392936205e-01
2.494481236203090480e-01
2.781456953642383878e-01
2.759381898454746351e-01
2.472406181015452675e-01
2.715231788079470188e-01
2.671081677704194024e-01
2.869757174392936205e-01
2.869757174392936205e-01
2.803532008830021960e-01
2.847682119205298124e-01
2.494481236203090480e-01
2.604856512141280334e-01
2.715231788079470188e-01
2.715231788079470188e-01
2.494481236203090480e-01
2.516556291390728561e-01
2.803532008830021960e-01
2.737306843267108269e-01
2.560706401766004170e-01
2.516556291390728561e-01
2.781456953642383878e-01
2.494481236203090480e-01
2.362030905077262821e-01
2.428256070640176512e-01
2.450331125827814593e-01
2.759381898454746351e-01
2.384105960264900625e-01
2.516556291390728561e-01
2.450331125827814593e-01
2.339955849889624739e-01
2.229580573951434885e-01
2.384105960264900625e-01
2.604856512141280334e-01
2.649006622516556497e-01
2.384105960264900625e-01
2.582781456953642252e-01
2.825607064017660042e-01
2.450331125827814593e-01
2.251655629139072967e-01
2.406181015452538707e-01
2.472406181015452675e-01
2.715231788079470188e-01
2.317880794701986658e-01
2.428256070640176512e-01
2.494481236203090480e-01
2.626931567328918415e-01
2.626931567328918415e-01
2.450331125827814593e-01
2.494481236203090480e-01
2.384105960264900625e-01
2.472406181015452675e-01
2.715231788079470188e-01
2.428256070640176512e-01
2.472406181015452675e-01
2.273730684326710771e-01
2.737306843267108269e-01
2.295805739514348853e-01
2.472406181015452675e-01
2.406181015452538707e-01
2.604856512141280334e-01
2.671081677704194024e-01
2.317880794701986658e-01
2.649006622516556497e-01
2.251655629139072967e-01
2.560706401766004170e-01
2.450331125827814593e-01
2.693156732891832106e-01
2.384105960264900625e-01
2.891832229580573732e-01
2.869757174392936205e-01
2.450331125827814593e-01
2.582781456953642252e-01
2.582781456953642252e-01
2.935982339955849896e-01
2.759381898454746351e-01
2.582781456953642252e-01
3.068432671081677832e-01
2.847682119205298124e-01
2.869757174392936205e-01
2.472406181015452675e-01
2.560706401766004170e-01
2.538631346578366643e-01
2.494481236203090480e-01
2.538631346578366643e-01
2.671081677704194024e-01
2.582781456953642252e-01
2.251655629139072967e-01
2.759381898454746351e-01
2.626931567328918415e-01
2.229580573951434885e-01
2.273730684326710771e-01
2.428256070640176512e-01
2.472406181015452675e-01
2.472406181015452675e-01
2.428256070640176512e-01
2.869757174392936205e-01
2.759381898454746351e-01
2.406181015452538707e-01
2.362030905077262821e-01
2.317880794701986658e-01
2.428256070640176512e-01
2.516556291390728561e-01
2.295805739514348853e-01
2.406181015452538707e-01
2.472406181015452675e-01
2.494481236203090480e-01
2.693156732891832106e-01
2.428256070640176512e-01
2.450331125827814593e-01
2.428256070640176512e-01
2.295805739514348853e-01
2.538631346578366643e-01
2.649006622516556497e-01
2.626931567328918415e-01
2.472406181015452675e-01
2.494481236203090480e-01
2.494481236203090480e-01
2.450331125827814593e-01
2.339955849889624739e-01
2.119205298013245031e-01
2.626931567328918415e-01
2.317880794701986658e-01
2.582781456953642252e-01
2.406181015452538707e-01
2.516556291390728561e-01
2.141280353200883113e-01
2.339955849889624739e-01
