1.000000000000000000e+00
8.693304535637148556e-01
8.255939524838012966e-01
7.937365010799135590e-01
7.818574514038877377e-01
7.618790496760259323e-01
7.289416846652267967e-01
7.365010799136069153e-01
7.489200863930886021e-01
7.143628509719222031e-01
7.149028077753779575e-01
6.976241900647948135e-01
6.852051835853131267e-01
6.625269978401727711e-01
6.819654427645788219e-01
6.603671706263498642e-01
6.571274298056155594e-01
6.646868250539956779e-01
6.430885529157667202e-01
6.301295896328293900e-01
6.295896328293736355e-01
6.403887688984881699e-01
6.241900647948164238e-01
6.198704103671706100e-01
6.117710583153347370e-01
6.214902807775377624e-01
6.177105831533477032e-01
6.150107991360691528e-01
6.204103671706263645e-01
6.036717062634989750e-01
5.982721382289416523e-01
6.025917926565874660e-01
5.944924406047515930e-01
5.907127429805615337e-01
5.847732181425485676e-01
5.674946004319654236e-01
5.772138228941684490e-01
5.696544276457883305e-01
5.318574514038877377e-01
5.388768898488121017e-01
5.572354211663066437e-01
5.507559395248380341e-01
5.431965442764579155e-01
5.502159827213822796e-01
5.610151187904968140e-01
5.286177105831533218e-01
5.286177105831533218e-01
5.280777537796976784e-01
5.410367170626350086e-01
5.361771058315334404e-01
5.183585313174946529e-01
4.978401727861770931e-01
5.075593952483801186e-01
4.848812095032397629e-01
5.005399568034557545e-01
5.043196544276458138e-01
4.897408207343412756e-01
5.037796976241900593e-01
4.854211663066954618e-01
5.005399568034557545e-01
4.897408207343412756e-01
4.978401727861770931e-01
4.622030237580993517e-01
4.897408207343412756e-01
4.859611231101511608e-01
4.724622030237580761e-01
4.773218142548595888e-01
4.794816414686824957e-01
4.514038876889848728e-01
4.692224622030237713e-01
4.654427645788337120e-01
4.692224622030237713e-01
4.557235421166306866e-01
4.460043196544276611e-01
4.389848812095032415e-01
4.465442764578833601e-01
4.400647948164146950e-01
4.319654427645788219e-01
4.616630669546436527e-01
4.524838012958963263e-01
4.389848812095032415e-01
4.109071274298056187e-01
4.368250539956803347e-01
4.335853131749460299e-01
4.179265658747300383e-01
4.200863930885528896e-01
4.271058315334773092e-01
4.244060475161987034e-01
4.152267818574513769e-01
4.400647948164146950e-01
4.244060475161987034e-01
4.179265658747300383e-01
4.314254859611231230e-01
4.211663066954643431e-01
4.168466522678185848e-01
4.141468682505399790e-01
4.136069114470842245e-01
4.082073434125270128e-01
4.217062634989200975e-01
3.974082073434125340e-01
4.011879049676025932e-01
4.049676025917926525e-01
4.065874730021598049e-01
3.941684665226781736e-01
3.887688984881209620e-01
3.747300215982721228e-01
4.006479481641468943e-01
3.941684665226781736e-01
4.033477321814255001e-01
4.028077753779697456e-01
3.914686825053995678e-01
3.963282937365010805e-01
3.812095032397408434e-01
3.828293736501079958e-01
3.844492440604751482e-01
3.633909287257019449e-01
3.768898488120950296e-01
3.736501079913606693e-01
3.671706263498920042e-01
3.801295896328293900e-01
3.655507559395248518e-01
3.655507559395248518e-01
3.477321814254859533e-01
3.720302375809935169e-01
3.768898488120950296e-01
3.720302375809935169e-01
3.790496760259179365e-01
3.828293736501079958e-01
3.628509719222462460e-01
3.585313174946004322e-01
3.547516198704103729e-01
3.660907127429805508e-01
3.498920086393088602e-01
3.590712742980561312e-01
3.596112311015118856e-01
3.731101511879049704e-01
3.601511879049675846e-01
3.488120950323974068e-01
3.493520518358531057e-01
3.488120950323974068e-01
3.428725701943844406e-01
3.482721382289417078e-01
3.358531317494600210e-01
3.374730021598272289e-01
3.299136069114471104e-01
3.504319654427645592e-01
3.471922246220302544e-01
3.606911447084233391e-01
3.407127429805615337e-01
3.531317494600432205e-01
3.342332613390928686e-01
3.542116630669546185e-01
3.331533477321814152e-01
3.288336933045356569e-01
3.385529157667386824e-01
3.369330453563714745e-01
3.266738660907127501e-01
3.417926565874729872e-01
3.515118790496760126e-01
3.358531317494600210e-01
3.261339092872569956e-01
3.412526997840172882e-01
3.272138228941684490e-01
3.228941684665226908e-01
3.158747300215982712e-01
3.363930885529157755e-01
3.309935205183585083e-01
3.201943844492440849e-01
3.169546436285097246e-01
3.234341252699783897e-01
3.299136069114471104e-01
3.147948164146868177e-01
3.201943844492440849e-01
3.169546436285097246e-01
3.099352051835853050e-01
3.034557235421166399e-01
3.007559395248380341e-01
3.023758099352051865e-01
3.072354211663066992e-01
2.991360691144708261e-01
3.023758099352051865e-01
3.093952483801296061e-01
2.996760259179265806e-01
3.104751619870410595e-01
3.018358531317494875e-01
3.002159827213822796e-01
3.039956803455723389e-01
2.996760259179265806e-01
2.964362850971922203e-01
2.769978401727861694e-01
2.780777537796976229e-01
2.753779697624190170e-01
2.850971922246220425e-01
2.899568034557235552e-01
2.964362850971922203e-01
2.823974082073434366e-01
2.796976241900647753e-01
2.883369330453563473e-01
2.845572354211662880e-01
2.818574514038876822e-01
2.872570194384449493e-01
2.883369330453563473e-01
2.840172786177105890e-01
2.634989200863930847e-01
2.840172786177105890e-01
2.699784017278617498e-01
2.667386609071274450e-01
2.780777537796976229e-01
2.802375809935205297e-01
2.834773218142548346e-01
2.661987041036716906e-01
2.780777537796976229e-01
2.807775377969762287e-01
2.678185745140388985e-01
2.775377969762419239e-01
2.667386609071274450e-01
2.796976241900647753e-01
2.726781857451404112e-01
2.786177105831533218e-01
2.667386609071274450e-01
2.710583153347732033e-01
2.672786177105831440e-01
2.732181425485961102e-01
2.667386609071274450e-01
2.624190064794816313e-01
2.651187904967602371e-01
2.791576673866090763e-01
2.683585313174945974e-01
2.656587473002159916e-01
2.597192224622030254e-01
2.564794816414686651e-01
2.769978401727861694e-01
2.629589632829373858e-01
2.543196544276458138e-01
2.564794816414686651e-01
2.494600431965442733e-01
2.580993520518358730e-01
2.526997840172786058e-01
2.580993520518358730e-01
2.575593952483801186e-01
2.532397408207343603e-01
2.510799136069114534e-01
2.661987041036716906e-01
2.570194384449244196e-01
2.467602591792656674e-01
2.419006479481641547e-01
2.500000000000000000e-01
2.419006479481641547e-01
2.516198704103671524e-01
2.359611231101511886e-01
2.462203023758099407e-01
2.435205183585313071e-01
2.429805615550755804e-01
2.500000000000000000e-01
2.456803455723542140e-01
2.516198704103671524e-01
2.381209503239740954e-01
2.397408207343412478e-01
2.408207343412527013e-01
2.386609071274297944e-01
2.392008639308855211e-01
2.435205183585313071e-01
2.386609071274297944e-01
2.429805615550755804e-01
2.489200863930885466e-01
2.429805615550755804e-01
2.370410367170626420e-01
2.343412526997840084e-01
2.451403887688984873e-01
2.494600431965442733e-01
2.386609071274297944e-01
2.354211663066954618e-01
2.294816414686824957e-01
2.267818574514038898e-01
2.386609071274297944e-01
2.338012958963282817e-01
2.435205183585313071e-01
2.451403887688984873e-01
2.289416846652267690e-01
2.332613390928725827e-01
2.424406047516198814e-01
2.321814254859611293e-01
2.343412526997840084e-01
2.235421166306695573e-01
2.294816414686824957e-01
2.332613390928725827e-01
2.257019438444924364e-01
2.219222462203023771e-01
2.251619870410367097e-01
2.203023758099351970e-01
2.219222462203023771e-01
2.284017278617710700e-01
2.030237580993520530e-01
2.143628509719222586e-01
2.073434125269978390e-01
2.246220302375809830e-01
2.132829373650108051e-01
2.105831533477321715e-01
2.143628509719222586e-01
2.095032397408207459e-01
2.149028077753779575e-01
2.143628509719222586e-01
2.030237580993520530e-01
2.089632829373650191e-01
2.197624190064794703e-01
2.149028077753779575e-01
2.235421166306695573e-01
2.138228941684665319e-01
2.122030237580993517e-01
2.078833693304535657e-01
2.046436285097192331e-01
2.035637149028077797e-01
2.035637149028077797e-01
2.035637149028077797e-01
2.170626349892008644e-01
2.154427645788336843e-01
2.073434125269978390e-01
2.008639308855291461e-01
2.100431965442764448e-01
1.992440604751619937e-01
2.003239740820734471e-01
2.116630669546436250e-01
2.030237580993520530e-01
2.078833693304535657e-01
1.997840172786177204e-01
2.003239740820734471e-01
2.105831533477321715e-01
1.992440604751619937e-01
1.933045356371490275e-01
2.132829373650108051e-01
1.960043196544276334e-01
1.960043196544276334e-01
1.895248380129589683e-01
2.008639308855291461e-01
1.965442764578833601e-01
1.954643628509719344e-01
1.960043196544276334e-01
1.895248380129589683e-01
2.051835853131749599e-01
1.960043196544276334e-01
1.825053995680345487e-01
1.922246220302375741e-01
1.922246220302375741e-01
1.889848812095032415e-01
1.938444924406047543e-01
1.965442764578833601e-01
2.030237580993520530e-01
1.960043196544276334e-01
1.862850971922246357e-01
1.949244060475162077e-01
1.922246220302375741e-01
1.873650107991360614e-01
1.922246220302375741e-01
1.965442764578833601e-01
1.970842332613390868e-01
1.879049676025917881e-01
2.008639308855291461e-01
1.819654427645788219e-01
1.981641468682505403e-01
1.895248380129589683e-01
1.895248380129589683e-01
1.938444924406047543e-01
1.868250539956803347e-01
1.911447084233261207e-01
1.884449244060475148e-01
1.965442764578833601e-01
1.846652267818574555e-01
1.889848812095032415e-01
1.846652267818574555e-01
1.825053995680345487e-01
1.960043196544276334e-01
1.906047516198704217e-01
1.873650107991360614e-01
1.841252699784017288e-01
1.798056155507559428e-01
1.792656587473002161e-01
1.868250539956803347e-01
1.727861771058315232e-01
1.722462203023757965e-01
1.852051835853131823e-01
1.846652267818574555e-01
1.781857451403887627e-01
1.808855291576673963e-01
1.862850971922246357e-01
1.781857451403887627e-01
1.776457883369330359e-01
1.889848812095032415e-01
1.760259179265658835e-01
1.792656587473002161e-01
1.781857451403887627e-01
1.760259179265658835e-01
1.668466522678185848e-01
1.706263498920086441e-01
1.771058315334773092e-01
1.852051835853131823e-01
1.711663066954643708e-01
1.733261339092872499e-01
1.663066954643628581e-01
1.673866090712743115e-01
1.598272138228941652e-01
1.679265658747300105e-01
