1.000000000000000000e+00
7.346200241254523533e-01
6.857659831121833971e-01
6.465621230398069796e-01
6.405307599517491290e-01
6.182147165259348487e-01
6.097708082026538357e-01
5.759951749095295614e-01
5.663449939686369117e-01
5.597104945717732427e-01
5.482509047044632489e-01
5.355850422195416183e-01
5.283474065138721310e-01
5.168878166465621371e-01
5.108564535585041755e-01
4.915560916767189314e-01
4.746682750301567943e-01
4.921592279855247498e-01
4.662243667068757813e-01
4.632086851628468005e-01
4.535585042219541507e-01
4.354644149577804324e-01
4.445114595898673193e-01
4.288299155609167634e-01
4.270205066344994194e-01
4.167671893848009512e-01
4.234016887816646757e-01
4.270205066344994194e-01
4.252110977080820198e-01
4.041013268998793762e-01
4.095295536791314639e-01
3.769601930036188264e-01
3.781664656212304076e-01
3.781664656212304076e-01
3.679131483715319395e-01
3.709288299155609203e-01
3.679131483715319395e-01
3.787696019300361705e-01
3.522316043425814391e-01
3.395657418576598086e-01
3.365500603136308833e-01
3.582629674306393452e-01
3.202653799758745645e-01
3.311218335343787955e-01
3.516284680337756208e-01
3.160434258142340025e-01
3.281061519903498147e-01
3.063932448733413527e-01
3.075995174909529339e-01
3.082026537997587523e-01
3.003618817852834466e-01
3.051869722557297715e-01
2.937273823884197776e-01
2.876960193003618715e-01
2.840772014475271279e-01
2.708082026537997344e-01
2.732207478890228969e-01
2.738238841978287152e-01
2.738238841978287152e-01
2.653799758745476467e-01
2.611580217129071402e-01
2.671893848009649908e-01
2.611580217129071402e-01
2.611580217129071402e-01
2.490952955367913280e-01
2.738238841978287152e-01
2.617611580217129030e-01
2.478890229191797467e-01
2.436670687575392125e-01
2.412545235223160500e-01
2.394451145958986782e-01
2.430639324487334219e-01
2.316043425814234002e-01
2.328106151990349815e-01
2.472858866103739561e-01
2.346200241254523533e-01
2.310012062726176096e-01
2.297949336550060284e-01
2.225572979493365411e-01
2.177322074788902162e-01
2.219541616405307505e-01
2.141133896260555003e-01
2.189384800965017974e-01
2.177322074788902162e-01
2.068757539203860130e-01
2.008443908323281069e-01
2.020506634499396881e-01
1.942098914354644101e-01
1.887816646562122946e-01
2.008443908323281069e-01
1.845597104945717604e-01
1.791314837153196726e-01
1.881785283474065040e-01
1.815440289505428351e-01
1.881785283474065040e-01
1.899879372738238759e-01
1.670687575392038604e-01
1.833534378769601791e-01
1.815440289505428351e-01
1.761158021712907196e-01
1.863691194209891322e-01
1.779252110977080914e-01
1.718938480096501853e-01
1.851628468033775510e-01
1.785283474065138820e-01
1.682750301568154416e-01
1.628468033775633261e-01
1.580217129071170012e-01
1.562123039806996294e-01
1.550060313630880482e-01
1.586248492159227919e-01
1.471652593486127980e-01
1.531966224366706764e-01
1.531966224366706764e-01
1.513872135102533045e-01
1.616405307599517449e-01
1.598311218335343731e-01
1.646562123039806980e-01
1.586248492159227919e-01
1.580217129071170012e-01
1.519903498190590951e-01
1.441495778045838450e-01
1.296743063932448703e-01
1.381182147165259388e-01
1.248492159227985593e-01
1.381182147165259388e-01
1.308805790108564515e-01
1.326899879372738233e-01
1.471652593486127980e-01
1.320868516284680327e-01
1.326899879372738233e-01
1.290711700844390797e-01
1.357056694813027764e-01
1.344993968636911952e-01
1.290711700844390797e-01
1.278648974668274985e-01
1.320868516284680327e-01
1.224366706875753968e-01
1.326899879372738233e-01
1.326899879372738233e-01
1.194209891435464438e-01
1.133896260554885377e-01
1.363088057901085670e-01
1.115802171290711658e-01
1.200241254523522344e-01
1.158021712907117001e-01
1.212303980699638156e-01
1.254523522316043360e-01
1.158021712907117001e-01
1.224366706875753968e-01
1.182147165259348626e-01
1.097708082026537940e-01
1.127864897466827471e-01
1.061519903498190642e-01
1.121833534378769565e-01
1.085645355850422128e-01
1.151990349819059095e-01
1.121833534378769565e-01
1.121833534378769565e-01
1.103739445114595846e-01
1.085645355850422128e-01
1.061519903498190642e-01
1.085645355850422128e-01
1.037394451145959018e-01
1.073582629674306455e-01
1.073582629674306455e-01
1.001206272617611581e-01
1.001206272617611581e-01
1.115802171290711658e-01
1.115802171290711658e-01
9.891435464414957690e-02
9.469240048250904263e-02
1.091676718938480034e-01
1.037394451145959018e-01
9.710494571773220507e-02
1.007237635705669487e-01
9.167671893848008957e-02
9.891435464414957690e-02
9.770808202653799568e-02
9.408926417370325201e-02
9.288299155609167079e-02
1.031363088057901112e-01
1.121833534378769565e-01
9.348612786489746140e-02
8.685162846803377856e-02
9.047044632086852223e-02
9.589867310012062385e-02
9.408926417370325201e-02
8.866103739445115040e-02
9.288299155609167079e-02
9.047044632086852223e-02
9.469240048250904263e-02
9.107358262967431284e-02
8.262967430639324429e-02
8.142340168878166307e-02
8.383594692400482551e-02
8.564535585042219734e-02
9.107358262967431284e-02
9.348612786489746140e-02
8.805790108564535978e-02
9.047044632086852223e-02
8.624849215922798795e-02
9.227985524728588018e-02
8.443908323281061612e-02
8.685162846803377856e-02
8.323281061519903490e-02
8.262967430639324429e-02
8.323281061519903490e-02
8.202653799758745368e-02
8.383594692400482551e-02
8.323281061519903490e-02
8.504221954161640673e-02
7.358262967430639900e-02
7.358262967430639900e-02
7.358262967430639900e-02
7.418576598311218961e-02
7.478890229191798023e-02
7.056694813027744595e-02
7.780458383594691940e-02
7.720144752714112879e-02
7.840772014475271001e-02
7.117008443908323656e-02
6.996381182147165534e-02
6.996381182147165534e-02
8.082026537997587246e-02
7.659831121833533818e-02
7.478890229191798023e-02
7.056694813027744595e-02
6.453558504221953984e-02
6.996381182147165534e-02
6.996381182147165534e-02
7.117008443908323656e-02
6.393244873341374923e-02
7.177322074788902717e-02
7.177322074788902717e-02
6.755126658624849290e-02
6.513872135102533045e-02
7.056694813027744595e-02
6.996381182147165534e-02
7.056694813027744595e-02
6.634499396863691167e-02
5.971049457177322189e-02
6.453558504221953984e-02
7.056694813027744595e-02
7.056694813027744595e-02
6.694813027744270229e-02
7.056694813027744595e-02
6.755126658624849290e-02
7.659831121833533818e-02
6.815440289505428351e-02
6.272617611580216801e-02
6.272617611580216801e-02
6.151990349819059373e-02
6.513872135102533045e-02
6.513872135102533045e-02
6.212303980699638434e-02
6.513872135102533045e-02
6.332931242460795862e-02
6.815440289505428351e-02
5.790108564535585006e-02
5.790108564535585006e-02
6.091676718938480312e-02
6.453558504221953984e-02
5.548854041013268762e-02
5.548854041013268762e-02
6.272617611580216801e-02
6.332931242460795862e-02
6.332931242460795862e-02
6.453558504221953984e-02
5.488540410132689701e-02
5.367913148371532273e-02
6.272617611580216801e-02
6.574185765983112106e-02
6.031363088057901251e-02
5.729794933655005945e-02
5.729794933655005945e-02
5.669481302774426884e-02
5.488540410132689701e-02
5.548854041013268762e-02
5.729794933655005945e-02
6.513872135102533045e-02
6.151990349819059373e-02
5.669481302774426884e-02
5.729794933655005945e-02
5.367913148371532273e-02
5.367913148371532273e-02
5.548854041013268762e-02
5.307599517490953211e-02
5.126658624849216028e-02
5.307599517490953211e-02
5.247285886610374150e-02
5.428226779252110640e-02
4.583835946924004479e-02
5.428226779252110640e-02
5.066344993968636967e-02
5.609167671893847823e-02
5.066344993968636967e-02
5.307599517490953211e-02
5.307599517490953211e-02
5.669481302774426884e-02
4.945717732207478845e-02
6.091676718938480312e-02
5.790108564535585006e-02
4.644149577804583540e-02
5.548854041013268762e-02
5.428226779252110640e-02
5.367913148371532273e-02
5.428226779252110640e-02
5.367913148371532273e-02
4.945717732207478845e-02
4.945717732207478845e-02
4.101326899879372684e-02
4.342581423401688928e-02
4.704463208685162601e-02
5.428226779252110640e-02
5.066344993968636967e-02
5.307599517490953211e-02
5.428226779252110640e-02
5.126658624849216028e-02
4.583835946924004479e-02
4.704463208685162601e-02
4.402895054282267989e-02
4.764776839565741662e-02
5.126658624849216028e-02
4.885404101326899784e-02
4.885404101326899784e-02
4.583835946924004479e-02
4.644149577804583540e-02
4.583835946924004479e-02
4.764776839565741662e-02
3.920386007237635501e-02
4.945717732207478845e-02
4.885404101326899784e-02
4.583835946924004479e-02
4.704463208685162601e-02
4.644149577804583540e-02
4.583835946924004479e-02
4.885404101326899784e-02
4.402895054282267989e-02
4.282267792521109867e-02
4.764776839565741662e-02
3.860072376357056440e-02
4.945717732207478845e-02
4.402895054282267989e-02
4.644149577804583540e-02
4.041013268998793623e-02
4.704463208685162601e-02
4.342581423401688928e-02
3.739445114595899011e-02
4.161640530759951745e-02
4.101326899879372684e-02
4.342581423401688928e-02
4.041013268998793623e-02
4.463208685162847050e-02
3.920386007237635501e-02
4.221954161640530806e-02
3.679131483715319950e-02
4.041013268998793623e-02
3.558504221954161828e-02
3.860072376357056440e-02
3.739445114595899011e-02
3.920386007237635501e-02
3.317249698431845584e-02
3.980699638118214562e-02
3.920386007237635501e-02
3.317249698431845584e-02
3.739445114595899011e-02
4.221954161640530806e-02
4.041013268998793623e-02
4.221954161640530806e-02
3.739445114595899011e-02
4.101326899879372684e-02
3.618817852834740889e-02
3.980699638118214562e-02
3.799758745476477378e-02
3.860072376357056440e-02
4.282267792521109867e-02
3.679131483715319950e-02
3.618817852834740889e-02
3.920386007237635501e-02
3.799758745476477378e-02
4.523522316043426111e-02
3.256936067551266523e-02
4.161640530759951745e-02
3.437876960193003706e-02
4.221954161640530806e-02
3.679131483715319950e-02
3.739445114595899011e-02
3.437876960193003706e-02
3.196622436670687462e-02
3.618817852834740889e-02
3.558504221954161828e-02
3.980699638118214562e-02
3.437876960193003706e-02
3.437876960193003706e-02
3.437876960193003706e-02
3.317249698431845584e-02
3.136308805790108400e-02
3.256936067551266523e-02
3.317249698431845584e-02
3.739445114595899011e-02
