1.000000000000000000e+00
7.855308219178082085e-01
7.011986301369863561e-01
6.729452054794520244e-01
6.562500000000000000e-01
6.113013698630136439e-01
5.650684931506849695e-01
5.428082191780821963e-01
5.192636986301369939e-01
4.905821917808219079e-01
4.734589041095890183e-01
4.790239726027397116e-01
4.353595890410958957e-01
4.323630136986301165e-01
4.096746575342465890e-01
4.071061643835616195e-01
3.912671232876712146e-01
3.767123287671232945e-01
3.702910958904109817e-01
3.557363013698630061e-01
3.390410958904109817e-01
3.244863013698630061e-01
3.125000000000000000e-01
3.030821917808219079e-01
3.013698630136986134e-01
2.838184931506849140e-01
2.855308219178082085e-01
2.808219178082191902e-01
2.555650684931506933e-01
2.654109589041095951e-01
2.594178082191780921e-01
2.525684931506849140e-01
2.397260273972602607e-01
2.392979452054794509e-01
2.191780821917808098e-01
2.204623287671232945e-01
2.191780821917808098e-01
2.119006849315068497e-01
2.080479452054794509e-01
2.037671232876712424e-01
2.054794520547945091e-01
2.020547945205479479e-01
1.956335616438356073e-01
1.853595890410958957e-01
1.763698630136986412e-01
1.776541095890410982e-01
1.712328767123287576e-01
1.558219178082191902e-01
1.523972602739726012e-01
1.416952054794520521e-01
1.545376712328767055e-01
1.476883561643835552e-01
1.386986301369863006e-01
1.386986301369863006e-01
1.301369863013698558e-01
1.365582191780821963e-01
1.275684931506849418e-01
1.254280821917808098e-01
1.207191780821917776e-01
1.284246575342465890e-01
1.228595890410958957e-01
1.194349315068493206e-01
1.331335616438356073e-01
1.202910958904109540e-01
1.151541095890410982e-01
1.121575342465753466e-01
1.010273972602739739e-01
1.100171232876712285e-01
1.014554794520547976e-01
1.125856164383561703e-01
1.125856164383561703e-01
9.931506849315067942e-02
1.100171232876712285e-01
9.888698630136986967e-02
9.589041095890410427e-02
1.044520547945205491e-01
9.974315068493150305e-02
8.775684931506849695e-02
9.289383561643835274e-02
9.118150684931507211e-02
9.032534246575342485e-02
8.433219178082192180e-02
7.962328767123287576e-02
8.347602739726027454e-02
7.876712328767122850e-02
9.160958904109589573e-02
8.133561643835617028e-02
8.090753424657534665e-02
8.090753424657534665e-02
8.861301369863013033e-02
8.604452054794520244e-02
8.561643835616437881e-02
8.347602739726027454e-02
7.405821917808219634e-02
7.020547945205479756e-02
7.491438356164382972e-02
6.335616438356164726e-02
5.522260273972602607e-02
5.693493150684931364e-02
6.292808219178082363e-02
5.993150684931506517e-02
6.892123287671232668e-02
6.464041095890410427e-02
5.950342465753424848e-02
5.479452054794520244e-02
5.993150684931506517e-02
6.121575342465753605e-02
5.351027397260273849e-02
5.351027397260273849e-02
5.308219178082191486e-02
5.393835616438356212e-02
5.265410958904109817e-02
5.008561643835616334e-02
4.922945205479452302e-02
4.666095890410958819e-02
5.351027397260273849e-02
4.880136986301369939e-02
4.794520547945205213e-02
5.051369863013698697e-02
5.179794520547945091e-02
5.008561643835616334e-02
4.837328767123287576e-02
5.393835616438356212e-02
4.195205479452054909e-02
5.179794520547945091e-02
5.351027397260273849e-02
5.479452054794520244e-02
5.179794520547945091e-02
4.922945205479452302e-02
4.623287671232876456e-02
4.409246575342466029e-02
4.708904109589041181e-02
4.323630136986301303e-02
4.023972602739726151e-02
4.666095890410958819e-02
4.109589041095890183e-02
3.852739726027397393e-02
4.580479452054794787e-02
4.708904109589041181e-02
4.323630136986301303e-02
4.280821917808218940e-02
4.023972602739726151e-02
4.023972602739726151e-02
3.852739726027397393e-02
3.125000000000000000e-02
3.724315068493150999e-02
3.724315068493150999e-02
3.638698630136986273e-02
3.852739726027397393e-02
4.109589041095890183e-02
3.852739726027397393e-02
3.638698630136986273e-02
3.681506849315068636e-02
3.210616438356164726e-02
3.595890410958903910e-02
3.210616438356164726e-02
3.510273972602739878e-02
3.296232876712328758e-02
3.339041095890411120e-02
3.082191780821917637e-02
3.424657534246575152e-02
3.167808219178082363e-02
3.210616438356164726e-02
3.724315068493150999e-02
3.681506849315068636e-02
3.681506849315068636e-02
3.210616438356164726e-02
2.739726027397260122e-02
3.467465753424657515e-02
3.339041095890411120e-02
3.467465753424657515e-02
3.296232876712328758e-02
2.611301369863013727e-02
3.167808219178082363e-02
2.782534246575342485e-02
2.996575342465753258e-02
3.125000000000000000e-02
2.654109589041095743e-02
3.167808219178082363e-02
3.210616438356164726e-02
2.739726027397260122e-02
2.696917808219178106e-02
2.953767123287671242e-02
2.910958904109588880e-02
3.039383561643835621e-02
2.782534246575342485e-02
2.782534246575342485e-02
2.996575342465753258e-02
2.782534246575342485e-02
3.253424657534246395e-02
3.082191780821917637e-02
3.039383561643835621e-02
3.125000000000000000e-02
2.910958904109588880e-02
2.868150684931506864e-02
2.910958904109588880e-02
2.953767123287671242e-02
2.825342465753424501e-02
2.354452054794520591e-02
2.654109589041095743e-02
2.397260273972602607e-02
2.268835616438356212e-02
2.482876712328766985e-02
2.482876712328766985e-02
1.926369863013698697e-02
2.226027397260273849e-02
2.482876712328766985e-02
2.268835616438356212e-02
2.226027397260273849e-02
2.140410958904109470e-02
2.183219178082191833e-02
2.739726027397260122e-02
2.397260273972602607e-02
2.568493150684931364e-02
2.482876712328766985e-02
2.696917808219178106e-02
2.268835616438356212e-02
2.611301369863013727e-02
2.097602739726027454e-02
1.926369863013698697e-02
1.883561643835616334e-02
2.097602739726027454e-02
1.669520547945205560e-02
2.097602739726027454e-02
2.268835616438356212e-02
1.883561643835616334e-02
1.712328767123287576e-02
1.755136986301369939e-02
1.755136986301369939e-02
1.626712328767123197e-02
2.140410958904109470e-02
2.183219178082191833e-02
2.183219178082191833e-02
1.712328767123287576e-02
1.883561643835616334e-02
2.011986301369863075e-02
2.097602739726027454e-02
1.883561643835616334e-02
2.054794520547945091e-02
1.926369863013698697e-02
2.097602739726027454e-02
2.054794520547945091e-02
1.755136986301369939e-02
2.183219178082191833e-02
1.840753424657534318e-02
1.712328767123287576e-02
1.712328767123287576e-02
1.541095890410958819e-02
1.755136986301369939e-02
1.755136986301369939e-02
1.755136986301369939e-02
1.626712328767123197e-02
1.712328767123287576e-02
1.284246575342465682e-02
1.626712328767123197e-02
1.626712328767123197e-02
1.797945205479451955e-02
1.583904109589041181e-02
2.011986301369863075e-02
1.712328767123287576e-02
1.498287671232876629e-02
1.626712328767123197e-02
1.498287671232876629e-02
1.455479452054794440e-02
1.541095890410958819e-02
1.626712328767123197e-02
1.455479452054794440e-02
1.498287671232876629e-02
2.011986301369863075e-02
1.626712328767123197e-02
1.498287671232876629e-02
1.926369863013698697e-02
1.583904109589041181e-02
1.883561643835616334e-02
1.755136986301369939e-02
1.883561643835616334e-02
1.840753424657534318e-02
1.755136986301369939e-02
1.669520547945205560e-02
2.011986301369863075e-02
1.969178082191780713e-02
2.011986301369863075e-02
1.797945205479451955e-02
1.626712328767123197e-02
1.883561643835616334e-02
1.626712328767123197e-02
1.284246575342465682e-02
1.669520547945205560e-02
1.498287671232876629e-02
1.327054794520547872e-02
1.241438356164383493e-02
1.369863013698630061e-02
1.113013698630136925e-02
1.412671232876712250e-02
1.327054794520547872e-02
1.198630136986301303e-02
1.412671232876712250e-02
1.412671232876712250e-02
1.498287671232876629e-02
1.284246575342465682e-02
1.241438356164383493e-02
1.412671232876712250e-02
1.198630136986301303e-02
9.417808219178081669e-03
1.327054794520547872e-02
1.369863013698630061e-02
1.155821917808219114e-02
1.155821917808219114e-02
1.027397260273972546e-02
8.561643835616437881e-03
7.705479452054794093e-03
1.027397260273972546e-02
1.198630136986301303e-02
1.198630136986301303e-02
1.027397260273972546e-02
1.027397260273972546e-02
9.417808219178081669e-03
8.989726027397259775e-03
1.027397260273972546e-02
1.241438356164383493e-02
9.845890410958903563e-03
9.417808219178081669e-03
5.565068493150684623e-03
8.133561643835615987e-03
1.027397260273972546e-02
8.561643835616437881e-03
8.133561643835615987e-03
1.027397260273972546e-02
6.849315068493150305e-03
8.133561643835615987e-03
9.845890410958903563e-03
1.070205479452054735e-02
9.417808219178081669e-03
7.705479452054794093e-03
1.070205479452054735e-02
7.277397260273972199e-03
8.989726027397259775e-03
1.027397260273972546e-02
9.845890410958903563e-03
1.027397260273972546e-02
1.155821917808219114e-02
8.133561643835615987e-03
9.845890410958903563e-03
9.845890410958903563e-03
1.284246575342465682e-02
1.327054794520547872e-02
1.198630136986301303e-02
1.113013698630136925e-02
1.198630136986301303e-02
9.845890410958903563e-03
9.845890410958903563e-03
1.027397260273972546e-02
8.561643835616437881e-03
8.989726027397259775e-03
1.027397260273972546e-02
1.113013698630136925e-02
1.155821917808219114e-02
1.027397260273972546e-02
1.027397260273972546e-02
8.561643835616437881e-03
9.845890410958903563e-03
1.155821917808219114e-02
9.417808219178081669e-03
8.989726027397259775e-03
9.417808219178081669e-03
1.070205479452054735e-02
1.626712328767123197e-02
1.113013698630136925e-02
1.070205479452054735e-02
8.561643835616437881e-03
8.989726027397259775e-03
1.070205479452054735e-02
8.561643835616437881e-03
1.027397260273972546e-02
8.989726027397259775e-03
9.845890410958903563e-03
1.027397260273972546e-02
1.541095890410958819e-02
1.284246575342465682e-02
1.284246575342465682e-02
6.849315068493150305e-03
8.989726027397259775e-03
8.989726027397259775e-03
8.561643835616437881e-03
1.241438356164383493e-02
6.849315068493150305e-03
8.133561643835615987e-03
8.133561643835615987e-03
8.989726027397259775e-03
9.417808219178081669e-03
8.133561643835615987e-03
8.133561643835615987e-03
6.421232876712328411e-03
7.277397260273972199e-03
5.993150684931506517e-03
5.136986301369862729e-03
4.280821917808218940e-03
3.424657534246575152e-03
3.424657534246575152e-03
3.424657534246575152e-03
4.708904109589040834e-03
