1.000000000000000000e+00
8.050139275766016178e-01
7.948003714020427379e-01
7.715877437325905364e-01
7.715877437325905364e-01
7.446610956360260047e-01
7.214484679665738032e-01
7.409470752089136747e-01
7.130919220055710328e-01
7.038068709377901522e-01
7.130919220055710328e-01
6.861652739090065012e-01
6.805942432683379506e-01
6.870937790157846115e-01
6.759517177344475103e-01
6.694521819870009605e-01
6.648096564531105201e-01
6.573816155988857490e-01
6.555246053853296395e-01
6.415970287836583186e-01
6.480965645311048684e-01
6.248839368616527778e-01
6.415970287836583186e-01
6.220984215413184470e-01
6.211699164345403368e-01
6.258124419684307771e-01
6.211699164345403368e-01
6.360259981429897680e-01
6.007428040854224660e-01
5.784586815227483747e-01
5.701021355617456043e-01
5.766016713091921542e-01
5.338904363974001921e-01
6.007428040854224660e-01
5.951717734447539154e-01
5.608170844939647237e-01
5.886722376973073656e-01
5.775301764159702644e-01
5.598885793871866134e-01
5.357474466109564126e-01
5.756731662024141549e-01
5.311049210770659723e-01
5.394614670380687427e-01
5.301764159702878620e-01
5.329619312906220818e-01
5.394614670380687427e-01
5.338904363974001921e-01
5.552460538532961731e-01
5.580315691736305039e-01
5.422469823584029625e-01
5.143918291550603206e-01
5.543175487465180629e-01
5.218198700092850917e-01
5.431754874651810727e-01
5.645311049210770538e-01
5.273909006499535312e-01
5.329619312906220818e-01
5.078922934076137707e-01
5.190343546889507609e-01
5.162488393686165411e-01
4.986072423398328901e-01
5.190343546889507609e-01
5.376044568245125221e-01
5.032497678737233304e-01
4.893221912720520095e-01
4.874651810584958445e-01
4.930362116991643395e-01
4.902506963788300642e-01
4.939647168059424498e-01
4.828226555246054041e-01
4.818941504178272939e-01
5.097493036211698803e-01
4.828226555246054041e-01
5.069637883008356605e-01
4.614670380687093676e-01
4.670380687093779182e-01
4.791086350974930186e-01
5.125348189415042111e-01
4.809656453110491836e-01
4.716805942432683585e-01
4.698235840297121380e-01
4.540389972144846520e-01
4.568245125348189273e-01
4.605385329619313128e-01
4.707520891364902482e-01
4.726090993500464132e-01
4.688950789229340832e-01
4.428969359331476063e-01
4.456824512534818816e-01
4.419684308263695516e-01
4.475394614670380466e-01
4.447539461467038269e-01
4.688950789229340832e-01
4.568245125348189273e-01
4.475394614670380466e-01
4.484679665738161569e-01
4.345403899721448360e-01
4.271123491179201759e-01
4.326833797585886709e-01
4.391829155060352763e-01
4.215413184772516253e-01
4.493964716805942672e-01
4.391829155060352763e-01
4.336118848653667812e-01
4.568245125348189273e-01
4.271123491179201759e-01
4.122562674094707447e-01
4.224698235840297356e-01
4.484679665738161569e-01
4.289693593314763409e-01
4.261838440111420656e-01
4.298978644382543957e-01
4.243268337975859006e-01
4.326833797585886709e-01
4.373259052924791113e-01
4.243268337975859006e-01
4.298978644382543957e-01
4.178272980501392952e-01
4.233983286908077903e-01
4.289693593314763409e-01
4.419684308263695516e-01
4.336118848653667812e-01
4.363974001857010010e-01
4.187558031569173500e-01
4.076137418755803044e-01
4.131847725162488549e-01
4.168987929433611850e-01
4.020427112349118093e-01
4.113277623026926899e-01
4.187558031569173500e-01
4.094707520891364694e-01
4.085422469823584146e-01
3.974001857010213690e-01
4.029712163416898640e-01
3.946146703806870937e-01
4.224698235840297356e-01
4.168987929433611850e-01
3.844011142061281583e-01
4.048282265552460291e-01
4.085422469823584146e-01
4.001857010213556443e-01
4.038997214484679743e-01
3.881151346332404883e-01
3.955431754874652039e-01
4.011142061281336990e-01
3.927576601671309287e-01
3.890436397400185431e-01
3.714020427112348921e-01
3.602599814298978464e-01
3.741875580315691674e-01
3.769730733519034427e-01
4.048282265552460291e-01
3.797585886722377180e-01
3.946146703806870937e-01
3.844011142061281583e-01
3.862581244196843233e-01
4.011142061281336990e-01
3.927576601671309287e-01
3.890436397400185431e-01
3.806870937790157727e-01
3.741875580315691674e-01
3.621169916434540115e-01
3.844011142061281583e-01
3.871866295264623781e-01
3.695450324976787271e-01
3.881151346332404883e-01
3.472609099350046358e-01
3.519034354688950761e-01
3.537604456824512411e-01
3.333333333333333148e-01
3.333333333333333148e-01
3.621169916434540115e-01
3.519034354688950761e-01
3.491179201485608008e-01
3.574744661095636267e-01
3.797585886722377180e-01
3.537604456824512411e-01
3.528319405756731864e-01
3.444753946146703605e-01
3.741875580315691674e-01
3.528319405756731864e-01
3.806870937790157727e-01
3.556174558960074061e-01
3.714020427112348921e-01
3.714020427112348921e-01
3.667595171773444518e-01
3.602599814298978464e-01
3.593314763231197917e-01
3.500464252553389111e-01
3.519034354688950761e-01
3.519034354688950761e-01
3.556174558960074061e-01
3.491179201485608008e-01
3.286908077994428745e-01
3.314763231197771498e-01
3.333333333333333148e-01
3.611884865366759567e-01
3.444753946146703605e-01
3.314763231197771498e-01
3.630454967502321217e-01
3.324048282265552601e-01
3.546889507892293514e-01
3.184772516248839391e-01
3.491179201485608008e-01
3.472609099350046358e-01
3.240482822655524342e-01
3.416898792943361407e-01
3.565459610027855164e-01
3.379758588672237551e-01
3.416898792943361407e-01
3.398328690807799202e-01
3.472609099350046358e-01
3.602599814298978464e-01
3.324048282265552601e-01
3.444753946146703605e-01
3.314763231197771498e-01
3.221912720519962692e-01
3.221912720519962692e-01
3.389043639740018654e-01
3.249767873723305445e-01
3.268337975858867095e-01
3.463324048282265810e-01
3.286908077994428745e-01
3.184772516248839391e-01
3.073351903435468935e-01
3.082636954503250037e-01
3.491179201485608008e-01
3.407613741875580304e-01
3.389043639740018654e-01
3.398328690807799202e-01
3.342618384401114251e-01
3.361188486536675901e-01
3.342618384401114251e-01
3.296193129062209848e-01
3.481894150417827460e-01
3.398328690807799202e-01
3.519034354688950761e-01
3.147632311977716091e-01
3.361188486536675901e-01
3.259052924791086547e-01
3.342618384401114251e-01
3.240482822655524342e-01
3.324048282265552601e-01
3.324048282265552601e-01
3.389043639740018654e-01
3.212627669452182144e-01
3.324048282265552601e-01
3.296193129062209848e-01
3.277623026926648198e-01
3.481894150417827460e-01
3.416898792943361407e-01
3.305478180129990950e-01
3.324048282265552601e-01
3.491179201485608008e-01
3.416898792943361407e-01
3.416898792943361407e-01
3.444753946146703605e-01
3.324048282265552601e-01
3.147632311977716091e-01
3.166202414113277741e-01
3.110492107706592235e-01
3.212627669452182144e-01
3.296193129062209848e-01
3.101207056638811688e-01
3.156917363045496638e-01
3.166202414113277741e-01
3.073351903435468935e-01
3.231197771587743794e-01
2.943361188486536828e-01
2.934076137418755725e-01
3.175487465181058289e-01
3.184772516248839391e-01
3.119777158774373338e-01
3.212627669452182144e-01
3.073351903435468935e-01
3.101207056638811688e-01
3.342618384401114251e-01
2.961931290622098478e-01
3.231197771587743794e-01
3.082636954503250037e-01
2.980501392757660128e-01
3.026926648096564532e-01
3.045496750232126182e-01
3.064066852367687832e-01
3.082636954503250037e-01
2.989786443825441231e-01
2.980501392757660128e-01
2.906220984215412972e-01
3.036211699164345634e-01
2.859795728876508569e-01
3.110492107706592235e-01
3.064066852367687832e-01
2.887650882079851322e-01
3.082636954503250037e-01
2.878365831012070775e-01
3.101207056638811688e-01
3.008356545961002881e-01
2.822655524605385269e-01
2.878365831012070775e-01
3.008356545961002881e-01
2.739090064995357565e-01
3.036211699164345634e-01
2.934076137418755725e-01
2.999071494893221779e-01
3.110492107706592235e-01
2.961931290622098478e-01
3.026926648096564532e-01
2.952646239554317376e-01
2.943361188486536828e-01
3.138347260909934988e-01
2.999071494893221779e-01
3.008356545961002881e-01
2.859795728876508569e-01
2.831940575673166371e-01
3.026926648096564532e-01
2.822655524605385269e-01
2.980501392757660128e-01
2.841225626740946919e-01
2.999071494893221779e-01
2.924791086350975178e-01
2.831940575673166371e-01
2.878365831012070775e-01
3.026926648096564532e-01
2.757660167130919215e-01
2.915506035283194075e-01
2.822655524605385269e-01
2.878365831012070775e-01
2.869080779944289672e-01
2.850510677808728022e-01
2.655524605385329862e-01
2.878365831012070775e-01
2.804085422469823619e-01
2.618384401114206006e-01
2.999071494893221779e-01
2.878365831012070775e-01
2.804085422469823619e-01
2.664809656453110409e-01
2.915506035283194075e-01
2.813370473537604721e-01
2.850510677808728022e-01
2.729805013927576463e-01
2.729805013927576463e-01
2.804085422469823619e-01
2.674094707520891512e-01
2.915506035283194075e-01
2.841225626740946919e-01
2.924791086350975178e-01
2.878365831012070775e-01
2.757660167130919215e-01
2.739090064995357565e-01
2.664809656453110409e-01
3.008356545961002881e-01
2.748375116063138113e-01
2.683379758588672059e-01
2.748375116063138113e-01
2.655524605385329862e-01
2.896935933147632425e-01
2.599814298978644356e-01
2.692664809656453162e-01
2.869080779944289672e-01
2.813370473537604721e-01
2.683379758588672059e-01
2.525533890436397200e-01
2.831940575673166371e-01
2.618384401114206006e-01
2.739090064995357565e-01
2.794800371402042516e-01
2.497678737233054724e-01
2.627669452181987109e-01
2.683379758588672059e-01
2.785515320334261968e-01
2.766945218198700318e-01
2.618384401114206006e-01
2.757660167130919215e-01
2.701949860724233710e-01
2.571959145775301603e-01
2.627669452181987109e-01
2.609099350046425458e-01
2.674094707520891512e-01
2.609099350046425458e-01
2.766945218198700318e-01
2.581244196843082706e-01
2.757660167130919215e-01
2.711234911792014812e-01
2.739090064995357565e-01
2.664809656453110409e-01
2.506963788300835549e-01
2.859795728876508569e-01
2.581244196843082706e-01
2.711234911792014812e-01
2.571959145775301603e-01
2.506963788300835549e-01
2.683379758588672059e-01
2.599814298978644356e-01
2.869080779944289672e-01
2.701949860724233710e-01
2.562674094707521055e-01
2.674094707520891512e-01
2.748375116063138113e-01
2.497678737233054724e-01
2.525533890436397200e-01
