1.000000000000000000e+00
8.495378927911275690e-01
7.981515711645101874e-01
7.689463955637707571e-01
7.417744916820702139e-01
7.094269870609981599e-01
6.887245841035120053e-01
6.743068391866913203e-01
6.560073937153420021e-01
6.432532347504621439e-01
6.203327171903881831e-01
6.116451016635859883e-01
6.073937153419592949e-01
6.036968576709796919e-01
6.024029574861368141e-01
5.678373382624768428e-01
5.454713493530498614e-01
5.609981515711645050e-01
5.469500924214417692e-01
5.402957486136783505e-01
5.282809611829945018e-01
5.079482439926062964e-01
4.981515711645101430e-01
4.918669131238447290e-01
4.794824399260628200e-01
4.813308687615526771e-01
4.728280961182994568e-01
4.622920517560074050e-01
4.500924214417744706e-01
4.502772643253235008e-01
4.548983364140480323e-01
4.395563770794824188e-01
4.330868761552680302e-01
4.260628465804066622e-01
4.256931608133087130e-01
4.170055452865064627e-01
4.121996303142329010e-01
4.024029574861368030e-01
3.946395563770794812e-01
3.833641404805914754e-01
3.767097966728281122e-01
3.861367837338262610e-01
3.730129390018484536e-01
3.737523105360443521e-01
3.754158964879852345e-01
3.630314232902033256e-01
3.595194085027726416e-01
3.451016635859519566e-01
3.438077634011090788e-01
3.375231053604436093e-01
3.423290203327171710e-01
3.312384473197781953e-01
3.404805914972273695e-01
3.256931608133086797e-01
3.253234750462107305e-01
3.219963031423290212e-01
3.181146025878003880e-01
3.171903881700554595e-01
3.149722735674676533e-01
3.079482439926062853e-01
2.990757855822550604e-01
2.964879852125693049e-01
3.031423290203327237e-01
2.987060998151571112e-01
2.859519408502772531e-01
2.918669131238447179e-01
2.835489833641404722e-01
2.870609981515711562e-01
2.761552680221811551e-01
2.707948243992606141e-01
2.717190388170055426e-01
2.658040665434380778e-01
2.624768946395563685e-01
2.604436229205175368e-01
2.585951940850277353e-01
2.567467652495378783e-01
2.463955637707948287e-01
2.465804066543438033e-01
2.482439926062846580e-01
2.482439926062846580e-01
2.456561922365989026e-01
2.421441774491682186e-01
2.438077634011090455e-01
2.421441774491682186e-01
2.384473197781885323e-01
2.332717190388169937e-01
2.412199630314232901e-01
2.386321626617375347e-01
2.332717190388169937e-01
2.245841035120147988e-01
2.275415896487985312e-01
2.218114602587800410e-01
2.173752310536044285e-01
2.149722735674676477e-01
2.201478743068391863e-01
2.131238447319778184e-01
2.053604436229205243e-01
2.120147874306839153e-01
2.068391866913123767e-01
2.040665434380776466e-01
2.007393715341959373e-01
1.990757855822550826e-01
1.987060998151571056e-01
2.035120147874306951e-01
2.044362292051755958e-01
2.014787430683918634e-01
1.939001848428835439e-01
1.942698706099815209e-01
1.902033271719038854e-01
2.000000000000000111e-01
1.914972273567467631e-01
1.900184842883549108e-01
1.907578558225508369e-01
1.890942698706099823e-01
1.916820702402957377e-01
1.900184842883549108e-01
1.857670979667282729e-01
1.750462107208872464e-01
1.805914972273567343e-01
1.817005545286506374e-01
1.842883548983364206e-01
1.774491682070240273e-01
1.798521256931608081e-01
1.687615526802218047e-01
1.752310536044362210e-01
1.741219963031423179e-01
1.634011090573012914e-01
1.604436229205175590e-01
1.665434380776339984e-01
1.578558225508318036e-01
1.622920517560073883e-01
1.611829944547134852e-01
1.598890942698706075e-01
1.600739371534195821e-01
1.569316081330868751e-01
1.593345656192236559e-01
1.536044362292051657e-01
1.611829944547134852e-01
1.545286506469500942e-01
1.523105360443622880e-01
1.543438077634011196e-01
1.495378927911275302e-01
1.548983364140480712e-01
1.482439926062846525e-01
1.517560073937153364e-01
1.504621072088724587e-01
1.497227356746765325e-01
1.458410351201478716e-01
1.445471349353049939e-01
1.452865064695009201e-01
1.419593345656192107e-01
1.354898336414047944e-01
1.378927911275416029e-01
1.402957486136783838e-01
1.384473197781885268e-01
1.367837338262476998e-01
1.297597042513863319e-01
1.367837338262476998e-01
1.353049907578558197e-01
1.310536044362292096e-01
1.338262476894639674e-01
1.273567467652495511e-01
1.277264325323475003e-01
1.266173752310535972e-01
1.255083179297596940e-01
1.221811460258779986e-01
1.173752310536044369e-01
1.194085027726432546e-01
1.155268022181146076e-01
1.223659889094269870e-01
1.155268022181146076e-01
1.201478743068391808e-01
1.131238447319778129e-01
1.136783733826247644e-01
1.179297597042513884e-01
1.107208872458410320e-01
1.131238447319778129e-01
1.075785582255083112e-01
1.151571164510166306e-01
1.146025878003696791e-01
1.114602587800369721e-01
1.231053604436229271e-01
1.170055452865064738e-01
1.171903881700554484e-01
1.096118299445471289e-01
1.086876155268022143e-01
1.103512014787430690e-01
1.096118299445471289e-01
1.057301293900184819e-01
1.064695009242144219e-01
1.085027726432532397e-01
1.092421441774491658e-01
1.048059149722735672e-01
1.022181146025877979e-01
1.048059149722735672e-01
9.944547134935305399e-02
1.090573012939001912e-01
1.036968576709796641e-01
1.090573012939001912e-01
1.118299445471349352e-01
1.036968576709796641e-01
9.796672828096118779e-02
1.036968576709796641e-01
1.068391866913123850e-01
1.003696857670979686e-01
1.018484288354898348e-01
9.445471349353050383e-02
1.001848428835489802e-01
9.870609981515711395e-02
9.778188539741219931e-02
9.796672828096118779e-02
9.353049907578558919e-02
9.482439926062846691e-02
9.463955637707947843e-02
9.482439926062846691e-02
9.463955637707947843e-02
9.778188539741219931e-02
9.242144177449168607e-02
9.075785582255083139e-02
9.223659889094269759e-02
9.001848428835490523e-02
8.743068391866913591e-02
8.798521256931608747e-02
8.743068391866913591e-02
8.724584103512014743e-02
8.817005545286506207e-02
8.502772643253234119e-02
9.094269870609981987e-02
8.465804066543437811e-02
8.576709796672828123e-02
8.484288354898336659e-02
8.835489833641405055e-02
8.539741219963031815e-02
8.576709796672828123e-02
8.096118299445471955e-02
8.114602587800369415e-02
8.059149722735674259e-02
8.317929759704251191e-02
8.558225508317929275e-02
7.855822550831792483e-02
8.354898336414047499e-02
8.133086876155268263e-02
8.059149722735674259e-02
8.133086876155268263e-02
8.336414048059150039e-02
7.800369685767097327e-02
7.985212569316081643e-02
7.800369685767097327e-02
7.948243992606285335e-02
7.393715341959335163e-02
7.744916820702403559e-02
7.855822550831792483e-02
7.504621072088724087e-02
7.837338262476895023e-02
7.874306839186691331e-02
8.022181146025877951e-02
7.707948243992605863e-02
7.837338262476895023e-02
7.301293900184842312e-02
6.617375231053604367e-02
7.430683918669131471e-02
7.966728280961182795e-02
7.578558225508318091e-02
7.264325323475046003e-02
7.338262476894640007e-02
8.022181146025877951e-02
7.245841035120148543e-02
7.319778188539741159e-02
7.449168207024028932e-02
7.486136783733826627e-02
7.042513863216266767e-02
7.134935304990758231e-02
7.615526802218114399e-02
7.652495378927910707e-02
7.134935304990758231e-02
7.190388170055453387e-02
7.356746765249537467e-02
7.208872458410350847e-02
7.042513863216266767e-02
7.024029574861367919e-02
6.802218114602587296e-02
6.506469500924214056e-02
6.506469500924214056e-02
6.524953789279112903e-02
6.839186691312384991e-02
6.820702402957486143e-02
6.691312384473198371e-02
6.395563770794823744e-02
6.284658040665434819e-02
6.617375231053604367e-02
6.635859519408503215e-02
6.635859519408503215e-02
6.876155268022181299e-02
6.266173752310535972e-02
6.691312384473198371e-02
6.561922365988909212e-02
6.451016635859518900e-02
7.042513863216266767e-02
6.913123844731977607e-02
6.469500924214417747e-02
6.395563770794823744e-02
6.543438077634011751e-02
6.469500924214417747e-02
6.414048059149722592e-02
6.395563770794823744e-02
6.487985212569316595e-02
6.173752310536044507e-02
6.266173752310535972e-02
6.432532347504621439e-02
5.914972273567467576e-02
6.118299445471349352e-02
6.192236598890942662e-02
6.432532347504621439e-02
6.321626617375231127e-02
5.674676524953789492e-02
6.266173752310535972e-02
5.970425138632162732e-02
6.340110905730129975e-02
6.025878003696857887e-02
5.748613678373382802e-02
5.933456561922365730e-02
5.730129390018483954e-02
5.693160813308687646e-02
5.508317929759704024e-02
5.693160813308687646e-02
5.637707948243992490e-02
5.582255083179297334e-02
5.711645101663585800e-02
5.323475046210721096e-02
5.526802218114602872e-02
5.545286506469501026e-02
5.545286506469501026e-02
5.841035120147874266e-02
5.323475046210721096e-02
5.563770794824399180e-02
5.471349353049907716e-02
5.046210720887246010e-02
5.304990757855822248e-02
5.452865064695009562e-02
5.378927911275415558e-02
5.138632162661737474e-02
5.286506469500924094e-02
5.101663585951941166e-02
4.972273567467652700e-02
4.842883548983364234e-02
4.879852125693160542e-02
5.268022181146025940e-02
5.194085027726432630e-02
5.027726432532347162e-02
4.879852125693160542e-02
5.046210720887246010e-02
5.120147874306839320e-02
4.972273567467652700e-02
5.009242144177449008e-02
5.489833641404805870e-02
5.083179297597042318e-02
4.990757855822550854e-02
4.787430683918669078e-02
4.972273567467652700e-02
5.083179297597042318e-02
4.639556377079482458e-02
4.935304990757855698e-02
4.916820702402957544e-02
4.380776340110905526e-02
4.436229205175600682e-02
4.731977818853973922e-02
4.731977818853973922e-02
4.695009242144177614e-02
4.713493530499075768e-02
4.473197781885397684e-02
4.528650646950092146e-02
4.380776340110905526e-02
4.731977818853973922e-02
4.306839186691312216e-02
4.713493530499075768e-02
4.916820702402957544e-02
4.787430683918669078e-02
4.325323475046211064e-02
4.491682070240295838e-02
4.473197781885397684e-02
4.528650646950092146e-02
4.473197781885397684e-02
4.454713493530498836e-02
4.454713493530498836e-02
4.269870609981515908e-02
4.565619223659889148e-02
4.695009242144177614e-02
4.491682070240295838e-02
4.288354898336414062e-02
4.121996303142329288e-02
4.288354898336414062e-02
4.140480591497227442e-02
4.325323475046211064e-02
4.048059149722735978e-02
4.140480591497227442e-02
4.103512014787430440e-02
4.214417744916820752e-02
4.288354898336414062e-02
4.436229205175600682e-02
4.195933456561922598e-02
4.029574861367837130e-02
