1.000000000000000000e+00
7.692904226444358118e-01
7.301279565723148846e-01
7.093834819697557581e-01
6.779759596742923611e-01
6.717720046529662703e-01
6.417215975184179522e-01
6.186506397828616111e-01
6.138037999224505992e-01
5.833656455990694489e-01
5.738658394726637857e-01
5.535091120589376024e-01
5.397440868553703419e-01
5.348972469949593300e-01
5.178363706863124971e-01
5.120201628538193495e-01
5.042652190771617082e-01
4.775106630476929070e-01
4.786739046141915699e-01
4.767351686700271318e-01
4.664598681659558044e-01
4.579294300116323879e-01
4.515316013958898811e-01
4.325319891430787211e-01
4.269096549050019340e-01
4.232260566110895850e-01
4.230321830166731134e-01
3.980224893369523342e-01
3.999612252811167168e-01
3.993796044978674131e-01
3.927879022877084347e-01
3.774718883288096238e-01
3.735944164404808032e-01
3.578906552927491047e-01
3.594416440480806552e-01
3.567274137262504974e-01
3.501357115160915190e-01
3.363706863125242585e-01
3.462582396277626984e-01
3.301667312911981123e-01
3.396665374176037200e-01
3.441256300891818443e-01
3.257076386196199880e-01
3.220240403257076389e-01
3.183404420317952899e-01
3.156262117099650766e-01
3.187281892206281775e-01
3.080651415277239069e-01
2.985653354013183547e-01
2.935246219464908712e-01
3.001163241566498496e-01
2.937184955409073428e-01
2.780147343931756443e-01
2.710352849941837783e-01
2.768514928266769815e-01
2.704536642109344746e-01
2.778208607987592282e-01
2.698720434276851710e-01
2.677394338891043168e-01
2.615354788677782261e-01
2.594028693291973720e-01
2.485459480418766853e-01
2.547499030632027761e-01
2.471888328809616064e-01
2.526172935246219220e-01
2.500969367972082358e-01
2.462194649088794152e-01
2.431174873982163698e-01
2.351686700271423125e-01
2.353625436215587563e-01
2.310973245443970481e-01
2.421481194261341507e-01
2.332299340829779022e-01
2.355564172159751724e-01
2.390461419154711054e-01
2.245056223342380697e-01
2.210158976347421367e-01
2.124854594804187757e-01
2.136487010469174108e-01
2.142303218301667422e-01
2.111283443195036968e-01
2.078324932144242077e-01
2.056998836758433535e-01
1.998836758433501226e-01
2.045366421093447185e-01
1.987204342768514875e-01
1.998836758433501226e-01
1.830166731291198168e-01
1.890267545560294637e-01
1.857309034509499746e-01
1.934858472276075880e-01
1.907716169057774303e-01
1.944552151996898071e-01
1.872818922062814972e-01
1.783637068631252487e-01
1.812718107793718503e-01
1.740984877859635405e-01
1.708026366808840513e-01
1.803024428072896590e-01
1.773943388910430297e-01
1.768127181077937260e-01
1.711903838697169389e-01
1.717720046529662703e-01
1.640170608763086568e-01
1.614967041488949151e-01
1.636293136874757692e-01
1.638231872818922130e-01
1.613028305544784713e-01
1.692516479255525286e-01
1.558743699108181557e-01
1.597518417991469486e-01
1.607212097712291676e-01
1.630476929042264378e-01
1.653741760372237357e-01
1.549050019387359367e-01
1.587824738270647573e-01
1.638231872818922130e-01
1.527723924001551103e-01
1.525785188057386665e-01
1.533540131834044140e-01
1.471500581620783232e-01
1.452113222179139129e-01
1.467623109732454356e-01
1.428848390849166428e-01
1.395889879798371536e-01
1.392012407910042660e-01
1.388134936021713783e-01
1.452113222179139129e-01
1.430787126793330866e-01
1.366808840635905520e-01
1.341605273361768103e-01
1.393951143854207098e-01
1.444358278402481655e-01
1.442419542458317216e-01
1.337727801473439226e-01
1.376502520356727433e-01
1.329972857696781752e-01
1.364870104691741082e-01
1.331911593640946190e-01
1.347421481194261417e-01
1.322217913920123999e-01
1.304769290422644334e-01
1.295075610701822422e-01
1.355176424970918891e-01
1.339666537417603664e-01
1.275688251260178319e-01
1.233036060488561514e-01
1.250484683986041179e-01
1.275688251260178319e-01
1.246607212097712303e-01
1.174873982163629343e-01
1.202016285381930921e-01
1.275688251260178319e-01
1.295075610701822422e-01
1.246607212097712303e-01
1.192322605661109008e-01
1.262117099651027530e-01
1.223342380767739462e-01
1.203955021326095359e-01
1.159364094610314116e-01
1.157425358666149678e-01
1.209771229158588535e-01
1.157425358666149678e-01
1.211709965102752973e-01
1.139976735168670013e-01
1.170996510275300467e-01
1.110895696006203998e-01
1.062427297402093879e-01
1.182628925940286957e-01
1.149670414889492065e-01
1.143854207056998890e-01
1.126405583559519225e-01
1.155486622721985240e-01
1.165180302442807292e-01
1.155486622721985240e-01
1.103140752229546384e-01
1.124466847615354786e-01
1.091508336564559895e-01
1.134160527336176838e-01
1.172935246219464905e-01
1.074059713067080229e-01
1.165180302442807292e-01
1.136099263280341276e-01
1.064366033346258178e-01
1.124466847615354786e-01
1.093447072508724333e-01
1.132221791392012400e-01
1.079875920899573544e-01
1.044978673904614214e-01
1.037223730127956600e-01
1.048856145792942951e-01
1.012020162853819322e-01
1.033346258239627724e-01
1.091508336564559895e-01
1.013958898797983760e-01
1.041101202016285338e-01
1.019775106630476935e-01
9.965102753005040948e-02
9.751841799146955536e-02
9.364094610314074862e-02
1.023652578518805673e-01
1.000387747188832832e-01
1.013958898797983760e-01
9.751841799146955536e-02
9.596742923613803267e-02
9.868165955796820432e-02
9.538580845288871513e-02
9.616130283055447647e-02
9.557968204730515893e-02
8.782473827064753158e-02
9.189608375339278212e-02
9.344707250872430482e-02
9.053896859247770323e-02
8.937572702597906815e-02
9.499806126405584139e-02
8.704924389298177023e-02
8.704924389298177023e-02
9.674292361380379401e-02
8.937572702597906815e-02
8.937572702597906815e-02
8.588600232648313515e-02
8.782473827064753158e-02
8.782473827064753158e-02
8.414113997673516865e-02
8.530438154323381761e-02
8.704924389298177023e-02
8.433501357115161245e-02
8.394726638231872484e-02
8.685537029856534030e-02
9.034509499806125943e-02
8.743699108181465784e-02
8.763086467623110165e-02
8.355951919348585111e-02
8.336564559906940730e-02
8.607987592089957896e-02
9.112058937572702078e-02
8.414113997673516865e-02
7.619232260566111137e-02
8.220240403257075834e-02
7.716169057774331652e-02
8.200853043815432841e-02
8.006979449398991810e-02
8.181465684373788461e-02
7.948817371074060056e-02
7.832493214424195160e-02
7.502908103916246241e-02
7.095773555641721186e-02
8.123303606048856707e-02
7.541682822799535002e-02
8.026366808840636191e-02
7.910042652190771295e-02
7.173322993408297321e-02
7.754943776657619026e-02
7.793718495540907787e-02
7.444746025591314487e-02
7.464133385032958867e-02
7.328421868941449591e-02
7.289647150058162217e-02
7.192710352849941702e-02
6.901899961225281543e-02
7.619232260566111137e-02
7.386583947266382733e-02
7.367196587824738352e-02
7.309034509499806598e-02
7.095773555641721186e-02
7.522295463357890621e-02
7.580457541682822376e-02
7.580457541682822376e-02
7.483520744474603248e-02
7.173322993408297321e-02
7.522295463357890621e-02
7.018224117875145052e-02
6.708026366808840513e-02
6.785575804575416647e-02
6.727413726250484893e-02
6.552927491275688243e-02
6.727413726250484893e-02
7.095773555641721186e-02
6.359053896859247212e-02
6.281504459092671078e-02
6.688639007367196132e-02
6.281504459092671078e-02
6.649864288483908759e-02
6.339666537417604220e-02
6.514152772392399482e-02
6.649864288483908759e-02
6.843737882900348402e-02
6.843737882900348402e-02
6.669251647925553139e-02
6.223342380767739324e-02
6.572314850717332624e-02
6.591702210158977004e-02
6.727413726250484893e-02
6.359053896859247212e-02
6.436603334625823347e-02
6.203955021326095637e-02
6.455990694067467728e-02
6.068243505234587054e-02
5.699883675843350067e-02
6.048856145792942673e-02
6.165180302442807569e-02
6.281504459092671078e-02
6.203955021326095637e-02
6.552927491275688243e-02
6.223342380767739324e-02
5.893757270259790404e-02
6.242729740209383704e-02
5.796820473051570582e-02
5.738658394726638134e-02
6.417215975184180354e-02
5.602946878635129552e-02
5.680496316401706380e-02
5.098875533152384676e-02
5.506010081426909730e-02
5.350911205893757461e-02
5.816207832493214269e-02
5.816207832493214269e-02
5.816207832493214269e-02
5.680496316401706380e-02
5.525397440868553417e-02
6.010081426909654606e-02
5.738658394726638134e-02
6.048856145792942673e-02
5.641721597518418313e-02
5.602946878635129552e-02
5.447848003101977282e-02
5.040713454827452228e-02
5.835595191934858650e-02
5.312136487010469393e-02
5.312136487010469393e-02
5.525397440868553417e-02
5.370298565335401147e-02
5.506010081426909730e-02
5.971306708026366539e-02
5.506010081426909730e-02
5.253974408685536945e-02
5.641721597518418313e-02
5.350911205893757461e-02
5.641721597518418313e-02
5.389685924777045528e-02
5.389685924777045528e-02
5.350911205893757461e-02
5.195812330360605191e-02
4.866227219852656272e-02
4.556029468786351039e-02
5.253974408685536945e-02
5.079488173710740295e-02
5.253974408685536945e-02
5.195812330360605191e-02
5.389685924777045528e-02
5.273361768127181326e-02
5.602946878635129552e-02
4.808065141527723824e-02
5.253974408685536945e-02
4.342768514928267015e-02
5.098875533152384676e-02
5.273361768127181326e-02
4.536642109344707352e-02
5.021326095385808541e-02
4.614191547111283487e-02
4.711128344319504002e-02
5.001938735944164161e-02
4.866227219852656272e-02
4.885614579294299958e-02
5.234587049243893259e-02
4.478480031019774904e-02
4.982551376502520474e-02
5.060100814269096609e-02
4.788677782086080137e-02
4.749903063202792070e-02
4.323381155486622635e-02
4.691740984877859622e-02
4.943776657619232406e-02
4.556029468786351039e-02
4.711128344319504002e-02
4.536642109344707352e-02
4.381543233811555083e-02
4.439705312136486837e-02
4.497867390461419285e-02
5.040713454827452228e-02
4.536642109344707352e-02
4.924389298177588026e-02
4.478480031019774904e-02
4.982551376502520474e-02
4.963164017060876093e-02
4.536642109344707352e-02
4.478480031019774904e-02
4.866227219852656272e-02
4.614191547111283487e-02
4.536642109344707352e-02
4.323381155486622635e-02
4.536642109344707352e-02
4.905001938735944339e-02
4.381543233811555083e-02
4.808065141527723824e-02
4.963164017060876093e-02
5.040713454827452228e-02
5.001938735944164161e-02
4.517254749903062971e-02
4.633578906552927174e-02
5.253974408685536945e-02
