1.000000000000000000e+00
7.902995720399429436e-01
7.660485021398002470e-01
7.032810271041369798e-01
6.890156918687588838e-01
6.961483594864479318e-01
6.975748930099857636e-01
6.619115549215406347e-01
6.504992867332382023e-01
6.376604850213980491e-01
6.348074179743223855e-01
6.119828815977175207e-01
6.176890156918687369e-01
6.148359486447931843e-01
6.205420827389444005e-01
5.834522111269614397e-01
6.048502139800285837e-01
5.235378031383737252e-01
5.677603423680456229e-01
5.563480741797431905e-01
5.463623395149785900e-01
5.649072753209700704e-01
5.349500713266761576e-01
5.534950071326676380e-01
5.534950071326676380e-01
5.435092724679030374e-01
5.363766048502139894e-01
5.178316690442225090e-01
5.320970042796006050e-01
5.406562054208273738e-01
5.049928673323823558e-01
4.992867332382310841e-01
4.707560627674750586e-01
5.178316690442225090e-01
5.335235378031383258e-01
5.064194008559200766e-01
5.035663338088445240e-01
5.121255349500712928e-01
4.921540656205420916e-01
4.707560627674750586e-01
5.035663338088445240e-01
4.850213980028530436e-01
4.935805991440798679e-01
4.821683309557774355e-01
4.436519258202567539e-01
4.379457917261055377e-01
4.465049928673323620e-01
4.650499286733238424e-01
4.379457917261055377e-01
4.379457917261055377e-01
4.579172610556347944e-01
4.621968616262482343e-01
4.336661911554921534e-01
4.465049928673323620e-01
4.607703281027104025e-01
4.507845934379458019e-01
4.350927246790299296e-01
4.379457917261055377e-01
4.593437945791726262e-01
4.322396576319543771e-01
4.222539229671897210e-01
4.151212553495007285e-01
4.094151212553495123e-01
4.293865905848787690e-01
4.208273894436519447e-01
4.365192582025677615e-01
4.165477888730385048e-01
4.136947218259628967e-01
3.965763195435092481e-01
4.094151212553495123e-01
3.965763195435092481e-01
4.436519258202567539e-01
4.422253922967189776e-01
4.108416547788872886e-01
3.937232524964336400e-01
4.022824536376604643e-01
4.236804564907275528e-01
4.165477888730385048e-01
3.937232524964336400e-01
3.894436519258202556e-01
4.265335235378031609e-01
4.179743223965763366e-01
4.051355206847360724e-01
4.151212553495007285e-01
4.108416547788872886e-01
3.937232524964336400e-01
3.908701854493580874e-01
4.179743223965763366e-01
4.222539229671897210e-01
4.008559201141226880e-01
3.808844507845934313e-01
3.937232524964336400e-01
3.851640513552068712e-01
3.780313837375178232e-01
3.980028530670470799e-01
3.951497860199714718e-01
3.552068473609129584e-01
3.880171184022824793e-01
3.751783166904422151e-01
3.965763195435092481e-01
3.751783166904422151e-01
4.037089871611982961e-01
3.994293865905848562e-01
3.780313837375178232e-01
3.837375178316690394e-01
3.808844507845934313e-01
3.922967189728958637e-01
3.623395149786020064e-01
3.751783166904422151e-01
3.937232524964336400e-01
3.837375178316690394e-01
3.865905848787446475e-01
3.865905848787446475e-01
3.908701854493580874e-01
3.780313837375178232e-01
3.566333808844507902e-01
3.865905848787446475e-01
3.566333808844507902e-01
3.651925820256776145e-01
3.737517831669044388e-01
3.694721825962909989e-01
3.823109843081312631e-01
3.609129814550641746e-01
3.865905848787446475e-01
3.566333808844507902e-01
3.680456490727532226e-01
3.352353780313837572e-01
3.623395149786020064e-01
3.452211126961483578e-01
3.509272467902995740e-01
3.323823109843081491e-01
3.209700427960057167e-01
3.181169757489301086e-01
3.480741797432239659e-01
3.452211126961483578e-01
3.651925820256776145e-01
3.480741797432239659e-01
3.281027104136947092e-01
3.195435092724678849e-01
3.223965763195434930e-01
3.181169757489301086e-01
3.395149786019971416e-01
2.867332382310984196e-01
3.266761768901569329e-01
3.466476462196861896e-01
3.295292439372325410e-01
3.295292439372325410e-01
3.309557774607703173e-01
3.466476462196861896e-01
2.967189728958630757e-01
3.223965763195434930e-01
2.910128388017118595e-01
3.124108416547788925e-01
3.452211126961483578e-01
3.281027104136947092e-01
3.437945791726105815e-01
3.009985734664764601e-01
3.266761768901569329e-01
3.181169757489301086e-01
3.181169757489301086e-01
3.009985734664764601e-01
3.138373751783166687e-01
3.166904422253922768e-01
3.238231098430813248e-01
3.309557774607703173e-01
3.152639087018545005e-01
3.052781740370898445e-01
3.081312410841654525e-01
3.038516405135520682e-01
2.895863052781740277e-01
3.038516405135520682e-01
3.223965763195434930e-01
3.209700427960057167e-01
3.124108416547788925e-01
3.309557774607703173e-01
3.166904422253922768e-01
3.152639087018545005e-01
2.910128388017118595e-01
2.924393723252496358e-01
3.166904422253922768e-01
3.323823109843081491e-01
3.038516405135520682e-01
3.266761768901569329e-01
3.295292439372325410e-01
3.109843081312410606e-01
3.095577746077032844e-01
3.238231098430813248e-01
2.967189728958630757e-01
3.338088445078459254e-01
3.181169757489301086e-01
3.195435092724678849e-01
3.024251069900142919e-01
3.009985734664764601e-01
3.024251069900142919e-01
3.209700427960057167e-01
3.138373751783166687e-01
3.181169757489301086e-01
3.138373751783166687e-01
3.181169757489301086e-01
2.824536376604850352e-01
3.052781740370898445e-01
3.024251069900142919e-01
3.209700427960057167e-01
2.967189728958630757e-01
3.338088445078459254e-01
3.081312410841654525e-01
3.009985734664764601e-01
3.067047075606276763e-01
3.052781740370898445e-01
3.124108416547788925e-01
2.995720399429386838e-01
3.238231098430813248e-01
3.109843081312410606e-01
2.810271041369472034e-01
2.981455064194008520e-01
2.981455064194008520e-01
3.181169757489301086e-01
3.295292439372325410e-01
2.838801711840228115e-01
3.095577746077032844e-01
3.095577746077032844e-01
2.967189728958630757e-01
3.109843081312410606e-01
2.995720399429386838e-01
3.052781740370898445e-01
2.924393723252496358e-01
3.009985734664764601e-01
3.009985734664764601e-01
2.853067047075606433e-01
3.009985734664764601e-01
2.895863052781740277e-01
2.810271041369472034e-01
2.610556348074179467e-01
2.781740370898715953e-01
2.781740370898715953e-01
3.024251069900142919e-01
2.838801711840228115e-01
2.738944365192582109e-01
3.038516405135520682e-01
2.881597717546362514e-01
3.024251069900142919e-01
2.853067047075606433e-01
2.881597717546362514e-01
2.867332382310984196e-01
3.009985734664764601e-01
2.981455064194008520e-01
2.824536376604850352e-01
3.009985734664764601e-01
2.881597717546362514e-01
2.667617689015691629e-01
3.124108416547788925e-01
2.710413694721826028e-01
2.938659058487874676e-01
2.981455064194008520e-01
2.824536376604850352e-01
2.952924393723252439e-01
2.810271041369472034e-01
2.767475035663338190e-01
2.810271041369472034e-01
2.724679029957203791e-01
2.724679029957203791e-01
3.052781740370898445e-01
2.738944365192582109e-01
2.824536376604850352e-01
2.952924393723252439e-01
2.995720399429386838e-01
2.696148359486447710e-01
2.910128388017118595e-01
2.895863052781740277e-01
2.567760342368045623e-01
2.867332382310984196e-01
2.867332382310984196e-01
2.667617689015691629e-01
2.753209700427959872e-01
2.596291012838801704e-01
2.596291012838801704e-01
2.853067047075606433e-01
2.767475035663338190e-01
2.724679029957203791e-01
2.724679029957203791e-01
2.938659058487874676e-01
2.895863052781740277e-01
2.753209700427959872e-01
2.810271041369472034e-01
2.910128388017118595e-01
2.724679029957203791e-01
2.767475035663338190e-01
2.738944365192582109e-01
2.767475035663338190e-01
2.738944365192582109e-01
2.724679029957203791e-01
2.710413694721826028e-01
2.881597717546362514e-01
2.724679029957203791e-01
2.810271041369472034e-01
2.767475035663338190e-01
2.767475035663338190e-01
2.681883024251069947e-01
2.653352353780313866e-01
3.166904422253922768e-01
2.810271041369472034e-01
2.510699001426533461e-01
2.810271041369472034e-01
2.724679029957203791e-01
2.796005706134094271e-01
2.738944365192582109e-01
2.781740370898715953e-01
2.596291012838801704e-01
2.738944365192582109e-01
2.781740370898715953e-01
2.567760342368045623e-01
2.767475035663338190e-01
2.810271041369472034e-01
2.467902995720399340e-01
2.881597717546362514e-01
2.952924393723252439e-01
2.368045649072753334e-01
2.853067047075606433e-01
2.781740370898715953e-01
2.610556348074179467e-01
2.924393723252496358e-01
2.610556348074179467e-01
2.738944365192582109e-01
2.624821683309557785e-01
2.382310984308131374e-01
2.681883024251069947e-01
2.510699001426533461e-01
2.681883024251069947e-01
2.553495007132667860e-01
2.696148359486447710e-01
2.639087018544935548e-01
2.910128388017118595e-01
2.610556348074179467e-01
2.824536376604850352e-01
2.653352353780313866e-01
2.439372325249643259e-01
2.653352353780313866e-01
2.667617689015691629e-01
2.325249643366619212e-01
2.738944365192582109e-01
2.767475035663338190e-01
2.610556348074179467e-01
2.624821683309557785e-01
2.653352353780313866e-01
2.425106990014265218e-01
2.610556348074179467e-01
2.353780313837375293e-01
2.681883024251069947e-01
2.539229671897289542e-01
2.582025677603423941e-01
2.567760342368045623e-01
2.296718972895863131e-01
2.425106990014265218e-01
2.582025677603423941e-01
2.667617689015691629e-01
2.467902995720399340e-01
2.524964336661911779e-01
2.596291012838801704e-01
2.467902995720399340e-01
2.510699001426533461e-01
2.767475035663338190e-01
2.596291012838801704e-01
2.738944365192582109e-01
2.838801711840228115e-01
2.610556348074179467e-01
2.753209700427959872e-01
2.596291012838801704e-01
2.767475035663338190e-01
2.582025677603423941e-01
2.667617689015691629e-01
2.596291012838801704e-01
2.738944365192582109e-01
2.624821683309557785e-01
2.681883024251069947e-01
2.753209700427959872e-01
2.467902995720399340e-01
2.268188302425107050e-01
2.767475035663338190e-01
2.482168330955777380e-01
2.168330955777460767e-01
2.425106990014265218e-01
2.325249643366619212e-01
2.496433666191155420e-01
2.553495007132667860e-01
2.624821683309557785e-01
2.396576319543509137e-01
2.596291012838801704e-01
2.667617689015691629e-01
2.510699001426533461e-01
2.439372325249643259e-01
2.453637660485021299e-01
2.596291012838801704e-01
2.425106990014265218e-01
2.810271041369472034e-01
2.482168330955777380e-01
2.425106990014265218e-01
2.653352353780313866e-01
2.439372325249643259e-01
2.639087018544935548e-01
2.710413694721826028e-01
2.339514978601997253e-01
