1.000000000000000000e+00
8.828774551150740946e-01
8.526328473310037515e-01
8.325099409567418007e-01
8.055187371972526433e-01
7.985299433666707136e-01
7.769610796481504211e-01
7.664778889022774155e-01
7.455115074105314044e-01
7.474394505362091934e-01
7.259910832630437350e-01
7.268345583805277954e-01
7.083986022412338546e-01
6.944210145800698841e-01
6.782744909025183455e-01
6.783949873478732906e-01
6.744186046511627675e-01
6.586335703096758420e-01
6.470659115556091079e-01
6.371852030365103836e-01
6.324858416676708561e-01
6.267020122906373780e-01
6.124834317387637395e-01
6.038076876732136888e-01
5.935654898180503514e-01
5.906735751295336678e-01
5.738040727798530138e-01
5.732015905530787325e-01
5.671767682853355863e-01
5.668152789492709731e-01
5.535606699602361180e-01
5.480178334739125301e-01
5.370526569466200772e-01
5.245210266297144486e-01
5.281359199903602475e-01
5.180142185805518551e-01
5.133148572117122166e-01
5.084949993975177440e-01
4.965658513073864522e-01
5.033136522472586583e-01
4.952403904084829445e-01
4.816242920833835317e-01
4.636703217255090936e-01
4.728280515724785915e-01
4.582479816845402842e-01
4.542715989878298721e-01
4.584889745752500079e-01
4.516206771900229122e-01
4.416194722255693539e-01
4.378840824195686099e-01
4.322207494878901324e-01
4.290878419086636697e-01
4.230630196409205790e-01
4.219785516327268504e-01
4.098084106518857794e-01
4.120978431136281261e-01
4.076394746354982668e-01
4.036630919387877992e-01
4.013736594770454524e-01
3.959513194360766430e-01
3.984817447885287134e-01
3.930594047475599595e-01
3.822147246656223407e-01
3.752259308350403555e-01
3.757079166164598027e-01
3.698035907940716016e-01
3.753464272803952451e-01
3.724545125918785615e-01
3.657067116520062444e-01
3.525725991083262789e-01
3.508856488733582135e-01
3.513676346547776608e-01
3.460657910591637410e-01
3.454633088323894596e-01
3.424508976985178865e-01
3.461862875045186305e-01
3.316062176165803232e-01
3.361850825400650722e-01
3.277503313652247452e-01
3.301602602723219815e-01
3.281118207012893029e-01
3.213640197614170413e-01
3.190745872996746391e-01
3.113628147969634830e-01
3.058199783106398395e-01
3.042535245210266082e-01
2.989516809254126883e-01
2.981082058079286834e-01
2.985901915893481307e-01
2.967827449090251757e-01
2.961802626822508944e-01
2.954572840101217235e-01
2.905169297505723613e-01
2.917218942041209795e-01
2.811182070128931398e-01
2.729244487287624810e-01
2.809977105675382503e-01
2.756958669719243304e-01
2.761778527533437777e-01
2.717194842752138628e-01
2.628027473189540886e-01
2.701530304856006870e-01
2.694300518134715161e-01
2.625617544282443649e-01
2.573804072779852792e-01
2.536450174719845907e-01
2.534040245812748671e-01
2.489456561031449522e-01
2.491866489938546758e-01
2.485841667670803667e-01
2.425593444993372760e-01
2.367755151223038812e-01
2.366550186769490194e-01
2.384624653572719744e-01
2.342450897698517831e-01
2.336426075430774740e-01
2.361730328955295721e-01
2.306301964092059287e-01
2.288227497288830015e-01
2.252078563682371470e-01
2.205084949993975085e-01
2.265333172671406270e-01
2.174960838655259632e-01
2.179780696469454104e-01
2.146041691770092796e-01
2.126762260513314906e-01
2.135197011688155233e-01
2.074948789010724048e-01
2.082178575732016035e-01
2.097843113628148071e-01
2.085793469092661889e-01
2.049644535486203067e-01
2.052054464393300304e-01
2.033979997590071032e-01
2.037594890950716886e-01
2.007470779612001432e-01
2.015905530786841759e-01
2.001445957344258342e-01
1.965297023737799798e-01
1.953247379202313616e-01
1.953247379202313616e-01
1.914688516688757558e-01
1.906253765513917231e-01
1.920713338956500649e-01
1.843595613929389088e-01
1.864080009639715596e-01
1.844800578382937706e-01
1.792987106880347126e-01
1.886974334257139341e-01
1.835160862754548761e-01
1.841185685022291851e-01
1.817086395951319489e-01
1.765272924448728631e-01
1.773707675623569235e-01
1.820701289311965343e-01
1.818291360404868107e-01
1.771297746716471999e-01
1.714664417399686669e-01
1.745993493191950741e-01
1.715869381853235287e-01
1.721894204120978378e-01
1.747198457645499359e-01
1.736353777563561795e-01
1.707434630678394960e-01
1.673695625979033652e-01
1.661645981443547471e-01
1.642366550186769580e-01
1.671285697071936416e-01
1.645981443547415435e-01
1.707434630678394960e-01
1.630316905651283399e-01
1.623087118929991690e-01
1.671285697071936416e-01
1.633931799011929253e-01
1.588143149777081486e-01
1.612242438848053849e-01
1.548379322809977088e-01
1.527894927099650579e-01
1.517050247017713016e-01
1.524280033739004725e-01
1.482106277864803090e-01
1.508615495842872689e-01
1.517050247017713016e-01
1.494155922400289271e-01
1.498975780214483744e-01
1.462826846608025200e-01
1.488131100132546181e-01
1.455597059886733213e-01
1.435112664176406705e-01
1.407398481744788488e-01
1.439932521990601177e-01
1.403783588384142633e-01
1.430292806362212232e-01
1.417038197373177433e-01
1.423063019640920523e-01
1.382094228220267507e-01
1.357994939149295144e-01
1.324255934449933836e-01
1.318231112182190745e-01
1.296541752018315341e-01
1.290516929750572250e-01
1.291721894204120868e-01
1.273647427400891596e-01
1.223038920351849634e-01
1.259187853958308179e-01
1.297746716471863959e-01
1.308591396553801800e-01
1.218219062537655162e-01
1.257982889504759560e-01
1.185685022291842333e-01
1.226653813712495489e-01
1.202554524641523126e-01
1.221833955898301016e-01
1.161585733220869970e-01
1.167610555488613061e-01
1.174840342209904770e-01
1.168815519942161679e-01
1.123026870707314190e-01
1.167610555488613061e-01
1.180865164477647861e-01
1.144716230871189316e-01
1.114592119532473724e-01
1.156765875406675498e-01
1.148331124231835171e-01
1.147126159778286553e-01
1.131461621882154517e-01
1.120616941800216954e-01
1.098927581636341688e-01
1.110977226171827870e-01
1.121821906253765572e-01
1.082058079286661034e-01
1.078443185926015180e-01
1.077238221472466562e-01
1.048319074587299726e-01
1.088082901554404125e-01
1.012170140980841043e-01
1.061573683576334526e-01
1.063983612483431762e-01
1.101337510543438925e-01
1.051933967947945581e-01
1.004940354259549334e-01
1.032654536691167552e-01
1.008555247620195189e-01
9.904807808169659167e-02
9.928907097240631530e-02
9.904807808169659167e-02
1.001325460898903480e-01
1.026629714423424461e-01
9.928907097240631530e-02
9.555368116640558518e-02
9.699963851066394083e-02
9.374623448608265797e-02
9.314375225930834890e-02
9.579467405711530881e-02
9.254127003253403982e-02
9.675864561995421720e-02
9.217978069646945438e-02
1.003735389806000716e-01
9.013134112543680354e-02
9.724063140137366446e-02
9.350524159537293434e-02
9.181829136040486894e-02
9.302325581395348708e-02
9.302325581395348708e-02
8.543197975659717891e-02
9.049283046150138898e-02
8.989034823472707991e-02
8.892637667188818540e-02
8.964935534401735628e-02
9.085431979756597443e-02
8.844439089046872426e-02
8.675744065550065887e-02
8.591396553801662617e-02
8.892637667188818540e-02
8.507049042053259347e-02
8.760091577298469157e-02
8.482949752982286984e-02
8.434751174840342258e-02
8.627545487408121161e-02
8.579346909266176435e-02
9.037233401614652717e-02
8.904687311724304721e-02
8.458850463911314621e-02
8.290155440414508081e-02
8.723942643692010612e-02
8.410651885769369895e-02
8.217857573201590993e-02
7.952765393420893614e-02
8.073261838775755428e-02
7.940715748885407432e-02
8.085311483311242997e-02
7.892517170743462707e-02
7.627424990962766715e-02
7.892517170743462707e-02
7.446680322930473994e-02
7.723822147246656167e-02
7.277985299433666067e-02
7.181588143149776615e-02
7.615375346427280534e-02
7.470779612001446357e-02
7.531027834678877264e-02
7.350283166646584543e-02
7.422581033859501631e-02
7.663573924569225260e-02
7.410531389324015450e-02
7.687673213640197623e-02
7.567176768285335808e-02
7.543077479214363446e-02
7.205687432220748978e-02
7.193637787685262797e-02
7.205687432220748978e-02
7.265935654898179885e-02
7.446680322930473994e-02
7.386432100253043087e-02
7.302084588504638429e-02
7.097240631401373345e-02
7.217737076756235159e-02
6.988793830581997713e-02
6.940595252440052987e-02
7.205687432220748978e-02
7.024942764188456257e-02
7.326183877575612180e-02
7.326183877575612180e-02
7.205687432220748978e-02
7.061091697794914801e-02
6.783949873478732628e-02
6.627304494517412270e-02
6.675503072659356996e-02
6.326063381130256347e-02
6.410410892878659617e-02
6.482708760091576705e-02
6.133269068562477444e-02
6.277864802988311621e-02
6.434510181949631979e-02
6.060971201349560356e-02
6.109169779491505081e-02
6.024822267743101811e-02
6.410410892878659617e-02
6.036871912278587993e-02
5.832027955175322215e-02
5.928425111459211666e-02
6.205566935775394533e-02
5.747680443426918945e-02
5.856127244246294578e-02
5.675382576214001856e-02
5.832027955175322215e-02
5.795879021568863670e-02
5.976623689601157086e-02
5.747680443426918945e-02
5.735630798891432763e-02
5.470538619110736078e-02
5.362091818291360446e-02
5.856127244246294578e-02
5.518737197252680804e-02
5.121098927581636123e-02
5.217496083865526268e-02
5.434389685504277534e-02
5.542836486323653167e-02
5.181347150259067030e-02
5.217496083865526268e-02
5.554886130859139348e-02
5.169297505723580849e-02
5.289793951078443357e-02
5.337992529220388083e-02
5.482588263646222260e-02
5.410290396433305171e-02
5.350042173755874264e-02
5.518737197252680804e-02
5.554886130859139348e-02
5.265694662007470994e-02
5.386191107362332808e-02
5.386191107362332808e-02
5.313893240149415720e-02
5.627183998072057131e-02
5.639233642607543312e-02
5.350042173755874264e-02
5.362091818291360446e-02
5.494637908181708441e-02
5.253645017471984813e-02
5.506687552717194623e-02
5.350042173755874264e-02
5.169297505723580849e-02
5.265694662007470994e-02
5.398240751897818990e-02
5.145198216652608486e-02
5.494637908181708441e-02
5.205446439330040087e-02
5.458488974575249897e-02
5.229545728401012450e-02
5.217496083865526268e-02
5.145198216652608486e-02
5.060850704904205216e-02
5.096999638510663760e-02
5.313893240149415720e-02
5.362091818291360446e-02
5.325942884684901901e-02
5.193396794794553906e-02
5.036751415833232853e-02
4.988552837691288128e-02
5.084949993975177579e-02
5.024701771297746672e-02
