1.000000000000000000e+00
8.579208713759410854e-01
8.117892039083773881e-01
7.771904533077046429e-01
7.738266858881948096e-01
7.475572641358321224e-01
7.172833573602435120e-01
6.975812910459714411e-01
6.806022745474932245e-01
6.794810187409898727e-01
6.536921351914143363e-01
6.427999359282395853e-01
6.347909658817876277e-01
6.171712317795930991e-01
6.090020823322120913e-01
5.913823482300176737e-01
5.817715841742752136e-01
5.710395643120295128e-01
5.716802819157456028e-01
5.641518500720806850e-01
5.442896043568796749e-01
5.457312189652410162e-01
5.333974050937049238e-01
5.305141758769822413e-01
5.189812590100912892e-01
5.199423354156655908e-01
5.183405414063750882e-01
4.965561428800256416e-01
4.917507608521544116e-01
4.861444818196379858e-01
4.722088739388114464e-01
4.641999038923594334e-01
4.509050136152490951e-01
4.558705750440493198e-01
4.549094986384750738e-01
4.510651930161781453e-01
4.404933525548614393e-01
4.339259971167707675e-01
4.345667147204869685e-01
4.132628543969245616e-01
4.206311068396604291e-01
4.079769341662662363e-01
4.126221367932084161e-01
4.006086817235303688e-01
3.996476053179561228e-01
3.970847349030914852e-01
3.898766618612846124e-01
3.876341502482780754e-01
3.865128944417747792e-01
3.877943296492071257e-01
3.773826685888194699e-01
3.743392599711676816e-01
3.759410539804581286e-01
3.672913663302899145e-01
3.576806022745475100e-01
3.674515457312189648e-01
3.634470607079929305e-01
3.522345026429601345e-01
3.584814992791927057e-01
3.477494794169470049e-01
3.429440973890757749e-01
3.426237385872176744e-01
3.368572801537721984e-01
3.336536921351914153e-01
3.370174595547012486e-01
3.314111805221848228e-01
3.208393400608681723e-01
3.261252602915264975e-01
3.174755726413583390e-01
3.147525228255646512e-01
3.118692936088419132e-01
3.081851673874739794e-01
3.043408617651769954e-01
3.075444497837578339e-01
3.096267819958353207e-01
2.979336857280153739e-01
2.963318917187249824e-01
2.924875860964279983e-01
2.894441774787762101e-01
2.795130546211757050e-01
2.774307224090981627e-01
2.739067755886592792e-01
2.796732340221047552e-01
2.804741310267499510e-01
2.761492872016658717e-01
2.753483901970206760e-01
2.774307224090981627e-01
2.670190613487105624e-01
2.674995995514976577e-01
2.663783437449944169e-01
2.679801377542848084e-01
2.633349351273426286e-01
2.622136793208393324e-01
2.561268620855358114e-01
2.521223770623097771e-01
2.497196860483741898e-01
2.644561909338459249e-01
2.503604036520903353e-01
2.493993272465160893e-01
2.503604036520903353e-01
2.405894601954188805e-01
2.377062309786961425e-01
2.385071279833413382e-01
2.335415665545410857e-01
2.333813871536120355e-01
2.324203107480377895e-01
2.377062309786961425e-01
2.338619253563991585e-01
2.264936729136632909e-01
2.256927759090180952e-01
2.204068556783597699e-01
2.188050616690693506e-01
2.199263174755726469e-01
2.154412942495595173e-01
2.181643440653532051e-01
2.148005766458433441e-01
2.144802178439852713e-01
2.071119654012494038e-01
2.151209354477014168e-01
2.071119654012494038e-01
2.128784238346948521e-01
2.015056863687329780e-01
2.079128624058945995e-01
2.071119654012494038e-01
2.029473009770943470e-01
2.035880185808105203e-01
2.008649687650168325e-01
2.034278391798814700e-01
1.917347429120614954e-01
1.934967163222809650e-01
1.923754605157776687e-01
1.933365369213519147e-01
1.918949223129905457e-01
1.902931283037001542e-01
1.874098990869774162e-01
1.870895402851193434e-01
1.870895402851193434e-01
1.790805702386673026e-01
1.813230818516738674e-01
1.787602114368092299e-01
1.808425436488867444e-01
1.758769822200864918e-01
1.737946500080089773e-01
1.763575204228736149e-01
1.818036200544609904e-01
1.779593144321640341e-01
1.747557264135832233e-01
1.797212878423834759e-01
1.779593144321640341e-01
1.786000320358801796e-01
1.795611084414544256e-01
1.710716001922152896e-01
1.717123177959314351e-01
1.702707031875700661e-01
1.664263975652731098e-01
1.635431683485503718e-01
1.579368893160339460e-01
1.659458593624859868e-01
1.630626301457632488e-01
1.685087297773506243e-01
1.614608361364728573e-01
1.624219125420471033e-01
1.606599391318276338e-01
1.603395803299695610e-01
1.539324042928079395e-01
1.483261252602915137e-01
1.544129424955950625e-01
1.585776069197501192e-01
1.497677398686528827e-01
1.544129424955950625e-01
1.564952747076726047e-01
1.484863046612205639e-01
1.464039724491430494e-01
1.484863046612205639e-01
1.476854076565753682e-01
1.491270222649367372e-01
1.457632548454268762e-01
1.468845106519301724e-01
1.430402050296331884e-01
1.428800256287041381e-01
1.427198462277751156e-01
1.401569758129104504e-01
1.353515937850392481e-01
1.313471087618132416e-01
1.371135671952586899e-01
1.404773346147685509e-01
1.332692615729617058e-01
1.380746436008329359e-01
1.391958994073362044e-01
1.329489027711036331e-01
1.350312349831811753e-01
1.356719525868973208e-01
1.327887233701745828e-01
1.260611885311548885e-01
1.342303379785359518e-01
1.363126701906134941e-01
1.319878263655293871e-01
1.299054941534518726e-01
1.260611885311548885e-01
1.353515937850392481e-01
1.302258529553099453e-01
1.284638795450905036e-01
1.297453147525228223e-01
1.257408297292968158e-01
1.234983181162902510e-01
1.238186769181483238e-01
1.209354477014255996e-01
1.251001121255806425e-01
1.236584975172192874e-01
1.210956271023546360e-01
1.204549094986384766e-01
1.191734742912061440e-01
1.204549094986384766e-01
1.228576005125740778e-01
1.191734742912061440e-01
1.177318596828447889e-01
1.223770623097869548e-01
1.156495274707672605e-01
1.175716802819157525e-01
1.162902450744834199e-01
1.185327566874899846e-01
1.206150888995675130e-01
1.113246836456831673e-01
1.119654012493993267e-01
1.130866570559026091e-01
1.140477334614768551e-01
1.170911420791286295e-01
1.135671952586897321e-01
1.079609162261733202e-01
1.087618132308185159e-01
1.130866570559026091e-01
1.103636072401089213e-01
1.098830690373217983e-01
1.110043248438250807e-01
1.084414544289604293e-01
1.084414544289604293e-01
1.063591222168829148e-01
1.017139195899407350e-01
1.042767900048053864e-01
1.002723049815793660e-01
1.086016338298894796e-01
1.071600192215281105e-01
1.074803780233861972e-01
1.045971488066634592e-01
1.042767900048053864e-01
9.995194617972129325e-02
9.979176677879224300e-02
1.020342783917988078e-01
1.009130225852955254e-01
1.007528431843664890e-01
1.029953547973730538e-01
9.690853756206951886e-02
1.012333813871536120e-01
9.835015217043088787e-02
9.610764055742430922e-02
9.706871696299855523e-02
9.338459074163062146e-02
9.851033157135992424e-02
9.498638475092102684e-02
9.434566714720486746e-02
9.434566714720486746e-02
8.745795290725612292e-02
9.162261733141117970e-02
9.306423193977254871e-02
9.466602594906295409e-02
9.162261733141117970e-02
9.066154092583693369e-02
9.066154092583693369e-02
9.386512894441774446e-02
9.322441134070158508e-02
9.002082332212077431e-02
8.457472369053339878e-02
8.921992631747557856e-02
8.809867051097228230e-02
9.130225852955309307e-02
8.970046452026268768e-02
9.098189972769502032e-02
8.681723530353996354e-02
9.002082332212077431e-02
8.729777350632708655e-02
8.697741470446899992e-02
9.002082332212077431e-02
8.697741470446899992e-02
8.713759410539805017e-02
8.921992631747557856e-02
8.617651769982380416e-02
8.409418548774627578e-02
8.297292968124299339e-02
8.185167387473971101e-02
8.121095627102355163e-02
8.553580009610764479e-02
8.105077687009450138e-02
8.041005926637834200e-02
7.880826525708793662e-02
7.880826525708793662e-02
8.201185327566874739e-02
8.265257087938490677e-02
8.217203267659778376e-02
7.672593304501040823e-02
8.249239147845587039e-02
8.024987986544930563e-02
7.672593304501040823e-02
7.816754765337177724e-02
8.024987986544930563e-02
7.704629184686849486e-02
7.576485663943616222e-02
7.544449783757808947e-02
7.400288322921672046e-02
7.992952106359121900e-02
7.448342143200384347e-02
7.432324203107480709e-02
7.608521544129424885e-02
7.272144802178440171e-02
7.272144802178440171e-02
7.144001281435206907e-02
7.320198622457152471e-02
7.063911580970687332e-02
6.871696299855838130e-02
7.240108921992631508e-02
7.144001281435206907e-02
6.807624539484222193e-02
7.160019221528111932e-02
6.983821880506166369e-02
7.079929521063590969e-02
7.448342143200384347e-02
6.663463078648085292e-02
6.727534839019702617e-02
6.871696299855838130e-02
6.935768060227454068e-02
7.095947461156494607e-02
6.807624539484222193e-02
6.887714239948743156e-02
7.079929521063590969e-02
6.967803940413262731e-02
6.567355438090662079e-02
6.663463078648085292e-02
6.871696299855838130e-02
6.999839820599071394e-02
6.359122216882909240e-02
6.599391318276469354e-02
6.359122216882909240e-02
6.134871055582252070e-02
6.391158097068716515e-02
6.631427198462278016e-02
6.599391318276469354e-02
6.519301617811949778e-02
6.679481018740990317e-02
6.375140156975812877e-02
6.343104276790004215e-02
6.391158097068716515e-02
6.198942815953868007e-02
6.118853115489347738e-02
6.295050456511293302e-02
6.343104276790004215e-02
5.990709594746115862e-02
6.198942815953868007e-02
6.391158097068716515e-02
6.279032516418388277e-02
5.926637834374499231e-02
6.182924875860964370e-02
6.006727534839019500e-02
6.102835175396444101e-02
5.750440493352555055e-02
5.670350792888034785e-02
6.118853115489347738e-02
5.446099631587377615e-02
6.182924875860964370e-02
5.910619894281595593e-02
5.830530193817075324e-02
5.814512253724170993e-02
5.702386673073842754e-02
5.718404613166747086e-02
5.814512253724170993e-02
5.878584014095787624e-02
5.894601954188691262e-02
5.670350792888034785e-02
5.349991991029953708e-02
5.558225212237706547e-02
5.590261092423514516e-02
5.558225212237706547e-02
5.654332852795130454e-02
5.702386673073842754e-02
5.526189332051897884e-02
6.022745474931923831e-02
5.510171391958994247e-02
5.734422553259650723e-02
6.214960756046772339e-02
5.958673714560307200e-02
5.958673714560307200e-02
5.910619894281595593e-02
5.910619894281595593e-02
5.750440493352555055e-02
5.734422553259650723e-02
5.734422553259650723e-02
5.942655774467403562e-02
5.958673714560307200e-02
5.750440493352555055e-02
5.798494313631267355e-02
5.446099631587377615e-02
5.478135511773186278e-02
5.333974050937049377e-02
