1.000000000000000000e+00
8.549336022860984929e-01
8.149268784669692067e-01
7.992939989914271681e-01
7.735753908219868968e-01
7.339048579593209221e-01
7.367624810892586806e-01
7.085224407463439622e-01
7.011262397041519989e-01
6.908724155320221660e-01
6.651538073625818948e-01
6.500252143217347678e-01
6.548999831904521729e-01
6.449823499747856514e-01
6.362413851067406645e-01
6.280047066733904781e-01
6.296856614557068132e-01
6.219532694570516496e-01
6.148932593713228867e-01
6.059841990250461885e-01
5.896789376365775270e-01
5.802655908556060282e-01
5.804336863338376284e-01
5.676584299882333484e-01
5.646327113800638786e-01
5.605984199025045855e-01
5.493360228609850404e-01
5.426122037317195890e-01
5.375693393847705837e-01
5.323583795595898671e-01
5.273155152126407508e-01
5.284921835602621742e-01
5.185745503445957638e-01
5.170616910405110289e-01
5.007564296520423675e-01
4.987392839132627209e-01
4.928559421751554925e-01
4.883173642629013433e-01
4.817616406118675476e-01
4.740292486132123284e-01
4.684820978315683560e-01
4.768868717431500870e-01
4.605816103546814810e-01
4.491511178349302247e-01
4.469658766179189779e-01
4.473020675743822339e-01
4.489830223566986245e-01
4.430996806185913406e-01
4.437720625315179079e-01
4.367120524457892006e-01
4.296520423600604932e-01
4.256177508825012556e-01
4.254496554042695999e-01
4.214153639267103624e-01
4.170448814926878689e-01
4.025886703647671983e-01
4.121701126239704083e-01
4.094805849722642499e-01
4.024205748865355425e-01
3.973777105395864817e-01
3.997310472348293842e-01
3.904857959320894301e-01
3.837619768028239786e-01
3.797276853252647411e-01
3.901496049756261741e-01
3.778786350647167502e-01
3.719952933266095219e-01
3.733400571524626010e-01
3.708186249789880429e-01
3.669524289796604610e-01
3.632543284585644794e-01
3.565305093292990279e-01
3.498066902000336320e-01
3.561943183728357720e-01
3.536728861993612139e-01
3.432509665489998363e-01
3.535047907211296137e-01
3.464447806354009063e-01
3.467809715918641622e-01
3.456043032442427387e-01
3.457723987224743389e-01
3.387123886367456871e-01
3.326609514204068030e-01
3.403933434190620222e-01
3.383761976802823757e-01
3.371995293326609522e-01
3.366952428979660406e-01
3.180366448142544766e-01
3.252647503782148397e-01
3.150109262060850623e-01
3.247604639435199281e-01
3.173642629013279648e-01
3.121533030761472483e-01
3.096318709026727456e-01
3.118171121196839923e-01
3.084552025550512666e-01
3.045890065557236293e-01
2.980332829046898890e-01
2.955118507312153309e-01
2.966885190788367543e-01
2.941670869053622517e-01
2.854261220373172092e-01
2.886199361237182792e-01
2.909732728189611817e-01
2.983694738611531450e-01
2.899646999495713584e-01
2.897966044713397027e-01
2.850899310808538978e-01
2.916456547318876935e-01
2.877794587325601117e-01
2.829046898638426510e-01
2.822323079509161392e-01
2.850899310808538978e-01
2.731551521264077853e-01
2.719784837787863618e-01
2.647503782148259988e-01
2.581946545637922585e-01
2.657589510842158220e-01
2.637418053454362310e-01
2.597075138678769379e-01
2.615565641284249288e-01
2.660951420406791335e-01
2.590351319549504261e-01
2.571860816944024353e-01
2.600437048243402494e-01
2.645822827365943986e-01
2.455874936964195787e-01
2.457555891746512067e-01
2.482770213481257371e-01
2.469322575222726579e-01
2.471003530005042859e-01
2.533198856950747979e-01
2.492855942175155604e-01
2.430660615229450205e-01
2.460917801311144626e-01
2.440746343923348438e-01
2.402084383930072342e-01
2.420574886535552250e-01
2.420574886535552250e-01
2.400403429147756063e-01
2.361741469154479689e-01
2.319717599596570756e-01
2.282736594385610940e-01
2.274331820474029264e-01
2.314674735249621917e-01
2.301227096991090848e-01
2.265927046562447589e-01
2.242393679610018564e-01
2.239031770045385727e-01
2.215498403092956703e-01
2.227265086569171215e-01
2.191965036140527956e-01
2.197007900487476795e-01
2.170112623970415211e-01
2.138174483106404511e-01
2.202050764834425911e-01
2.186922171793578840e-01
2.173474533535047770e-01
2.141536392671037070e-01
2.188603126575895119e-01
2.144898302235669907e-01
2.089426794419230182e-01
2.118003025718608046e-01
2.181879307446629723e-01
2.160026895276516978e-01
2.013783829214993992e-01
2.040679105732055854e-01
2.084383930072281066e-01
2.148260211800302466e-01
2.005379055303412317e-01
2.079341065725331950e-01
2.086064884854597345e-01
2.109598251807026370e-01
2.012102874432677713e-01
2.033955286602790458e-01
2.040679105732055854e-01
2.010421919650361433e-01
1.956631366616237988e-01
1.973440914439401617e-01
1.943183728357707196e-01
1.929736090099176404e-01
1.919650361405278172e-01
1.958312321398554268e-01
1.943183728357707196e-01
1.973440914439401617e-01
1.907883677929063659e-01
1.917969406622961892e-01
1.953269457051605429e-01
1.963355185745503384e-01
1.934778954446125521e-01
1.872583627500420123e-01
1.854093124894940214e-01
1.899478904017481984e-01
1.892755084888216588e-01
1.911245587493696496e-01
1.820474029248613235e-01
1.849050260547991376e-01
1.818793074466296955e-01
1.795259707513867931e-01
1.822154984030929514e-01
1.874264582282736680e-01
1.838964531854093143e-01
1.748192973609009881e-01
1.807026390990082443e-01
1.838964531854093143e-01
1.798621617078500490e-01
1.805345436207765886e-01
1.798621617078500490e-01
1.761640611867540673e-01
1.716254832744999181e-01
1.753235837955958998e-01
1.682635737098671924e-01
1.701126239704151832e-01
1.731383425785846253e-01
1.743150109262060765e-01
1.751554883173642718e-01
1.719616742309631741e-01
1.677592872751723085e-01
1.692721465792570157e-01
1.709531013615733785e-01
1.657421415363926620e-01
1.687678601445621041e-01
1.674230963187090249e-01
1.684316691880988481e-01
1.617078500588334244e-01
1.613716591023701408e-01
1.610354681459068849e-01
1.652378551016977781e-01
1.635569003193814153e-01
1.595226088418221499e-01
1.585140359724323544e-01
1.559926037989577963e-01
1.598587997982854336e-01
1.533030761472516379e-01
1.564968902336527079e-01
1.590183224071272383e-01
1.526306942343250983e-01
1.531349806690200099e-01
1.593545133635905220e-01
1.521264077996301867e-01
1.536392671037149216e-01
1.541435535384098054e-01
1.504454530173138238e-01
1.541435535384098054e-01
1.514540258867036471e-01
1.536392671037149216e-01
1.514540258867036471e-01
1.516221213649352750e-01
1.475878298873760375e-01
1.531349806690200099e-01
1.506135484955454795e-01
1.460749705832913026e-01
1.440578248445116838e-01
1.442259203227433118e-01
1.412002017145738697e-01
1.445621112792065954e-01
1.432173474533535162e-01
1.437216338880484001e-01
1.482602118003025771e-01
1.405278198016473301e-01
1.418725836275004093e-01
1.403597243234157022e-01
1.388468650193309673e-01
1.417044881492687813e-01
1.437216338880484001e-01
1.393511514540258789e-01
1.406959152798789581e-01
1.353168599764666413e-01
1.390149604975626230e-01
1.381744831064044277e-01
1.356530509329298972e-01
1.346444780635401017e-01
1.412002017145738697e-01
1.385106740628677113e-01
1.364935283240880926e-01
1.351487644982349856e-01
1.368297192805513485e-01
1.368297192805513485e-01
1.353168599764666413e-01
1.378382921499411717e-01
1.363254328458564368e-01
1.356530509329298972e-01
1.316187594553706597e-01
1.304420911077492085e-01
1.296016137165910131e-01
1.364935283240880926e-01
1.332997142376869948e-01
1.346444780635401017e-01
1.326273323247604552e-01
1.312825684989073760e-01
1.306101865859808364e-01
1.339720961506135621e-01
1.279206589342746780e-01
1.324592368465288272e-01
1.348125735417717297e-01
1.289292318036644736e-01
1.292654227601277572e-01
1.351487644982349856e-01
1.292654227601277572e-01
1.321230458900655436e-01
1.351487644982349856e-01
1.265758951084215711e-01
1.279206589342746780e-01
1.334678097159186505e-01
1.312825684989073760e-01
1.299378046730542968e-01
1.329635232812237389e-01
1.289292318036644736e-01
1.272482770213481384e-01
1.235501765002521429e-01
1.319549504118339156e-01
1.282568498907379340e-01
1.275844679778113944e-01
1.245587493696419523e-01
1.225416036308623335e-01
1.284249453689695619e-01
1.247268448478735942e-01
1.227096991090939615e-01
1.213649352832408823e-01
1.210287443267776125e-01
1.171625483274499890e-01
1.200201714573878031e-01
1.218692217179357939e-01
1.232139855437888731e-01
1.243906538914103244e-01
1.188435031097663519e-01
1.208606488485459707e-01
1.188435031097663519e-01
1.208606488485459707e-01
1.185073121533030821e-01
1.186754076315347101e-01
1.186754076315347101e-01
1.195158850226928915e-01
1.146411161539754586e-01
1.164901664145234494e-01
1.144730206757438168e-01
1.131282568498907376e-01
1.190115985879979799e-01
1.196839805009245195e-01
1.148092116322071005e-01
1.166582618927550913e-01
1.139687342410489190e-01
1.131282568498907376e-01
1.161539754580601796e-01
1.138006387628172772e-01
1.158177845015969099e-01
1.111111111111111049e-01
1.102706337199529374e-01
1.149773071104387284e-01
1.109430156328794770e-01
1.099344427634896676e-01
1.070768196335518535e-01
1.119515885022692864e-01
1.141368297192805470e-01
1.146411161539754586e-01
1.134644478063540074e-01
1.163220709362918076e-01
1.112792065893427468e-01
1.122877794587325562e-01
1.117834930240376584e-01
1.122877794587325562e-01
1.129601613716590958e-01
1.085896789376365745e-01
1.055639603294671325e-01
1.065725331988569557e-01
1.089258698940998443e-01
1.124558749369641980e-01
1.085896789376365745e-01
1.065725331988569557e-01
1.074130105900151233e-01
1.062363422423936860e-01
1.080853925029416768e-01
1.070768196335518535e-01
1.055639603294671325e-01
1.043872919818456951e-01
1.042191965036140533e-01
1.070768196335518535e-01
1.064044377206253139e-01
1.069087241553202255e-01
1.067406286770885837e-01
1.085896789376365745e-01
1.070768196335518535e-01
1.033787191124558719e-01
1.085896789376365745e-01
1.074130105900151233e-01
1.047234829383089649e-01
1.052277693730038627e-01
1.040511010253824115e-01
1.040511010253824115e-01
1.032106236342242439e-01
1.038830055471507835e-01
1.082534879811733047e-01
1.092620608505631141e-01
1.092620608505631141e-01
1.106068246764162072e-01
1.040511010253824115e-01
1.042191965036140533e-01
1.025382417212976904e-01
9.951252311312826226e-02
9.783156833081189940e-02
1.027063371995293323e-01
