1.000000000000000000e+00
8.233740508418619930e-01
7.608121492241664008e-01
7.329151535160118858e-01
6.970947507428194578e-01
6.553317926708485119e-01
6.307362165731263959e-01
6.068009243974908928e-01
6.003631561571475261e-01
5.602509078903928907e-01
5.595906239683063887e-01
5.287223506107626703e-01
5.181578078573786383e-01
5.009904258831296975e-01
4.815120501815780552e-01
4.626939584021129148e-01
4.514691317266424364e-01
4.465170023109937270e-01
4.367778144602179058e-01
4.197755034664906182e-01
4.113568834598877455e-01
3.955100693298118086e-01
3.829646748101683817e-01
3.943545724661604579e-01
3.841201716738197325e-01
3.720699900957411543e-01
3.651370089138329389e-01
3.461538461538461453e-01
3.418620006602839378e-01
3.364146583030703241e-01
3.154506437768240246e-01
3.085176625949158091e-01
3.075272367117860561e-01
3.007593265103994939e-01
2.877187190491911628e-01
2.832618025751073021e-01
2.807857378672829474e-01
2.797953119841531944e-01
2.748431825685044294e-01
2.672499174645097120e-01
2.551997358864311893e-01
2.515681743149554284e-01
2.598217233410366478e-01
2.528887421591284324e-01
2.411687025420931052e-01
2.421591284252228582e-01
2.368768570485308700e-01
2.218553978210630606e-01
2.188841201716738294e-01
2.206999009574116821e-01
2.178936942885440764e-01
2.124463519313304627e-01
2.045229448662924943e-01
2.040277319247276455e-01
2.028722350610762670e-01
2.015516672169032630e-01
1.987454605480356573e-01
1.931330472103004181e-01
1.890062726972598084e-01
1.824034334763948439e-01
1.799273687685704892e-01
1.810828656322218677e-01
1.746450973918785010e-01
1.807527236711786167e-01
1.751403103334433775e-01
1.718388907230108953e-01
1.703532518983162658e-01
1.754704522944866285e-01
1.627599867943215484e-01
1.579729283591944644e-01
1.617695609111918231e-01
1.612743479696269466e-01
1.639154836579729269e-01
1.545064377682403567e-01
1.586332122812809386e-01
1.579729283591944644e-01
1.480686695278969900e-01
1.465830307032023883e-01
1.462528887421591373e-01
1.353582040277319376e-01
1.363486299108616628e-01
1.295807197094750729e-01
1.295807197094750729e-01
1.342027071640805591e-01
1.373390557939914158e-01
1.290855067679101964e-01
1.330472103004291806e-01
1.279300099042588179e-01
1.287553648068669454e-01
1.289204357873885709e-01
1.198415318586992379e-01
1.242984483327830986e-01
1.213271706833938535e-01
1.233080224496533456e-01
1.201716738197424889e-01
1.214922416639154790e-01
1.117530538131396439e-01
1.165401122482667556e-01
1.079564212611422852e-01
1.147243314625288890e-01
1.102674149884450283e-01
1.178606800924397457e-01
1.094420600858369147e-01
1.143941895014856380e-01
1.056454275338395560e-01
1.028392208649719364e-01
1.087817761637504127e-01
1.048200726312314285e-01
1.031693628260151874e-01
1.102674149884450283e-01
9.904258831297457766e-02
9.904258831297457766e-02
1.016837240013205718e-01
9.689666556619346005e-02
1.020138659623638228e-01
9.722680752723671105e-02
1.054803565533179305e-01
9.359524595576097783e-02
9.293496203367447583e-02
9.260482007263122484e-02
9.144932320897986022e-02
9.854737537140970116e-02
8.847804555959062900e-02
8.534169692967975840e-02
9.343017497523935233e-02
8.946847144272036811e-02
8.996368438428524461e-02
9.045889732585012111e-02
8.534169692967975840e-02
9.343017497523935233e-02
8.715747771541762501e-02
8.798283261802575250e-02
8.781776163750412700e-02
8.633212281280951139e-02
8.699240673489599951e-02
8.385605810498514279e-02
8.468141300759327028e-02
8.550676791020138390e-02
8.022449653350940957e-02
8.402112908550676829e-02
8.088478045559591156e-02
7.296137339055794313e-02
7.890392868933641946e-02
7.609772202046879985e-02
7.312644437107956863e-02
7.362165731264443125e-02
7.164080554638493914e-02
7.147573456586332752e-02
6.982502476064707253e-02
6.602839220864971381e-02
7.081545064377682552e-02
7.147573456586332752e-02
6.999009574116869803e-02
6.421261142291184720e-02
6.734896005282271780e-02
6.586332122812808831e-02
6.536810828656322570e-02
6.338725652030373359e-02
6.289204357873885709e-02
6.305711455926048259e-02
6.058104985143612092e-02
5.959062396830637487e-02
5.529877847474413965e-02
5.793991416309012682e-02
5.678441729943875527e-02
5.959062396830637487e-02
5.777484318256850132e-02
5.777484318256850132e-02
5.876526906569824737e-02
5.926048200726312387e-02
5.414328161109276810e-02
5.579399141630901615e-02
5.364806866952789854e-02
5.562892043578739065e-02
5.414328161109276810e-02
5.760977220204688276e-02
5.216242984483327599e-02
5.777484318256850132e-02
5.331792670848464755e-02
5.496863651370088866e-02
5.612413337735226021e-02
5.282271376691977799e-02
5.546384945526576515e-02
5.166721690326840644e-02
5.216242984483327599e-02
5.216242984483327599e-02
5.166721690326840644e-02
5.117200396170352994e-02
4.886101023440079377e-02
5.001650709805216533e-02
5.018157807857378389e-02
4.952129415648728883e-02
5.001650709805216533e-02
4.902608121492241927e-02
4.803565533179267322e-02
4.968636513700891433e-02
4.952129415648728883e-02
4.638494552657642517e-02
4.787058435127104772e-02
4.357873885770881250e-02
4.638494552657642517e-02
4.968636513700891433e-02
4.803565533179267322e-02
4.407395179927368900e-02
4.522944866292506055e-02
4.456916474083855856e-02
4.357873885770881250e-02
4.539451964344667911e-02
4.605480356553318111e-02
4.572466160448993011e-02
4.489930670188180956e-02
4.588973258501155561e-02
3.945196434466820973e-02
4.803565533179267322e-02
4.836579729283591728e-02
4.242324199405744789e-02
4.060746120831957434e-02
4.374380983823043800e-02
4.110267414988445084e-02
4.374380983823043800e-02
4.077253218884119984e-02
3.862660944206008917e-02
4.060746120831957434e-02
3.912182238362495873e-02
3.895675140310333323e-02
4.209310003301419689e-02
3.879168042258170773e-02
3.978210630571145379e-02
3.879168042258170773e-02
3.582040277319246957e-02
3.301419610432485691e-02
3.119841531858699377e-02
3.103334433806536827e-02
3.268405414328161285e-02
3.532518983162760001e-02
3.499504787058434901e-02
3.648068669527897157e-02
3.648068669527897157e-02
3.334433806536810790e-02
3.367448002641135890e-02
2.971277649389237469e-02
3.466490590954110496e-02
3.780125453945196168e-02
3.433476394849785396e-02
3.169362826015186679e-02
3.664575767580059706e-02
3.202377022119511085e-02
3.730604159788709212e-02
3.284912512380323835e-02
3.449983492901947946e-02
3.070320237702212074e-02
3.169362826015186679e-02
3.664575767580059706e-02
3.532518983162760001e-02
3.251898316275998735e-02
3.383955100693298440e-02
3.350940904588973340e-02
3.334433806536810790e-02
3.218884120171673635e-02
3.020798943545724771e-02
3.152855727963024129e-02
3.284912512380323835e-02
3.202377022119511085e-02
3.218884120171673635e-02
2.905249257180587616e-02
2.855727963024100313e-02
2.987784747441399671e-02
2.888742159128425066e-02
2.954770551337074919e-02
2.855727963024100313e-02
2.789699570815450808e-02
2.707164080554638405e-02
2.558600198085176497e-02
2.525586001980851744e-02
2.938263453284912369e-02
2.525586001980851744e-02
2.773192472763288258e-02
2.740178276658963505e-02
2.822713766919775560e-02
2.443050511720039689e-02
2.426543413667877139e-02
2.575107296137339047e-02
2.822713766919775560e-02
2.459557609772201892e-02
2.641135688345988899e-02
2.921756355232750166e-02
2.723671178606800955e-02
2.855727963024100313e-02
2.657642786398151102e-02
2.806206668867613011e-02
2.393529217563552386e-02
2.921756355232750166e-02
2.641135688345988899e-02
2.542093100033014294e-02
2.509078903928689194e-02
2.393529217563552386e-02
2.509078903928689194e-02
2.377022119511389836e-02
2.608121492241663800e-02
2.377022119511389836e-02
2.410036315615714589e-02
2.360515021459227633e-02
2.244965335094090478e-02
2.145922746781115872e-02
2.162429844833278422e-02
2.344007923407065083e-02
2.244965335094090478e-02
2.327500825354902533e-02
2.277979531198415231e-02
2.129415648728953322e-02
2.558600198085176497e-02
2.558600198085176497e-02
2.443050511720039689e-02
2.294486629250577781e-02
2.261472433146253028e-02
2.360515021459227633e-02
2.261472433146253028e-02
2.509078903928689194e-02
2.079894354572466020e-02
2.112908550676791120e-02
2.228458237041927928e-02
1.931330472103004459e-02
1.848794981842192056e-02
2.211951138989765725e-02
1.881809177946517156e-02
1.997358864311653964e-02
1.865302079894354606e-02
1.898316275998679359e-02
1.964344668207329211e-02
1.848794981842192056e-02
1.865302079894354606e-02
2.129415648728953322e-02
2.162429844833278422e-02
1.799273687685704753e-02
2.046880158468141267e-02
2.129415648728953322e-02
2.079894354572466020e-02
1.964344668207329211e-02
1.947837570155166662e-02
1.733245295477055248e-02
1.700231099372730148e-02
1.749752393529217451e-02
1.848794981842192056e-02
1.700231099372730148e-02
1.634202707164080642e-02
1.832287883790029853e-02
1.584681413007593340e-02
1.337074942225156826e-02
1.617695609111918092e-02
1.601188511059755543e-02
1.617695609111918092e-02
1.403103334433806505e-02
1.799273687685704753e-02
1.716738197424892698e-02
1.914823374050841909e-02
1.782766589633542550e-02
1.634202707164080642e-02
1.848794981842192056e-02
1.898316275998679359e-02
1.898316275998679359e-02
1.766259491581380001e-02
1.766259491581380001e-02
1.436117530538131432e-02
1.634202707164080642e-02
1.403103334433806505e-02
1.452624628590293808e-02
1.568174314955430790e-02
1.469131726642456184e-02
1.634202707164080642e-02
1.436117530538131432e-02
1.535160118851106037e-02
1.782766589633542550e-02
1.749752393529217451e-02
1.865302079894354606e-02
1.485638824694618734e-02
1.551667216903268413e-02
1.452624628590293808e-02
1.485638824694618734e-02
1.634202707164080642e-02
1.716738197424892698e-02
1.502145922746781111e-02
1.766259491581380001e-02
1.667216903268405395e-02
1.502145922746781111e-02
1.733245295477055248e-02
1.485638824694618734e-02
1.716738197424892698e-02
1.733245295477055248e-02
1.749752393529217451e-02
1.601188511059755543e-02
1.700231099372730148e-02
1.733245295477055248e-02
1.683724001320567945e-02
1.700231099372730148e-02
1.683724001320567945e-02
1.568174314955430790e-02
1.601188511059755543e-02
1.634202707164080642e-02
1.667216903268405395e-02
1.667216903268405395e-02
1.650709805216242845e-02
