1.000000000000000000e+00
7.656250000000000000e-01
8.229166666666666297e-01
7.239583333333333703e-01
7.239583333333333703e-01
7.317708333333333703e-01
7.552083333333333703e-01
7.031250000000000000e-01
6.979166666666666297e-01
6.848958333333333703e-01
7.265625000000000000e-01
6.822916666666666297e-01
6.640625000000000000e-01
6.302083333333333703e-01
6.640625000000000000e-01
6.901041666666666297e-01
6.848958333333333703e-01
6.093750000000000000e-01
6.250000000000000000e-01
6.614583333333333703e-01
6.640625000000000000e-01
6.354166666666666297e-01
6.171875000000000000e-01
5.937500000000000000e-01
6.067708333333333703e-01
6.145833333333333703e-01
6.015625000000000000e-01
5.781250000000000000e-01
5.755208333333333703e-01
5.703125000000000000e-01
5.781250000000000000e-01
5.572916666666666297e-01
5.416666666666666297e-01
5.651041666666666297e-01
6.276041666666666297e-01
5.598958333333333703e-01
4.791666666666666852e-01
5.208333333333333703e-01
5.651041666666666297e-01
5.286458333333333703e-01
4.895833333333333148e-01
5.520833333333333703e-01
4.947916666666666852e-01
5.026041666666666297e-01
5.286458333333333703e-01
4.557291666666666852e-01
5.026041666666666297e-01
4.817708333333333148e-01
4.427083333333333148e-01
4.713541666666666852e-01
4.661458333333333148e-01
4.427083333333333148e-01
4.348958333333333148e-01
4.557291666666666852e-01
4.635416666666666852e-01
4.427083333333333148e-01
4.609375000000000000e-01
4.531250000000000000e-01
4.453125000000000000e-01
4.348958333333333148e-01
4.713541666666666852e-01
4.322916666666666852e-01
4.713541666666666852e-01
4.765625000000000000e-01
4.713541666666666852e-01
4.192708333333333148e-01
4.531250000000000000e-01
4.609375000000000000e-01
4.427083333333333148e-01
4.713541666666666852e-01
4.375000000000000000e-01
4.140625000000000000e-01
4.947916666666666852e-01
3.958333333333333148e-01
4.713541666666666852e-01
4.505208333333333148e-01
4.609375000000000000e-01
3.984375000000000000e-01
3.802083333333333148e-01
4.427083333333333148e-01
4.218750000000000000e-01
3.880208333333333148e-01
3.802083333333333148e-01
3.984375000000000000e-01
4.192708333333333148e-01
4.375000000000000000e-01
4.036458333333333148e-01
3.802083333333333148e-01
4.036458333333333148e-01
4.192708333333333148e-01
3.802083333333333148e-01
4.114583333333333148e-01
3.854166666666666852e-01
3.958333333333333148e-01
4.062500000000000000e-01
3.854166666666666852e-01
4.140625000000000000e-01
3.619791666666666852e-01
4.427083333333333148e-01
4.140625000000000000e-01
4.062500000000000000e-01
3.906250000000000000e-01
3.958333333333333148e-01
4.322916666666666852e-01
4.218750000000000000e-01
3.593750000000000000e-01
4.036458333333333148e-01
3.802083333333333148e-01
3.854166666666666852e-01
4.062500000000000000e-01
3.828125000000000000e-01
3.854166666666666852e-01
4.140625000000000000e-01
3.776041666666666852e-01
4.010416666666666852e-01
4.218750000000000000e-01
3.932291666666666852e-01
3.750000000000000000e-01
4.010416666666666852e-01
3.671875000000000000e-01
3.854166666666666852e-01
3.750000000000000000e-01
3.932291666666666852e-01
3.567708333333333148e-01
3.932291666666666852e-01
3.776041666666666852e-01
3.984375000000000000e-01
3.697916666666666852e-01
3.906250000000000000e-01
3.697916666666666852e-01
3.880208333333333148e-01
3.567708333333333148e-01
3.828125000000000000e-01
4.114583333333333148e-01
3.958333333333333148e-01
3.385416666666666852e-01
3.828125000000000000e-01
3.463541666666666852e-01
3.776041666666666852e-01
3.333333333333333148e-01
3.750000000000000000e-01
4.036458333333333148e-01
3.750000000000000000e-01
3.802083333333333148e-01
3.255208333333333148e-01
3.697916666666666852e-01
3.437500000000000000e-01
3.619791666666666852e-01
3.854166666666666852e-01
3.776041666666666852e-01
3.437500000000000000e-01
3.489583333333333148e-01
3.776041666666666852e-01
3.463541666666666852e-01
3.385416666666666852e-01
3.125000000000000000e-01
3.177083333333333148e-01
3.411458333333333148e-01
3.489583333333333148e-01
3.359375000000000000e-01
3.203125000000000000e-01
3.151041666666666852e-01
3.619791666666666852e-01
3.645833333333333148e-01
3.463541666666666852e-01
3.463541666666666852e-01
3.411458333333333148e-01
3.385416666666666852e-01
3.437500000000000000e-01
3.046875000000000000e-01
3.385416666666666852e-01
3.437500000000000000e-01
3.229166666666666852e-01
3.203125000000000000e-01
3.333333333333333148e-01
3.203125000000000000e-01
3.229166666666666852e-01
3.307291666666666852e-01
3.177083333333333148e-01
3.463541666666666852e-01
3.489583333333333148e-01
3.072916666666666852e-01
3.463541666666666852e-01
3.307291666666666852e-01
2.942708333333333148e-01
3.125000000000000000e-01
3.593750000000000000e-01
3.046875000000000000e-01
3.151041666666666852e-01
3.203125000000000000e-01
3.203125000000000000e-01
3.125000000000000000e-01
3.281250000000000000e-01
3.489583333333333148e-01
3.333333333333333148e-01
2.760416666666666852e-01
3.307291666666666852e-01
3.072916666666666852e-01
3.177083333333333148e-01
3.046875000000000000e-01
2.916666666666666852e-01
3.203125000000000000e-01
3.125000000000000000e-01
3.385416666666666852e-01
2.760416666666666852e-01
3.098958333333333148e-01
2.890625000000000000e-01
3.098958333333333148e-01
2.682291666666666852e-01
3.125000000000000000e-01
2.890625000000000000e-01
3.125000000000000000e-01
2.734375000000000000e-01
2.708333333333333148e-01
2.708333333333333148e-01
2.630208333333333148e-01
2.812500000000000000e-01
2.734375000000000000e-01
2.942708333333333148e-01
2.838541666666666852e-01
2.708333333333333148e-01
3.072916666666666852e-01
2.916666666666666852e-01
2.942708333333333148e-01
2.682291666666666852e-01
2.994791666666666852e-01
2.552083333333333148e-01
2.552083333333333148e-01
3.125000000000000000e-01
2.890625000000000000e-01
2.760416666666666852e-01
3.046875000000000000e-01
2.708333333333333148e-01
2.734375000000000000e-01
2.734375000000000000e-01
2.734375000000000000e-01
2.682291666666666852e-01
2.421875000000000000e-01
2.395833333333333426e-01
2.656250000000000000e-01
2.682291666666666852e-01
2.786458333333333148e-01
2.994791666666666852e-01
2.656250000000000000e-01
2.630208333333333148e-01
2.786458333333333148e-01
2.500000000000000000e-01
2.734375000000000000e-01
2.604166666666666852e-01
2.369791666666666574e-01
2.552083333333333148e-01
2.656250000000000000e-01
2.526041666666666852e-01
2.734375000000000000e-01
2.656250000000000000e-01
2.369791666666666574e-01
2.473958333333333426e-01
2.526041666666666852e-01
2.630208333333333148e-01
2.395833333333333426e-01
2.473958333333333426e-01
2.473958333333333426e-01
2.421875000000000000e-01
2.604166666666666852e-01
2.265625000000000000e-01
2.343750000000000000e-01
2.578125000000000000e-01
2.526041666666666852e-01
2.682291666666666852e-01
2.552083333333333148e-01
2.395833333333333426e-01
2.213541666666666574e-01
2.369791666666666574e-01
2.604166666666666852e-01
2.578125000000000000e-01
2.369791666666666574e-01
2.500000000000000000e-01
2.447916666666666574e-01
2.421875000000000000e-01
2.500000000000000000e-01
2.343750000000000000e-01
2.187500000000000000e-01
2.760416666666666852e-01
2.317708333333333426e-01
2.708333333333333148e-01
2.395833333333333426e-01
2.395833333333333426e-01
2.343750000000000000e-01
2.500000000000000000e-01
2.578125000000000000e-01
2.473958333333333426e-01
2.838541666666666852e-01
2.265625000000000000e-01
2.708333333333333148e-01
2.317708333333333426e-01
2.369791666666666574e-01
2.526041666666666852e-01
2.526041666666666852e-01
2.526041666666666852e-01
2.552083333333333148e-01
2.421875000000000000e-01
2.135416666666666574e-01
2.343750000000000000e-01
2.526041666666666852e-01
2.395833333333333426e-01
2.369791666666666574e-01
2.604166666666666852e-01
2.239583333333333426e-01
2.317708333333333426e-01
2.239583333333333426e-01
2.473958333333333426e-01
2.552083333333333148e-01
2.291666666666666574e-01
2.317708333333333426e-01
2.161458333333333426e-01
2.369791666666666574e-01
2.135416666666666574e-01
2.395833333333333426e-01
2.343750000000000000e-01
2.500000000000000000e-01
2.552083333333333148e-01
2.343750000000000000e-01
2.291666666666666574e-01
2.343750000000000000e-01
2.421875000000000000e-01
2.343750000000000000e-01
2.083333333333333426e-01
2.317708333333333426e-01
2.213541666666666574e-01
2.109375000000000000e-01
2.317708333333333426e-01
2.343750000000000000e-01
2.369791666666666574e-01
2.291666666666666574e-01
2.161458333333333426e-01
2.239583333333333426e-01
2.317708333333333426e-01
2.369791666666666574e-01
1.953125000000000000e-01
2.343750000000000000e-01
2.187500000000000000e-01
2.031250000000000000e-01
2.031250000000000000e-01
1.875000000000000000e-01
2.031250000000000000e-01
2.187500000000000000e-01
2.239583333333333426e-01
2.265625000000000000e-01
2.421875000000000000e-01
2.135416666666666574e-01
2.291666666666666574e-01
2.213541666666666574e-01
2.239583333333333426e-01
2.239583333333333426e-01
2.161458333333333426e-01
1.953125000000000000e-01
2.317708333333333426e-01
2.083333333333333426e-01
2.005208333333333426e-01
2.031250000000000000e-01
2.343750000000000000e-01
2.369791666666666574e-01
2.213541666666666574e-01
2.369791666666666574e-01
2.057291666666666574e-01
1.979166666666666574e-01
2.135416666666666574e-01
2.109375000000000000e-01
2.213541666666666574e-01
2.369791666666666574e-01
2.109375000000000000e-01
2.161458333333333426e-01
2.083333333333333426e-01
2.109375000000000000e-01
1.666666666666666574e-01
2.083333333333333426e-01
2.135416666666666574e-01
2.057291666666666574e-01
1.770833333333333426e-01
1.927083333333333426e-01
2.161458333333333426e-01
1.666666666666666574e-01
1.901041666666666574e-01
1.822916666666666574e-01
1.770833333333333426e-01
2.057291666666666574e-01
2.317708333333333426e-01
1.901041666666666574e-01
2.109375000000000000e-01
1.953125000000000000e-01
2.031250000000000000e-01
2.057291666666666574e-01
1.979166666666666574e-01
1.979166666666666574e-01
2.057291666666666574e-01
1.770833333333333426e-01
1.953125000000000000e-01
1.614583333333333426e-01
1.927083333333333426e-01
1.744791666666666574e-01
1.744791666666666574e-01
