1.000000000000000000e+00
8.441330998248686157e-01
7.443082311733800749e-01
7.364273204903677428e-01
7.197898423817863378e-01
6.838879159369527505e-01
6.444833625218914230e-01
6.278458844133100181e-01
6.015761821366024664e-01
5.683012259194395455e-01
5.385288966725043647e-01
5.402802101576181792e-01
5.429071803852889566e-01
5.183887915936952195e-01
4.658493870402802273e-01
4.588441330998248580e-01
4.754816112084063184e-01
4.693520140105078564e-01
4.518388791593695442e-01
4.649737302977233200e-01
4.500875656742556741e-01
4.246935201401050852e-01
4.299474605954465845e-01
3.931698774080560344e-01
4.176882661996497159e-01
3.975481611208406263e-01
4.089316987740805875e-01
3.940455341506129416e-01
3.887915936952714424e-01
3.922942206654991271e-01
3.791593695271453512e-01
3.572679509632223915e-01
3.441330998248686712e-01
3.380035026269702092e-01
3.336252189141856173e-01
3.178633975481611196e-01
3.204903677758318969e-01
3.327495621716287100e-01
3.073555166374781211e-01
2.845884413309982541e-01
2.653239929947460718e-01
2.898423817863397534e-01
3.038528896672504365e-01
2.793345008756567549e-01
2.705779334500875710e-01
2.872154115586689760e-01
2.521891418563922960e-01
2.714535901926444783e-01
2.697022767075306637e-01
2.784588441330998476e-01
2.373029772329247056e-01
2.530647985989492033e-01
2.469352014010507967e-01
2.609457092819614799e-01
2.460595446584938617e-01
2.206654991243432451e-01
2.460595446584938617e-01
2.338003502626970209e-01
2.460595446584938617e-01
2.232924693520140225e-01
2.276707530647985867e-01
2.311733800350262713e-01
2.276707530647985867e-01
2.092819614711033394e-01
2.250437828371278370e-01
2.276707530647985867e-01
2.110332749562171539e-01
2.101576182136602466e-01
2.057793345008756547e-01
2.215411558669001801e-01
2.075306479859894970e-01
2.031523642732049051e-01
1.943957968476357212e-01
1.970227670753064708e-01
1.882661996497373147e-01
1.716287215411558542e-01
1.917688266199649716e-01
1.970227670753064708e-01
1.838879159369527228e-01
1.978984238178634059e-01
1.961471103327495635e-01
1.716287215411558542e-01
1.795096322241681308e-01
1.646234676007005127e-01
1.654991243432574477e-01
1.830122591943957877e-01
1.803852889667250381e-01
1.768826619964973812e-01
1.681260945709281973e-01
1.532399299474606069e-01
1.733800350262696965e-01
1.506129597197898295e-01
1.593695271453590134e-01
1.567425569176882638e-01
1.471103327495621726e-01
1.488616462346760150e-01
1.418563922942206734e-01
1.497373029772329223e-01
1.234676007005253984e-01
1.357267950963222392e-01
1.374781085814360815e-01
1.392294220665499238e-01
1.409807355516637384e-01
1.453590192644483303e-01
1.339754816112083968e-01
1.304728546409807399e-01
1.199649737302977276e-01
1.322241681260945823e-01
1.330998248686514895e-01
1.453590192644483303e-01
1.436077057793344880e-01
1.313485113835376472e-01
1.392294220665499238e-01
1.243432574430823057e-01
1.138353765323992933e-01
1.278458844133099903e-01
1.322241681260945823e-01
1.366024518388791464e-01
1.243432574430823057e-01
1.252189141856392407e-01
1.287215411558668976e-01
1.243432574430823057e-01
1.278458844133099903e-01
1.190893169877408064e-01
1.129597197898423860e-01
1.033274956217162810e-01
1.164623467600700568e-01
1.068301225919439518e-01
1.164623467600700568e-01
1.120840630472854649e-01
1.217162872154115560e-01
1.208406304728546349e-01
1.059544658493870445e-01
1.103327495621716225e-01
1.033274956217162810e-01
9.194395796847636138e-02
1.033274956217162810e-01
1.094570928196147153e-01
1.068301225919439518e-01
1.059544658493870445e-01
1.190893169877408064e-01
1.094570928196147153e-01
1.033274956217162810e-01
1.112084063047285437e-01
1.120840630472854649e-01
1.068301225919439518e-01
1.042031523642732022e-01
1.129597197898423860e-01
9.807355516637478177e-02
1.103327495621716225e-01
9.544658493870403215e-02
9.194395796847636138e-02
8.931698774080559788e-02
1.024518388791593737e-01
9.894921190893170293e-02
9.019264448336251905e-02
1.024518388791593737e-01
8.756567425569176943e-02
7.443082311733800749e-02
9.632224168126093944e-02
8.231173380035025633e-02
9.719789842381786060e-02
9.106830122591944021e-02
9.106830122591944021e-02
9.632224168126093944e-02
9.369527145359018983e-02
8.844133099824869060e-02
8.318739054290717749e-02
8.493870402802101982e-02
7.355516637478108632e-02
9.106830122591944021e-02
7.968476357267950672e-02
7.968476357267950672e-02
8.493870402802101982e-02
8.406304728546409866e-02
8.669001751313484827e-02
8.231173380035025633e-02
8.143607705779334904e-02
8.493870402802101982e-02
7.968476357267950672e-02
8.231173380035025633e-02
8.406304728546409866e-02
8.231173380035025633e-02
8.581436077057792711e-02
7.793345008756567827e-02
7.705779334500875710e-02
8.231173380035025633e-02
8.318739054290717749e-02
9.281961471103326866e-02
8.844133099824869060e-02
8.931698774080559788e-02
8.844133099824869060e-02
8.669001751313484827e-02
8.756567425569176943e-02
8.143607705779334904e-02
7.267950963222416516e-02
8.756567425569176943e-02
8.406304728546409866e-02
7.092819614711033671e-02
6.567425569176882361e-02
6.129597197898423860e-02
7.618213660245183594e-02
8.143607705779334904e-02
6.742556917688266593e-02
7.355516637478108632e-02
7.267950963222416516e-02
7.355516637478108632e-02
7.355516637478108632e-02
7.180385288966724400e-02
6.567425569176882361e-02
6.742556917688266593e-02
7.267950963222416516e-02
7.355516637478108632e-02
6.742556917688266593e-02
7.530647985989491477e-02
7.880910683012258555e-02
7.092819614711033671e-02
6.917688266199649438e-02
7.180385288966724400e-02
6.917688266199649438e-02
6.830122591943957322e-02
7.005253940455341555e-02
6.567425569176882361e-02
6.479859894921190244e-02
6.042031523642731744e-02
6.567425569176882361e-02
7.092819614711033671e-02
6.742556917688266593e-02
6.654991243432574477e-02
5.429071803852889705e-02
6.567425569176882361e-02
6.042031523642731744e-02
6.567425569176882361e-02
5.691768826619964666e-02
5.604203152364273244e-02
5.253940455341506166e-02
5.253940455341506166e-02
6.042031523642731744e-02
5.078809106830122627e-02
6.042031523642731744e-02
5.691768826619964666e-02
6.304728546409807399e-02
5.779334500875656783e-02
5.516637478108581127e-02
4.028021015761821394e-02
4.991243432574430511e-02
4.203152364273204933e-02
4.728546409807355549e-02
4.465849387040279894e-02
4.991243432574430511e-02
4.640980735551663433e-02
4.903677758318739088e-02
4.378283712784588472e-02
4.903677758318739088e-02
3.590192644483362200e-02
4.640980735551663433e-02
3.940455341506129278e-02
4.378283712784588472e-02
3.415061295971978661e-02
3.677758318739054316e-02
3.852889667250437855e-02
3.415061295971978661e-02
3.239929947460595122e-02
3.502626970227670777e-02
4.290718038528896355e-02
2.977232924693520161e-02
3.415061295971978661e-02
3.765323992994745739e-02
4.115586690017512816e-02
3.415061295971978661e-02
4.115586690017512816e-02
4.465849387040279894e-02
3.765323992994745739e-02
3.327495621716287239e-02
3.327495621716287239e-02
2.714535901926444852e-02
3.327495621716287239e-02
2.977232924693520161e-02
3.502626970227670777e-02
3.327495621716287239e-02
2.802101576182136622e-02
2.539404553415061314e-02
3.152364273204903700e-02
3.415061295971978661e-02
2.802101576182136622e-02
2.889667250437828391e-02
3.327495621716287239e-02
3.502626970227670777e-02
4.115586690017512816e-02
2.802101576182136622e-02
3.327495621716287239e-02
3.940455341506129278e-02
2.802101576182136622e-02
3.327495621716287239e-02
3.239929947460595122e-02
3.064798598949211930e-02
2.276707530647986005e-02
2.364273204903677775e-02
2.977232924693520161e-02
3.239929947460595122e-02
2.977232924693520161e-02
2.539404553415061314e-02
2.189141856392294236e-02
2.364273204903677775e-02
2.802101576182136622e-02
3.064798598949211930e-02
2.451838879159369544e-02
3.064798598949211930e-02
2.977232924693520161e-02
2.626970227670753083e-02
2.714535901926444852e-02
2.626970227670753083e-02
2.626970227670753083e-02
2.714535901926444852e-02
2.276707530647986005e-02
2.539404553415061314e-02
2.626970227670753083e-02
2.977232924693520161e-02
3.152364273204903700e-02
1.838879159369527158e-02
2.626970227670753083e-02
2.014010507880910697e-02
2.364273204903677775e-02
2.977232924693520161e-02
2.626970227670753083e-02
2.364273204903677775e-02
2.364273204903677775e-02
2.802101576182136622e-02
2.626970227670753083e-02
3.064798598949211930e-02
3.152364273204903700e-02
2.626970227670753083e-02
2.626970227670753083e-02
2.626970227670753083e-02
2.451838879159369544e-02
3.064798598949211930e-02
2.714535901926444852e-02
3.064798598949211930e-02
3.064798598949211930e-02
2.539404553415061314e-02
2.451838879159369544e-02
2.189141856392294236e-02
2.189141856392294236e-02
2.014010507880910697e-02
1.926444833625218928e-02
2.889667250437828391e-02
2.539404553415061314e-02
2.101576182136602466e-02
2.014010507880910697e-02
1.926444833625218928e-02
2.276707530647986005e-02
2.189141856392294236e-02
2.626970227670753083e-02
3.152364273204903700e-02
2.451838879159369544e-02
2.539404553415061314e-02
2.189141856392294236e-02
2.451838879159369544e-02
2.276707530647986005e-02
2.889667250437828391e-02
1.926444833625218928e-02
2.101576182136602466e-02
1.926444833625218928e-02
2.889667250437828391e-02
2.714535901926444852e-02
2.889667250437828391e-02
2.276707530647986005e-02
2.276707530647986005e-02
1.838879159369527158e-02
2.626970227670753083e-02
2.539404553415061314e-02
1.751313485113835389e-02
2.451838879159369544e-02
2.189141856392294236e-02
2.101576182136602466e-02
1.663747810858143619e-02
1.576182136602451850e-02
2.451838879159369544e-02
2.714535901926444852e-02
2.364273204903677775e-02
1.576182136602451850e-02
2.451838879159369544e-02
1.838879159369527158e-02
2.451838879159369544e-02
2.014010507880910697e-02
2.189141856392294236e-02
2.451838879159369544e-02
2.189141856392294236e-02
2.014010507880910697e-02
2.014010507880910697e-02
2.364273204903677775e-02
2.189141856392294236e-02
2.101576182136602466e-02
1.838879159369527158e-02
2.802101576182136622e-02
2.101576182136602466e-02
2.889667250437828391e-02
2.889667250437828391e-02
2.626970227670753083e-02
2.364273204903677775e-02
2.626970227670753083e-02
