1.000000000000000000e+00
7.915904936014624971e-01
7.568555758683729318e-01
7.404021937842778511e-01
7.458866544789762854e-01
6.307129798903108320e-01
6.837294332723948820e-01
6.636197440585008822e-01
5.923217550274223475e-01
5.722120658135283477e-01
6.032906764168189939e-01
5.923217550274223475e-01
5.484460694698354288e-01
5.246800731261426209e-01
4.972577696526508384e-01
5.027422303473492171e-01
4.606946983546618135e-01
5.191956124314441867e-01
4.881170018281535405e-01
4.698354661791590559e-01
4.552102376599634348e-01
4.424131627056672733e-01
4.552102376599634348e-01
4.314442413162705714e-01
3.930530164533820869e-01
4.149908592321754908e-01
4.131627056672760312e-01
3.784277879341864659e-01
3.692870201096892235e-01
3.638025594149908448e-01
3.784277879341864659e-01
3.765996343692870063e-01
3.765996343692870063e-01
3.601462522851919812e-01
3.601462522851919812e-01
3.308957952468007391e-01
3.327239488117001986e-01
3.546617915904936025e-01
3.016453382084094970e-01
2.998171846435100374e-01
2.815356489945155527e-01
2.906764168190127950e-01
2.723948811700182548e-01
2.925045703839122546e-01
2.522851919561243106e-01
2.650822669104204721e-01
2.925045703839122546e-01
2.394881170018281491e-01
2.961608775137111738e-01
2.376599634369286895e-01
2.742230347349177144e-01
2.175502742230347453e-01
2.504570383912248510e-01
2.577696526508226893e-01
2.614259597806215529e-01
2.449725776965265001e-01
2.376599634369286895e-01
2.449725776965265001e-01
2.449725776965265001e-01
2.303473491773309068e-01
2.559414990859232297e-01
2.413162705667276087e-01
2.522851919561243106e-01
2.230347349177330962e-01
2.303473491773309068e-01
2.266910420475319876e-01
2.358318098720292577e-01
2.193784277879341771e-01
2.084095063985374752e-01
1.992687385740402328e-01
2.065813528336380156e-01
2.010968921389396646e-01
2.248628884826325280e-01
2.157221206581352857e-01
2.084095063985374752e-01
1.882998171846435032e-01
1.974405850091407733e-01
1.828153564899451522e-01
1.718464351005484503e-01
1.663619744058500993e-01
1.791590493601462608e-01
1.718464351005484503e-01
1.480804387568555869e-01
1.882998171846435032e-01
1.828153564899451522e-01
1.645338208409506398e-01
1.681901279707495311e-01
1.535648994515539378e-01
1.553930530164533697e-01
1.499085923217550187e-01
1.700182815356489907e-01
1.535648994515539378e-01
1.590493601462522888e-01
1.846435100548446118e-01
1.773308957952468012e-01
1.590493601462522888e-01
1.316270566727605063e-01
1.517367458866544783e-01
1.407678244972577764e-01
1.645338208409506398e-01
1.572212065813528292e-01
1.371115173674588572e-01
1.645338208409506398e-01
1.608775137111517484e-01
1.572212065813528292e-01
1.499085923217550187e-01
1.572212065813528292e-01
1.316270566727605063e-01
1.462522851919561273e-01
1.407678244972577764e-01
1.170018281535648991e-01
1.261425959780621553e-01
1.371115173674588572e-01
1.243144424131627096e-01
1.060329067641681833e-01
1.151736745886654534e-01
1.279707495429616149e-01
1.371115173674588572e-01
1.151736745886654534e-01
1.096892138939670885e-01
1.334552102376599658e-01
1.096892138939670885e-01
1.188299817184643448e-01
1.115173674588665481e-01
1.060329067641681833e-01
1.042047531992687376e-01
1.005484460694698323e-01
9.872029250457038663e-02
7.312614259597806365e-02
9.506398537477148136e-02
1.005484460694698323e-01
9.689213893967092706e-02
1.060329067641681833e-01
8.775137111517367083e-02
1.115173674588665481e-01
9.506398537477148136e-02
1.133455210237659938e-01
8.226691042047531988e-02
8.957952468007313040e-02
8.957952468007313040e-02
8.592321755027422514e-02
8.592321755027422514e-02
1.042047531992687376e-01
9.323583180987203567e-02
8.043875685557587418e-02
8.043875685557587418e-02
8.775137111517367083e-02
9.140767824497257610e-02
7.312614259597806365e-02
7.495429616087750935e-02
7.312614259597806365e-02
7.129798903107860408e-02
7.861060329067641461e-02
6.946983546617915839e-02
6.398537477148080743e-02
6.215722120658135480e-02
4.570383912248628805e-02
6.946983546617915839e-02
5.667276051188299690e-02
7.312614259597806365e-02
6.215722120658135480e-02
6.764168190127971270e-02
5.850091407678244954e-02
7.861060329067641461e-02
6.215722120658135480e-02
5.850091407678244954e-02
5.850091407678244954e-02
6.581352833638025313e-02
7.678244972577696892e-02
8.043875685557587418e-02
6.764168190127971270e-02
6.032906764168190217e-02
8.409506398537476557e-02
6.764168190127971270e-02
7.495429616087750935e-02
6.398537477148080743e-02
6.946983546617915839e-02
7.312614259597806365e-02
6.398537477148080743e-02
6.398537477148080743e-02
7.678244972577696892e-02
5.118829981718464595e-02
7.312614259597806365e-02
5.301645338208409164e-02
6.215722120658135480e-02
6.946983546617915839e-02
6.032906764168190217e-02
7.678244972577696892e-02
7.861060329067641461e-02
5.667276051188299690e-02
6.764168190127971270e-02
6.581352833638025313e-02
6.398537477148080743e-02
7.129798903107860408e-02
7.312614259597806365e-02
6.764168190127971270e-02
5.667276051188299690e-02
7.312614259597806365e-02
6.581352833638025313e-02
6.398537477148080743e-02
4.204753199268738278e-02
5.850091407678244954e-02
5.301645338208409164e-02
7.312614259597806365e-02
6.215722120658135480e-02
4.936014625228519331e-02
5.118829981718464595e-02
6.946983546617915839e-02
4.753199268738574068e-02
4.753199268738574068e-02
4.753199268738574068e-02
4.570383912248628805e-02
5.667276051188299690e-02
5.484460694698354427e-02
5.667276051188299690e-02
3.473491773308957919e-02
6.581352833638025313e-02
6.215722120658135480e-02
4.204753199268738278e-02
6.398537477148080743e-02
4.753199268738574068e-02
5.118829981718464595e-02
5.667276051188299690e-02
6.398537477148080743e-02
4.936014625228519331e-02
4.936014625228519331e-02
4.936014625228519331e-02
4.387568555758683542e-02
4.387568555758683542e-02
5.118829981718464595e-02
5.850091407678244954e-02
4.570383912248628805e-02
4.204753199268738278e-02
4.753199268738574068e-02
4.387568555758683542e-02
4.936014625228519331e-02
4.570383912248628805e-02
5.118829981718464595e-02
3.839122486288848446e-02
5.301645338208409164e-02
6.032906764168190217e-02
5.301645338208409164e-02
7.312614259597806365e-02
4.021937842778793709e-02
4.204753199268738278e-02
5.301645338208409164e-02
5.484460694698354427e-02
4.936014625228519331e-02
4.204753199268738278e-02
4.021937842778793709e-02
4.753199268738574068e-02
4.570383912248628805e-02
4.204753199268738278e-02
3.839122486288848446e-02
5.118829981718464595e-02
4.570383912248628805e-02
3.839122486288848446e-02
4.387568555758683542e-02
4.021937842778793709e-02
4.936014625228519331e-02
3.290676416819012656e-02
3.473491773308957919e-02
2.742230347349177214e-02
3.107861060329067740e-02
2.742230347349177214e-02
4.021937842778793709e-02
3.656307129798903183e-02
3.656307129798903183e-02
3.839122486288848446e-02
4.204753199268738278e-02
3.473491773308957919e-02
3.839122486288848446e-02
3.656307129798903183e-02
3.656307129798903183e-02
2.925045703839122477e-02
3.107861060329067740e-02
3.839122486288848446e-02
3.290676416819012656e-02
3.290676416819012656e-02
4.204753199268738278e-02
3.473491773308957919e-02
3.473491773308957919e-02
2.742230347349177214e-02
2.925045703839122477e-02
2.559414990859232297e-02
3.107861060329067740e-02
3.473491773308957919e-02
2.925045703839122477e-02
3.290676416819012656e-02
3.290676416819012656e-02
2.925045703839122477e-02
4.021937842778793709e-02
3.290676416819012656e-02
2.376599634369287034e-02
2.010968921389396855e-02
3.473491773308957919e-02
2.559414990859232297e-02
3.473491773308957919e-02
2.925045703839122477e-02
2.559414990859232297e-02
2.559414990859232297e-02
2.925045703839122477e-02
3.290676416819012656e-02
3.107861060329067740e-02
2.925045703839122477e-02
2.925045703839122477e-02
3.107861060329067740e-02
1.828153564899451591e-02
2.376599634369287034e-02
2.010968921389396855e-02
3.107861060329067740e-02
3.107861060329067740e-02
2.193784277879341771e-02
2.559414990859232297e-02
2.193784277879341771e-02
1.279707495429616149e-02
1.828153564899451591e-02
1.828153564899451591e-02
3.107861060329067740e-02
2.010968921389396855e-02
2.559414990859232297e-02
2.925045703839122477e-02
2.559414990859232297e-02
2.010968921389396855e-02
1.462522851919561238e-02
2.559414990859232297e-02
2.925045703839122477e-02
2.559414990859232297e-02
2.193784277879341771e-02
2.559414990859232297e-02
2.376599634369287034e-02
2.193784277879341771e-02
2.010968921389396855e-02
1.645338208409506328e-02
1.462522851919561238e-02
2.559414990859232297e-02
2.742230347349177214e-02
2.559414990859232297e-02
1.462522851919561238e-02
2.193784277879341771e-02
2.742230347349177214e-02
2.559414990859232297e-02
2.010968921389396855e-02
1.462522851919561238e-02
2.376599634369287034e-02
2.376599634369287034e-02
2.925045703839122477e-02
2.010968921389396855e-02
1.279707495429616149e-02
1.645338208409506328e-02
2.742230347349177214e-02
2.376599634369287034e-02
2.559414990859232297e-02
1.462522851919561238e-02
1.828153564899451591e-02
1.462522851919561238e-02
2.559414990859232297e-02
1.645338208409506328e-02
2.376599634369287034e-02
2.193784277879341771e-02
2.193784277879341771e-02
2.193784277879341771e-02
9.140767824497257957e-03
1.828153564899451591e-02
1.462522851919561238e-02
1.279707495429616149e-02
2.559414990859232297e-02
1.645338208409506328e-02
1.828153564899451591e-02
2.376599634369287034e-02
2.193784277879341771e-02
2.010968921389396855e-02
2.376599634369287034e-02
3.107861060329067740e-02
1.645338208409506328e-02
1.096892138939670885e-02
2.010968921389396855e-02
2.010968921389396855e-02
1.828153564899451591e-02
9.140767824497257957e-03
1.828153564899451591e-02
2.742230347349177214e-02
7.312614259597806192e-03
2.010968921389396855e-02
2.193784277879341771e-02
2.010968921389396855e-02
1.462522851919561238e-02
1.279707495429616149e-02
1.645338208409506328e-02
1.828153564899451591e-02
1.462522851919561238e-02
1.828153564899451591e-02
1.462522851919561238e-02
2.010968921389396855e-02
1.462522851919561238e-02
1.462522851919561238e-02
1.279707495429616149e-02
1.462522851919561238e-02
1.828153564899451591e-02
1.279707495429616149e-02
2.193784277879341771e-02
