1.000000000000000000e+00
8.295248458469350883e-01
7.823721436343852309e-01
7.500906782734856337e-01
7.018498367791077275e-01
6.800870511425461951e-01
6.699310845121508873e-01
6.391004715270220959e-01
6.126224156692056111e-01
5.984766050054406428e-01
5.799782372143634790e-01
5.803409503083061249e-01
5.723612622415669149e-01
5.487849111352919307e-01
5.553137468262604459e-01
5.121508886470801380e-01
5.157780195865070416e-01
4.878491113529198620e-01
5.067101922379397827e-01
4.802321363801232978e-01
4.595574900253899253e-01
4.610083424011606756e-01
4.475879579252811102e-01
4.294523032281465369e-01
4.232861806311207786e-01
4.261878853826623348e-01
4.134929270946681168e-01
4.084149437794704629e-01
4.069640914036996571e-01
3.902792890823358896e-01
4.047878128400435038e-01
3.968081247733042938e-01
3.717809212912586148e-01
3.826623141095393810e-01
3.906420021762785910e-01
3.652520856002901550e-01
3.445774392455567825e-01
3.623503808487486544e-01
3.532825535001813400e-01
3.445774392455567825e-01
3.369604642727602739e-01
3.253536452665941048e-01
3.173739571998548947e-01
3.329706202393906689e-01
3.326079071454479674e-01
3.275299238302502580e-01
3.180993833877402976e-01
3.166485310119695473e-01
3.235400797968806530e-01
3.079434167573449344e-01
2.901704751541530625e-01
3.039535727239753293e-01
3.028654334421472805e-01
3.137468262604279912e-01
2.879941965904969092e-01
2.865433442147261589e-01
2.847297787450127071e-01
2.887196227783823121e-01
2.796517954298149977e-01
2.803772216177004006e-01
2.767500906782734971e-01
2.622415669205658273e-01
2.665941240478781338e-01
2.560754443235400690e-01
2.368516503445774468e-01
2.488211824446862619e-01
2.444686253173739554e-01
2.480957562568008590e-01
2.393906420021762738e-01
2.448313384113166569e-01
2.448313384113166569e-01
2.401160681900616489e-01
2.343126586869785921e-01
2.237939789626405551e-01
2.190787087413855749e-01
2.110990206746463649e-01
2.201668480232136516e-01
2.154515778019586436e-01
2.125498730504171152e-01
2.107363075807036634e-01
2.023939064200217519e-01
2.038447587957925300e-01
2.020311933260790782e-01
2.009430540442510016e-01
1.947769314472252433e-01
1.973159231048240980e-01
1.791802684076895247e-01
1.831701124410591297e-01
1.875226695683714084e-01
1.853463910047152829e-01
1.926006528835690901e-01
1.759158505622052948e-01
1.907870874138556383e-01
1.980413492927094732e-01
1.926006528835690901e-01
1.842582517228872063e-01
1.911498005077983398e-01
1.857091040986579566e-01
1.889735219441421865e-01
1.795429815016321984e-01
1.770039898440333714e-01
1.784548422198041218e-01
1.719260065288356898e-01
1.679361624954660848e-01
1.766412767500906700e-01
1.628581791802684031e-01
1.766412767500906700e-01
1.690243017772941614e-01
1.646717446499818549e-01
1.777294160319187466e-01
1.643090315560391812e-01
1.715632934348929883e-01
1.697497279651795365e-01
1.617700398984403265e-01
1.657598839318099315e-01
1.653971708378672578e-01
1.628581791802684031e-01
1.577801958650707215e-01
1.672107363075807096e-01
1.632208922742111046e-01
1.679361624954660848e-01
1.606819006166122499e-01
1.577801958650707215e-01
1.614073268044976528e-01
1.559666303953572697e-01
1.472615161407326845e-01
1.530649256438157413e-01
1.508886470801595880e-01
1.479869423286180596e-01
1.494377947043888377e-01
1.534276387377584427e-01
1.465360899528473093e-01
1.385564018861080993e-01
1.436343852013057809e-01
1.461733768589046079e-01
1.371055495103373212e-01
1.345665578527384942e-01
1.396445411679361759e-01
1.403699673558215510e-01
1.323902792890823410e-01
1.229597388465723667e-01
1.291258614435981111e-01
1.258614435981138813e-01
1.244105912223431309e-01
1.262241566920565827e-01
1.138919114980050801e-01
1.236851650344577419e-01
1.189698948132027617e-01
1.294885745375408126e-01
1.229597388465723667e-01
1.215088864708016025e-01
1.182444686253173727e-01
1.157054769677185319e-01
1.200580340950308245e-01
1.102647805585781626e-01
1.073630758070366342e-01
1.146173376858904552e-01
1.149800507798331567e-01
1.113529198404062392e-01
1.153427638737758443e-01
1.113529198404062392e-01
1.171563293434892961e-01
1.080885019949220233e-01
1.070003627130939466e-01
1.077257889009793218e-01
1.120783460282916144e-01
1.171563293434892961e-01
1.106274936525208502e-01
1.084512150888647108e-01
1.149800507798331567e-01
1.109902067464635517e-01
1.146173376858904552e-01
1.175190424374319975e-01
1.048240841494377934e-01
1.037359448676097168e-01
1.099020674646354750e-01
1.088139281828073984e-01
1.175190424374319975e-01
1.048240841494377934e-01
1.022850924918389526e-01
9.793253536452665997e-02
1.040986579615524182e-01
9.938338774029742417e-02
9.829524845846934755e-02
1.004715270221255008e-01
9.902067464635473659e-02
1.011969532100108760e-01
9.720710917664127093e-02
9.902067464635473659e-02
8.886470801595937330e-02
8.741385564018860910e-02
9.756982227058397239e-02
9.684439608269858335e-02
9.684439608269858335e-02
8.813928182807399814e-02
8.995284729778744992e-02
9.140369967355821412e-02
1.008342401160681884e-01
8.995284729778744992e-02
9.140369967355821412e-02
8.886470801595937330e-02
8.560029017047515731e-02
8.414943779470439311e-02
8.414943779470439311e-02
8.451215088864708069e-02
9.212912586144360316e-02
7.725788900979325968e-02
7.544432354007979402e-02
8.088501994922016325e-02
7.544432354007979402e-02
8.306129851287631649e-02
8.269858541893362891e-02
7.363075807036634224e-02
7.508161044613710644e-02
7.798331519767863484e-02
7.399347116430902982e-02
7.798331519767863484e-02
7.145447950671018900e-02
7.109176641276750142e-02
7.616974972796518306e-02
7.036634022488211238e-02
7.290533188248095320e-02
7.109176641276750142e-02
6.347479143997097895e-02
7.399347116430902982e-02
7.363075807036634224e-02
7.471889735219441886e-02
6.238665215814290926e-02
7.109176641276750142e-02
6.710192237939789639e-02
7.072905331882481383e-02
6.746463547334058397e-02
6.891548784911134817e-02
6.964091403699673721e-02
6.782734856728328543e-02
6.637649619151250735e-02
6.347479143997097895e-02
7.254261878853826562e-02
6.601378309756981977e-02
6.129851287631483264e-02
6.129851287631483264e-02
6.238665215814290926e-02
6.637649619151250735e-02
6.528835690968444461e-02
7.072905331882481383e-02
6.964091403699673721e-02
6.855277475516866059e-02
6.601378309756981977e-02
6.492564381574174315e-02
6.782734856728328543e-02
6.057308668842945054e-02
6.891548784911134817e-02
7.217990569459557804e-02
7.217990569459557804e-02
6.637649619151250735e-02
5.730866884294522762e-02
6.528835690968444461e-02
5.658324265505984552e-02
5.585781646717446342e-02
6.492564381574174315e-02
6.383750453391368040e-02
5.622052956111715794e-02
5.767138193688792214e-02
6.057308668842945054e-02
5.803409503083060972e-02
5.730866884294522762e-02
5.803409503083060972e-02
6.129851287631483264e-02
5.513239027928908131e-02
5.440696409140369921e-02
5.476967718534639373e-02
5.767138193688792214e-02
5.150525933986217081e-02
5.295611171563293501e-02
4.860355458832063547e-02
5.585781646717446342e-02
5.368153790351831711e-02
5.694595574900254004e-02
5.730866884294522762e-02
5.513239027928908131e-02
5.875952121871599876e-02
5.368153790351831711e-02
5.114254624591947629e-02
4.860355458832063547e-02
5.223068552774755291e-02
5.622052956111715794e-02
5.694595574900254004e-02
5.077983315197678871e-02
5.295611171563293501e-02
4.932898077620602451e-02
5.077983315197678871e-02
5.223068552774755291e-02
4.751541530649256578e-02
4.787812840043525336e-02
5.368153790351831711e-02
4.824084149437794788e-02
5.513239027928908131e-02
5.730866884294522762e-02
5.259339862169024049e-02
5.331882480957562259e-02
4.715270221254987126e-02
4.969169387014871209e-02
4.896626768226332999e-02
4.860355458832063547e-02
4.606456293072180158e-02
4.497642364889372496e-02
4.642727602466448916e-02
5.549510337323177583e-02
4.715270221254987126e-02
4.425099746100834286e-02
4.606456293072180158e-02
4.461371055495103044e-02
4.896626768226332999e-02
4.787812840043525336e-02
4.606456293072180158e-02
4.570184983677910706e-02
4.352557127312296076e-02
5.295611171563293501e-02
4.896626768226332999e-02
4.932898077620602451e-02
4.896626768226332999e-02
4.388828436706564834e-02
3.881030105186797363e-02
4.425099746100834286e-02
4.533913674283641948e-02
4.352557127312296076e-02
4.425099746100834286e-02
4.570184983677910706e-02
4.352557127312296076e-02
4.497642364889372496e-02
4.062386652158143235e-02
4.207471889735219656e-02
4.570184983677910706e-02
4.425099746100834286e-02
4.207471889735219656e-02
4.352557127312296076e-02
3.699673558215451491e-02
3.735944867609720943e-02
3.699673558215451491e-02
3.844758795792527911e-02
3.445774392455567409e-02
3.989844033369604331e-02
3.772216177003989701e-02
3.663402248821182733e-02
4.134929270946681445e-02
4.062386652158143235e-02
3.663402248821182733e-02
3.917301414581066121e-02
4.062386652158143235e-02
4.098657961552411993e-02
3.663402248821182733e-02
4.062386652158143235e-02
4.062386652158143235e-02
3.590859630032644523e-02
3.590859630032644523e-02
3.917301414581066121e-02
4.026115342763873783e-02
3.808487486398259153e-02
4.098657961552411993e-02
3.627130939426913281e-02
3.735944867609720943e-02
3.808487486398259153e-02
3.663402248821182733e-02
3.808487486398259153e-02
3.844758795792527911e-02
3.663402248821182733e-02
3.699673558215451491e-02
4.243743199129488414e-02
4.352557127312296076e-02
3.989844033369604331e-02
3.989844033369604331e-02
4.207471889735219656e-02
4.388828436706564834e-02
4.134929270946681445e-02
3.989844033369604331e-02
3.917301414581066121e-02
3.699673558215451491e-02
4.388828436706564834e-02
4.026115342763873783e-02
3.409503083061298651e-02
3.699673558215451491e-02
3.445774392455567409e-02
3.373231773667029199e-02
3.409503083061298651e-02
3.409503083061298651e-02
3.699673558215451491e-02
3.590859630032644523e-02
3.808487486398259153e-02
3.627130939426913281e-02
3.953572723975335573e-02
4.062386652158143235e-02
3.627130939426913281e-02
3.627130939426913281e-02
3.264417845484222230e-02
3.663402248821182733e-02
3.336960464272760440e-02
3.373231773667029199e-02
3.735944867609720943e-02
3.046789989118607253e-02
3.482045701849836861e-02
3.445774392455567409e-02
