1.000000000000000000e+00
8.115183246073298662e-01
7.759162303664921545e-01
7.455497382198953416e-01
7.183246073298429346e-01
7.026178010471204605e-01
6.858638743455497400e-01
6.031413612565444948e-01
6.591623036649214562e-01
6.219895287958114860e-01
5.963350785340314486e-01
5.921465968586387962e-01
5.748691099476439526e-01
5.633507853403141308e-01
5.335078534031413300e-01
5.251308900523560252e-01
5.115183246073298218e-01
5.246073298429319021e-01
5.198952879581152375e-01
5.094240837696335511e-01
4.874345549738219874e-01
4.916230366492146397e-01
5.083769633507853047e-01
4.691099476439790639e-01
4.596858638743455683e-01
4.664921465968586145e-01
4.455497382198952971e-01
4.528795811518324665e-01
4.403141361256544539e-01
4.314136125654450260e-01
4.371727748691099369e-01
4.397905759162303863e-01
4.136125654450261702e-01
4.104712041884816531e-01
4.078534031413612593e-01
3.869109947643978864e-01
3.968586387434555052e-01
3.832460732984293017e-01
4.000000000000000222e-01
3.801047120418848402e-01
3.753926701570680646e-01
3.895287958115183358e-01
3.664921465968586367e-01
3.575916230366492088e-01
3.633507853403141197e-01
3.649214659685863782e-01
3.481675392670157132e-01
3.418848167539266791e-01
3.188481675392670356e-01
3.329842931937172512e-01
3.293193717277486665e-01
3.293193717277486665e-01
3.387434554973822176e-01
3.460732984293193870e-01
3.261780104712042050e-01
3.151832460732984509e-01
3.057591623036648998e-01
3.256544502617800818e-01
3.335078534031413744e-01
3.209424083769633618e-01
3.282722513089005312e-01
3.172774869109947771e-01
2.999999999999999889e-01
3.057591623036648998e-01
2.858638743455497178e-01
2.727748691099476375e-01
2.869109947643979086e-01
2.842931937172774592e-01
2.816753926701570654e-01
2.785340314136125484e-01
2.895287958115183025e-01
2.769633507853402898e-01
2.816753926701570654e-01
2.832460732984293239e-01
2.675392670157067943e-01
2.675392670157067943e-01
2.596858638743455572e-01
2.586387434554973663e-01
2.602094240837696248e-01
2.748691099476439637e-01
2.654450261780104681e-01
2.659685863874345357e-01
2.659685863874345357e-01
2.732984293193717051e-01
2.701570680628272436e-01
2.476439790575916122e-01
2.471204188481675446e-01
2.523560209424083878e-01
2.371727748691099535e-01
2.560209424083769725e-01
2.460732984293193815e-01
2.408376963350785382e-01
2.356020942408376950e-01
2.539267015706806463e-01
2.497382198952879662e-01
2.282722513089005256e-01
2.429319371727748644e-01
2.361256544502617905e-01
2.267015706806282671e-01
2.178010471204188392e-01
2.219895287958115193e-01
2.403141361256544428e-01
2.277486910994764302e-01
2.214659685863874239e-01
2.282722513089005256e-01
2.104712041884816698e-01
2.267015706806282671e-01
2.031413612565445004e-01
2.136125654450261868e-01
2.089005235602094113e-01
2.026178010471204327e-01
2.157068062827225130e-01
2.172774869109947715e-01
1.921465968586387463e-01
2.031413612565445004e-01
2.052356020942408266e-01
1.989528795811518203e-01
1.905759162303664878e-01
1.900523560209424201e-01
1.905759162303664878e-01
1.937172774869110048e-01
1.874345549738219985e-01
1.884816753926701616e-01
1.780104712041884751e-01
1.795811518324607337e-01
1.842931937172774814e-01
1.774869109947644075e-01
1.753926701570680535e-01
1.732984293193717273e-01
1.696335078534031426e-01
1.748691099476439859e-01
1.806282722513088967e-01
1.780104712041884751e-01
1.790575916230366382e-01
1.827225130890052229e-01
1.790575916230366382e-01
1.774869109947644075e-01
1.806282722513088967e-01
1.801047120418848291e-01
1.801047120418848291e-01
1.821989528795811553e-01
1.732984293193717273e-01
1.795811518324607337e-01
1.863874345549738354e-01
1.853403141361256445e-01
1.738219895287958228e-01
1.884816753926701616e-01
1.795811518324607337e-01
1.738219895287958228e-01
1.769633507853403120e-01
1.706806282722513057e-01
1.701570680628272381e-01
1.701570680628272381e-01
1.670157068062827210e-01
1.659685863874345579e-01
1.701570680628272381e-01
1.743455497382198904e-01
1.664921465968586256e-01
1.722513089005235642e-01
1.848167539267015769e-01
1.806282722513088967e-01
1.664921465968586256e-01
1.591623036649214562e-01
1.691099476439790472e-01
1.722513089005235642e-01
1.654450261780104625e-01
1.664921465968586256e-01
1.748691099476439859e-01
1.764397905759162166e-01
1.853403141361256445e-01
1.680628272251308841e-01
1.581151832460732931e-01
1.670157068062827210e-01
1.638743455497382318e-01
1.617801047120418778e-01
1.623036649214659732e-01
1.612565445026178101e-01
1.654450261780104625e-01
1.628272251308900409e-01
1.612565445026178101e-01
1.513089005235602191e-01
1.450261780104712128e-01
1.476439790575916344e-01
1.560209424083769669e-01
1.523560209424083822e-01
1.523560209424083822e-01
1.376963350785340434e-01
1.397905759162303696e-01
1.319371727748691048e-01
1.345549738219895264e-01
1.298429319371727786e-01
1.471204188481675390e-01
1.397905759162303696e-01
1.366492146596858526e-01
1.293193717277486832e-01
1.387434554973822065e-01
1.303664921465968463e-01
1.287958115183246155e-01
1.324607329842932002e-01
1.324607329842932002e-01
1.162303664921466029e-01
1.267015706806282616e-01
1.314136125654450371e-01
1.298429319371727786e-01
1.308900523560209417e-01
1.282722513089005201e-01
1.392670157068062742e-01
1.198952879581151876e-01
1.198952879581151876e-01
1.319371727748691048e-01
1.151832460732984259e-01
1.277486910994764524e-01
1.287958115183246155e-01
1.219895287958115138e-01
1.188481675392670106e-01
1.277486910994764524e-01
1.246073298429319354e-01
1.272251308900523570e-01
1.172774869109947660e-01
1.272251308900523570e-01
1.314136125654450371e-01
1.151832460732984259e-01
1.172774869109947660e-01
1.125654450261780043e-01
1.178010471204188475e-01
1.235602094240837723e-01
1.157068062827225075e-01
1.188481675392670106e-01
1.151832460732984259e-01
1.115183246073298412e-01
1.188481675392670106e-01
1.188481675392670106e-01
1.308900523560209417e-01
1.109947643979057597e-01
1.246073298429319354e-01
1.172774869109947660e-01
1.235602094240837723e-01
1.130890052356020997e-01
1.141361256544502628e-01
1.104712041884816781e-01
1.109947643979057597e-01
1.162303664921466029e-01
1.083769633507853380e-01
1.146596858638743444e-01
1.062827225130890119e-01
1.125654450261780043e-01
1.109947643979057597e-01
1.052356020942408349e-01
1.104712041884816781e-01
1.057591623036649164e-01
1.031413612565445087e-01
1.125654450261780043e-01
1.136125654450261813e-01
1.162303664921466029e-01
1.130890052356020997e-01
1.026178010471204133e-01
1.010471204188481686e-01
1.010471204188481686e-01
1.120418848167539227e-01
1.052356020942408349e-01
9.947643979057591013e-02
9.267015706806282227e-02
1.083769633507853380e-01
1.089005235602094196e-01
1.073298429319371750e-01
1.157068062827225075e-01
1.057591623036649164e-01
1.204188481675392691e-01
1.041884816753926718e-01
1.073298429319371750e-01
1.041884816753926718e-01
1.104712041884816781e-01
1.146596858638743444e-01
1.015706806282722502e-01
1.047120418848167533e-01
1.010471204188481686e-01
1.000000000000000056e-01
1.047120418848167533e-01
1.073298429319371750e-01
1.062827225130890119e-01
1.052356020942408349e-01
1.031413612565445087e-01
1.020942408376963317e-01
1.146596858638743444e-01
1.026178010471204133e-01
9.581151832460732543e-02
1.031413612565445087e-01
1.073298429319371750e-01
1.073298429319371750e-01
9.633507853403140697e-02
1.020942408376963317e-01
1.005235602094240871e-01
9.842931937172774703e-02
9.947643979057591013e-02
9.476439790575916233e-02
9.319371727748691769e-02
1.036649214659685903e-01
9.267015706806282227e-02
1.020942408376963317e-01
1.015706806282722502e-01
9.109947643979057763e-02
9.738219895287958394e-02
9.005235602094241454e-02
9.633507853403140697e-02
9.476439790575916233e-02
9.581151832460732543e-02
9.319371727748691769e-02
9.633507853403140697e-02
1.010471204188481686e-01
9.162303664921465918e-02
8.952879581151831911e-02
8.952879581151831911e-02
8.743455497382199293e-02
8.481675392670157132e-02
8.638743455497381596e-02
9.581151832460732543e-02
8.429319371727748977e-02
9.005235602094241454e-02
9.162303664921465918e-02
8.638743455497381596e-02
8.952879581151831911e-02
9.738219895287958394e-02
8.167539267015706816e-02
9.581151832460732543e-02
8.167539267015706816e-02
9.738219895287958394e-02
8.691099476439791138e-02
7.958115183246072810e-02
8.429319371727748977e-02
7.801047120418848346e-02
8.638743455497381596e-02
8.167539267015706816e-02
8.481675392670157132e-02
8.115183246073298662e-02
1.000000000000000056e-01
8.900523560209423757e-02
8.586387434554973441e-02
7.853403141361256501e-02
8.324607329842931280e-02
8.900523560209423757e-02
8.481675392670157132e-02
8.219895287958114971e-02
7.696335078534032037e-02
8.952879581151831911e-02
7.801047120418848346e-02
8.115183246073298662e-02
8.010471204188482353e-02
7.539267015706806185e-02
7.958115183246072810e-02
8.272251308900523126e-02
7.748691099476440192e-02
9.005235602094241454e-02
7.643979057591622495e-02
7.853403141361256501e-02
7.696335078534032037e-02
7.068062827225131406e-02
7.801047120418848346e-02
7.853403141361256501e-02
7.329842931937172179e-02
8.272251308900523126e-02
7.329842931937172179e-02
6.596858638743455239e-02
7.486910994764398031e-02
7.329842931937172179e-02
7.591623036649214340e-02
7.748691099476440192e-02
6.910994764397905554e-02
7.277486910994764024e-02
6.910994764397905554e-02
7.225130890052355870e-02
7.801047120418848346e-02
7.905759162303664656e-02
7.015706806282721864e-02
7.172774869109947715e-02
7.068062827225131406e-02
6.544502617801047084e-02
6.544502617801047084e-02
6.858638743455497400e-02
6.963350785340313709e-02
6.439790575916230775e-02
7.329842931937172179e-02
6.753926701570681090e-02
7.277486910994764024e-02
7.225130890052355870e-02
6.439790575916230775e-02
6.230366492146596769e-02
6.806282722513089245e-02
6.282722513089004923e-02
7.068062827225131406e-02
6.649214659685863393e-02
6.335078534031413078e-02
6.439790575916230775e-02
6.596858638743455239e-02
5.759162303664921295e-02
6.492146596858638929e-02
6.806282722513089245e-02
7.329842931937172179e-02
6.910994764397905554e-02
6.701570680628272936e-02
7.120418848167539561e-02
6.178010471204188614e-02
