1.000000000000000000e+00
8.515420805018295569e-01
7.982226868792472452e-01
7.736539466806063858e-01
7.516989022477783555e-01
7.250392054364871441e-01
6.900156821745948577e-01
6.732880292733925964e-01
6.722425509670674204e-01
6.691061160480920034e-01
6.361735493988499579e-01
6.278097229482487718e-01
6.293779404077365358e-01
5.922634605331938973e-01
5.776267642446418771e-01
5.619445896497647919e-01
5.744903293256664600e-01
5.755358076319916361e-01
5.650810245687402089e-01
5.326711970726607515e-01
5.478306325143753597e-01
5.352848928384735805e-01
5.509670674333507767e-01
5.211709357030841483e-01
5.206481965499215603e-01
5.216936748562467363e-01
5.023523261892315350e-01
5.065342394145321281e-01
4.882383690538421583e-01
4.887611082070046908e-01
4.924202822791426959e-01
4.631468897020386555e-01
4.730789336121275501e-01
4.840564558285415653e-01
4.490329325666492233e-01
4.328280188186094946e-01
4.506011500261369318e-01
4.411918452692106807e-01
4.359644537375849671e-01
4.270778881338212485e-01
4.129639309984317608e-01
4.134866701515943488e-01
4.323052796654469621e-01
4.009409304756926251e-01
4.077365394668060472e-01
4.066910611604809267e-01
3.915316257187663185e-01
3.810768426555148913e-01
3.690538421327757557e-01
3.721902770517511727e-01
3.612127548353371576e-01
3.748039728175640573e-01
3.523261892315734389e-01
3.392577104025091272e-01
3.444851019341348408e-01
3.481442760062728459e-01
3.497124934657606099e-01
3.585990590695243285e-01
3.345530580240460017e-01
3.361212754835337102e-01
3.335075797177208812e-01
3.335075797177208812e-01
3.355985363303711222e-01
3.303711447987454086e-01
3.251437532671196950e-01
3.246210141139571626e-01
3.345530580240460017e-01
3.204391008886565695e-01
3.277574490329325796e-01
3.141662310507056799e-01
3.141662310507056799e-01
3.230527966544693985e-01
3.146889702038682679e-01
3.052796654469419613e-01
3.136434918975431474e-01
3.042341871406168408e-01
2.958703606900156546e-01
2.906429691583899411e-01
2.854155776267642275e-01
2.812336644014636899e-01
2.833246210141139310e-01
2.932566649242028256e-01
2.843700993204391070e-01
2.739153162571876798e-01
2.906429691583899411e-01
2.958703606900156546e-01
2.624150548876110767e-01
2.697334030318870868e-01
2.728698379508625038e-01
2.608468374281233682e-01
2.613695765812859562e-01
2.550967067433350666e-01
2.660742289597490817e-01
2.530057501306847700e-01
2.446419236800836394e-01
2.409827496079456344e-01
2.362780972294824811e-01
2.404600104547830741e-01
2.524830109775222375e-01
2.399372713016204861e-01
2.451646628332461997e-01
2.441191845269210792e-01
2.200731834814427523e-01
2.326189231573444760e-01
2.268687924725562022e-01
2.200731834814427523e-01
2.247778358599059056e-01
2.268687924725562022e-01
2.211186617877679006e-01
2.179822268687924836e-01
2.185049660219550438e-01
2.106638787245164735e-01
2.200731834814427523e-01
2.185049660219550438e-01
2.174594877156298955e-01
2.153685311029796268e-01
2.164140094093047473e-01
2.143230527966544785e-01
2.205959226346053403e-01
2.049137480397281719e-01
2.096184004181913252e-01
2.117093570308416217e-01
2.111866178776790337e-01
2.064819654992158804e-01
2.143230527966544785e-01
1.965499215891270135e-01
1.991636173549398980e-01
2.049137480397281719e-01
1.981181390486147498e-01
1.986408782017773100e-01
1.855723993727130261e-01
1.876633559853632949e-01
1.902770517511761517e-01
1.939362258233141567e-01
1.955044432828018930e-01
1.902770517511761517e-01
1.981181390486147498e-01
1.986408782017773100e-01
1.934134866701515965e-01
1.892315734448510312e-01
1.881860951385258829e-01
1.871406168322007346e-01
1.881860951385258829e-01
1.928907475169890362e-01
1.855723993727130261e-01
1.777313120752744280e-01
1.693674856246732974e-01
1.808677469942498728e-01
1.866178776790381466e-01
1.871406168322007346e-01
1.777313120752744280e-01
1.725039205436487144e-01
1.719811813904861542e-01
1.777313120752744280e-01
1.792995295347621643e-01
1.756403554626241592e-01
1.657083115525352923e-01
1.630946157867224355e-01
1.610036591740721390e-01
1.725039205436487144e-01
1.594354417145844305e-01
1.725039205436487144e-01
1.562990067956089857e-01
1.636173549398849958e-01
1.630946157867224355e-01
1.677992681651855611e-01
1.641400940930475560e-01
1.557762676424464254e-01
1.552535284892838374e-01
1.636173549398849958e-01
1.474124411918452671e-01
1.599581808677469907e-01
1.589127025614218425e-01
1.505488761108207119e-01
1.453214845791949705e-01
1.484579194981704153e-01
1.495033978044955636e-01
1.510716152639832721e-01
1.421850496602195535e-01
1.468897020386827068e-01
1.542080501829587169e-01
1.421850496602195535e-01
1.500261369576581238e-01
1.463669628855201188e-01
1.432305279665447018e-01
1.400940930475692570e-01
1.359121798222686917e-01
1.338212232096183951e-01
1.364349189754312519e-01
1.395713538944066967e-01
1.348667015159435434e-01
1.505488761108207119e-01
1.432305279665447018e-01
1.406168322007318450e-01
1.322530057501306866e-01
1.364349189754312519e-01
1.369576581285938399e-01
1.369576581285938399e-01
1.406168322007318450e-01
1.442760062728698500e-01
1.343439623627809831e-01
1.270256142185049730e-01
1.259801359121798248e-01
1.296393099843178298e-01
1.380031364349189882e-01
1.442760062728698500e-01
1.285938316779926816e-01
1.364349189754312519e-01
1.285938316779926816e-01
1.364349189754312519e-01
1.259801359121798248e-01
1.202300052273915371e-01
1.223209618400418197e-01
1.296393099843178298e-01
1.223209618400418197e-01
1.228437009932043938e-01
1.249346576058546765e-01
1.228437009932043938e-01
1.223209618400418197e-01
1.254573967590172368e-01
1.228437009932043938e-01
1.285938316779926816e-01
1.332984840564558349e-01
1.181390486147412405e-01
1.082070047046523736e-01
1.197072660742289629e-01
1.186617877679038147e-01
1.197072660742289629e-01
1.233664401463669680e-01
1.155253528489283837e-01
1.139571353894406752e-01
1.165708311552535320e-01
1.244119184526921024e-01
1.270256142185049730e-01
1.265028750653423850e-01
1.165708311552535320e-01
1.123889179299529528e-01
1.233664401463669680e-01
1.055933089388395169e-01
1.254573967590172368e-01
1.108207004704652443e-01
1.155253528489283837e-01
1.066387872451646651e-01
1.087297438578149478e-01
1.139571353894406752e-01
1.265028750653423850e-01
1.113434396236278046e-01
1.165708311552535320e-01
1.170935703084161061e-01
1.191845269210663888e-01
1.165708311552535320e-01
1.176163094615786664e-01
1.160480920020909579e-01
1.186617877679038147e-01
1.181390486147412405e-01
1.160480920020909579e-01
1.165708311552535320e-01
1.170935703084161061e-01
1.108207004704652443e-01
1.123889179299529528e-01
1.139571353894406752e-01
1.160480920020909579e-01
1.008886565603763774e-01
1.129116570831155270e-01
1.087297438578149478e-01
1.076842655514898134e-01
1.102979613173026702e-01
1.040250914793518083e-01
1.108207004704652443e-01
1.071615263983272393e-01
1.024568740198640859e-01
9.932043910088865502e-02
1.113434396236278046e-01
1.092524830109775219e-01
1.150026136957658096e-01
9.932043910088865502e-02
1.008886565603763774e-01
1.029796131730266601e-01
1.055933089388395169e-01
9.618400418191322410e-02
1.008886565603763774e-01
1.029796131730266601e-01
1.040250914793518083e-01
1.071615263983272393e-01
9.618400418191322410e-02
9.357030841610036731e-02
1.024568740198640859e-01
9.513852587558807583e-02
9.618400418191322410e-02
9.304756926293779318e-02
9.304756926293779318e-02
8.729743857814950547e-02
9.147935180345008466e-02
1.035023523261892342e-01
1.014113957135389377e-01
9.618400418191322410e-02
9.775222164140094649e-02
9.147935180345008466e-02
9.252483010977521904e-02
9.461578672242551558e-02
9.775222164140094649e-02
9.775222164140094649e-02
9.304756926293779318e-02
9.618400418191322410e-02
9.043387349712493639e-02
9.095661265028751052e-02
8.938839519079978813e-02
8.886565603763721399e-02
7.997909043387349537e-02
9.095661265028751052e-02
9.200209095661264491e-02
9.566126502875064996e-02
9.200209095661264491e-02
9.618400418191322410e-02
9.200209095661264491e-02
9.147935180345008466e-02
1.003659174072138033e-01
8.991113434396236226e-02
8.991113434396236226e-02
9.252483010977521904e-02
8.677469942498693134e-02
8.886565603763721399e-02
9.147935180345008466e-02
8.363826450601150042e-02
8.207004704652377802e-02
7.997909043387349537e-02
8.782017773131207961e-02
8.834291688447465374e-02
8.207004704652377802e-02
8.677469942498693134e-02
8.991113434396236226e-02
7.997909043387349537e-02
9.095661265028751052e-02
9.252483010977521904e-02
9.618400418191322410e-02
8.782017773131207961e-02
8.468374281233664869e-02
8.782017773131207961e-02
8.886565603763721399e-02
7.788813382122321272e-02
8.729743857814950547e-02
7.945635128071092124e-02
8.416100365917407455e-02
8.520648196549922282e-02
8.207004704652377802e-02
7.841087297438578685e-02
7.684265551489806445e-02
7.631991636173549032e-02
7.527443805541035593e-02
7.997909043387349537e-02
7.997909043387349537e-02
7.370622059592263353e-02
6.795608991113434583e-02
7.422895974908520766e-02
7.684265551489806445e-02
7.945635128071092124e-02
7.893361212754834710e-02
7.579717720857291618e-02
7.788813382122321272e-02
7.893361212754834710e-02
6.795608991113434583e-02
7.893361212754834710e-02
6.900156821745949409e-02
7.213800313643492501e-02
7.161526398327235088e-02
6.847882906429691996e-02
7.004704652378462848e-02
6.586513329848406317e-02
7.266074228959748527e-02
6.325143753267119251e-02
6.429691583899634078e-02
7.266074228959748527e-02
7.422895974908520766e-02
7.475169890224778180e-02
7.266074228959748527e-02
7.579717720857291618e-02
6.638787245164662343e-02
6.795608991113434583e-02
7.475169890224778180e-02
7.004704652378462848e-02
6.952430737062205435e-02
7.213800313643492501e-02
7.266074228959748527e-02
7.475169890224778180e-02
7.213800313643492501e-02
7.370622059592263353e-02
6.586513329848406317e-02
6.168322007318348399e-02
6.743335075797177169e-02
5.906952430737062026e-02
7.213800313643492501e-02
7.213800313643492501e-02
6.534239414532148904e-02
5.959226346053319440e-02
6.272869837950861838e-02
6.586513329848406317e-02
6.220595922634605118e-02
6.272869837950861838e-02
6.481965499215891491e-02
6.011500261369576853e-02
6.168322007318348399e-02
