1.000000000000000000e+00
8.509316770186335921e-01
8.664596273291925721e-01
7.934782608695651884e-01
7.748447204968944568e-01
7.981366459627329268e-01
7.686335403726708426e-01
7.795031055900620842e-01
7.484472049689441242e-01
7.562111801242236142e-01
7.484472049689441242e-01
7.127329192546584258e-01
7.034161490683229490e-01
7.111801242236024390e-01
6.692546583850931263e-01
7.018633540372670732e-01
6.909937888198758316e-01
6.972049689440993347e-01
6.677018633540372505e-01
6.677018633540372505e-01
6.692546583850931263e-01
6.381987577639751663e-01
6.677018633540372505e-01
6.335403726708074279e-01
6.118012422360248337e-01
6.288819875776398005e-01
6.133540372670807095e-01
6.319875776397515521e-01
6.257763975155279379e-01
6.009316770186335921e-01
5.869565217391304879e-01
5.512422360248446784e-01
5.326086956521739468e-01
5.838509316770186253e-01
5.869565217391304879e-01
5.574534161490682926e-01
5.854037267080745011e-01
5.698757763975155211e-01
5.481366459627329268e-01
5.279503105590062084e-01
5.652173913043477826e-01
5.093167701863353658e-01
5.419254658385093126e-01
5.279503105590062084e-01
5.031055900621117516e-01
5.279503105590062084e-01
5.170807453416148558e-01
5.465838509316770510e-01
5.512422360248446784e-01
5.201863354037267184e-01
4.984472049689441242e-01
5.388198757763975610e-01
5.279503105590062084e-01
5.403726708074534368e-01
5.869565217391304879e-01
5.326086956521739468e-01
4.984472049689441242e-01
5.108695652173913526e-01
5.077639751552794900e-01
4.813664596273292129e-01
4.922360248447205100e-01
5.124223602484472284e-01
5.248447204968944568e-01
4.658385093167701774e-01
4.565217391304347561e-01
4.596273291925465632e-01
4.673913043478261087e-01
4.611801242236024945e-01
4.813664596273292129e-01
4.751552795031055987e-01
4.736024844720496674e-01
5.139751552795031042e-01
4.673913043478261087e-01
5.000000000000000000e-01
4.503105590062111974e-01
4.518633540372670732e-01
5.000000000000000000e-01
4.782608695652174058e-01
4.720496894409937916e-01
4.440993788819875832e-01
4.596273291925465632e-01
4.301242236024844789e-01
4.503105590062111974e-01
4.580745341614906874e-01
4.503105590062111974e-01
4.720496894409937916e-01
4.627329192546583703e-01
4.192546583850931818e-01
4.223602484472049889e-01
4.145962732919254434e-01
4.534161490683230045e-01
4.363354037267080932e-01
4.534161490683230045e-01
4.503105590062111974e-01
4.487577639751552661e-01
4.425465838509316518e-01
4.052795031055900776e-01
4.099378881987577605e-01
4.254658385093167960e-01
3.959627329192546563e-01
4.099378881987577605e-01
4.301242236024844789e-01
3.944099378881987805e-01
3.990683229813664634e-01
4.239130434782608647e-01
4.068322981366459534e-01
3.788819875776397450e-01
4.052795031055900776e-01
4.440993788819875832e-01
4.037267080745341463e-01
4.114906832298136918e-01
4.114906832298136918e-01
3.990683229813664634e-01
4.083850931677018847e-01
3.944099378881987805e-01
3.928571428571428492e-01
4.145962732919254434e-01
3.757763975155279379e-01
3.819875776397515521e-01
4.052795031055900776e-01
4.254658385093167960e-01
4.021739130434782705e-01
3.959627329192546563e-01
3.835403726708074279e-01
3.866459627329192350e-01
3.990683229813664634e-01
3.990683229813664634e-01
3.788819875776397450e-01
3.804347826086956763e-01
3.835403726708074279e-01
3.944099378881987805e-01
3.757763975155279379e-01
3.711180124223602550e-01
3.788819875776397450e-01
3.649068322981366408e-01
3.975155279503105321e-01
3.835403726708074279e-01
3.400621118012422395e-01
3.850931677018633592e-01
3.757763975155279379e-01
3.680124223602484479e-01
3.695652173913043237e-01
3.586956521739130266e-01
3.664596273291925721e-01
3.819875776397515521e-01
3.835403726708074279e-01
3.695652173913043237e-01
3.400621118012422395e-01
3.571428571428571508e-01
3.540372670807453437e-01
3.695652173913043237e-01
3.913043478260869734e-01
3.540372670807453437e-01
3.835403726708074279e-01
3.633540372670807650e-01
3.680124223602484479e-01
3.633540372670807650e-01
3.633540372670807650e-01
3.726708074534161308e-01
3.680124223602484479e-01
3.633540372670807650e-01
3.338509316770186253e-01
3.649068322981366408e-01
3.742236024844720621e-01
3.493788819875776608e-01
3.881987577639751663e-01
3.369565217391304324e-01
3.136645962732919068e-01
3.416149068322981153e-01
3.059006211180124168e-01
3.167701863354037140e-01
3.307453416149068182e-01
3.276397515527950111e-01
3.183229813664596453e-01
3.369565217391304324e-01
3.555900621118012195e-01
3.291925465838509424e-01
3.167701863354037140e-01
3.245341614906832040e-01
3.400621118012422395e-01
3.291925465838509424e-01
3.400621118012422395e-01
3.245341614906832040e-01
3.400621118012422395e-01
3.276397515527950111e-01
3.322981366459627495e-01
3.152173913043478382e-01
3.105590062111800997e-01
3.012422360248447339e-01
3.043478260869565410e-01
3.198757763975155211e-01
3.385093167701863082e-01
3.152173913043478382e-01
3.027950310559006097e-01
2.810559006211180155e-01
2.872670807453416297e-01
3.136645962732919068e-01
3.012422360248447339e-01
2.888198757763975055e-01
3.229813664596273282e-01
2.841614906832298226e-01
3.105590062111800997e-01
2.826086956521738913e-01
3.043478260869565410e-01
3.059006211180124168e-01
2.748447204968944013e-01
3.090062111801242239e-01
3.043478260869565410e-01
3.059006211180124168e-01
3.027950310559006097e-01
2.965838509316769955e-01
3.074534161490683482e-01
3.090062111801242239e-01
3.183229813664596453e-01
3.012422360248447339e-01
2.888198757763975055e-01
3.027950310559006097e-01
2.981366459627329268e-01
2.981366459627329268e-01
3.090062111801242239e-01
2.996894409937888026e-01
3.074534161490683482e-01
3.043478260869565410e-01
2.732919254658385255e-01
2.748447204968944013e-01
2.779503105590062084e-01
3.059006211180124168e-01
3.027950310559006097e-01
3.121118012422360311e-01
2.919254658385093126e-01
3.043478260869565410e-01
3.027950310559006097e-01
3.043478260869565410e-01
2.981366459627329268e-01
3.136645962732919068e-01
2.996894409937888026e-01
3.183229813664596453e-01
2.748447204968944013e-01
2.888198757763975055e-01
3.012422360248447339e-01
2.981366459627329268e-01
3.090062111801242239e-01
2.934782608695652439e-01
2.981366459627329268e-01
3.059006211180124168e-01
2.841614906832298226e-01
2.795031055900620842e-01
2.903726708074534368e-01
2.903726708074534368e-01
2.919254658385093126e-01
3.183229813664596453e-01
2.996894409937888026e-01
3.012422360248447339e-01
2.996894409937888026e-01
3.059006211180124168e-01
3.276397515527950111e-01
2.919254658385093126e-01
2.996894409937888026e-01
2.841614906832298226e-01
2.872670807453416297e-01
2.639751552795031042e-01
2.795031055900620842e-01
2.996894409937888026e-01
2.717391304347825942e-01
2.826086956521738913e-01
2.934782608695652439e-01
2.826086956521738913e-01
2.841614906832298226e-01
2.453416149068322893e-01
2.670807453416149113e-01
2.826086956521738913e-01
2.857142857142856984e-01
2.795031055900620842e-01
2.981366459627329268e-01
2.779503105590062084e-01
2.826086956521738913e-01
2.981366459627329268e-01
2.562111801242236142e-01
2.919254658385093126e-01
2.655279503105589800e-01
2.608695652173912971e-01
2.546583850931676829e-01
2.717391304347825942e-01
2.763975155279503326e-01
2.670807453416149113e-01
2.670807453416149113e-01
2.686335403726707871e-01
2.515527950310558758e-01
2.639751552795031042e-01
2.344720496894409922e-01
2.686335403726707871e-01
2.624223602484472284e-01
2.453416149068322893e-01
2.717391304347825942e-01
2.437888198757763858e-01
2.841614906832298226e-01
2.701863354037267184e-01
2.468944099378881929e-01
2.484472049689440964e-01
2.655279503105589800e-01
2.531055900621118071e-01
2.670807453416149113e-01
2.639751552795031042e-01
2.593167701863354213e-01
2.795031055900620842e-01
2.732919254658385255e-01
2.655279503105589800e-01
2.779503105590062084e-01
2.577639751552794900e-01
2.763975155279503326e-01
2.639751552795031042e-01
2.686335403726707871e-01
2.546583850931676829e-01
2.546583850931676829e-01
2.639751552795031042e-01
2.406832298136646064e-01
2.500000000000000000e-01
2.593167701863354213e-01
2.624223602484472284e-01
2.546583850931676829e-01
2.360248447204968958e-01
2.608695652173912971e-01
2.717391304347825942e-01
2.453416149068322893e-01
2.484472049689440964e-01
2.468944099378881929e-01
2.500000000000000000e-01
2.515527950310558758e-01
2.531055900621118071e-01
2.173913043478260809e-01
2.655279503105589800e-01
2.500000000000000000e-01
2.236024844720496951e-01
2.639751552795031042e-01
2.624223602484472284e-01
2.562111801242236142e-01
2.313664596273291851e-01
2.437888198757763858e-01
2.608695652173912971e-01
2.639751552795031042e-01
2.453416149068322893e-01
2.531055900621118071e-01
2.562111801242236142e-01
2.577639751552794900e-01
2.686335403726707871e-01
2.639751552795031042e-01
2.639751552795031042e-01
2.608695652173912971e-01
2.437888198757763858e-01
2.313664596273291851e-01
2.282608695652173780e-01
2.732919254658385255e-01
2.453416149068322893e-01
2.329192546583850887e-01
2.484472049689440964e-01
2.484472049689440964e-01
2.562111801242236142e-01
2.251552795031055987e-01
2.422360248447205100e-01
2.562111801242236142e-01
2.546583850931676829e-01
2.391304347826087029e-01
2.189440993788819845e-01
2.593167701863354213e-01
2.282608695652173780e-01
2.468944099378881929e-01
2.329192546583850887e-01
2.096273291925465909e-01
2.267080745341615022e-01
2.282608695652173780e-01
2.531055900621118071e-01
2.437888198757763858e-01
2.111801242236024945e-01
2.344720496894409922e-01
2.422360248447205100e-01
2.437888198757763858e-01
2.251552795031055987e-01
2.282608695652173780e-01
2.391304347826087029e-01
2.313664596273291851e-01
2.329192546583850887e-01
2.127329192546583980e-01
2.344720496894409922e-01
2.313664596273291851e-01
2.251552795031055987e-01
2.204968944099378880e-01
2.158385093167701774e-01
2.437888198757763858e-01
2.142857142857142738e-01
2.251552795031055987e-01
2.111801242236024945e-01
2.251552795031055987e-01
2.220496894409937916e-01
2.158385093167701774e-01
2.437888198757763858e-01
2.484472049689440964e-01
2.298136645962732816e-01
2.360248447204968958e-01
2.313664596273291851e-01
2.236024844720496951e-01
2.080745341614906874e-01
