1.000000000000000000e+00
9.367781155015197925e-01
9.270516717325227862e-01
9.234042553191489366e-01
8.942249240121580289e-01
9.009118541033435124e-01
9.051671732522796887e-01
8.735562310030394739e-01
8.863221884498480030e-01
8.693009118541032976e-01
8.972644376899695517e-01
8.814589665653494999e-01
8.838905775075988069e-01
8.747720364741641275e-01
8.620060790273555984e-01
8.613981762917932716e-01
8.522796352583587032e-01
8.328267477203646907e-01
8.340425531914893442e-01
8.358662613981763245e-01
8.364741641337386513e-01
8.255319148936169915e-01
8.224924012158054687e-01
8.382978723404255206e-01
8.279635258358662986e-01
8.261398176291793183e-01
8.194528875379939459e-01
8.042553191489362208e-01
8.194528875379939459e-01
7.890577507598783846e-01
7.981762917933130641e-01
7.927051671732522342e-01
7.987841945288753909e-01
7.914893617021276917e-01
7.714285714285714635e-01
7.920972644376900185e-01
7.933130699088145610e-01
7.726443768996960060e-01
7.951367781155015413e-01
7.726443768996960060e-01
7.537993920972644313e-01
7.610942249240121305e-01
7.568389057750759541e-01
7.422492401215805558e-01
7.635258358662614375e-01
7.617021276595744572e-01
7.440729483282674250e-01
7.440729483282674250e-01
7.471124620060790589e-01
7.349544072948328566e-01
7.319148936170212227e-01
7.282674772036473732e-01
7.410334346504559022e-01
7.477203647416413856e-01
7.306990881458966802e-01
7.483282674772036014e-01
7.355623100303951833e-01
7.337386018237082030e-01
7.258358662613981771e-01
7.471124620060790589e-01
7.203647416413373472e-01
7.422492401215805558e-01
7.428571428571428825e-01
7.349544072948328566e-01
7.264437689969605039e-01
7.191489361702128047e-01
7.057750759878419489e-01
7.215805471124620007e-01
7.063829787234042756e-01
7.009118541033434457e-01
7.112462006079027788e-01
7.021276595744680993e-01
6.990881458966565765e-01
7.136778115501519748e-01
6.972644376899695962e-01
6.844984802431610671e-01
6.972644376899695962e-01
6.869300911854103742e-01
6.887537993920972434e-01
6.717325227963525380e-01
6.686930091185410152e-01
6.857142857142857206e-01
6.693009118541033420e-01
6.729483282674771916e-01
6.747720364741641719e-01
6.796352583586625640e-01
6.541033434650456169e-01
6.583586626139817932e-01
6.401215805471124343e-01
6.595744680851063357e-01
6.498480243161094405e-01
6.468085106382979177e-01
6.857142857142857206e-01
6.607902735562309893e-01
6.583586626139817932e-01
6.644376899696048389e-01
6.462006079027355909e-01
6.589665653495441200e-01
6.462006079027355909e-01
6.601823708206686625e-01
6.595744680851063357e-01
6.407294832826747610e-01
6.437689969604862839e-01
6.413373860182370878e-01
6.443768996960486106e-01
6.334346504559270619e-01
6.468085106382979177e-01
6.206686930091185328e-01
6.139817629179331604e-01
6.212765957446808596e-01
6.316109422492400816e-01
6.316109422492400816e-01
6.273556231003039052e-01
6.194528875379938793e-01
6.279635258358662320e-01
6.401215805471124343e-01
6.176291793313070100e-01
6.176291793313070100e-01
6.030395136778115006e-01
5.902735562310030826e-01
5.999999999999999778e-01
5.963525835866261282e-01
5.920972644376899519e-01
6.091185410334346573e-01
5.841945288753799259e-01
5.835866261398175991e-01
5.762917933130699000e-01
5.963525835866261282e-01
5.805471124620060763e-01
5.817629179331307299e-01
5.811550151975684031e-01
5.677811550151975473e-01
5.872340425531914487e-01
5.884498480243161023e-01
5.750759878419452464e-01
5.896656534954407558e-01
5.598784194528875213e-01
5.708206686930090701e-01
5.726443768996960504e-01
5.671732522796352205e-01
5.604863221884498481e-01
5.744680851063830307e-01
5.598784194528875213e-01
5.629179331306990441e-01
5.610942249240121749e-01
5.410334346504559466e-01
5.635258358662613709e-01
5.519756838905774954e-01
5.750759878419452464e-01
5.574468085106383253e-01
5.483282674772036458e-01
5.525835866261398222e-01
5.623100303951368284e-01
5.428571428571428159e-01
5.422492401215806002e-01
5.507598784194528418e-01
5.635258358662613709e-01
5.537993920972644757e-01
5.313069908814589404e-01
5.398176291793312931e-01
5.361702127659574435e-01
5.191489361702127381e-01
5.197568389057750649e-01
5.264437689969604373e-01
5.173252279635258688e-01
5.221884498480242609e-01
5.240121580547112412e-01
5.306990881458966136e-01
5.191489361702127381e-01
5.094224924012158429e-01
5.246200607902735680e-01
5.197568389057750649e-01
5.088145896656535161e-01
5.155015197568388885e-01
5.148936170212765617e-01
5.124620060790273657e-01
5.112462006079027121e-01
5.094224924012158429e-01
5.252279635258358947e-01
5.094224924012158429e-01
5.221884498480242609e-01
5.203647416413373916e-01
5.075987841945288626e-01
4.924012158054711374e-01
4.966565349544073138e-01
4.978723404255319118e-01
5.015197568389058169e-01
5.009118541033434902e-01
5.045592705167173397e-01
4.857142857142857095e-01
4.984802431610942386e-01
4.954407294832826603e-01
5.063829787234042090e-01
5.063829787234042090e-01
4.960486322188449870e-01
5.015197568389058169e-01
4.863221884498480363e-01
4.954407294832826603e-01
4.990881458966565098e-01
4.790273556231002816e-01
4.820668693009118599e-01
4.765957446808510856e-01
4.595744680851063801e-01
4.747720364741641608e-01
4.826747720364741867e-01
4.753799392097264320e-01
4.644376899696048833e-01
4.662613981762918081e-01
4.717325227963525824e-01
4.753799392097264320e-01
4.601823708206687069e-01
4.723404255319149092e-01
4.668693009118540793e-01
4.772036474164133568e-01
4.632218844984802297e-01
4.790273556231002816e-01
4.662613981762918081e-01
4.765957446808510856e-01
4.778115501519756836e-01
4.626139817629179585e-01
4.717325227963525824e-01
4.808510638297872064e-01
4.547112462006078770e-01
4.607902735562309782e-01
4.510638297872340274e-01
4.577507598784194554e-01
4.613981762917933049e-01
4.486322188449847759e-01
4.638297872340425565e-01
4.462006079027355798e-01
4.559270516717325306e-01
4.620060790273556317e-01
4.504559270516717562e-01
4.644376899696048833e-01
4.632218844984802297e-01
4.522796352583586810e-01
4.668693009118540793e-01
4.364741641337386291e-01
4.486322188449847759e-01
4.534954407294832790e-01
4.522796352583586810e-01
4.547112462006078770e-01
4.547112462006078770e-01
4.486322188449847759e-01
4.462006079027355798e-01
4.565349544072948573e-01
4.443768996960486550e-01
4.370820668693009003e-01
4.462006079027355798e-01
4.468085106382978511e-01
4.449848024316109263e-01
4.334346504559270508e-01
4.547112462006078770e-01
4.376899696048632271e-01
4.231003039513677733e-01
4.364741641337386291e-01
4.303951367781155279e-01
4.303951367781155279e-01
4.310030395136777992e-01
4.297872340425532012e-01
4.188449848024315969e-01
4.121580547112462245e-01
4.151975683890577473e-01
4.109422492401215710e-01
4.206686930091185217e-01
4.279635258358662764e-01
4.285714285714285476e-01
4.164133738601823453e-01
4.085106382978723194e-01
4.182370820668693256e-01
4.151975683890577473e-01
4.036474164133738718e-01
3.975683890577507706e-01
4.133738601823708225e-01
4.072948328267477214e-01
4.091185410334346462e-01
4.000000000000000222e-01
4.127659574468084958e-01
3.957446808510638459e-01
4.000000000000000222e-01
4.036474164133738718e-01
4.060790273556231234e-01
4.054711246200607966e-01
3.920972644376899963e-01
3.939209726443769211e-01
3.987841945288753687e-01
3.908814589665653427e-01
3.963525835866261171e-01
3.890577507598784179e-01
4.006079027355622935e-01
3.933130699088145943e-01
3.848024316109422416e-01
3.957446808510638459e-01
3.987841945288753687e-01
3.896656534954407447e-01
3.872340425531914931e-01
3.902735562310030160e-01
3.908814589665653427e-01
3.860182370820668951e-01
3.744680851063829641e-01
3.920972644376899963e-01
3.939209726443769211e-01
3.939209726443769211e-01
3.768996960486322156e-01
3.963525835866261171e-01
3.902735562310030160e-01
3.951367781155015191e-01
3.878419452887538199e-01
4.000000000000000222e-01
3.762917933130698889e-01
3.756838905775076176e-01
4.006079027355622935e-01
3.872340425531914931e-01
3.823708206686929900e-01
3.744680851063829641e-01
3.702127659574467877e-01
3.811550151975683920e-01
3.768996960486322156e-01
3.696048632218845165e-01
3.653495440729483401e-01
3.689969604863221897e-01
3.641337386018236866e-01
3.702127659574467877e-01
3.854103343465045683e-01
3.841945288753799148e-01
3.592705167173252390e-01
3.744680851063829641e-01
3.726443768996960393e-01
3.665653495440729381e-01
3.702127659574467877e-01
3.696048632218845165e-01
3.513677811550152130e-01
3.659574468085106114e-01
3.732522796352583661e-01
3.568389057750759874e-01
3.665653495440729381e-01
3.738601823708206928e-01
3.775075987841945424e-01
3.647416413373860133e-01
3.550151975683890626e-01
3.598784194528875657e-01
3.568389057750759874e-01
3.623100303951367618e-01
3.550151975683890626e-01
3.635258358662614153e-01
3.580547112462005854e-01
3.720364741641337125e-01
3.562310030395136606e-01
3.592705167173252390e-01
3.580547112462005854e-01
3.513677811550152130e-01
3.544072948328267358e-01
3.562310030395136606e-01
3.647416413373860133e-01
3.471124620060790367e-01
3.440729483282674583e-01
3.379939209726443572e-01
3.592705167173252390e-01
3.440729483282674583e-01
3.416413373860182623e-01
3.550151975683890626e-01
3.477203647416413634e-01
3.416413373860182623e-01
3.446808510638297851e-01
3.598784194528875657e-01
3.355623100303951611e-01
3.392097264437690107e-01
3.519756838905774843e-01
3.337386018237081808e-01
3.191489361702127825e-01
3.422492401215805335e-01
3.458966565349543831e-01
3.325227963525835828e-01
3.276595744680850797e-01
3.483282674772036347e-01
3.434650455927051871e-01
3.446808510638297851e-01
3.416413373860182623e-01
3.489361702127659615e-01
3.355623100303951611e-01
3.434650455927051871e-01
3.270516717325228084e-01
3.440729483282674583e-01
3.331306990881459096e-01
3.270516717325228084e-01
3.556231003039513894e-01
3.325227963525835828e-01
3.246200607902735569e-01
3.288753799392097332e-01
3.416413373860182623e-01
3.367781155015197592e-01
3.191489361702127825e-01
3.325227963525835828e-01
3.294832826747720600e-01
3.331306990881459096e-01
3.173252279635258577e-01
3.373860182370820859e-01
3.288753799392097332e-01
3.215805471124619785e-01
3.294832826747720600e-01
3.167173252279635309e-01
