1.000000000000000000e+00
7.861347285807717133e-01
7.809025506867233180e-01
7.475474166121648389e-01
7.423152387181164436e-01
7.410071942446042614e-01
6.899934597776324896e-01
6.795291039895356988e-01
6.893394375408763430e-01
6.533682145192936108e-01
6.200130804447351318e-01
6.226291693917592740e-01
6.245912361020274917e-01
5.931981687377371193e-01
5.827338129496403285e-01
5.958142576847612615e-01
5.722694571615435377e-01
5.650752125572269247e-01
5.310660562459124101e-01
5.480706344015696674e-01
5.474166121648136318e-01
5.166775670372792950e-01
5.134074558534990063e-01
5.192936559843034372e-01
5.042511445389142866e-01
4.937867887508175513e-01
4.931327665140614602e-01
4.846304774362328316e-01
4.676258992805755188e-01
4.578155657292348191e-01
4.780902550686723096e-01
4.565075212557226925e-01
4.460431654676259017e-01
4.211903204708959958e-01
4.290385873119685889e-01
4.355788096795291109e-01
4.231523871811641579e-01
4.290385873119685889e-01
4.264224983649443912e-01
4.231523871811641579e-01
4.081098757357750073e-01
4.107259646827992050e-01
4.113799869195552406e-01
4.015696533682145408e-01
4.153041203400915649e-01
3.858731196860692991e-01
3.858731196860692991e-01
4.015696533682145408e-01
3.976455199476782165e-01
3.845650752125572280e-01
3.897972531066056234e-01
3.819489862655330303e-01
3.852190974493132636e-01
3.812949640287769948e-01
3.911052975801177500e-01
3.839110529758011925e-01
3.649444081098757175e-01
3.734466971877044017e-01
3.623283191628515199e-01
3.662524525833878442e-01
3.695225637671680774e-01
3.512099411379986935e-01
3.721386527141922751e-01
3.734466971877044017e-01
3.564421190320470889e-01
3.309352517985611475e-01
3.400915631131458672e-01
3.420536298234139738e-01
3.446697187704381715e-01
3.348593852190974718e-01
3.361674296926095429e-01
3.276651406147809142e-01
3.289731850882929853e-01
3.172007848266841235e-01
3.198168737737083211e-01
3.230869849574885544e-01
3.230869849574885544e-01
3.178548070634401590e-01
3.472858077174623692e-01
3.328973185088293096e-01
3.289731850882929853e-01
3.204708960104643567e-01
3.185088293001961945e-01
3.028122956180510084e-01
3.289731850882929853e-01
3.152387181164159613e-01
3.041203400915631350e-01
3.041203400915631350e-01
3.008502289077828462e-01
2.969260954872465774e-01
3.139306736429038347e-01
3.021582733812949728e-01
2.995421844342707751e-01
2.923479398299542176e-01
3.106605624591236015e-01
2.949640287769784153e-01
2.818835840418574268e-01
2.812295618051013912e-01
2.838456507521255889e-01
2.936559843034663442e-01
2.740353172007848337e-01
2.812295618051013912e-01
2.681491170699804027e-01
2.701111837802485094e-01
2.818835840418574268e-01
2.831916285153694979e-01
2.681491170699804027e-01
2.648790058862001140e-01
2.655330281229562051e-01
2.674950948332243117e-01
2.629169391759320074e-01
2.746893394375408692e-01
2.635709614126880429e-01
2.746893394375408692e-01
2.609548724656638452e-01
2.583387835186396475e-01
2.661870503597122406e-01
2.701111837802485094e-01
2.799215173315892646e-01
2.544146500981033232e-01
2.609548724656638452e-01
2.629169391759320074e-01
2.524525833878351611e-01
2.635709614126880429e-01
2.609548724656638452e-01
2.452583387835186313e-01
2.550686723348593588e-01
2.550686723348593588e-01
2.504905166775670544e-01
2.544146500981033232e-01
2.459123610202746946e-01
2.459123610202746946e-01
2.498364944408109911e-01
2.498364944408109911e-01
2.478744277305428290e-01
2.367560497056900026e-01
2.289077828646174095e-01
2.465663832570307301e-01
2.328319162851537061e-01
2.308698495748855439e-01
2.347939829954218405e-01
2.262916939175932118e-01
2.275997383911053107e-01
2.092871157619358990e-01
2.295618051013734451e-01
2.190974493132766543e-01
2.236756049705689864e-01
2.151733158927403577e-01
2.249836494440810852e-01
2.295618051013734451e-01
2.197514715500326898e-01
2.145192936559842944e-01
2.354480052321779038e-01
2.341399607586658049e-01
2.171353826030084921e-01
2.190974493132766543e-01
2.132112491824721956e-01
2.243296272073250497e-01
2.112491824722040612e-01
2.210595160235447887e-01
2.282537606278613462e-01
2.079790712884238002e-01
2.223675604970568875e-01
2.217135382603008520e-01
2.204054937867887531e-01
2.197514715500326898e-01
2.073250490516677647e-01
2.132112491824721956e-01
2.105951602354479979e-01
2.119032047089600967e-01
2.112491824722040612e-01
2.138652714192282589e-01
2.007848266841072704e-01
2.138652714192282589e-01
2.014388489208633060e-01
2.145192936559842944e-01
2.007848266841072704e-01
2.001308044473512071e-01
2.112491824722040612e-01
2.105951602354479979e-01
2.053629823413996025e-01
2.007848266841072704e-01
2.034009156311314681e-01
2.053629823413996025e-01
2.125572269457161600e-01
2.138652714192282589e-01
1.962066710268149106e-01
1.922825376062786140e-01
1.903204708960104519e-01
1.850882930019620565e-01
1.837802485284499576e-01
1.844342707652060209e-01
1.831262262916939221e-01
1.890124264224983530e-01
1.968606932635709739e-01
1.903204708960104519e-01
1.922825376062786140e-01
1.837802485284499576e-01
1.818181818181818232e-01
1.857423152387181198e-01
1.765860039241334278e-01
1.746239372138652657e-01
1.824722040549378588e-01
1.818181818181818232e-01
1.844342707652060209e-01
1.706998037933289691e-01
1.759319816873773645e-01
1.746239372138652657e-01
1.706998037933289691e-01
1.700457815565729336e-01
1.720078482668410680e-01
1.877043819489862542e-01
1.824722040549378588e-01
1.844342707652060209e-01
1.778940483976455267e-01
1.654676258992805737e-01
1.654676258992805737e-01
1.759319816873773645e-01
1.805101373446697244e-01
1.648136036625245382e-01
1.824722040549378588e-01
1.739699149771092301e-01
1.798561151079136611e-01
1.772400261608894634e-01
1.680837148463047714e-01
1.700457815565729336e-01
1.706998037933289691e-01
1.792020928711576255e-01
1.700457815565729336e-01
1.667756703727926726e-01
1.700457815565729336e-01
1.706998037933289691e-01
1.720078482668410680e-01
1.641595814257684749e-01
1.706998037933289691e-01
1.569653368214519173e-01
1.700457815565729336e-01
1.641595814257684749e-01
1.635055591890124393e-01
1.536952256376716841e-01
1.687377370830608347e-01
1.641595814257684749e-01
1.700457815565729336e-01
1.628515369522563760e-01
1.478090255068672254e-01
1.582733812949640162e-01
1.536952256376716841e-01
1.550032701111837830e-01
1.615434924787442772e-01
1.641595814257684749e-01
1.543492478744277197e-01
1.517331589274035220e-01
1.536952256376716841e-01
1.641595814257684749e-01
1.641595814257684749e-01
1.556572923479398185e-01
1.563113145846958818e-01
1.517331589274035220e-01
1.550032701111837830e-01
1.406147809025506956e-01
1.536952256376716841e-01
1.491170699803793243e-01
1.589274035317200795e-01
1.536952256376716841e-01
1.484630477436232887e-01
1.510791366906474864e-01
1.471550032701111899e-01
1.543492478744277197e-01
1.451929365598430277e-01
1.491170699803793243e-01
1.340745585349902014e-01
1.412688031393067312e-01
1.373446697187704346e-01
1.399607586657946323e-01
1.406147809025506956e-01
1.478090255068672254e-01
1.491170699803793243e-01
1.438848920863309289e-01
1.393067364290385968e-01
1.379986919555264979e-01
1.465009810333551266e-01
1.412688031393067312e-01
1.445389143230869922e-01
1.465009810333551266e-01
1.451929365598430277e-01
1.445389143230869922e-01
1.425768476128188300e-01
1.386527141922825335e-01
1.412688031393067312e-01
1.478090255068672254e-01
1.360366252452583358e-01
1.432308698495748933e-01
1.327665140614781025e-01
1.465009810333551266e-01
1.465009810333551266e-01
1.386527141922825335e-01
1.334205362982341381e-01
1.399607586657946323e-01
1.366906474820143991e-01
1.249182472204054956e-01
1.334205362982341381e-01
1.360366252452583358e-01
1.275343361674296794e-01
1.340745585349902014e-01
1.360366252452583358e-01
1.334205362982341381e-01
1.334205362982341381e-01
1.360366252452583358e-01
1.373446697187704346e-01
1.399607586657946323e-01
1.425768476128188300e-01
1.314584695879660037e-01
1.386527141922825335e-01
1.360366252452583358e-01
1.419228253760627945e-01
1.393067364290385968e-01
1.281883584041857427e-01
1.347285807717462369e-01
1.393067364290385968e-01
1.386527141922825335e-01
1.366906474820143991e-01
1.471550032701111899e-01
1.379986919555264979e-01
1.399607586657946323e-01
1.353826030085023002e-01
1.321124918247220392e-01
1.340745585349902014e-01
1.275343361674296794e-01
1.229561805101373473e-01
1.327665140614781025e-01
1.314584695879660037e-01
1.268803139306736438e-01
1.281883584041857427e-01
1.288423806409417782e-01
1.347285807717462369e-01
1.209941137998691990e-01
1.327665140614781025e-01
1.425768476128188300e-01
1.438848920863309289e-01
1.366906474820143991e-01
1.242642249836494461e-01
1.386527141922825335e-01
1.249182472204054956e-01
1.262262916939175805e-01
1.275343361674296794e-01
1.301504251144539048e-01
1.262262916939175805e-01
1.294964028776978415e-01
1.203400915631131496e-01
1.275343361674296794e-01
1.223021582733812979e-01
1.203400915631131496e-01
1.177240026160889519e-01
1.216481360366252484e-01
1.216481360366252484e-01
1.177240026160889519e-01
1.190320470896010507e-01
1.229561805101373473e-01
1.229561805101373473e-01
1.209941137998691990e-01
1.151079136690647542e-01
1.209941137998691990e-01
1.196860693263571002e-01
1.170699803793329025e-01
1.209941137998691990e-01
1.223021582733812979e-01
1.177240026160889519e-01
1.229561805101373473e-01
1.262262916939175805e-01
1.157619359058208036e-01
1.268803139306736438e-01
1.196860693263571002e-01
1.164159581425768530e-01
1.268803139306736438e-01
1.229561805101373473e-01
1.151079136690647542e-01
1.105297580117723943e-01
1.242642249836494461e-01
1.223021582733812979e-01
1.151079136690647542e-01
1.144538914323087048e-01
1.085676913015042461e-01
1.164159581425768530e-01
1.255722694571615450e-01
1.151079136690647542e-01
1.098757357750163449e-01
1.236102027468933967e-01
1.223021582733812979e-01
1.137998691955526553e-01
1.249182472204054956e-01
1.196860693263571002e-01
1.137998691955526553e-01
1.170699803793329025e-01
1.111837802485284438e-01
1.118378024852844932e-01
1.157619359058208036e-01
1.111837802485284438e-01
1.111837802485284438e-01
1.216481360366252484e-01
1.249182472204054956e-01
1.118378024852844932e-01
