1.000000000000000000e+00
7.511520737327188613e-01
7.019969278033794113e-01
6.666666666666666297e-01
6.466973886328725163e-01
6.267281105990782919e-01
5.729646697388632859e-01
5.391705069124423932e-01
5.376344086021505042e-01
5.337941628264208926e-01
5.115207373271889457e-01
5.000000000000000000e-01
4.761904761904761640e-01
4.592933947772657177e-01
4.938556067588325549e-01
4.585253456221198287e-01
4.116743471582181013e-01
3.978494623655913776e-01
3.947772657450076550e-01
4.032258064516128782e-01
3.993855606758832666e-01
3.717357910906298191e-01
3.755760368663594306e-01
3.548387096774193727e-01
3.617511520737327069e-01
3.486943164362519276e-01
3.302611367127495923e-01
3.187403993855607021e-01
3.026113671274961447e-01
2.795698924731182533e-01
2.841781874039938649e-01
2.795698924731182533e-01
2.849462365591398094e-01
2.672811059907834186e-01
2.718894009216589747e-01
2.772657450076804753e-01
2.749615975422426972e-01
2.488479262672811110e-01
2.526881720430107503e-01
2.457757296466973884e-01
2.457757296466973884e-01
2.411674347158218046e-01
2.196620583717358022e-01
2.227342549923194970e-01
2.173579109062979964e-01
2.319508448540706647e-01
2.227342549923194970e-01
2.250384024577573028e-01
2.104454685099846345e-01
2.181259600614439409e-01
1.850998463901689650e-01
1.897081413210445489e-01
1.835637480798771037e-01
1.889400921658986043e-01
1.827956989247311870e-01
1.920122887864823269e-01
1.635944700460829626e-01
1.689708141321044632e-01
1.589861751152073788e-01
1.620583717357911013e-01
1.789554531490015477e-01
1.582181259600614343e-01
1.620583717357911013e-01
1.689708141321044632e-01
1.582181259600614343e-01
1.520737327188940169e-01
1.597542242703532955e-01
1.520737327188940169e-01
1.451612903225806550e-01
1.551459293394777395e-01
1.436251920122887937e-01
1.520737327188940169e-01
1.443932411674347105e-01
1.474654377880184331e-01
1.359447004608294873e-01
1.428571428571428492e-01
1.443932411674347105e-01
1.390168970814132099e-01
1.420890937019969325e-01
1.513056835637480724e-01
1.405529953917050712e-01
1.436251920122887937e-01
1.443932411674347105e-01
1.336405529953917093e-01
1.374807987711213486e-01
1.374807987711213486e-01
1.336405529953917093e-01
1.397849462365591267e-01
1.152073732718894017e-01
1.251920122887864861e-01
1.244239631336405555e-01
1.190476190476190410e-01
1.251920122887864861e-01
1.213517665130568329e-01
1.159754224270353323e-01
1.152073732718894017e-01
1.190476190476190410e-01
1.244239631336405555e-01
1.090629800307219704e-01
1.167434715821812630e-01
1.075268817204301092e-01
1.090629800307219704e-01
1.182795698924731242e-01
1.059907834101382479e-01
1.044546850998463866e-01
1.182795698924731242e-01
1.036866359447004560e-01
1.006144393241167473e-01
1.082949308755760398e-01
1.036866359447004560e-01
9.293394777265745477e-02
1.021505376344086086e-01
1.067588325652841785e-01
8.602150537634409289e-02
9.139784946236559349e-02
8.755760368663594029e-02
9.293394777265745477e-02
9.600614439324116345e-02
9.677419354838709409e-02
9.293394777265745477e-02
8.371735791090630097e-02
9.523809523809523281e-02
9.447004608294930217e-02
8.218125960061443969e-02
8.141321044546850905e-02
8.602150537634409289e-02
8.755760368663594029e-02
8.448540706605223161e-02
8.448540706605223161e-02
8.294930875576037033e-02
7.680491551459293909e-02
8.294930875576037033e-02
7.680491551459293909e-02
6.912442396313364656e-02
7.834101382488478649e-02
7.603686635944700845e-02
7.296466973886328589e-02
7.373271889400921653e-02
7.987711213517664777e-02
7.296466973886328589e-02
7.373271889400921653e-02
7.219662058371735525e-02
8.371735791090630097e-02
7.219662058371735525e-02
6.835637480798771592e-02
7.680491551459293909e-02
7.526881720430107781e-02
7.450076804915514717e-02
7.757296466973886973e-02
6.605222734254992401e-02
7.603686635944700845e-02
6.682027649769585465e-02
7.987711213517664777e-02
6.451612903225806273e-02
6.682027649769585465e-02
7.603686635944700845e-02
7.219662058371735525e-02
6.451612903225806273e-02
6.758832565284178528e-02
6.989247311827956333e-02
6.451612903225806273e-02
6.451612903225806273e-02
6.528417818740399337e-02
6.451612903225806273e-02
6.221198156682027774e-02
6.451612903225806273e-02
5.760368663594470084e-02
6.298003072196620145e-02
5.837173579109063148e-02
5.453149001536098522e-02
5.837173579109063148e-02
5.683563748079877020e-02
5.913978494623656212e-02
6.144393241167434710e-02
6.682027649769585465e-02
5.683563748079877020e-02
6.374807987711213209e-02
6.298003072196620145e-02
5.913978494623656212e-02
6.605222734254992401e-02
6.758832565284178528e-02
6.221198156682027774e-02
5.529953917050691586e-02
5.529953917050691586e-02
5.299539170506912394e-02
5.222734254992319330e-02
5.606758832565283956e-02
5.145929339477726266e-02
6.451612903225806273e-02
5.760368663594470084e-02
5.529953917050691586e-02
6.144393241167434710e-02
5.913978494623656212e-02
5.990783410138248583e-02
5.837173579109063148e-02
5.990783410138248583e-02
5.760368663594470084e-02
4.915514592933947768e-02
5.683563748079877020e-02
5.529953917050691586e-02
5.990783410138248583e-02
5.837173579109063148e-02
4.685099846390169270e-02
5.299539170506912394e-02
5.453149001536098522e-02
5.376344086021505458e-02
5.145929339477726266e-02
5.760368663594470084e-02
5.145929339477726266e-02
5.529953917050691586e-02
4.838709677419354704e-02
4.915514592933947768e-02
4.761904761904761640e-02
4.838709677419354704e-02
4.838709677419354704e-02
4.685099846390169270e-02
5.069124423963133896e-02
5.069124423963133896e-02
4.070660522273425452e-02
5.222734254992319330e-02
5.299539170506912394e-02
4.915514592933947768e-02
4.531490015360983142e-02
4.761904761904761640e-02
4.992319508448540832e-02
4.608294930875576206e-02
4.454685099846390078e-02
4.377880184331797014e-02
3.993855606758832388e-02
4.301075268817204644e-02
4.224270353302611580e-02
3.609831029185867762e-02
4.224270353302611580e-02
4.761904761904761640e-02
5.069124423963133896e-02
3.917050691244239324e-02
4.992319508448540832e-02
4.070660522273425452e-02
3.917050691244239324e-02
4.147465437788018516e-02
4.147465437788018516e-02
3.686635944700460826e-02
3.917050691244239324e-02
4.608294930875576206e-02
3.763440860215053890e-02
3.072196620583717355e-02
3.609831029185867762e-02
3.533026113671274698e-02
3.840245775729646954e-02
3.533026113671274698e-02
3.225806451612903136e-02
3.302611367127496200e-02
4.377880184331797014e-02
3.379416282642089264e-02
3.917050691244239324e-02
2.995391705069124291e-02
3.533026113671274698e-02
3.840245775729646954e-02
3.686635944700460826e-02
3.302611367127496200e-02
4.147465437788018516e-02
4.531490015360983142e-02
4.761904761904761640e-02
3.686635944700460826e-02
4.301075268817204644e-02
3.840245775729646954e-02
3.225806451612903136e-02
3.533026113671274698e-02
4.685099846390169270e-02
4.070660522273425452e-02
4.147465437788018516e-02
3.763440860215053890e-02
3.072196620583717355e-02
2.918586789554531574e-02
3.456221198156682328e-02
3.533026113671274698e-02
2.995391705069124291e-02
2.918586789554531574e-02
2.764976958525345793e-02
2.764976958525345793e-02
3.456221198156682328e-02
3.072196620583717355e-02
3.609831029185867762e-02
3.609831029185867762e-02
3.533026113671274698e-02
4.301075268817204644e-02
3.840245775729646954e-02
4.147465437788018516e-02
3.917050691244239324e-02
3.763440860215053890e-02
3.763440860215053890e-02
3.686635944700460826e-02
3.302611367127496200e-02
3.840245775729646954e-02
3.917050691244239324e-02
3.072196620583717355e-02
3.609831029185867762e-02
3.763440860215053890e-02
3.917050691244239324e-02
3.686635944700460826e-02
3.225806451612903136e-02
3.225806451612903136e-02
2.457757296466973884e-02
3.686635944700460826e-02
2.918586789554531574e-02
3.302611367127496200e-02
3.379416282642089264e-02
3.993855606758832388e-02
3.302611367127496200e-02
2.918586789554531574e-02
2.764976958525345793e-02
2.534562211981566948e-02
3.072196620583717355e-02
3.072196620583717355e-02
2.995391705069124291e-02
2.918586789554531574e-02
3.379416282642089264e-02
2.457757296466973884e-02
2.841781874039938510e-02
3.379416282642089264e-02
3.072196620583717355e-02
3.149001536098310072e-02
3.840245775729646954e-02
3.379416282642089264e-02
3.225806451612903136e-02
3.379416282642089264e-02
3.609831029185867762e-02
2.457757296466973884e-02
3.072196620583717355e-02
3.533026113671274698e-02
3.379416282642089264e-02
2.995391705069124291e-02
2.227342549923195039e-02
2.688172043010752729e-02
2.841781874039938510e-02
2.380952380952380820e-02
2.304147465437788103e-02
2.304147465437788103e-02
2.304147465437788103e-02
2.995391705069124291e-02
2.304147465437788103e-02
2.227342549923195039e-02
2.304147465437788103e-02
2.534562211981566948e-02
2.150537634408602322e-02
2.150537634408602322e-02
2.688172043010752729e-02
2.688172043010752729e-02
2.227342549923195039e-02
2.073732718894009258e-02
2.073732718894009258e-02
2.073732718894009258e-02
2.457757296466973884e-02
2.380952380952380820e-02
3.072196620583717355e-02
2.457757296466973884e-02
2.304147465437788103e-02
3.302611367127496200e-02
2.841781874039938510e-02
2.688172043010752729e-02
2.688172043010752729e-02
1.996927803379416194e-02
2.304147465437788103e-02
2.764976958525345793e-02
2.457757296466973884e-02
2.457757296466973884e-02
3.072196620583717355e-02
2.995391705069124291e-02
2.380952380952380820e-02
2.150537634408602322e-02
2.304147465437788103e-02
2.688172043010752729e-02
2.918586789554531574e-02
2.841781874039938510e-02
2.841781874039938510e-02
2.995391705069124291e-02
2.534562211981566948e-02
2.688172043010752729e-02
2.995391705069124291e-02
3.225806451612903136e-02
2.227342549923195039e-02
2.304147465437788103e-02
2.073732718894009258e-02
2.457757296466973884e-02
1.996927803379416194e-02
2.073732718894009258e-02
1.996927803379416194e-02
1.612903225806451568e-02
1.920122887864823477e-02
1.766513056835637349e-02
2.073732718894009258e-02
1.920122887864823477e-02
1.766513056835637349e-02
2.304147465437788103e-02
2.380952380952380820e-02
2.764976958525345793e-02
2.227342549923195039e-02
2.457757296466973884e-02
2.380952380952380820e-02
2.841781874039938510e-02
2.534562211981566948e-02
