1.000000000000000000e+00
8.452492944496707850e-01
8.090310442144873493e-01
7.784571966133584375e-01
7.535277516462840497e-01
7.281279397930385811e-01
7.003762935089369313e-01
7.003762935089369313e-01
6.782690498588899164e-01
6.373471307619943405e-01
6.237064910630291115e-01
6.180620884289745876e-01
6.124176857949200636e-01
6.039510818438381667e-01
5.733772342427093660e-01
5.766698024459078198e-01
5.512699905926622401e-01
5.705550329256819930e-01
5.460959548447789080e-01
5.531514581373471184e-01
5.315145813734712954e-01
5.065851364063970186e-01
4.957666980244590516e-01
5.150517403574788045e-01
4.967074317968014907e-01
5.103480714957666642e-01
5.098777046095954724e-01
5.042333019755409484e-01
4.764816556914392986e-01
4.717779868297272139e-01
4.633113828786453170e-01
4.661335841956726345e-01
4.703668861712135274e-01
4.524929444967074055e-01
4.303857008466603906e-01
4.289746001881467596e-01
4.412041392285983021e-01
4.426152398871119331e-01
4.186265286923800399e-01
4.143932267168391470e-01
4.063969896519284974e-01
4.078080903104421284e-01
3.941674506114769549e-01
4.016933207902163572e-01
3.899341486359360065e-01
3.852304797742239217e-01
3.819379115710254124e-01
3.894637817497648147e-01
3.772342427093132722e-01
3.734713076199435711e-01
3.513640639698965007e-01
3.659454374412041133e-01
3.758231420507996412e-01
3.617121354656632204e-01
3.626528692380056595e-01
3.494825964252116779e-01
3.396048918156162055e-01
3.358419567262464489e-01
3.570084666039510801e-01
3.424270931326434675e-01
3.174976481655691352e-01
3.377234242709313272e-01
3.259642521166509765e-01
3.254938852304797847e-01
3.372530573847601354e-01
3.057384760112887845e-01
3.005644402634054524e-01
3.179680150517403825e-01
3.123236124176858031e-01
3.156161806208843124e-01
3.231420507996237146e-01
2.972718720602069431e-01
3.160865475070555042e-01
3.127939793038569949e-01
3.142050799623706259e-01
2.996237064910630132e-01
2.986829727187206296e-01
2.864534336782690316e-01
2.873941674506114707e-01
2.793979303857008212e-01
2.770460959548448066e-01
2.784571966133584375e-01
2.822201317027281386e-01
2.681091251175917178e-01
2.596425211665098765e-01
2.737535277516462973e-01
2.709313264346189798e-01
2.652869238005644559e-01
2.770460959548448066e-01
2.699905926622765961e-01
2.455315145813734834e-01
2.572906867356538063e-01
2.629350893697083857e-01
2.455315145813734834e-01
2.605832549388523156e-01
2.648165569143932085e-01
2.619943555973659466e-01
2.587017873941674373e-01
2.525870178739416660e-01
2.558795860771401753e-01
2.554092191909689835e-01
2.568203198494826145e-01
2.563499529633113672e-01
2.460018814675446752e-01
2.460018814675446752e-01
2.502351834430855959e-01
2.539981185324552970e-01
2.445907808090310442e-01
2.394167450611476844e-01
2.427093132643461937e-01
2.403574788334901235e-01
2.431796801505174133e-01
2.422389463781749741e-01
2.370649106302916143e-01
2.285983066792097729e-01
2.309501411100658430e-01
2.182502351834430809e-01
2.257761053621825109e-01
2.097836312323612395e-01
2.064910630291627580e-01
2.135465663217309407e-01
2.055503292568203189e-01
2.046095954844778797e-01
2.191909689557855201e-01
2.036688617121354683e-01
2.022577610536218373e-01
2.031984948259642487e-01
2.088428974600188281e-01
1.975540921919096971e-01
2.079021636876763890e-01
2.013170272812793982e-01
1.999059266227657672e-01
2.022577610536218373e-01
1.966133584195672579e-01
2.017873941674506177e-01
1.923800564440263372e-01
2.013170272812793982e-01
1.970837253057384775e-01
1.961429915333960383e-01
1.994355597365945476e-01
1.904985888993414866e-01
1.961429915333960383e-01
2.031984948259642487e-01
1.956726246472248465e-01
1.961429915333960383e-01
1.952022577610536269e-01
1.900282220131702671e-01
1.829727187206020567e-01
1.721542803386641451e-01
1.716839134524929533e-01
1.843838193791157154e-01
1.749764816556914349e-01
1.792097836312323555e-01
1.810912511759172061e-01
1.763875823142050936e-01
1.702728127939792946e-01
1.721542803386641451e-01
1.787394167450611360e-01
1.754468485418626544e-01
1.702728127939792946e-01
1.660395108184383739e-01
1.660395108184383739e-01
1.585136406396989717e-01
1.698024459078081028e-01
1.566321730950141211e-01
1.674506114769520326e-01
1.707431796801505142e-01
1.721542803386641451e-01
1.716839134524929533e-01
1.749764816556914349e-01
1.679209783631232245e-01
1.636876763875823038e-01
1.773283160865475050e-01
1.698024459078081028e-01
1.763875823142050936e-01
1.585136406396989717e-01
1.589840075258701912e-01
1.636876763875823038e-01
1.585136406396989717e-01
1.608654750705550418e-01
1.580432737535277521e-01
1.669802445907808131e-01
1.533396048918156118e-01
1.500470366886171303e-01
1.613358419567262336e-01
1.632173095014111119e-01
1.599247412982126026e-01
1.571025399811853129e-01
1.575729068673565325e-01
1.674506114769520326e-01
1.622765757290686728e-01
1.650987770460959625e-01
1.571025399811853129e-01
1.458137347130762096e-01
1.528692380056443922e-01
1.514581373471307613e-01
1.566321730950141211e-01
1.566321730950141211e-01
1.448730009407337704e-01
1.571025399811853129e-01
1.533396048918156118e-01
1.566321730950141211e-01
1.523988711194732004e-01
1.429915333960489199e-01
1.519285042333019808e-01
1.439322671683913590e-01
1.505174035747883221e-01
1.415804327375352889e-01
1.552210724365004624e-01
1.368767638758231486e-01
1.462841015992474014e-01
1.481655691439322797e-01
1.284101599247413072e-01
1.401693320790216302e-01
1.317027281279397888e-01
1.392285983066792188e-01
1.359360301034807095e-01
1.335841956726246393e-01
1.444026340545625509e-01
1.345249294449670785e-01
1.378174976481655600e-01
1.232361241768579474e-01
1.387582314205079992e-01
1.293508936970837186e-01
1.227657572906867417e-01
1.307619943555973774e-01
1.298212605832549382e-01
1.335841956726246393e-01
1.274694261523988681e-01
1.260583254938852371e-01
1.312323612417685692e-01
1.128880526810912555e-01
1.218250235183443025e-01
1.171213546566321761e-01
1.251175917215427980e-01
1.213546566321730968e-01
1.269990592662276485e-01
1.317027281279397888e-01
1.218250235183443025e-01
1.246472248353715923e-01
1.265286923800564567e-01
1.274694261523988681e-01
1.251175917215427980e-01
1.288805268109124991e-01
1.241768579492003727e-01
1.218250235183443025e-01
1.095954844778927600e-01
1.138287864534336807e-01
1.142991533396048864e-01
1.161806208842897509e-01
1.227657572906867417e-01
1.354656632173094899e-01
1.227657572906867417e-01
1.204139228598306716e-01
1.232361241768579474e-01
1.237064910630291670e-01
1.279397930385700877e-01
1.251175917215427980e-01
1.227657572906867417e-01
1.237064910630291670e-01
1.175917215428033819e-01
1.302916274694261578e-01
1.331138287864534475e-01
1.241768579492003727e-01
1.185324553151458071e-01
1.110065851364063910e-01
1.166509877704609566e-01
1.251175917215427980e-01
1.190028222013170267e-01
1.194731890874882463e-01
1.095954844778927600e-01
1.100658513640639657e-01
1.185324553151458071e-01
1.133584195672624612e-01
1.138287864534336807e-01
1.091251175917215405e-01
1.190028222013170267e-01
1.124176857949200359e-01
1.044214487300094141e-01
1.124176857949200359e-01
1.180620884289746014e-01
1.086547507055503348e-01
1.110065851364063910e-01
1.157102539981185313e-01
1.152398871119473256e-01
1.039510818438381945e-01
1.001881467544684795e-01
1.147695202257761060e-01
1.133584195672624612e-01
1.100658513640639657e-01
1.067732831608654703e-01
1.048918156161806198e-01
1.133584195672624612e-01
1.053621825023518394e-01
1.124176857949200359e-01
1.105362182502351853e-01
1.124176857949200359e-01
1.048918156161806198e-01
1.025399811853245496e-01
9.877704609595484853e-02
1.063029162746942646e-01
1.039510818438381945e-01
1.072436500470366899e-01
1.081843838193791152e-01
1.063029162746942646e-01
1.091251175917215405e-01
1.124176857949200359e-01
1.025399811853245496e-01
1.011288805268109187e-01
1.025399811853245496e-01
9.548447789275635311e-02
1.105362182502351853e-01
1.034807149576669749e-01
1.025399811853245496e-01
1.081843838193791152e-01
1.001881467544684795e-01
1.030103480714957692e-01
9.454374412041392783e-02
1.119473189087488302e-01
9.830667920978362895e-02
9.360301034807150256e-02
9.266227657572906340e-02
9.548447789275635311e-02
9.877704609595484853e-02
9.783631232361242325e-02
9.313264346190028298e-02
9.736594543744120367e-02
8.748824082784571743e-02
9.454374412041392783e-02
9.924741298212605423e-02
9.689557855126998409e-02
9.783631232361242325e-02
1.025399811853245496e-01
9.266227657572906340e-02
9.736594543744120367e-02
9.313264346190028298e-02
8.701787394167451173e-02
9.125117591721543242e-02
8.842897460018814271e-02
9.266227657572906340e-02
8.936970837253056799e-02
9.125117591721543242e-02
9.783631232361242325e-02
9.078080903104421284e-02
8.984007525870178756e-02
8.043273753527752090e-02
8.278457196613359104e-02
7.996237064910630132e-02
8.137347130761994618e-02
8.090310442144872660e-02
8.795860771401693701e-02
9.125117591721543242e-02
7.996237064910630132e-02
8.184383819379115188e-02
9.125117591721543242e-02
8.278457196613359104e-02
8.654750705550329215e-02
8.701787394167451173e-02
8.560677328316086687e-02
8.090310442144872660e-02
8.701787394167451173e-02
8.325493885230479674e-02
8.231420507996237146e-02
8.607714016933207257e-02
8.984007525870178756e-02
8.137347130761994618e-02
7.714016933207902549e-02
7.855126999059265647e-02
8.231420507996237146e-02
8.984007525870178756e-02
8.231420507996237146e-02
8.889934148635936229e-02
8.889934148635936229e-02
8.984007525870178756e-02
8.795860771401693701e-02
9.266227657572906340e-02
8.842897460018814271e-02
9.172154280338663812e-02
8.466603951081844159e-02
9.125117591721543242e-02
9.360301034807150256e-02
8.325493885230479674e-02
8.701787394167451173e-02
7.808090310442145077e-02
8.278457196613359104e-02
9.548447789275635311e-02
9.172154280338663812e-02
8.137347130761994618e-02
9.219190968955785770e-02
8.372530573847601632e-02
8.795860771401693701e-02
9.219190968955785770e-02
7.808090310442145077e-02
8.560677328316086687e-02
8.795860771401693701e-02
8.419567262464722202e-02
8.419567262464722202e-02
9.125117591721543242e-02
8.231420507996237146e-02
8.043273753527752090e-02
8.936970837253056799e-02
