1.000000000000000000e+00
8.430540827147401384e-01
7.889713679745493646e-01
7.380699893955461333e-01
7.264050901378579228e-01
7.020148462354188768e-01
6.585365853658536883e-01
6.765641569459173166e-01
6.702014846235418988e-01
6.373276776246022957e-01
6.299045599151643637e-01
6.224814422057264318e-01
5.938494167550371072e-01
5.885471898197243146e-01
5.970307529162247606e-01
5.906680805938494538e-01
5.577942735949098507e-01
5.546129374337221973e-01
5.312831389183456654e-01
5.673382820784729219e-01
5.832449628844114109e-01
5.599151643690349900e-01
5.429480381760339869e-01
5.185577942735949408e-01
5.249204665959703586e-01
5.227995758218452194e-01
5.164369034994698016e-01
4.803817603393425451e-01
5.058324496288441052e-01
4.591728525980912079e-01
5.047720042417815911e-01
4.623541887592789168e-01
4.687168610816542791e-01
4.443266171792152885e-01
4.644750795334040561e-01
4.496288441145280812e-01
4.369034994697773011e-01
4.506892895015906508e-01
4.432661717921527189e-01
4.262990455991516603e-01
4.422057264050901493e-01
4.178154825026511032e-01
4.411452810180275796e-01
4.156945917285259640e-01
3.944856839872746823e-01
4.612937433722163472e-01
3.934252386002121127e-01
4.135737009544008247e-01
4.103923647932131713e-01
3.838812301166489860e-01
3.658536585365853577e-01
3.775185577942735682e-01
3.764581124072110541e-01
3.764581124072110541e-01
3.775185577942735682e-01
3.849416755037115556e-01
3.626723223753976488e-01
3.732767762460233452e-01
3.319194061505832405e-01
3.637327677624602185e-01
3.552492046659597169e-01
3.552492046659597169e-01
3.393425238600212279e-01
3.647932131495227881e-01
3.382820784729586583e-01
3.276776246023329620e-01
3.213149522799575997e-01
3.191940615058324604e-01
3.393425238600212279e-01
3.329798515376458101e-01
3.297985153764581012e-01
3.234358430540827389e-01
3.244962884411453086e-01
2.979851537645811232e-01
3.181336161187698908e-01
3.393425238600212279e-01
3.372216330858960887e-01
3.128313891834570426e-01
3.085896076352067641e-01
3.107104984093319033e-01
3.276776246023329620e-01
3.128313891834570426e-01
3.022269353128314018e-01
2.948038176033934143e-01
3.117709437963944730e-01
3.032873806998939714e-01
3.001060445387062625e-01
3.191940615058324604e-01
2.895015906680805662e-01
2.895015906680805662e-01
2.937433722163308447e-01
2.831389183457052039e-01
2.958642629904559840e-01
2.820784729586426343e-01
2.895015906680805662e-01
2.629904559915164364e-01
2.799575821845174950e-01
3.075291622481441944e-01
2.704135737009544238e-01
2.640509013785790060e-01
2.725344644750795076e-01
2.778366914103923557e-01
2.873806998939554824e-01
2.873806998939554824e-01
2.608695652173912971e-01
2.831389183457052039e-01
2.979851537645811232e-01
2.661717921527041453e-01
2.513255567338282259e-01
2.682926829268292845e-01
2.651113467656415756e-01
2.576882290562035882e-01
2.598091198303287275e-01
2.884411452810180521e-01
2.682926829268292845e-01
2.651113467656415756e-01
2.587486744432661578e-01
2.672322375397667149e-01
2.470837751855779474e-01
2.555673382820784489e-01
2.460233297985153778e-01
2.757158006362672165e-01
2.566277836691410186e-01
2.502651113467656563e-01
2.682926829268292845e-01
2.534464475079533652e-01
2.396606574761399877e-01
2.375397667020148484e-01
2.470837751855779474e-01
2.354188759278897092e-01
2.417815482502650992e-01
2.301166489925768888e-01
2.481442205726405170e-01
2.386002120890774181e-01
2.057264050901378705e-01
2.492046659597030867e-01
2.343584305408271395e-01
2.354188759278897092e-01
2.417815482502650992e-01
2.492046659597030867e-01
2.332979851537645699e-01
2.534464475079533652e-01
2.216330858960763595e-01
2.375397667020148484e-01
2.142099681866383998e-01
2.004241781548250223e-01
2.226935312831389291e-01
2.258748674443266102e-01
2.163308589607635113e-01
2.375397667020148484e-01
2.269353128313891799e-01
2.195121951219512202e-01
2.195121951219512202e-01
2.354188759278897092e-01
2.110286320254506909e-01
2.513255567338282259e-01
2.492046659597030867e-01
2.279957582184517495e-01
2.407211028632025573e-01
2.332979851537645699e-01
2.226935312831389291e-01
2.322375397667020280e-01
2.301166489925768888e-01
2.269353128313891799e-01
2.184517497348886506e-01
2.078472958642629820e-01
2.131495227995758301e-01
2.216330858960763595e-01
2.078472958642629820e-01
2.258748674443266102e-01
2.067868504772004123e-01
2.290562036055143191e-01
2.089077412513255516e-01
1.908801696712619234e-01
2.110286320254506909e-01
2.110286320254506909e-01
1.940615058324496323e-01
2.195121951219512202e-01
2.046659597030753008e-01
2.067868504772004123e-01
1.972428419936373412e-01
1.993637327677624527e-01
1.898197242841993537e-01
1.802757158006362548e-01
1.961823966065747715e-01
1.983032873806998830e-01
2.110286320254506909e-01
2.036055143160127312e-01
1.961823966065747715e-01
1.951219512195122019e-01
2.163308589607635113e-01
1.834570519618239637e-01
1.940615058324496323e-01
2.014846235418875919e-01
1.834570519618239637e-01
2.004241781548250223e-01
1.866383881230116726e-01
1.951219512195122019e-01
1.855779427359491029e-01
2.046659597030753008e-01
2.036055143160127312e-01
1.823966065747613940e-01
1.983032873806998830e-01
2.099681866383881212e-01
2.089077412513255516e-01
1.908801696712619234e-01
1.590668080593849454e-01
1.898197242841993537e-01
1.919406150583244930e-01
1.845174973488865333e-01
1.855779427359491029e-01
1.887592788971367841e-01
2.025450689289501616e-01
1.972428419936373412e-01
2.046659597030753008e-01
1.983032873806998830e-01
2.057264050901378705e-01
1.887592788971367841e-01
1.749734888653234344e-01
1.908801696712619234e-01
2.099681866383881212e-01
1.760339342523860040e-01
1.898197242841993537e-01
2.025450689289501616e-01
1.866383881230116726e-01
1.983032873806998830e-01
2.089077412513255516e-01
1.961823966065747715e-01
1.951219512195122019e-01
1.930010604453870626e-01
2.014846235418875919e-01
1.919406150583244930e-01
1.908801696712619234e-01
1.823966065747613940e-01
1.993637327677624527e-01
1.845174973488865333e-01
1.792152704135737129e-01
1.972428419936373412e-01
2.036055143160127312e-01
2.089077412513255516e-01
1.834570519618239637e-01
1.675503711558854747e-01
1.845174973488865333e-01
1.908801696712619234e-01
1.866383881230116726e-01
1.717921527041357255e-01
1.717921527041357255e-01
1.717921527041357255e-01
1.760339342523860040e-01
1.611876988335100847e-01
1.770943796394485736e-01
1.664899257688229051e-01
1.696712619300106140e-01
1.675503711558854747e-01
1.781548250265111433e-01
1.675503711558854747e-01
1.622481442205726543e-01
1.951219512195122019e-01
1.675503711558854747e-01
1.643690349946977658e-01
1.728525980911982951e-01
1.707317073170731836e-01
1.675503711558854747e-01
1.739130434782608647e-01
1.749734888653234344e-01
1.845174973488865333e-01
1.823966065747613940e-01
1.664899257688229051e-01
1.717921527041357255e-01
1.813361611876988244e-01
1.834570519618239637e-01
1.834570519618239637e-01
1.760339342523860040e-01
1.749734888653234344e-01
1.802757158006362548e-01
1.675503711558854747e-01
1.516436903499469857e-01
1.633085896076351962e-01
1.802757158006362548e-01
1.728525980911982951e-01
1.696712619300106140e-01
1.686108165429480443e-01
1.760339342523860040e-01
1.802757158006362548e-01
1.590668080593849454e-01
1.537645811240720972e-01
1.601272534464475150e-01
1.622481442205726543e-01
1.728525980911982951e-01
1.749734888653234344e-01
1.633085896076351962e-01
1.495227995758218464e-01
1.664899257688229051e-01
1.569459172852598061e-01
1.696712619300106140e-01
1.664899257688229051e-01
1.548250265111346669e-01
1.590668080593849454e-01
1.643690349946977658e-01
1.558854718981972365e-01
1.569459172852598061e-01
1.611876988335100847e-01
1.569459172852598061e-01
1.654294803817603354e-01
1.527041357370095553e-01
1.633085896076351962e-01
1.580063626723223758e-01
1.728525980911982951e-01
1.781548250265111433e-01
1.696712619300106140e-01
1.484623541887592768e-01
1.622481442205726543e-01
1.664899257688229051e-01
1.686108165429480443e-01
1.558854718981972365e-01
1.484623541887592768e-01
1.484623541887592768e-01
1.442205726405090260e-01
1.580063626723223758e-01
1.495227995758218464e-01
1.474019088016967072e-01
1.516436903499469857e-01
1.505832449628844161e-01
1.611876988335100847e-01
1.633085896076351962e-01
1.527041357370095553e-01
1.505832449628844161e-01
1.420996818663838868e-01
1.527041357370095553e-01
1.442205726405090260e-01
1.389183457051961779e-01
1.399787910922587475e-01
1.484623541887592768e-01
1.474019088016967072e-01
1.346765641569459271e-01
1.431601272534464564e-01
1.558854718981972365e-01
1.505832449628844161e-01
1.537645811240720972e-01
1.484623541887592768e-01
1.590668080593849454e-01
1.251325556733828281e-01
1.431601272534464564e-01
1.442205726405090260e-01
1.367974549310710386e-01
1.420996818663838868e-01
1.452810180275715679e-01
1.410392364793213171e-01
1.357370095440084967e-01
1.378579003181336082e-01
1.558854718981972365e-01
1.569459172852598061e-01
1.548250265111346669e-01
1.558854718981972365e-01
1.474019088016967072e-01
1.654294803817603354e-01
1.601272534464475150e-01
1.601272534464475150e-01
1.633085896076351962e-01
1.580063626723223758e-01
1.516436903499469857e-01
1.611876988335100847e-01
1.516436903499469857e-01
1.378579003181336082e-01
1.516436903499469857e-01
1.474019088016967072e-01
1.463414634146341375e-01
1.463414634146341375e-01
1.314952279957582182e-01
1.590668080593849454e-01
1.537645811240720972e-01
1.548250265111346669e-01
1.442205726405090260e-01
1.346765641569459271e-01
1.590668080593849454e-01
1.484623541887592768e-01
1.357370095440084967e-01
1.495227995758218464e-01
1.420996818663838868e-01
1.420996818663838868e-01
1.378579003181336082e-01
1.452810180275715679e-01
1.452810180275715679e-01
1.452810180275715679e-01
1.367974549310710386e-01
1.378579003181336082e-01
1.410392364793213171e-01
1.389183457051961779e-01
1.389183457051961779e-01
1.389183457051961779e-01
1.484623541887592768e-01
1.452810180275715679e-01
1.420996818663838868e-01
1.410392364793213171e-01
1.272534464475079397e-01
1.283138918345705093e-01
1.378579003181336082e-01
1.537645811240720972e-01
1.442205726405090260e-01
1.367974549310710386e-01
1.325556733828207878e-01
