1.000000000000000000e+00
8.936965811965812412e-01
8.247863247863247427e-01
7.815170940170940161e-01
7.606837606837606458e-01
7.532051282051281937e-01
7.254273504273504036e-01
7.195512820512820484e-01
7.211538461538461453e-01
6.891025641025640969e-01
6.698717948717948234e-01
6.752136752136752573e-01
6.810897435897436125e-01
6.549145299145299193e-01
6.565170940170940161e-01
6.287393162393162260e-01
6.292735042735042583e-01
6.260683760683760646e-01
6.020299145299145005e-01
6.052350427350426942e-01
5.956196581196581130e-01
5.844017094017094349e-01
5.795940170940171443e-01
5.448717948717948234e-01
5.614316239316239354e-01
5.550213675213675479e-01
5.512820512820513219e-01
5.315170940170940161e-01
5.154914529914529364e-01
5.267094017094017255e-01
5.154914529914529364e-01
5.005341880341880323e-01
4.770299145299145560e-01
4.802350427350427498e-01
4.642094017094017255e-01
4.743589743589743390e-01
4.583333333333333148e-01
4.636752136752136932e-01
4.556623931623931534e-01
4.449786324786324521e-01
4.594017094017093794e-01
4.230769230769230727e-01
4.385683760683760646e-01
4.423076923076922906e-01
4.289529914529914278e-01
4.204059829059829112e-01
4.182692307692307820e-01
4.123931623931623713e-01
4.054487179487179516e-01
3.872863247863247982e-01
3.963675213675213471e-01
3.931623931623931534e-01
3.920940170940170888e-01
3.995726495726495964e-01
3.894230769230769273e-01
4.054487179487179516e-01
3.963675213675213471e-01
3.931623931623931534e-01
3.787393162393162260e-01
3.760683760683760646e-01
3.664529914529914278e-01
3.750000000000000000e-01
3.659188034188033956e-01
3.685897435897436125e-01
3.520299145299145560e-01
3.547008547008547175e-01
3.568376068376068466e-01
3.584401709401709435e-01
3.461538461538461453e-01
3.424145299145299193e-01
3.392094017094017255e-01
3.322649572649572502e-01
3.354700854700854440e-01
3.215811965811966044e-01
3.205128205128205399e-01
3.178418803418803229e-01
3.092948717948718063e-01
3.194444444444444198e-01
3.044871794871794601e-01
2.996794871794871695e-01
2.815170940170940161e-01
2.852564102564102422e-01
2.980769230769230727e-01
2.911324786324786529e-01
3.028846153846153633e-01
2.970085470085470081e-01
3.007478632478632341e-01
2.943376068376068466e-01
2.884615384615384359e-01
2.820512820512820484e-01
2.863247863247863068e-01
2.793803418803418870e-01
2.708333333333333148e-01
2.665598290598290565e-01
2.708333333333333148e-01
2.729700854700854440e-01
2.676282051282051211e-01
2.574786324786324521e-01
2.622863247863247982e-01
2.478632478632478708e-01
2.510683760683760646e-01
2.654914529914529919e-01
2.580128205128205399e-01
2.457264957264957139e-01
2.494658119658119677e-01
2.430555555555555525e-01
2.387820512820512941e-01
2.393162393162393264e-01
2.313034188034188143e-01
2.313034188034188143e-01
2.190170940170940161e-01
2.248931623931623991e-01
2.222222222222222099e-01
2.286324786324786251e-01
2.040598290598290565e-01
2.248931623931623991e-01
2.168803418803418870e-01
2.174145299145299193e-01
2.286324786324786251e-01
2.147435897435897301e-01
2.067307692307692180e-01
2.019230769230769273e-01
2.094017094017094072e-01
2.104700854700854717e-01
2.099358974358974395e-01
2.115384615384615363e-01
2.077991452991453103e-01
2.077991452991453103e-01
2.019230769230769273e-01
2.040598290598290565e-01
2.110042735042735040e-01
2.051282051282051211e-01
2.110042735042735040e-01
1.875000000000000000e-01
2.088675213675213749e-01
2.072649572649572780e-01
2.051282051282051211e-01
1.912393162393162260e-01
1.923076923076923184e-01
1.842948717948718063e-01
1.848290598290598385e-01
1.805555555555555525e-01
1.826923076923076816e-01
1.709401709401709435e-01
1.949786324786324798e-01
1.853632478632478708e-01
1.720085470085470081e-01
1.768162393162393264e-01
1.704059829059829112e-01
1.693376068376068466e-01
1.655982905982905928e-01
1.725427350427350404e-01
1.762820512820512941e-01
1.538461538461538547e-01
1.533119658119658224e-01
1.623931623931623991e-01
1.746794871794871695e-01
1.666666666666666574e-01
1.645299145299145283e-01
1.672008547008546897e-01
1.810897435897435848e-01
1.709401709401709435e-01
1.784188034188034233e-01
1.639957264957264960e-01
1.736111111111111049e-01
1.725427350427350404e-01
1.623931623931623991e-01
1.565170940170940161e-01
1.629273504273504314e-01
1.485042735042735040e-01
1.474358974358974395e-01
1.506410256410256332e-01
1.570512820512820484e-01
1.538461538461538547e-01
1.426282051282051211e-01
1.597222222222222099e-01
1.527777777777777901e-01
1.495726495726495686e-01
1.458333333333333426e-01
1.543803418803418870e-01
1.575854700854700807e-01
1.607905982905983022e-01
1.495726495726495686e-01
1.575854700854700807e-01
1.463675213675213749e-01
1.383547008547008628e-01
1.511752136752136655e-01
1.549145299145299193e-01
1.495726495726495686e-01
1.506410256410256332e-01
1.485042735042735040e-01
1.346153846153846090e-01
1.420940170940170888e-01
1.383547008547008628e-01
1.330128205128205121e-01
1.469017094017094072e-01
1.415598290598290565e-01
1.346153846153846090e-01
1.436965811965811857e-01
1.362179487179487059e-01
1.340811965811965767e-01
1.426282051282051211e-01
1.383547008547008628e-01
1.319444444444444475e-01
1.298076923076923184e-01
1.314102564102564152e-01
1.303418803418803507e-01
1.287393162393162260e-01
1.319444444444444475e-01
1.298076923076923184e-01
1.383547008547008628e-01
1.303418803418803507e-01
1.388888888888888951e-01
1.292735042735042861e-01
1.356837606837606736e-01
1.266025641025640969e-01
1.340811965811965767e-01
1.303418803418803507e-01
1.201923076923076955e-01
1.250000000000000000e-01
1.233974358974359031e-01
1.239316239316239354e-01
1.169871794871794879e-01
1.276709401709401615e-01
1.207264957264957278e-01
1.137820512820512803e-01
1.250000000000000000e-01
1.303418803418803507e-01
1.260683760683760646e-01
1.276709401709401615e-01
1.282051282051281937e-01
1.298076923076923184e-01
1.239316239316239354e-01
1.159188034188034233e-01
1.410256410256410242e-01
1.191239316239316171e-01
1.282051282051281937e-01
1.266025641025640969e-01
1.175213675213675202e-01
1.201923076923076955e-01
1.175213675213675202e-01
1.132478632478632480e-01
1.095085470085470081e-01
1.164529914529914556e-01
9.615384615384615918e-02
1.052350427350427359e-01
1.143162393162393126e-01
1.084401709401709435e-01
1.121794871794871834e-01
1.068376068376068327e-01
1.084401709401709435e-01
1.153846153846153910e-01
1.036324786324786390e-01
1.153846153846153910e-01
1.148504273504273449e-01
1.095085470085470081e-01
1.079059829059829112e-01
1.100427350427350404e-01
1.111111111111111049e-01
1.143162393162393126e-01
1.137820512820512803e-01
1.137820512820512803e-01
9.401709401709401615e-02
1.052350427350427359e-01
1.084401709401709435e-01
1.036324786324786390e-01
1.175213675213675202e-01
9.935897435897435293e-02
1.068376068376068327e-01
1.079059829059829112e-01
1.020299145299145283e-01
1.063034188034188005e-01
1.143162393162393126e-01
9.722222222222222376e-02
9.455128205128204844e-02
1.009615384615384637e-01
1.084401709401709435e-01
1.014957264957264960e-01
1.068376068376068327e-01
1.047008547008547036e-01
8.867521367521367937e-02
1.063034188034188005e-01
1.063034188034188005e-01
9.935897435897435293e-02
1.036324786324786390e-01
9.882478632478632063e-02
1.004273504273504314e-01
9.401709401709401615e-02
9.882478632478632063e-02
9.294871794871795156e-02
9.935897435897435293e-02
9.561965811965811302e-02
9.775641025641025605e-02
9.829059829059828834e-02
1.073717948717948650e-01
1.009615384615384637e-01
9.615384615384615918e-02
9.294871794871795156e-02
1.020299145299145283e-01
1.004273504273504314e-01
8.867521367521367937e-02
9.561965811965811302e-02
8.920940170940171166e-02
9.348290598290598385e-02
9.081196581196580853e-02
8.760683760683760091e-02
8.333333333333332871e-02
8.653846153846153633e-02
7.425213675213675202e-02
7.852564102564102422e-02
8.920940170940171166e-02
8.119658119658119955e-02
8.386752136752136100e-02
8.333333333333332871e-02
8.119658119658119955e-02
8.707264957264956862e-02
8.440170940170940717e-02
8.333333333333332871e-02
9.348290598290598385e-02
8.707264957264956862e-02
8.493589743589743946e-02
8.653846153846153633e-02
7.905982905982905651e-02
8.173076923076923184e-02
7.905982905982905651e-02
8.012820512820513497e-02
6.997863247863247982e-02
8.066239316239316726e-02
8.119658119658119955e-02
8.279914529914529642e-02
7.264957264957265515e-02
7.799145299145299193e-02
8.173076923076923184e-02
6.944444444444444753e-02
7.638888888888889506e-02
8.333333333333332871e-02
7.425213675213675202e-02
8.440170940170940717e-02
7.692307692307692735e-02
7.905982905982905651e-02
8.707264957264956862e-02
7.745726495726495964e-02
8.333333333333332871e-02
7.158119658119657669e-02
6.997863247863247982e-02
7.799145299145299193e-02
6.944444444444444753e-02
7.692307692307692735e-02
7.211538461538460898e-02
7.692307692307692735e-02
6.677350427350427220e-02
7.264957264957265515e-02
6.623931623931623991e-02
7.425213675213675202e-02
7.425213675213675202e-02
7.211538461538460898e-02
7.638888888888889506e-02
7.158119658119657669e-02
7.104700854700854440e-02
7.051282051282051211e-02
7.478632478632478431e-02
7.425213675213675202e-02
6.410256410256409687e-02
7.585470085470084889e-02
7.478632478632478431e-02
7.051282051282051211e-02
7.585470085470084889e-02
7.318376068376068744e-02
7.211538461538460898e-02
7.211538461538460898e-02
7.585470085470084889e-02
7.264957264957265515e-02
6.517094017094017533e-02
6.356837606837606458e-02
6.570512820512820762e-02
6.997863247863247982e-02
7.532051282051281660e-02
6.570512820512820762e-02
7.211538461538460898e-02
7.158119658119657669e-02
6.784188034188033678e-02
7.638888888888889506e-02
6.944444444444444753e-02
7.425213675213675202e-02
7.532051282051281660e-02
6.944444444444444753e-02
6.677350427350427220e-02
6.730769230769230449e-02
6.837606837606838295e-02
6.623931623931623991e-02
6.356837606837606458e-02
6.196581196581196771e-02
6.677350427350427220e-02
6.730769230769230449e-02
6.517094017094017533e-02
6.784188034188033678e-02
6.463675213675214304e-02
6.356837606837606458e-02
6.570512820512820762e-02
6.784188034188033678e-02
6.570512820512820762e-02
