1.000000000000000000e+00
8.890385133315378274e-01
8.656073256127121418e-01
8.623754376514947140e-01
8.351737139779153996e-01
8.171290061944519456e-01
8.023161863722058085e-01
7.915432265014812341e-01
7.664960948020468345e-01
7.632642068408295177e-01
7.511446269862644964e-01
7.422569350929167920e-01
7.366011311607864043e-01
7.279827632642068558e-01
7.250201992997575839e-01
7.282520872609749008e-01
7.032049555615405012e-01
7.032049555615405012e-01
6.819283598168597305e-01
6.811203878265553735e-01
6.625370320495556076e-01
6.641529760301643215e-01
6.563425801238890189e-01
6.482628602208456714e-01
6.358739563695124941e-01
6.229464045246431159e-01
6.140587126312954114e-01
6.202531645569620000e-01
6.124427686506868085e-01
6.049016967411796619e-01
6.040937247508753050e-01
5.892809049286291678e-01
5.852410449771074941e-01
5.849717209803393381e-01
5.733907891193105177e-01
5.674656611904120851e-01
5.631564772421222553e-01
5.445731214651224894e-01
5.515755453810934350e-01
5.270670616751952364e-01
5.329921896040937801e-01
5.346081335847023830e-01
5.211419337462968038e-01
5.230272017236735627e-01
4.993266900080797210e-01
5.065984379208187116e-01
4.917856180985725745e-01
5.028279019660651938e-01
4.982493940210072636e-01
4.863991381632103428e-01
4.780500942633988948e-01
4.831672502019929705e-01
4.653918664152976170e-01
4.632372744411527021e-01
4.694317263668192908e-01
4.562348505251818120e-01
4.583894424993266714e-01
4.521949905736601383e-01
4.495017506059789669e-01
4.500403985995152234e-01
4.333423107998922719e-01
4.497710746027471229e-01
4.311877188257473570e-01
4.330729868031241714e-01
4.309183948289792565e-01
4.330729868031241714e-01
4.258012388903851253e-01
4.231079989227040095e-01
4.274171828709937837e-01
4.169135469970374208e-01
4.101804470778346312e-01
3.985995152168058109e-01
4.066792351198491584e-01
4.007541071909507258e-01
3.872879073525450910e-01
3.819014274171828593e-01
3.910584433072986643e-01
3.746296795044438688e-01
3.840560193913277742e-01
3.862106113654726891e-01
3.751683274979800697e-01
3.824400754107191158e-01
3.810934554268785579e-01
3.816321034204147589e-01
3.727444115270670544e-01
3.713977915432264965e-01
3.700511715593859385e-01
3.638567196337193499e-01
3.722057635335308534e-01
3.506598437920818712e-01
3.552383517371398014e-01
3.538917317532992435e-01
3.584702396983571182e-01
3.546997037436035449e-01
3.501211957985456702e-01
3.431187718825747246e-01
3.458120118502558404e-01
3.460813358470239964e-01
3.323458120118502612e-01
3.336924319956908191e-01
3.377322919472124929e-01
3.293832480474010449e-01
3.345004039859951761e-01
3.293832480474010449e-01
3.231887961217344563e-01
3.191489361702127825e-01
3.113385402639375354e-01
3.183409641799084255e-01
3.110692162671693795e-01
3.089146242930245201e-01
3.056827363318071478e-01
3.083759762994882636e-01
2.938324804740102270e-01
3.035281443576622884e-01
3.094532722865607210e-01
3.024508483705898310e-01
3.113385402639375354e-01
3.072986803124158617e-01
3.075680043091839622e-01
2.973336924319956998e-01
3.002962563964449161e-01
2.986803124158362577e-01
2.978723404255319007e-01
2.876380285483436383e-01
2.892539725289523522e-01
2.884460005386479953e-01
2.892539725289523522e-01
2.827901966065176631e-01
2.884460005386479953e-01
2.768650686776191749e-01
2.784810126582278333e-01
2.760570966873148180e-01
2.747104767034742601e-01
2.733638567196337021e-01
2.693239967681120284e-01
2.712092647454888428e-01
2.647454888230541536e-01
2.666307568004309125e-01
2.604363048747643239e-01
2.523565849717209764e-01
2.510099649878804184e-01
2.566657689200107506e-01
2.515486129814166194e-01
2.563964449232426501e-01
2.547805009426339917e-01
2.566657689200107506e-01
2.480474010234311744e-01
2.448155130622138298e-01
2.448155130622138298e-01
2.458928090492862872e-01
2.458928090492862872e-01
2.359278211688661531e-01
2.351198491785617961e-01
2.356584971720980248e-01
2.316186372205763511e-01
2.300026932399676927e-01
2.286560732561271347e-01
2.359278211688661531e-01
2.343118771882574669e-01
2.308106652302720219e-01
2.308106652302720219e-01
2.189604093724751011e-01
2.219229733369243174e-01
2.232695933207648753e-01
2.265014812819822199e-01
2.227309453272286466e-01
2.186910853757069728e-01
2.227309453272286466e-01
2.162671694047939575e-01
2.154591974144896283e-01
2.130352814435766129e-01
2.181524373821707441e-01
2.178831133854026436e-01
2.159978454080258570e-01
2.143819014274171708e-01
2.135739294371128416e-01
2.143819014274171708e-01
2.176137893886345154e-01
2.151898734177215278e-01
2.149205494209533995e-01
2.009157015890115916e-01
1.992997576084029054e-01
2.087260974952868386e-01
1.995690816051710337e-01
1.955292216536493322e-01
2.041475895502289362e-01
2.071101535146781525e-01
2.017236735793159208e-01
1.995690816051710337e-01
2.014543495825477926e-01
1.966065176407217896e-01
1.960678696471855609e-01
1.963371936439536891e-01
1.982224616213304480e-01
2.028009695663883782e-01
1.941826016698087742e-01
1.874495017506059846e-01
1.939132776730406738e-01
1.920280096956638871e-01
1.925666576892001158e-01
1.817936978184756247e-01
1.922973336924319876e-01
1.904120657150552010e-01
1.947212496633450030e-01
1.963371936439536891e-01
1.834096417990843109e-01
1.836789657958524113e-01
1.887961217344465426e-01
1.898734177215190000e-01
1.861028817667654267e-01
1.852949097764610698e-01
1.887961217344465426e-01
1.844869377861567405e-01
1.844869377861567405e-01
1.852949097764610698e-01
1.796391058443307376e-01
1.782924858604901797e-01
1.667115539994613593e-01
1.723673579315916915e-01
1.745219499057366064e-01
1.788311338540263806e-01
1.801777538378669663e-01
1.772151898734177222e-01
1.712900619445192618e-01
1.755992458928090361e-01
1.766765418798814935e-01
1.774845138701858227e-01
1.799084298410988381e-01
1.677888499865337890e-01
1.685968219768381460e-01
1.745219499057366064e-01
1.659035820091570024e-01
1.737139779154322772e-01
1.661729060059251306e-01
1.742526259089684781e-01
1.702127659574468044e-01
1.675195259897656885e-01
1.653649340156208014e-01
1.621330460544034568e-01
1.532453541610557524e-01
1.599784540802585420e-01
1.599784540802585420e-01
1.578238621061136548e-01
1.610557500673309994e-01
1.575545381093455544e-01
1.553999461352006395e-01
1.629410180447077860e-01
1.583625100996498836e-01
1.535146781578238528e-01
1.583625100996498836e-01
1.597091300834904415e-01
1.605171020737947707e-01
1.553999461352006395e-01
1.553999461352006395e-01
1.575545381093455544e-01
1.508214381901427370e-01
1.575545381093455544e-01
1.650956100188526732e-01
1.524373821707514232e-01
1.653649340156208014e-01
1.599784540802585420e-01
1.527067061675195236e-01
1.521680581739832949e-01
1.481281982224616212e-01
1.575545381093455544e-01
1.613250740640990999e-01
1.516294101804470662e-01
1.502827901966065083e-01
1.462429302450848345e-01
1.467815782386210632e-01
1.411257743064907033e-01
1.486668462159978499e-01
1.527067061675195236e-01
1.443576622677080479e-01
1.465122542418529628e-01
1.516294101804470662e-01
1.446269862644761761e-01
1.435496902774037187e-01
1.335847023969835845e-01
1.352006463775922429e-01
1.378938863452733588e-01
1.389711823323458162e-01
1.306221384325343404e-01
1.368165903582009291e-01
1.376245623485052583e-01
1.338540263937516850e-01
1.365472663614328008e-01
1.330460544034473558e-01
1.335847023969835845e-01
1.354699703743603434e-01
1.370859143549690295e-01
1.403178023161863741e-01
1.357392943711284716e-01
1.357392943711284716e-01
1.365472663614328008e-01
1.362779423646647003e-01
1.376245623485052583e-01
1.252356584971721087e-01
1.341233503905197855e-01
1.325074064099111271e-01
1.327767304066792275e-01
1.335847023969835845e-01
1.376245623485052583e-01
1.316994344196067979e-01
1.368165903582009291e-01
1.252356584971721087e-01
1.325074064099111271e-01
1.308914624293024409e-01
1.292755184486937825e-01
1.263129544842445384e-01
1.276595744680850963e-01
1.195798545650417488e-01
1.271209264745488954e-01
1.308914624293024409e-01
1.233503905197953082e-01
1.290061944519256543e-01
1.284675464583894533e-01
1.233503905197953082e-01
1.260436304874764379e-01
1.279288984648532246e-01
1.281982224616213251e-01
1.249663345004039805e-01
1.230810665230272077e-01
1.187718825747374057e-01
1.166172906005925186e-01
1.185025585779692914e-01
1.198491785618098632e-01
1.195798545650417488e-01
1.185025585779692914e-01
1.166172906005925186e-01
1.214651225424185355e-01
1.160786426070562899e-01
1.230810665230272077e-01
1.187718825747374057e-01
1.201185025585779637e-01
1.190412065715055201e-01
1.182332345812011909e-01
1.171559385941287335e-01
1.195798545650417488e-01
1.228117425262590934e-01
1.160786426070562899e-01
1.139240506329113889e-01
1.112308106652302730e-01
1.155399946135200612e-01
1.112308106652302730e-01
1.163479666038244043e-01
1.115001346619983874e-01
1.115001346619983874e-01
1.160786426070562899e-01
1.104228386749259300e-01
1.120387826555346023e-01
1.069216267169404849e-01
1.155399946135200612e-01
1.136547266361432745e-01
1.152706706167519468e-01
1.203878265553460780e-01
1.096148666846216008e-01
1.125774306490708310e-01
1.144626986264476176e-01
1.139240506329113889e-01
1.171559385941287335e-01
1.160786426070562899e-01
1.198491785618098632e-01
1.128467546458389453e-01
1.104228386749259300e-01
1.106921626716940443e-01
1.125774306490708310e-01
1.109614866684621587e-01
1.088068946943172577e-01
1.115001346619983874e-01
1.139240506329113889e-01
1.152706706167519468e-01
1.106921626716940443e-01
1.133854026393751740e-01
1.128467546458389453e-01
1.106921626716940443e-01
1.036897387557231404e-01
1.066523027201723706e-01
1.058443307298680275e-01
1.028817667654187973e-01
1.047670347427955839e-01
1.047670347427955839e-01
1.028817667654187973e-01
1.074602747104766998e-01
1.034204147589550260e-01
1.044977107460274696e-01
1.131160786426070597e-01
1.042283867492593552e-01
1.055750067330999131e-01
1.023431187718825686e-01
9.722596283328845124e-02
9.722596283328845124e-02
9.857258281712900916e-02
9.964987880420145272e-02
9.291677888499864923e-02
1.004578507945057958e-01
1.028817667654187973e-01
1.036897387557231404e-01
9.668731483975222252e-02
1.042283867492593552e-01
9.991920280096956708e-02
