1.000000000000000000e+00
8.868613138686131103e-01
8.378953771289537888e-01
7.904501216545012365e-01
7.655109489051095117e-01
7.609489051094890932e-01
7.475669099756691027e-01
7.308394160583941979e-01
7.110705596107056436e-01
7.080291970802919943e-01
6.925182481751824826e-01
6.982968369829684052e-01
6.675790754257907578e-01
6.654501216545012365e-01
6.490267639902675967e-01
6.356447688564477172e-01
6.268248175182481452e-01
6.186131386861314363e-01
6.049270072992700698e-01
5.900243309002433101e-01
5.918491484184914553e-01
5.702554744525547559e-01
5.565693430656933893e-01
5.468369829683698002e-01
5.510948905109489537e-01
5.477493917274939284e-01
5.237226277372263317e-01
5.234184914841849556e-01
5.036496350364964014e-01
5.054744525547445466e-01
4.917883211678832356e-01
4.930048661800486842e-01
4.933090024330900047e-01
4.717153284671533053e-01
4.814476885644768944e-01
4.768856447688564204e-01
4.562043795620437936e-01
4.595498783454987635e-01
4.431265206812651791e-01
4.470802919708029011e-01
4.413017031630170339e-01
4.449513381995133798e-01
4.440389294403893072e-01
4.440389294403893072e-01
4.285279805352797955e-01
4.163625304136253091e-01
4.263990267639902743e-01
4.011557177615571734e-01
3.944647201946471782e-01
3.975060827250608275e-01
3.856447688564476617e-01
3.899026763990267597e-01
3.795620437956204185e-01
3.613138686131386890e-01
3.801703163017031706e-01
3.725669099756691027e-01
3.704379562043795815e-01
3.670924574209245561e-01
3.582725060827250396e-01
3.564476885644768944e-01
3.512773722627737238e-01
3.409367396593673827e-01
3.509732360097323478e-01
3.369829683698296607e-01
3.324209245742092422e-01
3.339416058394160669e-01
3.354622871046228916e-01
3.351581508515815155e-01
3.239051094890511018e-01
3.275547445255474477e-01
3.336374695863746909e-01
3.226885644768856531e-01
3.223844282238442771e-01
3.226885644768856531e-01
3.156934306569342819e-01
3.114355231143552394e-01
3.035279805352797955e-01
2.992700729927007530e-01
2.947080291970802790e-01
2.974452554744525523e-01
2.968369829683698558e-01
2.886253041362530358e-01
2.843673965936739934e-01
2.813260340632603440e-01
2.877128953771289632e-01
2.868004866180048906e-01
2.785888077858880707e-01
2.737226277372262762e-01
2.691605839416058576e-01
2.737226277372262762e-01
2.679440389294404090e-01
2.615571776155717898e-01
2.563868613138686192e-01
2.566909975669099953e-01
2.582116788321167644e-01
2.484793187347931753e-01
2.496958637469586240e-01
2.569951338199513158e-01
2.566909975669099953e-01
2.457420924574209298e-01
2.420924574209245839e-01
2.372262773722627616e-01
2.305352798053527941e-01
2.268856447688564482e-01
2.347931873479318643e-01
2.284063260340632728e-01
2.198905109489051046e-01
2.211070559610705533e-01
2.256690997566909995e-01
2.232360097323601023e-01
2.223236009732360019e-01
2.183698296836983077e-01
2.147201946472019340e-01
2.186739659367396560e-01
2.208029197080292050e-01
2.077250608272506183e-01
2.022506082725060716e-01
2.083333333333333426e-01
2.131995133819951371e-01
2.062043795620437936e-01
2.165450121654501348e-01
2.110705596107055881e-01
2.049878345498783450e-01
2.083333333333333426e-01
2.065085158150851696e-01
1.986009732360097257e-01
1.952554744525547559e-01
1.885644768856447606e-01
1.964720194647202045e-01
1.964720194647202045e-01
1.998175182481751744e-01
1.909975669099756579e-01
1.940389294403893072e-01
1.903892944038929336e-01
1.891727493917274849e-01
1.888686131386861367e-01
1.794403892944038958e-01
1.815693430656934171e-01
1.864355231143552394e-01
1.809610705596106928e-01
1.776155717761557229e-01
1.788321167883211715e-01
1.788321167883211715e-01
1.718369829683698280e-01
1.748783454987834496e-01
1.706204379562043794e-01
1.779197080291970712e-01
1.736618004866180009e-01
1.718369829683698280e-01
1.684914841849148304e-01
1.709245742092457554e-01
1.624087591240875872e-01
1.590632603406325896e-01
1.630170316301703115e-01
1.602798053527980660e-01
1.611922141119221386e-01
1.590632603406325896e-01
1.541970802919707950e-01
1.569343065693430683e-01
1.517639902676398977e-01
1.478102189781022036e-01
1.450729927007299302e-01
1.511557177615571734e-01
1.532846715328467224e-01
1.532846715328467224e-01
1.481143552311435518e-01
1.459854014598540028e-01
1.475060827250608275e-01
1.496350364963503765e-01
1.481143552311435518e-01
1.362530413625304138e-01
1.402068126520681357e-01
1.432481751824817573e-01
1.389902676399026871e-01
1.356447688564476894e-01
1.316909975669099675e-01
1.395985401459854114e-01
1.350364963503649651e-01
1.344282238442822408e-01
1.322992700729926918e-01
1.356447688564476894e-01
1.338199513381995165e-01
1.335158150851581405e-01
1.234793187347931892e-01
1.283454987834549976e-01
1.332116788321167922e-01
1.222627737226277406e-01
1.237834549878345514e-01
1.201338199513382055e-01
1.253041362530413760e-01
1.177007299270072943e-01
1.240875912408759135e-01
1.164841849148418457e-01
1.259124087591241004e-01
1.152676399026763970e-01
1.155717761557177592e-01
1.125304136253041376e-01
1.173965936739659321e-01
1.170924574209245700e-01
1.128345498783454998e-01
1.122262773722627754e-01
1.055352798053527941e-01
1.067518248175182427e-01
1.076642335766423292e-01
1.073600973236009670e-01
1.073600973236009670e-01
1.064476885644768805e-01
1.088807785888077917e-01
1.058394160583941562e-01
1.000608272506082752e-01
1.037104622871046211e-01
1.040145985401459833e-01
1.009732360097323617e-01
1.055352798053527941e-01
9.854014598540146441e-02
1.091849148418491539e-01
1.027980535279805346e-01
1.031021897810218968e-01
1.043187347931873454e-01
1.009732360097323617e-01
9.762773722627737794e-02
1.003649635036496374e-01
9.093673965936739656e-02
1.009732360097323617e-01
1.021897810218978103e-01
1.015815085158150860e-01
9.914841849148418873e-02
1.015815085158150860e-01
1.015815085158150860e-01
9.367396593673965599e-02
9.671532846715329146e-02
9.519464720194646679e-02
9.489051094890510463e-02
9.336982968369829383e-02
9.093673965936739656e-02
9.367396593673965599e-02
9.732360097323601578e-02
9.458637469586374247e-02
8.607055961070560202e-02
9.336982968369829383e-02
8.850364963503649929e-02
9.154501216545012088e-02
8.424574209245741518e-02
8.576642335766423986e-02
9.489051094890510463e-02
8.789537712895377497e-02
8.698296836982968849e-02
8.667883211678832633e-02
9.002433090024331008e-02
9.276155717761556951e-02
9.002433090024331008e-02
8.515815085158150166e-02
8.576642335766423986e-02
8.059610705596106928e-02
7.968369829683698280e-02
7.512165450121655041e-02
7.390510948905110178e-02
7.725060827250608553e-02
7.998783454987834496e-02
7.816301703163017200e-02
7.725060827250608553e-02
7.755474452554744769e-02
7.572992700729927473e-02
8.059610705596106928e-02
7.664233576642336121e-02
7.603406326034063689e-02
7.147201946472019063e-02
7.086374695863746631e-02
7.268856447688563927e-02
6.934306569343065552e-02
7.329683698296836358e-02
6.447688564476886097e-02
6.326034063260341234e-02
6.964720194647201768e-02
6.873479318734793120e-02
6.782238442822384472e-02
6.599756690997567177e-02
6.660583941605839609e-02
6.447688564476886097e-02
6.690997566909975824e-02
6.417274939172749881e-02
6.295620437956205018e-02
6.690997566909975824e-02
6.782238442822384472e-02
6.903892944038929336e-02
6.812652068126520688e-02
6.265206812652068802e-02
6.538929440389294745e-02
6.599756690997567177e-02
5.991484184914842165e-02
6.386861313868613665e-02
6.569343065693430961e-02
6.356447688564477450e-02
6.173965936739659460e-02
5.900243309002432823e-02
6.356447688564477450e-02
6.173965936739659460e-02
6.021897810218978381e-02
6.052311435523114597e-02
6.234793187347931892e-02
6.234793187347931892e-02
5.961070559610705255e-02
5.717761557177615528e-02
6.508515815085158529e-02
6.021897810218978381e-02
6.082725060827250813e-02
6.143552311435523244e-02
6.143552311435523244e-02
5.900243309002432823e-02
5.444038929440389585e-02
5.961070559610705255e-02
5.869829683698296607e-02
5.596107055961070664e-02
5.474452554744525801e-02
5.748175182481751744e-02
6.052311435523114597e-02
5.413625304136253369e-02
5.869829683698296607e-02
5.322384428223844027e-02
5.717761557177615528e-02
5.352798053527980243e-02
5.170316301703162948e-02
5.413625304136253369e-02
5.261557177615571596e-02
5.352798053527980243e-02
5.383211678832116459e-02
5.322384428223844027e-02
5.656934306569343096e-02
5.200729927007299164e-02
5.352798053527980243e-02
5.079075425790754300e-02
5.444038929440389585e-02
4.896593673965937005e-02
5.231143552311435380e-02
5.291970802919707811e-02
5.109489051094890516e-02
4.835766423357664573e-02
5.109489051094890516e-02
4.957420924574209437e-02
4.927007299270073221e-02
5.231143552311435380e-02
5.200729927007299164e-02
4.866180048661800789e-02
4.835766423357664573e-02
5.109489051094890516e-02
5.170316301703162948e-02
4.866180048661800789e-02
4.805352798053527663e-02
4.501216545012165504e-02
4.562043795620437936e-02
4.531630170316301720e-02
4.957420924574209437e-02
4.866180048661800789e-02
4.835766423357664573e-02
4.896593673965937005e-02
4.531630170316301720e-02
4.531630170316301720e-02
4.653284671532846584e-02
4.501216545012165504e-02
4.409975669099756856e-02
4.896593673965937005e-02
4.166666666666666435e-02
4.440389294403893072e-02
4.470802919708029288e-02
4.501216545012165504e-02
4.409975669099756856e-02
4.683698296836982800e-02
4.744525547445255231e-02
4.531630170316301720e-02
4.501216545012165504e-02
4.409975669099756856e-02
4.440389294403893072e-02
4.683698296836982800e-02
4.440389294403893072e-02
4.166666666666666435e-02
4.349148418491484425e-02
4.197080291970802651e-02
4.166666666666666435e-02
4.531630170316301720e-02
4.896593673965937005e-02
4.349148418491484425e-02
4.470802919708029288e-02
4.075425790754257788e-02
3.892944038929440492e-02
3.832116788321168060e-02
3.984184914841849140e-02
4.075425790754257788e-02
3.649635036496350071e-02
4.227493917274938867e-02
3.953771289537712924e-02
3.923357664233576708e-02
4.440389294403893072e-02
3.953771289537712924e-02
3.619221411192213855e-02
3.862530413625304276e-02
4.136253041362530219e-02
4.105839416058394004e-02
4.014598540145985356e-02
4.075425790754257788e-02
4.257907542579075083e-02
4.166666666666666435e-02
