1.000000000000000000e+00
7.679324894514767408e-01
6.891701828410689012e-01
6.962025316455696666e-01
6.793248945147679629e-01
6.413502109704641851e-01
6.469760900140647530e-01
6.075949367088607778e-01
5.668073136427567160e-01
6.019690576652602099e-01
5.879043600562587901e-01
5.654008438818565185e-01
5.414908579465541605e-01
5.288326300984529382e-01
5.203938115330520864e-01
5.175808720112518024e-01
4.922644163150492469e-01
5.035161744022503827e-01
4.852320675105485370e-01
4.824191279887482531e-01
4.641350210970464074e-01
4.514767932489451296e-01
4.866385372714486790e-01
4.500703234880449877e-01
4.486638537271448457e-01
4.571026722925456975e-01
4.599156118143459815e-01
4.627285513361462654e-01
4.585091420534458395e-01
4.345991561181434815e-01
4.191279887482419197e-01
3.924050632911392222e-01
4.177215189873417778e-01
3.994374120956399321e-01
3.516174402250351605e-01
3.966244725738396482e-01
3.684950773558368642e-01
4.261603375527426296e-01
3.938115330520393642e-01
3.459915611814345926e-01
3.558368495077355864e-01
3.600562587904360123e-01
3.473980309423347346e-01
3.473980309423347346e-01
3.741209563994374321e-01
3.319268635724331729e-01
3.417721518987341667e-01
3.220815752461322345e-01
3.009845288326301049e-01
3.431786216596343086e-01
3.094233473980309568e-01
3.164556962025316666e-01
3.234880450070323765e-01
3.178621659634318086e-01
2.953586497890295370e-01
2.953586497890295370e-01
2.841068917018284012e-01
2.672292545710266976e-01
2.953586497890295370e-01
2.756680731364275494e-01
2.630098452883263271e-01
2.728551336146272654e-01
2.756680731364275494e-01
2.644163150492264691e-01
2.897327707454289691e-01
3.052039381153305309e-01
2.939521800281293951e-01
2.531645569620253333e-01
2.503516174402250494e-01
2.672292545710266976e-01
2.672292545710266976e-01
2.601969057665260432e-01
2.447257383966244815e-01
2.334739803094233457e-01
2.630098452883263271e-01
2.503516174402250494e-01
2.545710267229254753e-01
2.531645569620253333e-01
2.390998593530239136e-01
2.433192686357243395e-01
2.503516174402250494e-01
2.489451476793249074e-01
2.362869198312236296e-01
2.390998593530239136e-01
2.194092827004219537e-01
2.236286919831223519e-01
2.278481012658227778e-01
2.151898734177215278e-01
2.165963431786216697e-01
2.109704641350211018e-01
1.898734177215190000e-01
1.828410689170182901e-01
2.053445850914205340e-01
1.758087201125175802e-01
1.898734177215190000e-01
2.208157524613220679e-01
1.687763713080168704e-01
1.940928270042193982e-01
1.870604781997187160e-01
1.673699015471167284e-01
2.011251758087201080e-01
1.856540084388185741e-01
1.800281293952180062e-01
1.954992967651195401e-01
1.870604781997187160e-01
1.645569620253164445e-01
1.729957805907172963e-01
1.701828410689170124e-01
1.659634317862165864e-01
1.701828410689170124e-01
1.687763713080168704e-01
1.533052039381153364e-01
1.617440225035161883e-01
1.631504922644163025e-01
1.420534458509142006e-01
1.462728551336146265e-01
1.617440225035161883e-01
1.814345991561181481e-01
1.589310829817159043e-01
1.659634317862165864e-01
1.533052039381153364e-01
1.364275668073136327e-01
1.350210970464134907e-01
1.378340365682137747e-01
1.265822784810126667e-01
1.434599156118143426e-01
1.293952180028129506e-01
1.434599156118143426e-01
1.490857946554149105e-01
1.251758087201125247e-01
1.364275668073136327e-01
1.279887482419128086e-01
1.350210970464134907e-01
1.378340365682137747e-01
1.406469760900140586e-01
1.364275668073136327e-01
1.392405063291139167e-01
1.223628691983122407e-01
1.392405063291139167e-01
1.378340365682137747e-01
1.237693389592123827e-01
1.279887482419128086e-01
1.561181434599156204e-01
1.251758087201125247e-01
1.265822784810126667e-01
1.322081575246132346e-01
1.350210970464134907e-01
1.308016877637130926e-01
1.223628691983122407e-01
1.251758087201125247e-01
1.125175808720112469e-01
1.097046413502109768e-01
1.054852320675105509e-01
1.068917018284106929e-01
1.139240506329113889e-01
1.082981715893108349e-01
1.181434599156118148e-01
1.209563994374120988e-01
1.237693389592123827e-01
1.209563994374120988e-01
1.082981715893108349e-01
1.167369901547116728e-01
1.111111111111111049e-01
1.012658227848101250e-01
1.195499296765119568e-01
9.563994374120955710e-02
1.054852320675105509e-01
9.282700421940928703e-02
1.181434599156118148e-01
1.111111111111111049e-01
8.860759493670886111e-02
8.860759493670886111e-02
9.985935302390998303e-02
8.860759493670886111e-02
9.282700421940928703e-02
9.845288326300984105e-02
8.157524613220815124e-02
1.012658227848101250e-01
9.001406469760900309e-02
8.016877637130802314e-02
8.579465541490857716e-02
9.423347398030942901e-02
1.167369901547116728e-01
9.282700421940928703e-02
8.579465541490857716e-02
9.282700421940928703e-02
9.985935302390998303e-02
9.423347398030942901e-02
8.860759493670886111e-02
8.298171589310829321e-02
7.735583684950773919e-02
1.068917018284106929e-01
8.438818565400843519e-02
8.298171589310829321e-02
8.016877637130802314e-02
9.001406469760900309e-02
9.563994374120955710e-02
9.142053445850914506e-02
9.001406469760900309e-02
8.860759493670886111e-02
9.001406469760900309e-02
8.720112517580871914e-02
1.026722925457102670e-01
8.298171589310829321e-02
9.704641350210969908e-02
6.751054852320674537e-02
7.876230661040788117e-02
8.016877637130802314e-02
8.016877637130802314e-02
8.298171589310829321e-02
7.735583684950773919e-02
9.142053445850914506e-02
7.454289732770745525e-02
7.876230661040788117e-02
7.876230661040788117e-02
7.032348804500702932e-02
6.751054852320674537e-02
7.454289732770745525e-02
8.438818565400843519e-02
8.157524613220815124e-02
8.579465541490857716e-02
7.594936708860759722e-02
7.454289732770745525e-02
7.454289732770745525e-02
9.704641350210969908e-02
7.735583684950773919e-02
8.157524613220815124e-02
6.469760900140647530e-02
6.329113924050633333e-02
8.438818565400843519e-02
6.610407876230661728e-02
7.594936708860759722e-02
6.047819971870604938e-02
6.891701828410688735e-02
7.594936708860759722e-02
6.891701828410688735e-02
6.610407876230661728e-02
6.751054852320674537e-02
6.188466947960619136e-02
7.313642756680731327e-02
6.047819971870604938e-02
5.063291139240506250e-02
6.469760900140647530e-02
6.329113924050633333e-02
6.891701828410688735e-02
6.329113924050633333e-02
6.329113924050633333e-02
6.751054852320674537e-02
6.891701828410688735e-02
6.329113924050633333e-02
6.891701828410688735e-02
6.188466947960619136e-02
6.329113924050633333e-02
6.891701828410688735e-02
6.610407876230661728e-02
5.485232067510548842e-02
6.188466947960619136e-02
7.032348804500702932e-02
7.172995780590717130e-02
5.625879043600562346e-02
5.625879043600562346e-02
5.625879043600562346e-02
7.594936708860759722e-02
5.485232067510548842e-02
4.922644163150492053e-02
6.610407876230661728e-02
6.047819971870604938e-02
6.329113924050633333e-02
6.610407876230661728e-02
6.047819971870604938e-02
5.344585091420534645e-02
6.047819971870604938e-02
6.188466947960619136e-02
5.907172995780590741e-02
5.344585091420534645e-02
5.907172995780590741e-02
4.922644163150492053e-02
5.203938115330520447e-02
4.781997187060477855e-02
5.907172995780590741e-02
6.329113924050633333e-02
5.907172995780590741e-02
5.344585091420534645e-02
5.625879043600562346e-02
5.063291139240506250e-02
4.781997187060477855e-02
4.641350210970464352e-02
4.641350210970464352e-02
4.078762306610407562e-02
5.203938115330520447e-02
4.641350210970464352e-02
4.500703234880450154e-02
3.516174402250351466e-02
5.766526019690576543e-02
4.500703234880450154e-02
5.485232067510548842e-02
4.219409282700421759e-02
4.641350210970464352e-02
4.500703234880450154e-02
5.203938115330520447e-02
4.781997187060477855e-02
4.922644163150492053e-02
5.203938115330520447e-02
4.219409282700421759e-02
4.641350210970464352e-02
4.500703234880450154e-02
4.360056258790435957e-02
5.063291139240506250e-02
4.360056258790435957e-02
3.938115330520394058e-02
3.516174402250351466e-02
3.516174402250351466e-02
4.641350210970464352e-02
4.500703234880450154e-02
5.485232067510548842e-02
5.063291139240506250e-02
4.781997187060477855e-02
4.922644163150492053e-02
4.922644163150492053e-02
4.360056258790435957e-02
4.360056258790435957e-02
4.360056258790435957e-02
4.781997187060477855e-02
4.922644163150492053e-02
4.360056258790435957e-02
4.360056258790435957e-02
4.078762306610407562e-02
4.922644163150492053e-02
4.500703234880450154e-02
5.063291139240506250e-02
4.078762306610407562e-02
4.781997187060477855e-02
5.625879043600562346e-02
4.500703234880450154e-02
5.063291139240506250e-02
3.938115330520394058e-02
3.797468354430379861e-02
5.203938115330520447e-02
4.219409282700421759e-02
4.219409282700421759e-02
4.641350210970464352e-02
4.078762306610407562e-02
5.344585091420534645e-02
3.938115330520394058e-02
4.078762306610407562e-02
3.516174402250351466e-02
3.938115330520394058e-02
4.078762306610407562e-02
3.797468354430379861e-02
4.219409282700421759e-02
4.219409282700421759e-02
4.781997187060477855e-02
4.360056258790435957e-02
3.375527426160337269e-02
2.953586497890295370e-02
3.656821378340365664e-02
2.672292545710267322e-02
3.656821378340365664e-02
3.516174402250351466e-02
2.812939521800281173e-02
3.656821378340365664e-02
3.797468354430379861e-02
3.094233473980309568e-02
3.516174402250351466e-02
3.375527426160337269e-02
3.797468354430379861e-02
4.219409282700421759e-02
3.797468354430379861e-02
4.078762306610407562e-02
4.360056258790435957e-02
3.797468354430379861e-02
4.219409282700421759e-02
3.094233473980309568e-02
3.938115330520394058e-02
4.922644163150492053e-02
3.516174402250351466e-02
4.500703234880450154e-02
3.797468354430379861e-02
3.375527426160337269e-02
4.360056258790435957e-02
3.797468354430379861e-02
4.781997187060477855e-02
3.375527426160337269e-02
4.219409282700421759e-02
2.672292545710267322e-02
3.938115330520394058e-02
3.234880450070323765e-02
3.797468354430379861e-02
3.094233473980309568e-02
2.531645569620253125e-02
3.516174402250351466e-02
3.938115330520394058e-02
3.938115330520394058e-02
2.812939521800281173e-02
2.953586497890295370e-02
3.094233473980309568e-02
3.234880450070323765e-02
1.969057665260197029e-02
2.531645569620253125e-02
2.953586497890295370e-02
3.938115330520394058e-02
