1.000000000000000000e+00
8.579376854599406466e-01
8.241839762611276043e-01
7.848664688427299252e-01
7.607566765578634982e-01
7.496290801186943353e-01
7.177299703264095054e-01
7.058605341246291243e-01
7.014094955489613703e-01
6.769287833827892786e-01
6.635756676557863498e-01
6.517062314540059687e-01
6.316765578635015199e-01
6.238872403560831170e-01
6.172106824925815971e-01
5.752967359050444873e-01
5.949554896142432714e-01
5.819732937685460072e-01
5.752967359050444873e-01
5.827151335311572256e-01
5.556379821958457033e-01
5.382047477744806852e-01
5.285608308605340699e-01
5.137240356083085935e-01
5.103857566765578335e-01
5.103857566765578335e-01
5.063056379821958553e-01
4.959198813056379662e-01
5.014836795252225476e-01
4.985163204747774524e-01
4.706973293768546007e-01
4.825667655786350374e-01
4.302670623145400386e-01
4.558605341246290688e-01
4.462166172106825091e-01
4.413946587537092014e-01
4.465875370919881182e-01
4.343471810089020724e-01
4.321216617210682509e-01
4.317507418397625862e-01
4.217359050445103619e-01
4.213649851632047527e-01
4.139465875370920145e-01
4.083827893175074331e-01
3.890949554896142581e-01
3.887240356083085935e-01
4.031899109792284608e-01
3.879821958456973197e-01
3.820474777448071291e-01
3.787091988130563691e-01
3.757418397626112738e-01
3.575667655786350374e-01
3.620178041543026803e-01
3.753709198813056647e-01
3.638724035608308371e-01
3.709198813056379662e-01
3.583086053412463112e-01
3.393916913946587455e-01
3.479228486646884222e-01
3.482937685459940869e-01
3.338278931750741640e-01
3.431008902077151146e-01
3.275222551928783643e-01
3.278931750741839735e-01
3.419881305637982316e-01
3.186201780415430229e-01
3.238130563798219397e-01
3.323442136498516164e-01
3.193620178041542967e-01
3.123145400593471677e-01
3.204747774480712352e-01
3.089762611275964632e-01
3.004451038575667865e-01
3.004451038575667865e-01
2.959940652818990880e-01
3.015578635014836695e-01
2.882047477744806852e-01
2.859792284866468637e-01
2.818991097922848854e-01
2.878338278931750760e-01
2.830118694362017684e-01
2.752225519287833655e-01
2.874629080118694113e-01
2.815281899109792207e-01
2.744807121661720917e-01
2.704005934718101134e-01
2.759643916913946393e-01
2.581602373887240121e-01
2.711424332344213872e-01
2.678041543026706273e-01
2.822700296735904946e-01
2.767062314540059131e-01
2.707715133531157226e-01
2.622403560830860458e-01
2.674332344213649626e-01
2.518545994065282123e-01
2.629821958456973197e-01
2.600148367952522244e-01
2.589020771513352859e-01
2.514836795252225476e-01
2.659495548961424150e-01
2.622403560830860458e-01
2.533382789317507600e-01
2.574183976261127382e-01
2.407270029673590495e-01
2.503709198813056647e-01
2.403560830860534125e-01
2.436943620178041447e-01
2.451780415430266924e-01
2.459198813056379940e-01
2.251483679525222437e-01
2.381305637982195911e-01
2.236646884272996960e-01
2.399851632047477756e-01
2.336795252225519204e-01
2.399851632047477756e-01
2.199554896142433269e-01
2.218100890207715115e-01
2.210682492581602376e-01
2.236646884272996960e-01
2.251483679525222437e-01
2.147626112759643824e-01
2.188427299703264162e-01
2.214391691394658745e-01
2.184718100890207793e-01
2.054896142433234318e-01
2.043768545994065211e-01
2.095697329376854656e-01
2.014094955489614258e-01
2.218100890207715115e-01
2.099406528189911025e-01
2.051186943620177949e-01
2.095697329376854656e-01
1.962166172106824813e-01
1.965875370919881182e-01
1.943620178041542967e-01
2.025222551928783365e-01
2.002967359050445151e-01
2.010385756676557889e-01
1.873145400593471677e-01
1.899109792284866538e-01
1.906528189910979276e-01
1.984421364985163305e-01
1.891691394658753800e-01
1.932492581602373860e-01
1.947329376854599337e-01
1.873145400593471677e-01
1.906528189910979276e-01
1.910237388724035645e-01
1.887982195845697431e-01
1.772997032640949433e-01
1.902818991097922907e-01
1.884272997032641062e-01
1.865727002967358938e-01
1.839762611275964355e-01
1.850890207715133462e-01
1.854599406528189831e-01
1.836053412462907986e-01
1.891691394658753800e-01
1.706231454005934789e-01
1.769287833827893064e-01
1.706231454005934789e-01
1.713649851632047527e-01
1.680267062314539928e-01
1.658011869436201713e-01
1.643175074183976236e-01
1.683976261127596574e-01
1.687685459940652943e-01
1.698813056379822051e-01
1.624629080118694391e-01
1.665430267062314451e-01
1.628338278931750760e-01
1.617210682492581653e-01
1.617210682492581653e-01
1.568991097922848577e-01
1.505934718100890302e-01
1.524480712166172147e-01
1.635756676557863498e-01
1.583827893175074053e-01
1.650593471810088975e-01
1.635756676557863498e-01
1.650593471810088975e-01
1.524480712166172147e-01
1.546735905044510362e-01
1.543026706231453993e-01
1.520771513353115778e-01
1.479970326409495440e-01
1.435459940652819011e-01
1.528189910979228516e-01
1.394658753709198951e-01
1.528189910979228516e-01
1.513353115727003040e-01
1.450296735905044487e-01
1.457715133531157226e-01
1.420623145400593534e-01
1.376112759643916827e-01
1.465133531157269964e-01
1.442878338278931749e-01
1.346439169139465875e-01
1.424332344213649904e-01
1.361275964391691351e-01
1.442878338278931749e-01
1.457715133531157226e-01
1.398367952522255320e-01
1.494807121661721194e-01
1.520771513353115778e-01
1.420623145400593534e-01
1.528189910979228516e-01
1.361275964391691351e-01
1.398367952522255320e-01
1.305637982195845814e-01
1.368694362017804089e-01
1.305637982195845814e-01
1.383531157270029566e-01
1.268545994065281846e-01
1.275964391691394584e-01
1.383531157270029566e-01
1.309347181008902183e-01
1.279673590504450953e-01
1.287091988130563691e-01
1.294510385756676429e-01
1.301928783382789445e-01
1.268545994065281846e-01
1.324183976261127660e-01
1.324183976261127660e-01
1.231454005934718154e-01
1.279673590504450953e-01
1.238872403560830893e-01
1.242581602373887262e-01
1.275964391691394584e-01
1.205489614243323432e-01
1.138724035608308649e-01
1.127596439169139403e-01
1.142433234421365018e-01
1.224035608308605277e-01
1.149851632047477756e-01
1.135014836795252280e-01
1.149851632047477756e-01
1.209198813056379801e-01
1.101632047477744819e-01
1.157270029673590495e-01
1.250000000000000000e-01
1.175816023738872340e-01
1.201780415430267063e-01
1.071958456973293727e-01
1.131305637982195911e-01
1.112759643916913926e-01
1.135014836795252280e-01
1.138724035608308649e-01
1.086795252225519343e-01
1.209198813056379801e-01
1.198071216617210694e-01
1.194362017804154324e-01
1.209198813056379801e-01
1.116468842729970296e-01
1.131305637982195911e-01
1.079376854599406466e-01
1.116468842729970296e-01
1.157270029673590495e-01
1.083086053412462973e-01
1.071958456973293727e-01
1.120178041543026665e-01
9.977744807121662063e-02
9.940652818991098372e-02
1.068249258160237358e-01
1.023738872403560790e-01
1.057121661721068251e-01
1.105341246290801188e-01
1.086795252225519343e-01
1.057121661721068251e-01
1.097922848664688450e-01
1.031157270029673528e-01
1.083086053412462973e-01
1.053412462908011882e-01
1.105341246290801188e-01
1.045994065281899144e-01
1.064540059347180989e-01
1.109050445103857557e-01
1.053412462908011882e-01
1.020029673590504421e-01
1.045994065281899144e-01
9.755192878338278528e-02
1.086795252225519343e-01
9.829376854599405910e-02
9.903560830860534681e-02
1.001483679525222575e-01
9.866468842729970989e-02
9.940652818991098372e-02
1.027448071216617159e-01
1.053412462908011882e-01
9.866468842729970989e-02
9.829376854599405910e-02
1.034866468842730036e-01
1.020029673590504421e-01
9.792284866468842219e-02
1.053412462908011882e-01
9.866468842729970989e-02
1.034866468842730036e-01
9.792284866468842219e-02
9.903560830860534681e-02
1.045994065281899144e-01
9.866468842729970989e-02
9.643916913946587455e-02
1.042284866468842774e-01
1.023738872403560790e-01
9.643916913946587455e-02
9.606824925816023764e-02
9.866468842729970989e-02
8.976261127596439626e-02
1.045994065281899144e-01
9.940652818991098372e-02
9.050445103857567009e-02
1.016320474777448052e-01
1.008902077151335314e-01
1.016320474777448052e-01
1.008902077151335314e-01
1.038575667655786405e-01
9.940652818991098372e-02
9.755192878338278528e-02
9.569732937685460072e-02
9.792284866468842219e-02
9.458456973293768999e-02
9.421364985163205308e-02
9.532640949554896381e-02
9.272997032640949155e-02
9.310089020771512847e-02
9.310089020771512847e-02
1.012611275964391683e-01
8.976261127596439626e-02
9.161721068249258082e-02
9.050445103857567009e-02
8.568249258160237636e-02
8.197329376854599337e-02
8.864985163204747165e-02
8.976261127596439626e-02
8.939169139465875935e-02
8.790801186943619783e-02
8.753709198813056092e-02
9.087537091988130700e-02
8.790801186943619783e-02
8.234421364985163028e-02
9.347181008902076538e-02
9.421364985163205308e-02
8.939169139465875935e-02
8.790801186943619783e-02
8.976261127596439626e-02
8.790801186943619783e-02
8.234421364985163028e-02
8.456973293768546562e-02
8.531157270029673945e-02
8.605341246290801327e-02
8.790801186943619783e-02
8.642433234421365018e-02
7.937685459940653498e-02
8.605341246290801327e-02
8.753709198813056092e-02
9.050445103857567009e-02
8.308605341246290410e-02
8.011869436201780881e-02
8.419881305637982871e-02
8.123145400593471954e-02
8.048961424332344572e-02
8.456973293768546562e-02
8.308605341246290410e-02
8.531157270029673945e-02
9.013353115727003317e-02
8.123145400593471954e-02
8.456973293768546562e-02
8.419881305637982871e-02
9.013353115727003317e-02
7.752225519287833655e-02
7.455489614243324126e-02
7.752225519287833655e-02
9.272997032640949155e-02
8.308605341246290410e-02
7.381305637982195356e-02
7.418397626112759047e-02
7.752225519287833655e-02
7.307121661721067973e-02
7.826409495548961037e-02
7.529673590504451508e-02
7.603857566765578890e-02
7.715133531157269964e-02
7.455489614243324126e-02
7.752225519287833655e-02
6.750741839762611218e-02
7.195845697329376900e-02
7.158753709198813209e-02
7.307121661721067973e-02
7.566765578635015199e-02
7.084569732937685826e-02
7.344213649851631665e-02
7.603857566765578890e-02
7.678041543026706273e-02
7.715133531157269964e-02
8.048961424332344572e-02
7.529673590504451508e-02
7.121661721068249518e-02
8.160237388724035645e-02
7.900593471810088420e-02
7.900593471810088420e-02
