1.000000000000000000e+00
8.505059797608095495e-01
8.114075436982520761e-01
7.805887764489420899e-01
7.598896044158233165e-01
7.299908003679852486e-01
7.056117755289788018e-01
7.056117755289788018e-01
6.826126954921802881e-01
6.398344066237350303e-01
6.237350505979760706e-01
6.186752529898803532e-01
6.145354185832566651e-01
6.048758049678012449e-01
5.740570377184912587e-01
5.827966881324746495e-01
5.538178472861086110e-01
5.699172033118675706e-01
5.487580496780128936e-01
5.570377184912603807e-01
5.344986200551977706e-01
5.091996320147194055e-01
4.944802207911683789e-01
5.179392824287029073e-01
4.995400183992640408e-01
5.105795768169273385e-01
5.119595216191352716e-01
5.073597056117755688e-01
4.793008279668813376e-01
4.724011039558417835e-01
4.636614535418583372e-01
4.659613615455381885e-01
4.719411223551057688e-01
4.549218031278748908e-01
4.268629254829806596e-01
4.291628334866605110e-01
4.411223551057957826e-01
4.429622815087396748e-01
4.172033118675252950e-01
4.153633854645814028e-01
4.047838086476541197e-01
4.057037718491260381e-01
3.923643054277828890e-01
4.001839926402943615e-01
3.868445262189512679e-01
3.817847286108555505e-01
3.794848206071756991e-01
3.873045078196872271e-01
3.730450781968721041e-01
3.721251149954001858e-01
3.482060717571296982e-01
3.615455381784728472e-01
3.716651333946642266e-01
3.592456301747929959e-01
3.606255749770009289e-01
3.445262189512419693e-01
3.394664213431462518e-01
3.334866605335786716e-01
3.555657773689052670e-01
3.417663293468261032e-01
3.160073597056117789e-01
3.380864765409383743e-01
3.256669733210671436e-01
3.252069917203311844e-01
3.357865685372585229e-01
3.035878564857405482e-01
2.971481140754370087e-01
3.173873045078197119e-01
3.100275988960441431e-01
3.137074517019319275e-01
3.206071757129714817e-01
2.957681692732290757e-01
3.127874885004600092e-01
3.109475620975161170e-01
3.114075436982520761e-01
2.957681692732290757e-01
2.966881324747009940e-01
2.847286108555657780e-01
2.856485740570376963e-01
2.778288868445262239e-01
2.759889604415823317e-01
2.782888684452621830e-01
2.801287948482060752e-01
2.686292548298068183e-01
2.580496780128794798e-01
2.713891444342226289e-01
2.677092916283348445e-01
2.631094756209751417e-01
2.750689972401104133e-01
2.667893284268629261e-01
2.428702851885924663e-01
2.557497700091996284e-01
2.589696412143514537e-01
2.428702851885924663e-01
2.575896964121435206e-01
2.617295308187672642e-01
2.608095676172952904e-01
2.562097516099355876e-01
2.497700091996320204e-01
2.516099356025758849e-01
2.511499540018399257e-01
2.548298068077277101e-01
2.534498620055197771e-01
2.424103035878564794e-01
2.428702851885924663e-01
2.465501379944802229e-01
2.516099356025758849e-01
2.424103035878564794e-01
2.368905243790248305e-01
2.396504139834406688e-01
2.391904323827046819e-01
2.410303587856485741e-01
2.391904323827046819e-01
2.350505979760809661e-01
2.276908923643054250e-01
2.290708371665133303e-01
2.161913523459061681e-01
2.226310947562097631e-01
2.069917203311867626e-01
2.051517939282428704e-01
2.120515179392824245e-01
2.037718491260349651e-01
2.019319227230910729e-01
2.161913523459061681e-01
2.014719411223551138e-01
2.000919963201471807e-01
2.014719411223551138e-01
2.056117755289788296e-01
1.964121435142594241e-01
2.056117755289788296e-01
2.000919963201471807e-01
1.982520699172033163e-01
1.991720331186752624e-01
1.950321987120515188e-01
1.991720331186752624e-01
1.895124195032198700e-01
1.991720331186752624e-01
1.941122355105795727e-01
1.931922723091076266e-01
1.964121435142594241e-01
1.890524379024839108e-01
1.950321987120515188e-01
2.000919963201471807e-01
1.936522539098436135e-01
1.936522539098436135e-01
1.931922723091076266e-01
1.876724931002759778e-01
1.807727690892364236e-01
1.715731370745170181e-01
1.706531738730450720e-01
1.826126954921803158e-01
1.734130634774609103e-01
1.775528978840846261e-01
1.807727690892364236e-01
1.752529898804047748e-01
1.688132474701012076e-01
1.701931922723091128e-01
1.775528978840846261e-01
1.734130634774609103e-01
1.688132474701012076e-01
1.646734130634774640e-01
1.637534498620055179e-01
1.563937442502300046e-01
1.674333026678932745e-01
1.550137994480220716e-01
1.651333946642134232e-01
1.678932842686292615e-01
1.697332106715731259e-01
1.697332106715731259e-01
1.724931002759889642e-01
1.655933762649494101e-01
1.619135234590616257e-01
1.747930082796688156e-01
1.674333026678932745e-01
1.738730450781968695e-01
1.563937442502300046e-01
1.573137074517019229e-01
1.614535418583256665e-01
1.568537258509659638e-01
1.596136154553817743e-01
1.554737810487580585e-01
1.660533578656853693e-01
1.513339466421343149e-01
1.485740570377185044e-01
1.591536338546458151e-01
1.600735970561177612e-01
1.577736890524379099e-01
1.550137994480220716e-01
1.550137994480220716e-01
1.655933762649494101e-01
1.605335786568537204e-01
1.628334866605335718e-01
1.554737810487580585e-01
1.439742410303587739e-01
1.513339466421343149e-01
1.494940202391904227e-01
1.550137994480220716e-01
1.550137994480220716e-01
1.439742410303587739e-01
1.559337626494940177e-01
1.522539098436062610e-01
1.550137994480220716e-01
1.513339466421343149e-01
1.412143514259429633e-01
1.494940202391904227e-01
1.421343146274149094e-01
1.481140754369825174e-01
1.398344066237350580e-01
1.531738730450782071e-01
1.352345906163753553e-01
1.448942042318307200e-01
1.471941122355105713e-01
1.274149034038638550e-01
1.379944802207911658e-01
1.297148114075437064e-01
1.370745170193192197e-01
1.347746090156393683e-01
1.315547378104875709e-01
1.425942962281508686e-01
1.329346826126955039e-01
1.375344986200552067e-01
1.218951241950321923e-01
1.370745170193192197e-01
1.278748850045998142e-01
1.228150873965041384e-01
1.301747930082796656e-01
1.283348666053357734e-01
1.320147194112235578e-01
1.264949402023919089e-01
1.246550137994480167e-01
1.287948482060717603e-01
1.113155473781048815e-01
1.205151793928242870e-01
1.163753449862005573e-01
1.241950321987120576e-01
1.209751609935602601e-01
1.260349586016559220e-01
1.315547378104875709e-01
1.205151793928242870e-01
1.228150873965041384e-01
1.255749770009199628e-01
1.255749770009199628e-01
1.241950321987120576e-01
1.283348666053357734e-01
1.218951241950321923e-01
1.205151793928242870e-01
1.099356025758969624e-01
1.136154553817847329e-01
1.136154553817847329e-01
1.149954001839926382e-01
1.214351425942962331e-01
1.343146274149034092e-01
1.209751609935602601e-01
1.186752529898804087e-01
1.218951241950321923e-01
1.223551057957681654e-01
1.269549218031278681e-01
1.237350505979760845e-01
1.209751609935602601e-01
1.218951241950321923e-01
1.163753449862005573e-01
1.292548298068077195e-01
1.315547378104875709e-01
1.228150873965041384e-01
1.182152713891444357e-01
1.108555657773689085e-01
1.159153633854645843e-01
1.237350505979760845e-01
1.182152713891444357e-01
1.177552897884084626e-01
1.080956761729530841e-01
1.090156393744250163e-01
1.168353265869365165e-01
1.122355105795768138e-01
1.122355105795768138e-01
1.071757129714811380e-01
1.177552897884084626e-01
1.117755289788408407e-01
1.030358785648574083e-01
1.113155473781048815e-01
1.159153633854645843e-01
1.067157313707451649e-01
1.090156393744250163e-01
1.136154553817847329e-01
1.131554737810487599e-01
1.021159153633854622e-01
9.843606255749770551e-02
1.126954921803127868e-01
1.113155473781048815e-01
1.080956761729530841e-01
1.044158233670653135e-01
1.034958601655933813e-01
1.117755289788408407e-01
1.030358785648574083e-01
1.099356025758969624e-01
1.080956761729530841e-01
1.099356025758969624e-01
1.025758969641214352e-01
1.011959521619135299e-01
9.751609935602575940e-02
1.048758049678012866e-01
1.021159153633854622e-01
1.053357865685372596e-01
1.062557497700092057e-01
1.044158233670653135e-01
1.071757129714811380e-01
1.103955841766329354e-01
1.002759889604415838e-01
9.981600735970561078e-02
1.007359705611775569e-01
9.429622815087396193e-02
1.090156393744250163e-01
1.016559337626494891e-01
1.011959521619135299e-01
1.057957681692732327e-01
9.797608095676173245e-02
1.007359705611775569e-01
9.245630174793008360e-02
1.094756209751609893e-01
9.613615455381785413e-02
9.199632014719411055e-02
9.061637534498620528e-02
9.337626494940202970e-02
9.659613615455381330e-02
9.613615455381785413e-02
9.153633854645813750e-02
9.567617295308188108e-02
8.647654093836246170e-02
9.337626494940202970e-02
9.889604415823366468e-02
9.567617295308188108e-02
9.659613615455381330e-02
1.007359705611775569e-01
9.153633854645813750e-02
9.659613615455381330e-02
9.245630174793008360e-02
8.601655933762648865e-02
9.061637534498620528e-02
8.785648574057038085e-02
9.153633854645813750e-02
8.785648574057038085e-02
8.969641214351425917e-02
9.659613615455381330e-02
8.969641214351425917e-02
8.877644894204231307e-02
7.957681692732290757e-02
8.187672493100275894e-02
7.865685372585096147e-02
8.003679852805888062e-02
7.957681692732290757e-02
8.647654093836246170e-02
8.969641214351425917e-02
7.911683532658693452e-02
8.095676172953081284e-02
9.015639374425023223e-02
8.187672493100275894e-02
8.509659613615455642e-02
8.601655933762648865e-02
8.417663293468261032e-02
8.003679852805888062e-02
8.601655933762648865e-02
8.187672493100275894e-02
8.095676172953081284e-02
8.509659613615455642e-02
8.831646734130635390e-02
8.003679852805888062e-02
7.589696412143513704e-02
7.727690892364305619e-02
8.141674333026678589e-02
8.877644894204231307e-02
8.141674333026678589e-02
8.785648574057038085e-02
8.785648574057038085e-02
8.831646734130635390e-02
8.739650413983440780e-02
9.107635694572216445e-02
8.739650413983440780e-02
9.015639374425023223e-02
8.417663293468261032e-02
9.015639374425023223e-02
9.291628334866605665e-02
8.141674333026678589e-02
8.555657773689052947e-02
7.681692732290708314e-02
8.187672493100275894e-02
9.383624655013798888e-02
9.061637534498620528e-02
8.049678012879485367e-02
9.061637534498620528e-02
8.233670653173873200e-02
8.785648574057038085e-02
9.061637534498620528e-02
7.773689052437902924e-02
8.371665133394663727e-02
8.693652253909843475e-02
8.279668813247470505e-02
8.371665133394663727e-02
9.061637534498620528e-02
8.141674333026678589e-02
7.911683532658693452e-02
8.739650413983440780e-02
