1.000000000000000000e+00
9.212410501193317724e-01
9.474940334128878483e-01
9.188544152744629878e-01
9.236276849642004461e-01
9.212410501193317724e-01
9.403341288782816054e-01
9.164677804295943142e-01
8.758949880668257526e-01
8.926014319809069120e-01
9.069212410501192867e-01
8.758949880668257526e-01
8.902147971360382384e-01
8.902147971360382384e-01
8.806682577565632108e-01
9.093078758949880713e-01
8.735083532219570790e-01
8.424821002386634339e-01
8.902147971360382384e-01
8.520286396181384614e-01
9.307875894988066889e-01
8.878281622911694537e-01
8.973747016706443702e-01
8.902147971360382384e-01
9.284009546539379043e-01
8.711217183770882944e-01
8.949880668257756966e-01
8.902147971360382384e-01
8.568019093078759196e-01
8.639618138424820515e-01
8.735083532219570790e-01
8.496420047732696768e-01
8.687350835322196207e-01
8.758949880668257526e-01
9.284009546539379043e-01
8.735083532219570790e-01
8.854415274463006691e-01
8.878281622911694537e-01
8.854415274463006691e-01
9.021479713603818285e-01
8.639618138424820515e-01
9.045346062052506131e-01
8.878281622911694537e-01
9.188544152744629878e-01
8.878281622911694537e-01
9.069212410501192867e-01
9.522673031026253065e-01
9.093078758949880713e-01
8.949880668257756966e-01
9.451073985680190637e-01
8.878281622911694537e-01
8.949880668257756966e-01
8.782816229116945372e-01
8.782816229116945372e-01
8.926014319809069120e-01
8.758949880668257526e-01
8.448687350835322185e-01
8.854415274463006691e-01
8.878281622911694537e-01
8.687350835322196207e-01
8.902147971360382384e-01
9.260143198090692307e-01
8.902147971360382384e-01
8.830548926014319955e-01
8.687350835322196207e-01
8.830548926014319955e-01
8.639618138424820515e-01
8.926014319809069120e-01
8.758949880668257526e-01
8.854415274463006691e-01
8.782816229116945372e-01
8.639618138424820515e-01
8.830548926014319955e-01
9.236276849642004461e-01
8.830548926014319955e-01
8.758949880668257526e-01
8.639618138424820515e-01
8.568019093078759196e-01
8.973747016706443702e-01
8.878281622911694537e-01
8.806682577565632108e-01
8.973747016706443702e-01
8.973747016706443702e-01
9.427207637231503901e-01
9.093078758949880713e-01
9.045346062052506131e-01
8.997613365155131548e-01
8.878281622911694537e-01
9.069212410501192867e-01
8.782816229116945372e-01
9.164677804295943142e-01
8.854415274463006691e-01
8.830548926014319955e-01
8.997613365155131548e-01
9.045346062052506131e-01
8.663484486873508361e-01
8.949880668257756966e-01
9.021479713603818285e-01
8.902147971360382384e-01
8.782816229116945372e-01
8.878281622911694537e-01
8.544152744630071350e-01
9.093078758949880713e-01
8.735083532219570790e-01
8.639618138424820515e-01
8.711217183770882944e-01
8.615751789976133779e-01
8.949880668257756966e-01
9.021479713603818285e-01
8.472553699284010031e-01
8.949880668257756966e-01
8.902147971360382384e-01
9.451073985680190637e-01
8.472553699284010031e-01
8.782816229116945372e-01
8.114558472553698998e-01
8.520286396181384614e-01
8.782816229116945372e-01
8.424821002386634339e-01
8.591885441527445932e-01
8.186157517899761427e-01
8.233890214797136009e-01
8.615751789976133779e-01
8.568019093078759196e-01
8.758949880668257526e-01
8.758949880668257526e-01
8.496420047732696768e-01
8.424821002386634339e-01
8.066825775656324415e-01
8.210023866348448163e-01
8.568019093078759196e-01
8.400954653937947603e-01
8.400954653937947603e-01
8.687350835322196207e-01
8.496420047732696768e-01
8.758949880668257526e-01
8.830548926014319955e-01
8.591885441527445932e-01
8.687350835322196207e-01
8.782816229116945372e-01
8.210023866348448163e-01
8.377088305489259756e-01
8.019093078758949833e-01
8.949880668257756966e-01
8.949880668257756966e-01
8.544152744630071350e-01
8.758949880668257526e-01
8.591885441527445932e-01
8.472553699284010031e-01
8.687350835322196207e-01
8.544152744630071350e-01
8.902147971360382384e-01
8.472553699284010031e-01
8.377088305489259756e-01
8.615751789976133779e-01
8.424821002386634339e-01
8.830548926014319955e-01
8.353221957040573020e-01
8.711217183770882944e-01
8.687350835322196207e-01
8.711217183770882944e-01
8.663484486873508361e-01
8.186157517899761427e-01
8.544152744630071350e-01
8.472553699284010031e-01
8.663484486873508361e-01
8.568019093078759196e-01
8.066825775656324415e-01
8.448687350835322185e-01
8.639618138424820515e-01
8.568019093078759196e-01
8.377088305489259756e-01
8.424821002386634339e-01
8.424821002386634339e-01
8.400954653937947603e-01
8.329355608591885174e-01
8.353221957040573020e-01
8.639618138424820515e-01
8.520286396181384614e-01
8.615751789976133779e-01
8.233890214797136009e-01
8.639618138424820515e-01
8.353221957040573020e-01
8.162291169451073580e-01
8.544152744630071350e-01
8.162291169451073580e-01
8.735083532219570790e-01
8.711217183770882944e-01
8.568019093078759196e-01
8.281622911694510591e-01
8.568019093078759196e-01
8.758949880668257526e-01
8.377088305489259756e-01
8.687350835322196207e-01
8.639618138424820515e-01
8.973747016706443702e-01
8.806682577565632108e-01
8.377088305489259756e-01
8.496420047732696768e-01
8.830548926014319955e-01
8.973747016706443702e-01
8.687350835322196207e-01
8.448687350835322185e-01
8.591885441527445932e-01
8.186157517899761427e-01
8.520286396181384614e-01
8.735083532219570790e-01
8.186157517899761427e-01
8.305489260143198438e-01
8.448687350835322185e-01
8.806682577565632108e-01
8.400954653937947603e-01
9.093078758949880713e-01
8.949880668257756966e-01
8.902147971360382384e-01
8.806682577565632108e-01
8.663484486873508361e-01
8.568019093078759196e-01
8.544152744630071350e-01
8.400954653937947603e-01
8.806682577565632108e-01
8.711217183770882944e-01
8.400954653937947603e-01
8.639618138424820515e-01
8.400954653937947603e-01
8.448687350835322185e-01
8.520286396181384614e-01
8.878281622911694537e-01
8.615751789976133779e-01
8.520286396181384614e-01
8.782816229116945372e-01
8.400954653937947603e-01
8.663484486873508361e-01
8.806682577565632108e-01
8.902147971360382384e-01
8.806682577565632108e-01
8.305489260143198438e-01
8.806682577565632108e-01
8.114558472553698998e-01
8.305489260143198438e-01
8.424821002386634339e-01
8.424821002386634339e-01
8.400954653937947603e-01
8.257756563245823855e-01
8.472553699284010031e-01
8.329355608591885174e-01
8.114558472553698998e-01
8.615751789976133779e-01
8.210023866348448163e-01
8.400954653937947603e-01
8.615751789976133779e-01
8.257756563245823855e-01
8.162291169451073580e-01
8.687350835322196207e-01
8.591885441527445932e-01
8.305489260143198438e-01
8.186157517899761427e-01
8.400954653937947603e-01
8.544152744630071350e-01
8.233890214797136009e-01
8.472553699284010031e-01
8.544152744630071350e-01
8.233890214797136009e-01
8.281622911694510591e-01
8.520286396181384614e-01
8.377088305489259756e-01
8.114558472553698998e-01
8.233890214797136009e-01
8.210023866348448163e-01
7.947494033412887404e-01
8.353221957040573020e-01
7.923627684964200668e-01
7.971360381861575251e-01
8.042959427207637679e-01
8.305489260143198438e-01
8.042959427207637679e-01
7.708830548926014492e-01
8.114558472553698998e-01
8.329355608591885174e-01
8.186157517899761427e-01
8.639618138424820515e-01
8.210023866348448163e-01
8.066825775656324415e-01
8.090692124105012262e-01
8.233890214797136009e-01
8.090692124105012262e-01
8.377088305489259756e-01
8.019093078758949833e-01
7.899761336515512822e-01
8.138424821002386844e-01
7.875894988066826086e-01
8.353221957040573020e-01
8.472553699284010031e-01
8.305489260143198438e-01
8.281622911694510591e-01
8.186157517899761427e-01
8.233890214797136009e-01
8.233890214797136009e-01
8.424821002386634339e-01
8.687350835322196207e-01
8.305489260143198438e-01
7.684964200477326646e-01
8.114558472553698998e-01
8.424821002386634339e-01
8.233890214797136009e-01
8.424821002386634339e-01
8.424821002386634339e-01
8.042959427207637679e-01
7.971360381861575251e-01
8.305489260143198438e-01
8.377088305489259756e-01
7.804295942720763657e-01
8.138424821002386844e-01
8.281622911694510591e-01
8.114558472553698998e-01
8.186157517899761427e-01
7.923627684964200668e-01
8.472553699284010031e-01
8.472553699284010031e-01
8.305489260143198438e-01
8.162291169451073580e-01
7.971360381861575251e-01
8.090692124105012262e-01
8.138424821002386844e-01
7.995226730310261987e-01
8.305489260143198438e-01
8.090692124105012262e-01
7.541766109785202898e-01
7.923627684964200668e-01
7.422434367541765887e-01
8.162291169451073580e-01
7.899761336515512822e-01
7.732696897374701228e-01
7.732696897374701228e-01
7.804295942720763657e-01
7.732696897374701228e-01
8.042959427207637679e-01
8.114558472553698998e-01
7.852028639618138239e-01
8.162291169451073580e-01
7.732696897374701228e-01
8.066825775656324415e-01
8.162291169451073580e-01
7.804295942720763657e-01
8.162291169451073580e-01
8.424821002386634339e-01
7.565632458233890745e-01
8.114558472553698998e-01
8.066825775656324415e-01
8.138424821002386844e-01
8.281622911694510591e-01
8.186157517899761427e-01
7.661097852028639910e-01
8.042959427207637679e-01
7.732696897374701228e-01
7.923627684964200668e-01
8.448687350835322185e-01
7.732696897374701228e-01
8.019093078758949833e-01
8.019093078758949833e-01
7.995226730310261987e-01
7.947494033412887404e-01
7.708830548926014492e-01
8.281622911694510591e-01
8.424821002386634339e-01
8.186157517899761427e-01
8.305489260143198438e-01
8.114558472553698998e-01
8.377088305489259756e-01
8.210023866348448163e-01
7.971360381861575251e-01
7.899761336515512822e-01
7.852028639618138239e-01
8.066825775656324415e-01
7.995226730310261987e-01
7.899761336515512822e-01
7.828162291169451503e-01
8.090692124105012262e-01
7.732696897374701228e-01
7.875894988066826086e-01
7.971360381861575251e-01
7.971360381861575251e-01
7.852028639618138239e-01
7.899761336515512822e-01
7.637231503579952063e-01
7.923627684964200668e-01
7.780429594272076921e-01
8.066825775656324415e-01
8.568019093078759196e-01
7.971360381861575251e-01
8.162291169451073580e-01
8.019093078758949833e-01
7.756563245823389074e-01
7.947494033412887404e-01
7.971360381861575251e-01
7.899761336515512822e-01
7.971360381861575251e-01
8.042959427207637679e-01
8.758949880668257526e-01
8.114558472553698998e-01
8.138424821002386844e-01
