1.000000000000000000e+00
8.714107365792759241e-01
8.127340823970037320e-01
8.227215980024968900e-01
7.977528089887639950e-01
7.528089887640448952e-01
7.478152309612984272e-01
7.602996254681647637e-01
7.665418227215979874e-01
7.290886392009987560e-01
7.215980024968788875e-01
7.003745318352060378e-01
7.103620474406990848e-01
6.941323345817728141e-01
7.066167290886391505e-01
6.779026217228464324e-01
7.003745318352060378e-01
6.741573033707864981e-01
6.741573033707864981e-01
6.729088639200998534e-01
6.928838951310861693e-01
6.741573033707864981e-01
6.828963795255930114e-01
6.529338327091136485e-01
6.329588014981273325e-01
6.541822721598002932e-01
6.779026217228464324e-01
6.479400749063670695e-01
6.504369538077403590e-01
6.304619225967540430e-01
6.604244694132334059e-01
6.441947565543071352e-01
6.541822721598002932e-01
6.192259675405742403e-01
6.479400749063670695e-01
6.092384519350811933e-01
6.117353308364544828e-01
5.917602996254681669e-01
5.692883895131085614e-01
5.805243445692883641e-01
5.942571785268414564e-01
5.942571785268414564e-01
5.692883895131085614e-01
6.079900124843945486e-01
6.154806491885143060e-01
5.655430711610487382e-01
5.692883895131085614e-01
5.568039950062422250e-01
5.767790262172284299e-01
5.680399500624220277e-01
5.805243445692883641e-01
5.243445692883894615e-01
5.568039950062422250e-01
5.330836454431959748e-01
5.605493133583021592e-01
5.480649188514357117e-01
5.455680399500624222e-01
5.642946317103620935e-01
5.230961298377028168e-01
5.443196004993757775e-01
5.118601747815231251e-01
5.343320848938826195e-01
4.831460674157303514e-01
5.143570536828964146e-01
5.368289637952559090e-01
5.193508114856429936e-01
5.230961298377028168e-01
5.280898876404493958e-01
4.968789013732833881e-01
5.181023720349563488e-01
5.018726591760299671e-01
5.068664169787765461e-01
4.906367041198501644e-01
4.744069912609238382e-01
4.756554307116104829e-01
4.769038701622971277e-01
4.594257178526841567e-01
4.731585518102371934e-01
4.981273408239700329e-01
4.806491885143570619e-01
4.656679151061173805e-01
4.182272159800249911e-01
4.769038701622971277e-01
4.706616729088639040e-01
4.481897627965043540e-01
4.406991260923845410e-01
4.756554307116104829e-01
4.731585518102371934e-01
4.481897627965043540e-01
4.881398252184769304e-01
4.506866416978776435e-01
4.431960049937577750e-01
4.556803995006242225e-01
4.481897627965043540e-01
4.357053682896379621e-01
4.431960049937577750e-01
4.544319600499375778e-01
4.369538077403246068e-01
4.232209737827715146e-01
4.294631710362047383e-01
4.094881398252184779e-01
4.169787765293383464e-01
4.581772784019975120e-01
4.332084893882646726e-01
4.032459425717852541e-01
3.957553058676654412e-01
4.157303370786517016e-01
4.044943820224718989e-01
3.870162297128589279e-01
4.019975031210986094e-01
4.032459425717852541e-01
4.169787765293383464e-01
4.082397003745318331e-01
4.069912609238451884e-01
4.182272159800249911e-01
4.019975031210986094e-01
3.945068664169787964e-01
4.132334581772784121e-01
4.044943820224718989e-01
3.932584269662921517e-01
3.920099875156055069e-01
3.907615480649188622e-01
3.807740324594257042e-01
4.019975031210986094e-01
3.820224719101123489e-01
3.945068664169787964e-01
4.094881398252184779e-01
4.157303370786517016e-01
3.657927590511860227e-01
3.695380774032459570e-01
3.645443196004993780e-01
3.995006242197253199e-01
3.682896379525593122e-01
3.845193508114856384e-01
3.782771535580524147e-01
3.757802746566791252e-01
3.607990012484394438e-01
3.620474406991260885e-01
3.757802746566791252e-01
3.695380774032459570e-01
3.732833957553058912e-01
3.695380774032459570e-01
3.632958801498127333e-01
3.495630461922596965e-01
3.595505617977527990e-01
3.745318352059925360e-01
3.720349563046192465e-01
3.870162297128589279e-01
3.470661672908864070e-01
3.570536828963795095e-01
3.570536828963795095e-01
4.044943820224718989e-01
3.657927590511860227e-01
3.483146067415730518e-01
3.757802746566791252e-01
3.695380774032459570e-01
3.558052434456928648e-01
3.583021223470661543e-01
3.495630461922596965e-01
3.682896379525593122e-01
3.545568039950062200e-01
3.720349563046192465e-01
3.745318352059925360e-01
3.445692883895131176e-01
3.408239700374531833e-01
3.720349563046192465e-01
3.420724094881398281e-01
3.470661672908864070e-01
3.607990012484394438e-01
3.570536828963795095e-01
3.445692883895131176e-01
3.395755305867665386e-01
3.570536828963795095e-01
3.245942571785268571e-01
3.233458177278402124e-01
3.345817727840199596e-01
3.146067415730336991e-01
3.308364544319600253e-01
3.270911360799001466e-01
3.133583021223470544e-01
3.183520599250936334e-01
3.046192259675405967e-01
3.233458177278402124e-01
3.320848938826466701e-01
3.133583021223470544e-01
3.183520599250936334e-01
3.183520599250936334e-01
3.233458177278402124e-01
3.121098626716604096e-01
2.971285892634207282e-01
2.971285892634207282e-01
3.033707865168539519e-01
2.971285892634207282e-01
3.133583021223470544e-01
3.133583021223470544e-01
3.071161048689138307e-01
3.071161048689138307e-01
2.908863920099875044e-01
3.245942571785268571e-01
3.108614232209737649e-01
2.971285892634207282e-01
3.046192259675405967e-01
2.883895131086142150e-01
2.958801498127340834e-01
3.233458177278402124e-01
2.996254681647940177e-01
2.833957553058676915e-01
2.958801498127340834e-01
2.933832709113607939e-01
3.058676654182272414e-01
2.858926342072409255e-01
3.071161048689138307e-01
2.883895131086142150e-01
2.808988764044944020e-01
2.933832709113607939e-01
2.734082397003745335e-01
2.983770287141073729e-01
2.946317103620474387e-01
2.996254681647940177e-01
2.796504369538077572e-01
2.908863920099875044e-01
2.946317103620474387e-01
2.896379525593008597e-01
2.908863920099875044e-01
2.871410736579275702e-01
2.771535580524344677e-01
2.971285892634207282e-01
2.983770287141073729e-01
2.746566791510611782e-01
2.996254681647940177e-01
2.858926342072409255e-01
2.896379525593008597e-01
2.646691635455680203e-01
2.646691635455680203e-01
2.771535580524344677e-01
2.871410736579275702e-01
2.921348314606741492e-01
2.796504369538077572e-01
2.734082397003745335e-01
2.833957553058676915e-01
2.696629213483145993e-01
2.559300873907615625e-01
2.871410736579275702e-01
2.646691635455680203e-01
2.621722846441947308e-01
2.546816479400749178e-01
2.646691635455680203e-01
2.684144818976279545e-01
2.621722846441947308e-01
2.721598002496878888e-01
2.759051186017478230e-01
2.659176029962546650e-01
2.759051186017478230e-01
2.784019975031211125e-01
2.784019975031211125e-01
2.684144818976279545e-01
2.771535580524344677e-01
2.659176029962546650e-01
2.659176029962546650e-01
2.646691635455680203e-01
2.534332084893882731e-01
2.671660424469413098e-01
2.584269662921348520e-01
2.696629213483145993e-01
2.696629213483145993e-01
2.509363295880149836e-01
2.684144818976279545e-01
2.496878901373283388e-01
2.759051186017478230e-01
2.721598002496878888e-01
2.634207240948813755e-01
2.646691635455680203e-01
2.621722846441947308e-01
2.446941323345817598e-01
2.559300873907615625e-01
2.521847690387016283e-01
2.709113607990012440e-01
2.784019975031211125e-01
2.521847690387016283e-01
2.571785268414482073e-01
2.771535580524344677e-01
2.596754057428214968e-01
2.634207240948813755e-01
2.596754057428214968e-01
2.484394506866416941e-01
2.671660424469413098e-01
2.484394506866416941e-01
2.372034956304619191e-01
2.384519350811485638e-01
2.434456928838951428e-01
2.434456928838951428e-01
2.534332084893882731e-01
2.259675405742821441e-01
2.459425717852684046e-01
2.184769038701623034e-01
2.496878901373283388e-01
2.309612983770287231e-01
2.234706616729088546e-01
2.297128589263420784e-01
2.372034956304619191e-01
2.397003745318352086e-01
2.334581772784019849e-01
2.209737827715355929e-01
2.334581772784019849e-01
2.334581772784019849e-01
2.334581772784019849e-01
2.421972534332084981e-01
2.334581772784019849e-01
2.197253433208489481e-01
2.259675405742821441e-01
2.372034956304619191e-01
2.222222222222222099e-01
2.172284644194756587e-01
2.159800249687890139e-01
2.297128589263420784e-01
2.122347066167290797e-01
2.184769038701623034e-01
2.147315855181023692e-01
2.172284644194756587e-01
2.159800249687890139e-01
2.122347066167290797e-01
2.372034956304619191e-01
2.309612983770287231e-01
2.359550561797752743e-01
2.197253433208489481e-01
2.184769038701623034e-01
2.322097378277153679e-01
2.209737827715355929e-01
2.122347066167290797e-01
2.521847690387016283e-01
2.297128589263420784e-01
2.084893882646691732e-01
2.047440699126092389e-01
2.222222222222222099e-01
2.172284644194756587e-01
2.047440699126092389e-01
2.122347066167290797e-01
1.972534332084893982e-01
2.097378277153558179e-01
2.172284644194756587e-01
2.084893882646691732e-01
2.009987515605493047e-01
2.109862671660424349e-01
2.147315855181023692e-01
2.109862671660424349e-01
2.072409488139825284e-01
2.209737827715355929e-01
2.159800249687890139e-01
2.147315855181023692e-01
2.134831460674157244e-01
2.097378277153558179e-01
2.059925093632958837e-01
2.084893882646691732e-01
2.072409488139825284e-01
2.122347066167290797e-01
2.097378277153558179e-01
2.172284644194756587e-01
2.147315855181023692e-01
2.247191011235954994e-01
1.985018726591760430e-01
2.009987515605493047e-01
2.084893882646691732e-01
2.197253433208489481e-01
2.297128589263420784e-01
2.159800249687890139e-01
2.297128589263420784e-01
2.172284644194756587e-01
2.197253433208489481e-01
2.047440699126092389e-01
2.122347066167290797e-01
2.297128589263420784e-01
2.159800249687890139e-01
2.172284644194756587e-01
2.097378277153558179e-01
1.960049937578027535e-01
2.022471910112359494e-01
2.034956304619225942e-01
2.009987515605493047e-01
1.935081148564294640e-01
2.084893882646691732e-01
2.109862671660424349e-01
2.047440699126092389e-01
2.072409488139825284e-01
2.134831460674157244e-01
1.972534332084893982e-01
1.960049937578027535e-01
2.047440699126092389e-01
2.172284644194756587e-01
2.022471910112359494e-01
1.972534332084893982e-01
2.009987515605493047e-01
1.885143570536828850e-01
1.922596754057428192e-01
1.910112359550561745e-01
2.147315855181023692e-01
2.084893882646691732e-01
2.034956304619225942e-01
1.735330836454432035e-01
1.935081148564294640e-01
1.735330836454432035e-01
1.822721598002496890e-01
