1.000000000000000000e+00
9.268580416830515256e-01
9.146677152968933910e-01
8.871411718442784311e-01
8.780967361384192094e-01
8.395595753047581100e-01
8.352339756193472020e-01
8.277624852536373812e-01
8.332677939441603954e-01
8.379866299646087091e-01
8.116397955171057443e-01
8.136059771922925510e-01
8.029885961462839283e-01
8.081006685017695368e-01
7.656311443177349352e-01
7.978765237907983199e-01
7.738891073535194565e-01
7.589461266220999258e-01
7.408572552103814823e-01
7.506881635863154045e-01
7.392843098702319704e-01
7.471490365709791970e-01
7.349587101848210624e-01
7.416437278804561828e-01
7.168698387731026189e-01
7.267007471490365411e-01
6.913094769956743546e-01
7.184427841132520198e-01
7.176563114431773194e-01
6.944553676759732674e-01
6.976012583562720692e-01
6.952418403460479679e-01
6.814785686197404324e-01
6.700747149036571093e-01
6.724341329138812107e-01
6.633896972080219889e-01
6.567046795123869796e-01
6.484467164766024583e-01
6.547384978372001729e-01
6.335037357451828166e-01
6.511993708218639654e-01
6.283916633896972082e-01
6.276051907196225077e-01
6.307510813999213095e-01
6.181675186787258802e-01
6.201337003539126869e-01
6.232795910342115997e-01
5.855289028706252008e-01
5.988989382618954416e-01
6.158081006685017789e-01
5.918206842312229155e-01
5.871018482107747127e-01
5.812033031852142928e-01
5.658670861187573564e-01
5.709791584742429649e-01
5.764844671647659791e-01
5.454187966968148116e-01
5.583955957530475356e-01
5.576091230829728351e-01
5.741250491545418777e-01
5.532835233975619271e-01
5.576091230829728351e-01
5.442390876917027054e-01
5.418796696814786040e-01
5.320487613055446818e-01
5.308690523004325756e-01
5.245772709398348610e-01
5.300825796303578752e-01
5.359811246559181841e-01
5.194651985843491415e-01
5.190719622493118468e-01
5.222178529296106486e-01
5.060951631930790118e-01
5.159260715690129340e-01
5.088478175383405189e-01
4.954777821470703891e-01
4.990169091624065967e-01
4.966574911521824398e-01
4.978372001572945460e-01
4.931183641368462323e-01
4.927251278018088820e-01
4.899724734565473749e-01
4.903657097915847252e-01
4.852536374360991167e-01
5.025560361777428042e-01
4.754227290601651390e-01
4.852536374360991167e-01
4.683444750294927239e-01
4.730633110499410376e-01
4.801415650806134527e-01
4.608729846637829586e-01
4.667715296893433230e-01
4.714903657097915812e-01
4.455367675973259667e-01
4.616594573338576590e-01
4.573338576484466955e-01
4.455367675973259667e-01
4.585135666535588017e-01
4.518285489579237368e-01
4.345261502162799938e-01
4.490758946126622297e-01
4.357058592213920445e-01
4.262681871804954725e-01
4.239087691702713157e-01
4.239087691702713157e-01
4.128981517892253428e-01
4.246952418403460716e-01
4.140778607943373935e-01
4.282343688556822792e-01
4.231222965001966152e-01
4.235155328352339654e-01
4.140778607943373935e-01
4.125049154541879926e-01
3.959889893826189500e-01
4.113252064490758864e-01
4.140778607943373935e-01
4.062131340935902224e-01
3.928430987023200927e-01
3.948092803775068993e-01
3.826189539913488202e-01
3.841918993314982211e-01
3.928430987023200927e-01
3.928430987023200927e-01
3.806527723161620136e-01
3.893039716869838851e-01
3.873377900117970785e-01
3.775068816358631563e-01
3.806527723161620136e-01
3.739677546205269487e-01
3.814392449862367140e-01
3.763271726307511056e-01
3.759339362957136998e-01
3.688556822650412848e-01
3.625639009044435701e-01
3.543059378686590488e-01
3.550924105387338048e-01
3.621706645694062199e-01
3.696421549351159852e-01
3.574518285489579061e-01
3.629571372394809203e-01
3.574518285489579061e-01
3.491938655131734404e-01
3.590247738891073626e-01
3.641368462445930265e-01
3.464412111679119333e-01
3.594180102241447128e-01
3.377900117970900618e-01
3.460479748328745830e-01
3.432953204876130759e-01
3.370035391270153613e-01
3.314982304364923471e-01
3.358238301219032551e-01
3.389697208022021124e-01
3.255996854109319827e-01
3.224537947306331254e-01
3.177349587101848116e-01
3.232402674007078258e-01
3.232402674007078258e-01
3.263861580810066831e-01
3.275658670861187338e-01
3.255996854109319827e-01
3.122296500196617974e-01
3.094769956744002903e-01
3.145890680298859543e-01
3.118364136846244472e-01
3.051513959889893823e-01
3.098702320094376961e-01
3.094769956744002903e-01
3.165552497050727609e-01
3.114431773495870970e-01
3.008257963035784743e-01
3.082972866692882397e-01
3.039716869838773317e-01
2.996460872984663681e-01
3.055446323240267326e-01
3.138025953598112539e-01
3.118364136846244472e-01
2.874557609123082891e-01
2.902084152575697962e-01
3.020055053086905250e-01
3.000393236335037184e-01
2.984663782933543175e-01
2.996460872984663681e-01
3.016122689736531748e-01
2.941407786079433540e-01
2.843098702320094318e-01
2.784113252064490673e-01
2.898151789225324459e-01
2.913881242626818469e-01
2.988596146283916677e-01
3.000393236335037184e-01
2.937475422729060037e-01
2.894219425874950957e-01
2.843098702320094318e-01
2.784113252064490673e-01
2.725127801808887029e-01
2.784113252064490673e-01
2.811639795517105744e-01
2.839166338969720815e-01
2.689736531655524954e-01
2.913881242626818469e-01
2.882422335823829895e-01
2.831301612268973811e-01
2.756586708611875602e-01
2.917813605977192526e-01
2.823436885568226251e-01
2.850963429020841322e-01
2.803775068816358740e-01
2.799842705465985238e-01
2.780180888714117171e-01
2.780180888714117171e-01
2.756586708611875602e-01
2.587495084545812229e-01
2.697601258356271958e-01
2.831301612268973811e-01
2.803775068816358740e-01
2.670074714903656887e-01
2.666142351553283385e-01
2.646480534801415874e-01
2.611089264648053243e-01
2.654345261502162878e-01
2.685804168305151451e-01
2.634683444750294812e-01
2.638615808100668314e-01
2.599292174596932736e-01
2.500983090837593514e-01
2.563900904443570661e-01
2.516712544239087523e-01
2.575697994494691168e-01
2.434132913881242588e-01
2.485253637436099228e-01
2.414471097129374799e-01
2.544239087691702594e-01
2.504915454187967017e-01
2.504915454187967017e-01
2.497050727487219735e-01
2.461659457333857659e-01
2.481321274085725448e-01
2.390876917027133230e-01
2.367282736924891939e-01
2.461659457333857659e-01
2.434132913881242588e-01
2.434132913881242588e-01
2.351553283523397653e-01
2.386944553676759728e-01
2.383012190326386226e-01
2.292567833267794009e-01
2.335823830121903366e-01
2.343688556822650371e-01
2.331891466771529586e-01
2.343688556822650371e-01
2.398741643727880513e-01
2.402674007078254015e-01
2.351553283523397653e-01
2.292567833267794009e-01
2.304364923318914793e-01
2.316162013370035300e-01
2.445930003932363372e-01
2.430200550530869086e-01
2.394809280377507010e-01
2.257176563114431656e-01
2.327959103421156084e-01
2.213920566260322575e-01
2.253244199764058153e-01
2.280770743216673224e-01
2.304364923318914793e-01
2.280770743216673224e-01
2.198191112858828289e-01
2.265041289815178938e-01
2.123476209201730358e-01
2.241447109712937369e-01
2.241447109712937369e-01
2.221785292961069580e-01
2.182461659457333725e-01
2.221785292961069580e-01
2.233582383012190364e-01
2.194258749508454509e-01
2.147070389303971649e-01
2.135273299252850865e-01
2.131340935902477363e-01
2.206055839559575293e-01
2.194258749508454509e-01
2.170664569406213218e-01
2.084152575697994503e-01
2.064490758946126714e-01
2.068423122296500216e-01
2.166732206055839438e-01
2.127408572552103860e-01
1.950452221785292928e-01
2.060558395595752934e-01
2.044828942194258647e-01
1.962249311836413712e-01
2.013370035391270074e-01
2.052693668895005930e-01
1.938655131734172143e-01
1.970114038537160717e-01
2.021234762092017356e-01
1.974046401887534496e-01
1.993708218639402285e-01
1.993708218639402285e-01
1.899331498230436566e-01
1.962249311836413712e-01
1.922925678332677857e-01
1.883602044828942279e-01
1.891466771529689284e-01
1.852143138025953706e-01
1.934722768383798641e-01
1.926858041683051637e-01
1.875737318128194997e-01
1.812819504522217851e-01
1.844278411325206424e-01
1.840346047974832921e-01
1.808887141171844348e-01
1.856075501376327208e-01
1.922925678332677857e-01
1.887534408179315781e-01
1.867872591427447992e-01
1.781360597719229277e-01
1.738104600865119920e-01
1.844278411325206424e-01
1.793157687770350062e-01
1.808887141171844348e-01
1.718442784113252131e-01
1.789225324419976282e-01
1.797090051120723564e-01
1.816751867872591353e-01
1.765631144317734991e-01
1.879669681478568499e-01
1.863940228077074213e-01
1.749901690916240704e-01
1.730239874164372915e-01
1.828548957923712137e-01
1.781360597719229277e-01
1.730239874164372915e-01
1.761698780967361488e-01
1.718442784113252131e-01
1.686983877310263558e-01
1.690916240660637060e-01
1.671254423908769271e-01
1.651592607156901205e-01
1.781360597719229277e-01
1.804954777821470568e-01
1.785292961069602780e-01
1.608336610302791847e-01
1.757766417616987709e-01
1.706645694062131347e-01
1.710578057412504849e-01
1.667322060558395491e-01
1.730239874164372915e-01
1.679119150609516276e-01
1.726307510813999135e-01
1.718442784113252131e-01
1.667322060558395491e-01
1.604404246952418345e-01
1.659457333857648487e-01
1.663389697208021989e-01
1.742036964215493422e-01
1.655524970507274984e-01
1.624066063704286411e-01
1.627998427054659913e-01
1.569012976799056269e-01
1.679119150609516276e-01
1.773495871018481995e-01
1.698780967361384064e-01
1.706645694062131347e-01
1.651592607156901205e-01
1.561148250098308987e-01
1.580810066850177054e-01
1.671254423908769271e-01
1.651592607156901205e-01
1.608336610302791847e-01
1.569012976799056269e-01
1.608336610302791847e-01
1.584742430200550556e-01
1.541486433346441198e-01
1.608336610302791847e-01
1.569012976799056269e-01
1.517892253244199630e-01
1.592607156901297560e-01
1.612268973653165627e-01
1.517892253244199630e-01
1.596539520251671340e-01
1.584742430200550556e-01
1.600471883602044842e-01
1.545418796696814701e-01
1.576877703499803274e-01
1.529689343295320414e-01
1.549351160047188480e-01
1.470703893039716770e-01
1.553283523397561983e-01
1.616201337003539129e-01
1.506095163193079123e-01
1.517892253244199630e-01
1.537554069996067696e-01
1.478568619740464052e-01
1.537554069996067696e-01
1.478568619740464052e-01
1.545418796696814701e-01
1.482500983090837554e-01
1.486433346441211056e-01
1.506095163193079123e-01
