1.000000000000000000e+00
5.900621118012422395e-01
4.968944099378881929e-01
5.527950310559006653e-01
5.031055900621117516e-01
5.838509316770186253e-01
5.093167701863353658e-01
5.838509316770186253e-01
4.844720496894410200e-01
5.465838509316770510e-01
5.093167701863353658e-01
5.217391304347825942e-01
5.465838509316770510e-01
4.782608695652174058e-01
4.906832298136645787e-01
5.465838509316770510e-01
5.652173913043477826e-01
5.093167701863353658e-01
4.782608695652174058e-01
5.155279503105589800e-01
5.465838509316770510e-01
5.341614906832298226e-01
4.409937888198757761e-01
4.347826086956521618e-01
4.720496894409937916e-01
4.906832298136645787e-01
4.472049689440993903e-01
4.720496894409937916e-01
4.658385093167701774e-01
4.720496894409937916e-01
3.726708074534161308e-01
4.968944099378881929e-01
4.596273291925465632e-01
5.093167701863353658e-01
5.093167701863353658e-01
5.093167701863353658e-01
4.223602484472049889e-01
5.341614906832298226e-01
4.782608695652174058e-01
5.714285714285713969e-01
4.285714285714285476e-01
5.155279503105589800e-01
4.720496894409937916e-01
4.285714285714285476e-01
4.099378881987577605e-01
4.285714285714285476e-01
3.788819875776397450e-01
3.913043478260869734e-01
4.596273291925465632e-01
4.782608695652174058e-01
4.720496894409937916e-01
4.161490683229813747e-01
4.409937888198757761e-01
5.031055900621117516e-01
5.714285714285713969e-01
4.347826086956521618e-01
4.906832298136645787e-01
3.726708074534161308e-01
4.285714285714285476e-01
4.906832298136645787e-01
3.975155279503105321e-01
4.658385093167701774e-01
4.161490683229813747e-01
3.913043478260869734e-01
4.782608695652174058e-01
4.409937888198757761e-01
4.037267080745341463e-01
4.037267080745341463e-01
4.534161490683230045e-01
4.472049689440993903e-01
3.913043478260869734e-01
4.037267080745341463e-01
3.850931677018633592e-01
3.975155279503105321e-01
3.788819875776397450e-01
4.223602484472049889e-01
3.850931677018633592e-01
3.540372670807453437e-01
3.850931677018633592e-01
3.726708074534161308e-01
3.354037267080745566e-01
3.229813664596273282e-01
3.602484472049689579e-01
3.167701863354037140e-01
3.602484472049689579e-01
4.223602484472049889e-01
3.540372670807453437e-01
3.975155279503105321e-01
4.037267080745341463e-01
4.161490683229813747e-01
3.229813664596273282e-01
3.540372670807453437e-01
3.913043478260869734e-01
4.472049689440993903e-01
3.291925465838509424e-01
3.788819875776397450e-01
2.919254658385093126e-01
3.105590062111800997e-01
3.478260869565217295e-01
3.478260869565217295e-01
3.229813664596273282e-01
3.229813664596273282e-01
3.354037267080745566e-01
3.975155279503105321e-01
3.229813664596273282e-01
3.354037267080745566e-01
3.726708074534161308e-01
3.354037267080745566e-01
3.788819875776397450e-01
3.913043478260869734e-01
3.043478260869565410e-01
4.037267080745341463e-01
3.291925465838509424e-01
3.726708074534161308e-01
5.031055900621117516e-01
3.540372670807453437e-01
4.099378881987577605e-01
4.161490683229813747e-01
3.913043478260869734e-01
3.913043478260869734e-01
4.161490683229813747e-01
3.788819875776397450e-01
4.223602484472049889e-01
4.285714285714285476e-01
3.416149068322981153e-01
3.354037267080745566e-01
3.788819875776397450e-01
3.540372670807453437e-01
3.602484472049689579e-01
3.975155279503105321e-01
3.540372670807453437e-01
3.229813664596273282e-01
3.975155279503105321e-01
4.099378881987577605e-01
3.788819875776397450e-01
3.602484472049689579e-01
3.664596273291925721e-01
3.726708074534161308e-01
3.664596273291925721e-01
3.354037267080745566e-01
3.788819875776397450e-01
3.540372670807453437e-01
3.291925465838509424e-01
3.354037267080745566e-01
3.788819875776397450e-01
3.105590062111800997e-01
3.540372670807453437e-01
3.602484472049689579e-01
3.726708074534161308e-01
3.664596273291925721e-01
3.478260869565217295e-01
4.409937888198757761e-01
3.478260869565217295e-01
3.664596273291925721e-01
3.726708074534161308e-01
3.975155279503105321e-01
3.975155279503105321e-01
3.726708074534161308e-01
3.478260869565217295e-01
3.291925465838509424e-01
3.602484472049689579e-01
3.850931677018633592e-01
4.223602484472049889e-01
3.664596273291925721e-01
3.229813664596273282e-01
3.602484472049689579e-01
3.788819875776397450e-01
3.416149068322981153e-01
3.664596273291925721e-01
3.726708074534161308e-01
3.602484472049689579e-01
3.850931677018633592e-01
3.913043478260869734e-01
3.354037267080745566e-01
3.975155279503105321e-01
3.416149068322981153e-01
4.472049689440993903e-01
4.409937888198757761e-01
4.347826086956521618e-01
3.478260869565217295e-01
3.726708074534161308e-01
3.788819875776397450e-01
4.658385093167701774e-01
4.472049689440993903e-01
3.354037267080745566e-01
3.229813664596273282e-01
3.664596273291925721e-01
3.043478260869565410e-01
4.037267080745341463e-01
3.975155279503105321e-01
3.664596273291925721e-01
3.913043478260869734e-01
3.975155279503105321e-01
4.596273291925465632e-01
3.354037267080745566e-01
3.416149068322981153e-01
3.913043478260869734e-01
3.664596273291925721e-01
3.975155279503105321e-01
3.850931677018633592e-01
3.975155279503105321e-01
4.099378881987577605e-01
3.788819875776397450e-01
3.354037267080745566e-01
4.285714285714285476e-01
4.658385093167701774e-01
4.161490683229813747e-01
4.223602484472049889e-01
3.850931677018633592e-01
3.913043478260869734e-01
3.354037267080745566e-01
3.478260869565217295e-01
4.037267080745341463e-01
3.975155279503105321e-01
4.658385093167701774e-01
3.540372670807453437e-01
3.540372670807453437e-01
4.472049689440993903e-01
4.161490683229813747e-01
3.354037267080745566e-01
4.409937888198757761e-01
4.223602484472049889e-01
3.913043478260869734e-01
3.975155279503105321e-01
4.596273291925465632e-01
4.472049689440993903e-01
3.664596273291925721e-01
4.161490683229813747e-01
4.534161490683230045e-01
4.534161490683230045e-01
4.037267080745341463e-01
4.658385093167701774e-01
3.602484472049689579e-01
4.472049689440993903e-01
4.223602484472049889e-01
4.409937888198757761e-01
4.782608695652174058e-01
3.229813664596273282e-01
4.285714285714285476e-01
3.478260869565217295e-01
3.975155279503105321e-01
3.788819875776397450e-01
3.602484472049689579e-01
3.664596273291925721e-01
3.229813664596273282e-01
3.788819875776397450e-01
4.347826086956521618e-01
3.726708074534161308e-01
3.540372670807453437e-01
4.223602484472049889e-01
4.409937888198757761e-01
3.167701863354037140e-01
4.285714285714285476e-01
4.347826086956521618e-01
3.726708074534161308e-01
3.416149068322981153e-01
4.037267080745341463e-01
4.596273291925465632e-01
3.975155279503105321e-01
4.099378881987577605e-01
3.416149068322981153e-01
4.534161490683230045e-01
3.726708074534161308e-01
3.540372670807453437e-01
3.167701863354037140e-01
3.726708074534161308e-01
2.919254658385093126e-01
2.857142857142856984e-01
3.229813664596273282e-01
3.850931677018633592e-01
4.161490683229813747e-01
4.037267080745341463e-01
3.043478260869565410e-01
3.602484472049689579e-01
3.664596273291925721e-01
4.472049689440993903e-01
3.726708074534161308e-01
3.913043478260869734e-01
4.720496894409937916e-01
3.913043478260869734e-01
3.602484472049689579e-01
3.478260869565217295e-01
4.037267080745341463e-01
3.602484472049689579e-01
4.347826086956521618e-01
3.726708074534161308e-01
4.658385093167701774e-01
4.223602484472049889e-01
3.416149068322981153e-01
3.478260869565217295e-01
3.229813664596273282e-01
4.534161490683230045e-01
4.285714285714285476e-01
3.664596273291925721e-01
3.354037267080745566e-01
3.850931677018633592e-01
3.167701863354037140e-01
3.788819875776397450e-01
3.540372670807453437e-01
3.291925465838509424e-01
4.099378881987577605e-01
3.167701863354037140e-01
3.850931677018633592e-01
3.602484472049689579e-01
3.726708074534161308e-01
3.291925465838509424e-01
3.913043478260869734e-01
3.602484472049689579e-01
3.105590062111800997e-01
3.913043478260869734e-01
3.975155279503105321e-01
3.913043478260869734e-01
3.602484472049689579e-01
4.037267080745341463e-01
3.416149068322981153e-01
3.788819875776397450e-01
3.664596273291925721e-01
3.975155279503105321e-01
3.043478260869565410e-01
3.478260869565217295e-01
4.472049689440993903e-01
3.602484472049689579e-01
4.099378881987577605e-01
3.540372670807453437e-01
3.602484472049689579e-01
4.037267080745341463e-01
3.664596273291925721e-01
3.416149068322981153e-01
3.975155279503105321e-01
3.478260869565217295e-01
3.602484472049689579e-01
3.043478260869565410e-01
3.416149068322981153e-01
3.788819875776397450e-01
3.664596273291925721e-01
3.788819875776397450e-01
3.788819875776397450e-01
3.478260869565217295e-01
3.229813664596273282e-01
3.478260869565217295e-01
3.291925465838509424e-01
3.478260869565217295e-01
3.291925465838509424e-01
3.291925465838509424e-01
3.105590062111800997e-01
2.795031055900620842e-01
3.416149068322981153e-01
3.229813664596273282e-01
3.913043478260869734e-01
4.037267080745341463e-01
3.975155279503105321e-01
3.105590062111800997e-01
4.223602484472049889e-01
4.037267080745341463e-01
3.291925465838509424e-01
3.229813664596273282e-01
4.037267080745341463e-01
4.285714285714285476e-01
3.602484472049689579e-01
3.229813664596273282e-01
3.850931677018633592e-01
3.354037267080745566e-01
3.726708074534161308e-01
3.291925465838509424e-01
3.602484472049689579e-01
4.037267080745341463e-01
3.540372670807453437e-01
3.540372670807453437e-01
3.664596273291925721e-01
3.478260869565217295e-01
3.167701863354037140e-01
3.975155279503105321e-01
3.726708074534161308e-01
3.291925465838509424e-01
3.354037267080745566e-01
3.229813664596273282e-01
3.850931677018633592e-01
4.472049689440993903e-01
2.919254658385093126e-01
3.975155279503105321e-01
4.099378881987577605e-01
3.726708074534161308e-01
4.099378881987577605e-01
3.540372670807453437e-01
3.913043478260869734e-01
3.354037267080745566e-01
3.726708074534161308e-01
3.664596273291925721e-01
3.540372670807453437e-01
4.099378881987577605e-01
3.913043478260869734e-01
3.788819875776397450e-01
3.913043478260869734e-01
3.913043478260869734e-01
3.602484472049689579e-01
2.981366459627329268e-01
3.602484472049689579e-01
4.223602484472049889e-01
3.913043478260869734e-01
3.726708074534161308e-01
3.788819875776397450e-01
