1.000000000000000000e+00
8.199604743083004355e-01
7.693675889328063233e-01
7.399209486166007377e-01
7.035573122529644730e-01
6.806324110671936323e-01
6.687747035573122778e-01
6.353754940711462407e-01
6.276679841897233603e-01
6.104743083003952853e-01
6.021739130434782261e-01
5.936758893280632554e-01
5.681818181818182323e-01
5.699604743083004355e-01
5.555335968379446765e-01
5.181818181818181879e-01
5.112648221343873978e-01
4.964426877470355937e-01
4.851778656126481959e-01
4.804347826086956541e-01
4.596837944664031728e-01
4.535573122529644174e-01
4.369565217391304102e-01
4.274703557312252711e-01
4.270750988142292259e-01
4.000000000000000222e-01
4.081027667984189478e-01
3.916996047430830186e-01
3.875494071146244890e-01
3.853754940711462407e-01
3.754940711462450564e-01
3.818181818181818343e-01
3.703557312252964695e-01
3.667984189723320076e-01
3.460474308300395263e-01
3.434782608695652328e-01
3.343873517786561389e-01
3.349802371541502066e-01
3.235177865612648418e-01
3.286561264822134287e-01
3.221343873517786838e-01
3.136363636363636576e-01
3.086956521739130377e-01
3.011857707509881243e-01
2.976284584980237180e-01
2.843873517786561500e-01
2.802371541501976204e-01
2.756916996047431012e-01
2.774703557312253044e-01
2.675889328063241202e-01
2.715415019762845716e-01
2.622529644268774551e-01
2.630434782608695454e-01
2.689723320158102782e-01
2.602766798418972294e-01
2.654150197628458718e-01
2.505928853754940677e-01
2.470355731225296336e-01
2.339920948616600882e-01
2.478260869565217517e-01
2.422924901185770641e-01
2.409090909090909061e-01
2.326086956521739024e-01
2.306324110671936767e-01
2.389328063241106803e-01
2.280632411067193555e-01
2.292490118577075187e-01
2.167984189723320132e-01
2.185770750988142164e-01
2.197628458498023796e-01
2.185770750988142164e-01
2.122529644268774662e-01
2.055335968379446709e-01
1.956521739130434867e-01
1.980237154150197576e-01
2.011857707509881465e-01
1.996047430830039660e-01
2.019762845849802368e-01
1.954545454545454641e-01
1.944664031620553235e-01
1.930830039525691655e-01
1.837944664031620490e-01
1.796442687747035472e-01
1.806324110671936878e-01
1.814229249011857781e-01
1.754940711462450731e-01
1.741106719367588873e-01
1.810276679841897329e-01
1.693675889328063178e-01
1.743083003952569099e-01
1.754940711462450731e-01
1.648221343873517708e-01
1.579051383399209529e-01
1.697628458498023629e-01
1.612648221343873645e-01
1.551383399209486091e-01
1.630434782608695676e-01
1.608695652173912916e-01
1.581027667984189755e-01
1.547430830039525640e-01
1.608695652173912916e-01
1.565217391304347949e-01
1.549407114624505866e-01
1.531620553359683834e-01
1.503952569169960396e-01
1.446640316205533572e-01
1.413043478260869457e-01
1.448616600790513798e-01
1.454545454545454475e-01
1.367588932806323987e-01
1.328063241106719472e-01
1.288537549407114680e-01
1.310276679841897163e-01
1.302371541501976260e-01
1.245059288537549436e-01
1.290513833992094905e-01
1.266798418972331919e-01
1.199604743083003966e-01
1.233201581027667942e-01
1.274703557312253099e-01
1.300395256916996034e-01
1.241106719367588984e-01
1.243083003952569210e-01
1.211462450592885320e-01
1.195652173913043514e-01
1.245059288537549436e-01
1.254940711462450564e-01
1.183794466403162021e-01
1.138339920948616552e-01
1.112648221343873478e-01
1.140316205533596777e-01
1.130434782608695649e-01
1.021739130434782677e-01
1.090909090909090856e-01
1.027667984189723355e-01
1.015810276679841861e-01
1.045454545454545386e-01
1.079051383399209502e-01
1.037549407114624483e-01
1.023715415019762903e-01
1.033596837944664032e-01
1.000000000000000056e-01
9.624505928853754888e-02
9.565217391304348116e-02
9.644268774703557146e-02
9.584980237154150373e-02
9.723320158102766175e-02
9.624505928853754888e-02
9.505928853754941343e-02
9.446640316205533183e-02
8.992094861660078486e-02
9.565217391304348116e-02
9.604743083003952631e-02
9.249011857707509221e-02
9.446640316205533183e-02
9.090909090909091161e-02
8.517786561264821532e-02
8.379446640316205730e-02
8.517786561264821532e-02
8.577075098814229692e-02
8.478260869565217017e-02
8.280632411067193055e-02
8.675889328063240979e-02
8.577075098814229692e-02
8.102766798418972738e-02
8.162055335968379510e-02
7.766798418972331586e-02
7.924901185770751033e-02
8.142292490118577253e-02
8.399209486166007987e-02
8.023715415019762320e-02
7.826086956521739746e-02
7.450592885375494079e-02
7.687747035573122556e-02
7.312252964426876889e-02
7.213438735177865602e-02
7.628458498023715784e-02
7.608695652173913526e-02
7.905138339920948776e-02
7.608695652173913526e-02
7.549407114624505366e-02
7.351778656126482792e-02
7.411067193675889564e-02
7.351778656126482792e-02
6.996047430830039382e-02
7.154150197628458829e-02
7.608695652173913526e-02
7.154150197628458829e-02
6.976284584980237125e-02
6.640316205533597360e-02
6.541501976284584685e-02
6.304347826086956208e-02
6.956521739130434867e-02
6.600790513833991457e-02
6.482213438735177913e-02
6.916996047430830352e-02
6.739130434782608647e-02
6.798418972332015420e-02
6.699604743083004132e-02
6.620553359683795103e-02
5.909090909090908977e-02
6.640316205533597360e-02
6.561264822134386943e-02
6.521739130434782428e-02
6.343873517786560723e-02
6.422924901185771140e-02
6.304347826086956208e-02
6.264822134387351693e-02
5.849802371541502205e-02
5.988142292490118701e-02
6.126482213438735197e-02
6.166007905138339712e-02
6.343873517786560723e-02
6.561264822134386943e-02
6.166007905138339712e-02
6.007905138339920958e-02
6.067193675889327731e-02
6.146245059288537455e-02
5.632411067193675985e-02
6.146245059288537455e-02
5.810276679841896996e-02
5.750988142292490224e-02
5.711462450592885709e-02
5.810276679841896996e-02
5.533596837944664004e-02
5.750988142292490224e-02
5.474308300395257232e-02
5.632411067193675985e-02
5.434782608695652023e-02
5.573122529644268519e-02
5.276679841897233270e-02
5.118577075098814516e-02
5.217391304347825803e-02
5.316205533596837784e-02
5.533596837944664004e-02
5.395256916996047508e-02
5.316205533596837784e-02
5.197628458498023546e-02
5.019762845849802535e-02
5.217391304347825803e-02
5.079051383399209307e-02
5.375494071146245251e-02
5.019762845849802535e-02
4.683794466403162077e-02
4.940711462450592811e-02
4.743083003952568849e-02
4.703557312252964334e-02
4.584980237154150096e-02
4.545454545454545581e-02
4.525691699604743323e-02
5.059288537549407050e-02
4.940711462450592811e-02
5.158102766798419031e-02
4.861660079051383088e-02
4.584980237154150096e-02
4.940711462450592811e-02
4.683794466403162077e-02
4.980237154150197326e-02
4.387351778656126827e-02
4.743083003952568849e-02
4.229249011857707380e-02
4.466403162055335857e-02
4.486166007905138114e-02
4.466403162055335857e-02
4.426877470355731342e-02
4.446640316205533600e-02
4.249011857707509637e-02
4.031620553359684112e-02
4.367588932806323876e-02
4.446640316205533600e-02
4.525691699604743323e-02
4.446640316205533600e-02
4.229249011857707380e-02
4.229249011857707380e-02
4.367588932806323876e-02
4.189723320158102865e-02
4.486166007905138114e-02
4.407114624505929085e-02
4.683794466403162077e-02
4.466403162055335857e-02
4.407114624505929085e-02
4.051383399209486369e-02
4.604743083003952353e-02
4.130434782608695399e-02
4.071146245059288626e-02
4.011857707509881160e-02
3.636363636363636187e-02
3.833992094861660149e-02
3.893280632411066922e-02
4.249011857707509637e-02
3.794466403162055634e-02
3.794466403162055634e-02
4.071146245059288626e-02
3.932806324110672130e-02
3.992094861660078903e-02
3.754940711462450426e-02
3.794466403162055634e-02
3.616600790513833930e-02
3.754940711462450426e-02
3.557312252964427157e-02
3.577075098814229415e-02
3.557312252964427157e-02
3.913043478260869873e-02
3.754940711462450426e-02
3.972332015810276645e-02
3.537549407114624206e-02
3.636363636363636187e-02
3.162055335968379233e-02
3.814229249011857892e-02
3.280632411067193471e-02
3.083003952569169856e-02
3.102766798418972460e-02
3.478260869565217434e-02
3.320158102766798680e-02
3.794466403162055634e-02
3.537549407114624206e-02
3.537549407114624206e-02
3.083003952569169856e-02
3.320158102766798680e-02
2.964426877470355617e-02
3.379446640316205452e-02
3.359683794466403195e-02
3.320158102766798680e-02
3.181818181818181490e-02
2.885375494071146241e-02
3.201581027667984441e-02
2.984189723320158222e-02
3.102766798418972460e-02
3.003952569169960479e-02
2.826086956521739121e-02
2.964426877470355617e-02
2.826086956521739121e-02
2.964426877470355617e-02
2.964426877470355617e-02
2.885375494071146241e-02
2.490118577075098663e-02
2.826086956521739121e-02
2.826086956521739121e-02
2.766798418972332002e-02
2.964426877470355617e-02
2.628458498023715506e-02
2.905138339920948498e-02
2.529644268774703525e-02
2.391304347826087029e-02
2.490118577075098663e-02
2.272727272727272790e-02
2.648221343873517764e-02
2.470355731225296406e-02
2.667984189723320021e-02
2.667984189723320021e-02
2.628458498023715506e-02
2.430830039525691544e-02
2.509881422924901268e-02
2.549407114624505782e-02
2.766798418972332002e-02
2.707509881422924883e-02
2.490118577075098663e-02
2.529644268774703525e-02
2.628458498023715506e-02
2.529644268774703525e-02
2.687747035573122625e-02
2.450592885375494148e-02
2.430830039525691544e-02
2.628458498023715506e-02
2.450592885375494148e-02
2.490118577075098663e-02
2.351778656126482167e-02
2.747035573122529745e-02
2.549407114624505782e-02
2.667984189723320021e-02
2.411067193675889286e-02
2.450592885375494148e-02
2.371541501976284425e-02
2.509881422924901268e-02
2.312252964426877305e-02
2.154150197628458552e-02
2.411067193675889286e-02
2.035573122529644313e-02
2.213438735177865671e-02
2.371541501976284425e-02
2.292490118577075048e-02
2.588932806324110644e-02
2.272727272727272790e-02
2.233201581027667929e-02
2.233201581027667929e-02
2.173913043478260809e-02
2.193675889328063414e-02
2.332015810276679910e-02
2.332015810276679910e-02
2.490118577075098663e-02
2.134387351778656294e-02
1.897233201581027817e-02
2.272727272727272790e-02
2.213438735177865671e-02
2.035573122529644313e-02
2.233201581027667929e-02
1.818181818181818094e-02
1.996047430830039451e-02
1.818181818181818094e-02
1.956521739130434936e-02
1.897233201581027817e-02
