1.000000000000000000e+00
8.314428312159709566e-01
7.849364791288566678e-01
7.686025408348456933e-01
7.286751361161524221e-01
7.189201451905625762e-01
6.903357531760435650e-01
6.671960072595281011e-01
6.442831215970962200e-01
6.177404718693284558e-01
5.986842105263158187e-01
6.073049001814881942e-01
5.887023593466425009e-01
5.771324863883847689e-01
5.592105263157894912e-01
5.562613430127041347e-01
5.403811252268602150e-01
5.310798548094374238e-01
5.186025408348456933e-01
5.229128856624319921e-01
5.068058076225044895e-01
5.027223230490017736e-01
4.818511796733212504e-01
4.702813067150635185e-01
4.906987295825771533e-01
4.709618874773139896e-01
4.745916515426497062e-01
4.607531760435571444e-01
4.614337568058076156e-01
4.534936479128856557e-01
4.519056261343012970e-01
4.412431941923775081e-01
4.251361161524501164e-01
4.233212341197822304e-01
4.115245009074410265e-01
4.196914700544464583e-01
4.051724137931034253e-01
4.026769509981851236e-01
4.185571687840290434e-01
4.069872958257713114e-01
3.945099818511796919e-01
3.904264972776769760e-01
3.818058076225045450e-01
3.874773139745916750e-01
3.743194192377495289e-01
3.725045372050816428e-01
3.831669691470054318e-01
3.786297640653357721e-01
3.659255898366606252e-01
3.681941923774954550e-01
3.681941923774954550e-01
3.480036297640653475e-01
3.568511796733212504e-01
3.405172413793103314e-01
3.423321234119782175e-01
3.352994555353902006e-01
3.382486388384755016e-01
3.225952813067150537e-01
3.264519056261342977e-01
3.366606170598910874e-01
3.287205081669691276e-01
3.241833030852994679e-01
3.259981851179673540e-01
3.223684210526315819e-01
3.178312159709618667e-01
3.062613430127041902e-01
3.153357531760435650e-01
3.028584392014518900e-01
3.010435571687840040e-01
2.987749546279491741e-01
3.060344827586206629e-01
2.878856624319419133e-01
2.887931034482758563e-01
2.937840290381125152e-01
2.876588021778584414e-01
2.828947368421052544e-01
2.883393829401089126e-01
2.785843920145190666e-01
2.851633393829400842e-01
2.704174228675136349e-01
2.651996370235934486e-01
2.756352087114337657e-01
2.649727767695099767e-01
2.676950998185118058e-01
2.658802177858439197e-01
2.683756805807622769e-01
2.749546279491832945e-01
2.647459165154265048e-01
2.715517241379310498e-01
2.692831215970961645e-01
2.593012704174228467e-01
2.561252268602540738e-01
2.552177858439201308e-01
2.574863883847550161e-01
2.427404718693284835e-01
2.540834845735027159e-01
2.500000000000000000e-01
2.524954627949183572e-01
2.456896551724137845e-01
2.395644283121597107e-01
2.470508166969146990e-01
2.357078039927404667e-01
2.431941923774954550e-01
2.395644283121597107e-01
2.452359346642468130e-01
2.391107078039927392e-01
2.295825771324863929e-01
2.273139745916515353e-01
2.352540834845734952e-01
2.338929219600726084e-01
2.291288566243194214e-01
2.225499092558983760e-01
2.243647912885662343e-01
2.202813067150635185e-01
2.307168784029038078e-01
2.152903811252268595e-01
2.218693284936479049e-01
2.323049001814881942e-01
2.189201451905626039e-01
2.186932849364791320e-01
2.186932849364791320e-01
2.041742286751361268e-01
2.139292196007259450e-01
2.064428312159709566e-01
2.146098003629764162e-01
2.078039927404718712e-01
1.987295825771324964e-01
1.985027223230489968e-01
2.080308529945553431e-01
1.996370235934664117e-01
1.996370235934664117e-01
2.032667876588021838e-01
2.046279491833030983e-01
2.019056261343012693e-01
2.021324863883847411e-01
1.971415607985480822e-01
2.041742286751361268e-01
1.932849364791288660e-01
1.878402903811252356e-01
1.953266787658802239e-01
1.989564428312159683e-01
1.901088929219600654e-01
1.928312159709618945e-01
1.892014519056261224e-01
1.882940108892922071e-01
1.892014519056261224e-01
1.935117967332123379e-01
1.998638838475499113e-01
1.846642468239564350e-01
1.887477313974591786e-01
1.862522686025408214e-01
1.905626134301270369e-01
1.876134301270417359e-01
1.892014519056261224e-01
1.919237749546279515e-01
1.830762250453720485e-01
1.862522686025408214e-01
1.764972776769510032e-01
1.812613430127041625e-01
1.821687840290381055e-01
1.767241379310344751e-01
1.667422867513611573e-01
1.742286751361161456e-01
1.753629764065335883e-01
1.814882032667876621e-01
1.712794918330308447e-01
1.692377495462794867e-01
1.719600725952813158e-01
1.651542649727767709e-01
1.676497277676951003e-01
1.660617059891107139e-01
1.644736842105263275e-01
1.708257713248638732e-01
1.624319419237749418e-01
1.649274047186932712e-01
1.649274047186932712e-01
1.644736842105263275e-01
1.612976406533575269e-01
1.615245009074410265e-01
1.567604355716878395e-01
1.553992740471869249e-01
1.538112522686025385e-01
1.515426497277677087e-01
1.460980036297640783e-01
1.519963702359346525e-01
1.515426497277677087e-01
1.458711433756805786e-01
1.426950998185118058e-01
1.506352087114337657e-01
1.492740471869328511e-01
1.515426497277677087e-01
1.460980036297640783e-01
1.508620689655172376e-01
1.515426497277677087e-01
1.474591651542649651e-01
1.408802177858439197e-01
1.467785843920145217e-01
1.411070780399273916e-01
1.417876588021778628e-01
1.447368421052631637e-01
1.440562613430126926e-01
1.447368421052631637e-01
1.447368421052631637e-01
1.454174228675136071e-01
1.358892921960072608e-01
1.397459165154265048e-01
1.397459165154265048e-01
1.311252268602540738e-01
1.399727767695099767e-01
1.383847549909255903e-01
1.352087114337568174e-01
1.349818511796733178e-01
1.424682395644283062e-01
1.299909255898366589e-01
1.395190562613430052e-01
1.347549909255898459e-01
1.370235934664246757e-01
1.358892921960072608e-01
1.347549909255898459e-01
1.367967332123412039e-01
1.324863883847549884e-01
1.318058076225045450e-01
1.270417422867513579e-01
1.299909255898366589e-01
1.345281306715063463e-01
1.318058076225045450e-01
1.299909255898366589e-01
1.336206896551724033e-01
1.279491833030853010e-01
1.247731397459165142e-01
1.286297640653357444e-01
1.227313974591651563e-01
1.286297640653357444e-01
1.236388384754990993e-01
1.213702359346642418e-01
1.225045372050816705e-01
1.286297640653357444e-01
1.240925589836660570e-01
1.265880217785843864e-01
1.352087114337568174e-01
1.313520871143375734e-01
1.272686025408348576e-01
1.288566243194192440e-01
1.254537205081669715e-01
1.243194192377495427e-01
1.240925589836660570e-01
1.234119782214156136e-01
1.247731397459165142e-01
1.234119782214156136e-01
1.274954627949183295e-01
1.227313974591651563e-01
1.200090744101633411e-01
1.204627949183303126e-01
1.215970961887477275e-01
1.209165154264972841e-01
1.250000000000000000e-01
1.220508166969146990e-01
1.236388384754990993e-01
1.227313974591651563e-01
1.254537205081669715e-01
1.222776769509981848e-01
1.202359346642468269e-01
1.222776769509981848e-01
1.234119782214156136e-01
1.209165154264972841e-01
1.186479128856624266e-01
1.161524500907440971e-01
1.134301270417422819e-01
1.170598911070780401e-01
1.218239564428312133e-01
1.193284936479128838e-01
1.125226860254083527e-01
1.163793103448275829e-01
1.152450090744101679e-01
1.170598911070780401e-01
1.154718693284936537e-01
1.118421052631578955e-01
1.127495462794918385e-01
1.152450090744101679e-01
1.111615245009074382e-01
1.088929219600725945e-01
1.100272232304900233e-01
1.120689655172413812e-01
1.091197822141560803e-01
1.093466424682395660e-01
1.093466424682395660e-01
1.111615245009074382e-01
1.113883847549909240e-01
1.011796733212341204e-01
1.054900181488203220e-01
1.116152450090744097e-01
1.079854809437386515e-01
1.016333938294010919e-01
1.048094373865698786e-01
1.059437386569872935e-01
9.959165154264973396e-02
1.122958257713248670e-01
1.020871143375680634e-01
9.845735027223230518e-02
1.070780399274047223e-01
1.041288566243194214e-01
1.059437386569872935e-01
1.052631578947368363e-01
1.066243194192377508e-01
1.045825771324863929e-01
1.068511796733212366e-01
1.061705989110707793e-01
1.059437386569872935e-01
9.981851179673320584e-02
1.039019963702359356e-01
1.011796733212341204e-01
1.027676950998185068e-01
1.086660617059891087e-01
1.032214156079854783e-01
1.079854809437386515e-01
1.043557168784029071e-01
1.048094373865698786e-01
1.059437386569872935e-01
1.043557168784029071e-01
1.007259528130671489e-01
1.048094373865698786e-01
1.025408348457350211e-01
9.959165154264973396e-02
1.100272232304900233e-01
9.936479128856624821e-02
1.000453720508166916e-01
9.913793103448276245e-02
1.004990925589836631e-01
9.528130671506351845e-02
9.596188747731397573e-02
1.034482758620689641e-01
9.369328493647913203e-02
9.528130671506351845e-02
9.482758620689654694e-02
9.165154264972777409e-02
9.618874773139746148e-02
9.573502722323048997e-02
1.004990925589836631e-01
9.664246823956443300e-02
9.392014519056261779e-02
9.550816696914700421e-02
9.369328493647913203e-02
9.437386569872958930e-02
9.301270417422867476e-02
9.210526315789473173e-02
9.210526315789473173e-02
9.301270417422867476e-02
9.392014519056261779e-02
8.756805807622504434e-02
9.074410163339383106e-02
8.915607985480943076e-02
9.051724137931034531e-02
9.187840290381124597e-02
8.892921960072595888e-02
9.596188747731397573e-02
9.006352087114337379e-02
8.734119782214155858e-02
8.938294010889291652e-02
8.620689655172414367e-02
9.029038112522685955e-02
8.847549909255898737e-02
8.711433756805807282e-02
9.006352087114337379e-02
8.688747731397458707e-02
9.142468239564428834e-02
8.711433756805807282e-02
8.688747731397458707e-02
8.960980036297640228e-02
8.371143375680581422e-02
8.824863883847550161e-02
8.779491833030853010e-02
8.688747731397458707e-02
8.802177858439201585e-02
8.711433756805807282e-02
8.166969147005444241e-02
8.575317604355717216e-02
8.643375680580762943e-02
8.688747731397458707e-02
8.393829401088928610e-02
8.484573502722322913e-02
8.439201451905625762e-02
8.325771324863884271e-02
7.849364791288565568e-02
8.529945553539020064e-02
8.756805807622504434e-02
8.325771324863884271e-02
8.666061705989110131e-02
7.962794918330308447e-02
8.121597096188747089e-02
8.348457350272232846e-02
8.598003629764065792e-02
8.416515426497277186e-02
8.098911070780399901e-02
7.872050816696914144e-02
8.325771324863884271e-02
8.348457350272232846e-02
7.803992740471869805e-02
8.711433756805807282e-02
8.303085299455535695e-02
8.711433756805807282e-02
8.598003629764065792e-02
