1.000000000000000000e+00
8.273724368144969032e-01
7.420123986647592096e-01
6.971864568431092035e-01
6.635670004768716712e-01
6.409155937052932739e-01
6.232713400095374334e-01
6.010968049594659357e-01
5.884597043395326521e-01
5.457796852646638053e-01
5.364806866952789299e-01
5.197901764425369997e-01
5.107296137339055742e-01
5.004768717215068996e-01
4.957081545064377925e-01
4.935622317596566333e-01
4.737720553171196891e-01
4.597043395326657067e-01
4.370529327610872539e-01
4.308536003814973925e-01
4.172627563185503097e-01
4.067715784453981853e-01
4.079637577491654898e-01
3.931807343824511025e-01
3.836432999523128329e-01
3.795898903195040752e-01
3.743443013829280130e-01
3.819742489270386288e-01
3.743443013829280130e-01
3.648068669527896879e-01
3.519313304721030100e-01
3.395326657129232317e-01
3.271340009537434534e-01
3.268955650929900036e-01
3.199809251311397373e-01
3.216499761564139415e-01
3.025751072961373467e-01
3.040057224606581010e-01
2.978063900810681841e-01
2.911301859799713676e-01
2.839771101573676515e-01
2.813543156890796482e-01
2.699093943729136691e-01
2.656175488793514616e-01
2.598950882212684999e-01
2.582260371959942957e-01
2.610872675250357489e-01
2.498807820696232751e-01
2.472579876013352440e-01
2.312827849308536077e-01
2.298521697663328534e-01
2.374821173104434968e-01
2.274678111587982721e-01
2.367668097281831197e-01
2.305674773485932305e-01
2.164997615641392481e-01
2.112541726275631859e-01
2.169766332856461477e-01
2.186456843109203518e-01
2.112541726275631859e-01
2.103004291845493590e-01
2.014783023366714387e-01
1.981402002861230305e-01
2.000476871721506844e-01
1.933714830710538957e-01
1.964711492608488264e-01
1.788268955650929859e-01
1.773962804005722593e-01
1.869337148307105290e-01
1.776347162613257091e-01
1.814496900333810170e-01
1.728659990462565466e-01
1.762041010968049548e-01
1.759656652360515050e-01
1.745350500715307507e-01
1.638054363376251765e-01
1.585598474010491143e-01
1.585598474010491143e-01
1.609442060085836956e-01
1.597520267048163911e-01
1.516452074391988480e-01
1.502145922746781215e-01
1.611826418693371454e-01
1.425846447305674780e-01
1.506914639961850211e-01
1.494992846924177443e-01
1.421077730090605507e-01
1.506914639961850211e-01
1.342393896041964574e-01
1.452074391988555091e-01
1.430615164520744054e-01
1.330472103004291806e-01
1.440152598950882323e-01
1.380543633762517930e-01
1.425846447305674780e-01
1.263710061993323919e-01
1.320934668574153537e-01
1.258941344778254645e-01
1.268478779208392915e-01
1.218407248450166930e-01
1.201716738197424889e-01
1.189794945159751982e-01
1.173104434907010080e-01
1.220791607057701428e-01
1.161182641869337173e-01
1.158798283261802536e-01
1.158798283261802536e-01
1.139723414401525997e-01
1.146876490224129769e-01
1.101573676680972780e-01
1.149260848831664267e-01
1.072961373390557971e-01
1.168335717691940806e-01
1.080114449213161604e-01
1.151645207439198904e-01
1.115879828326180323e-01
1.039580352885073888e-01
1.075345731998092469e-01
1.106342393896041915e-01
1.063423938960419701e-01
1.020505484024797349e-01
1.072961373390557971e-01
9.608965188364329557e-02
1.015736766809728214e-01
9.513590844062946861e-02
9.799713876967096338e-02
9.871244635193132666e-02
9.298998569384835100e-02
9.227467811158798772e-02
9.752026704816404989e-02
9.513590844062946861e-02
9.251311397234143752e-02
9.132093466857414688e-02
9.537434430138293229e-02
9.132093466857414688e-02
9.203624225083452404e-02
8.559847401049117122e-02
8.464473056747734425e-02
8.655221745350501206e-02
8.369098712446351729e-02
8.059132093466857272e-02
8.655221745350501206e-02
8.702908917501192554e-02
8.536003814973772141e-02
8.583690987124463490e-02
7.987601335240819556e-02
7.773009060562709183e-02
7.868383404864091879e-02
7.606103958035288770e-02
6.771578445398188095e-02
7.224606580829756597e-02
6.723891273247496747e-02
6.962327134000953488e-02
7.033857892226991204e-02
6.747734859322841727e-02
6.723891273247496747e-02
6.819265617548879443e-02
6.294706723891273226e-02
6.318550309966619594e-02
6.747734859322841727e-02
6.771578445398188095e-02
6.890796375774917160e-02
6.175488793514544855e-02
6.938483547925608508e-02
6.342393896041964574e-02
6.413924654268002290e-02
6.604673342870767683e-02
6.890796375774917160e-02
7.176919408679065249e-02
7.105388650453027533e-02
6.795422031473533075e-02
6.580829756795422703e-02
6.556986170720076335e-02
6.247019551740581877e-02
5.865522174535050398e-02
5.960896518836433094e-02
6.032427277062470117e-02
6.270863137815926858e-02
6.008583690987124443e-02
5.913209346685741746e-02
5.913209346685741746e-02
5.412494039103481203e-02
5.293276108726752832e-02
5.603242727706247289e-02
5.913209346685741746e-02
5.245588936576060790e-02
5.412494039103481203e-02
5.317119694802098506e-02
5.627086313781592963e-02
5.484024797329518225e-02
5.364806866952789854e-02
5.364806866952789854e-02
5.627086313781592963e-02
5.269432522651406464e-02
5.126371006199332420e-02
4.816404387219837963e-02
4.983309489747257681e-02
4.935622317596566333e-02
5.174058178350023768e-02
5.078683834048641071e-02
5.293276108726752832e-02
5.579399141630901615e-02
5.317119694802098506e-02
5.293276108726752832e-02
4.887935145445874985e-02
4.935622317596566333e-02
4.887935145445874985e-02
4.840247973295183637e-02
4.744873628993800940e-02
4.816404387219837963e-02
4.649499284692417550e-02
4.959465903671912007e-02
4.506437768240343505e-02
4.673342870767763224e-02
4.411063423938960115e-02
4.411063423938960115e-02
4.148783977110157700e-02
4.458750596089652157e-02
4.196471149260849048e-02
4.458750596089652157e-02
4.387219837863614441e-02
4.387219837863614441e-02
4.148783977110157700e-02
4.268001907486886071e-02
4.268001907486886071e-02
4.148783977110157700e-02
4.124940391034811332e-02
3.981878874582737288e-02
3.743443013829279853e-02
3.958035288507391614e-02
3.814973772055316875e-02
4.268001907486886071e-02
4.148783977110157700e-02
4.029566046733428636e-02
3.743443013829279853e-02
4.005722460658082962e-02
3.910348116356700265e-02
3.791130185979971201e-02
3.695755841678588505e-02
3.314258464473057025e-02
3.767286599904625527e-02
3.719599427753934179e-02
3.290414878397711351e-02
3.552694325226513766e-02
3.266571292322364983e-02
3.361945636623748374e-02
4.101096804959465658e-02
3.600381497377205808e-02
3.814973772055316875e-02
3.695755841678588505e-02
3.719599427753934179e-02
3.648068669527897157e-02
3.838817358130662549e-02
3.838817358130662549e-02
3.862660944206008917e-02
4.005722460658082962e-02
3.648068669527897157e-02
3.505007153075822418e-02
3.528850739151168092e-02
3.814973772055316875e-02
3.409632808774439722e-02
3.981878874582737288e-02
3.719599427753934179e-02
3.624225083452551482e-02
3.505007153075822418e-02
3.433476394849785396e-02
3.242727706247019309e-02
3.314258464473057025e-02
3.552694325226513766e-02
3.624225083452551482e-02
3.123509775870290939e-02
3.051979017644253570e-02
3.099666189794945265e-02
3.290414878397711351e-02
3.338102050548402699e-02
3.075822603719599591e-02
3.242727706247019309e-02
3.099666189794945265e-02
3.075822603719599591e-02
2.837386742966142156e-02
2.956604673342870873e-02
3.385789222699094048e-02
2.765855984740104787e-02
2.932761087267525199e-02
3.051979017644253570e-02
2.789699570815450808e-02
2.885073915116833504e-02
3.218884120171673635e-02
2.837386742966142156e-02
2.694325226514067764e-02
3.481163567000476744e-02
3.218884120171673635e-02
3.051979017644253570e-02
2.718168812589413438e-02
2.956604673342870873e-02
2.646638054363376416e-02
2.575107296137339047e-02
2.765855984740104787e-02
2.837386742966142156e-02
2.980448259418216547e-02
2.503576537911302025e-02
2.217453505007153242e-02
2.479732951835956004e-02
2.503576537911302025e-02
2.551263710061993373e-02
2.432045779685264655e-02
2.646638054363376416e-02
2.408202193609918981e-02
2.122079160705770198e-02
2.455889365760610329e-02
2.288984263233190264e-02
2.360515021459227633e-02
2.217453505007153242e-02
2.145922746781115872e-02
2.479732951835956004e-02
2.598950882212684721e-02
2.551263710061993373e-02
2.670481640438722090e-02
2.622794468288030395e-02
2.408202193609918981e-02
2.193609918931807221e-02
2.408202193609918981e-02
2.122079160705770198e-02
2.551263710061993373e-02
2.408202193609918981e-02
2.312827849308535938e-02
2.098235574630424524e-02
2.455889365760610329e-02
2.312827849308535938e-02
2.384358607534573307e-02
2.312827849308535938e-02
2.432045779685264655e-02
2.384358607534573307e-02
2.527420123986647699e-02
2.360515021459227633e-02
2.360515021459227633e-02
2.265140677157844590e-02
2.288984263233190264e-02
2.479732951835956004e-02
2.503576537911302025e-02
2.479732951835956004e-02
2.122079160705770198e-02
2.408202193609918981e-02
2.122079160705770198e-02
2.288984263233190264e-02
2.241297091082498916e-02
1.764425369575584046e-02
1.859799713876967089e-02
1.907486886027658438e-02
2.098235574630424524e-02
2.169766332856461546e-02
2.026704816404387155e-02
1.788268955650930067e-02
1.788268955650930067e-02
1.955174058178350133e-02
2.241297091082498916e-02
2.074391988555078850e-02
1.979017644253695807e-02
2.169766332856461546e-02
1.955174058178350133e-02
1.979017644253695807e-02
1.835956127801621415e-02
1.859799713876967089e-02
2.122079160705770198e-02
1.788268955650930067e-02
2.050548402479732829e-02
1.812112541726275741e-02
1.883643299952312763e-02
1.812112541726275741e-02
1.859799713876967089e-02
1.597520267048163981e-02
1.740581783500238372e-02
1.812112541726275741e-02
1.359084406294706719e-02
1.716738197424892698e-02
1.788268955650930067e-02
1.955174058178350133e-02
1.716738197424892698e-02
1.812112541726275741e-02
1.859799713876967089e-02
1.883643299952312763e-02
1.621363853123509655e-02
1.692894611349547024e-02
1.621363853123509655e-02
1.645207439198855676e-02
1.669051025274201350e-02
1.764425369575584046e-02
1.835956127801621415e-02
1.597520267048163981e-02
1.430615164520743915e-02
1.359084406294706719e-02
1.549833094897472632e-02
1.454458750596089589e-02
1.597520267048163981e-02
1.621363853123509655e-02
1.549833094897472632e-02
1.692894611349547024e-02
1.621363853123509655e-02
1.549833094897472632e-02
1.740581783500238372e-02
1.883643299952312763e-02
