1.000000000000000000e+00
8.877887788778877631e-01
8.405528052805280037e-01
8.277640264026402406e-01
8.252887788778877631e-01
7.937293729372937312e-01
7.733085808580858478e-01
7.780528052805280037e-01
7.559818481848185057e-01
7.671204620462046542e-01
7.444306930693069813e-01
7.235973597359736109e-01
7.308168316831683553e-01
6.998762376237623872e-01
6.980198019801979736e-01
6.908003300330033403e-01
6.747112211221122369e-01
6.555280528052804812e-01
6.474834983498349850e-01
6.415016501650164793e-01
6.474834983498349850e-01
6.369636963696370113e-01
6.241749174917491372e-01
6.153052805280527782e-01
6.072607260726072820e-01
5.917904290429042424e-01
5.862211221122112237e-01
5.897277227722772519e-01
5.666254125412540921e-01
5.645627062706271015e-01
5.600247524752475226e-01
5.501237623762376128e-01
5.569306930693069813e-01
5.544554455445545038e-01
5.418729372937293176e-01
5.292904290429042424e-01
5.226897689768976729e-01
5.144389438943894888e-01
5.066006600660065695e-01
5.022689768976897895e-01
4.954620462046204765e-01
4.925742574257425677e-01
4.917491749174917604e-01
4.808168316831682998e-01
4.705033003300330141e-01
4.758663366336633449e-01
4.653465346534653713e-01
4.587458745874587462e-01
4.533828382838283599e-01
4.469884488448844784e-01
4.463696369636963590e-01
4.377062706270626880e-01
4.298679867986798797e-01
4.218234323432343280e-01
4.306930693069306870e-01
4.242986798679868055e-01
4.265676567656765950e-01
4.104785478547854916e-01
4.121287128712871062e-01
4.032590759075907472e-01
3.956270627062706269e-01
3.966584158415841777e-01
3.937706270627062688e-01
3.985148514851485357e-01
3.939768976897689567e-01
3.803630363036303863e-01
3.737623762376237613e-01
3.665429042904290169e-01
3.667491749174917604e-01
3.628300330033003562e-01
3.663366336633663289e-01
3.490099009900989868e-01
3.597359735973597594e-01
3.566419141914191626e-01
3.539603960396039417e-01
3.422029702970297294e-01
3.430280528052805367e-01
3.475660066006600601e-01
3.318894389438943882e-01
3.391089108910891325e-01
3.296204620462045987e-01
3.207508250825082396e-01
3.316831683168317002e-01
3.279702970297029840e-01
3.287953795379537913e-01
3.277640264026402406e-01
3.160066006600660282e-01
3.180693069306930743e-01
3.131188118811881194e-01
3.085808580858085959e-01
3.143564356435643581e-01
2.999174917491749248e-01
3.023927392739274023e-01
3.042491749174917604e-01
2.955858085808580893e-01
2.959983498349835207e-01
3.009488448844884756e-01
2.945544554455445385e-01
2.916666666666666852e-01
2.879537953795379690e-01
2.821782178217821513e-01
2.832095709570957021e-01
2.815594059405940319e-01
2.799092409240924173e-01
2.759900990099010132e-01
2.700082508250825075e-01
2.788778877887788665e-01
2.658828382838283599e-01
2.766089108910891325e-01
2.667079207920792228e-01
2.673267326732673421e-01
2.601072607260725977e-01
2.621699669966996438e-01
2.586633663366336711e-01
2.613448844884488365e-01
2.596947194719472218e-01
2.481435643564356419e-01
2.487623762376237613e-01
2.421617161716171640e-01
2.462871287128712838e-01
2.405115511551155216e-01
2.411303630363036410e-01
2.374174917491749248e-01
2.301980198019802082e-01
2.367986798679868055e-01
2.289603960396039695e-01
2.324669966996699699e-01
2.258663366336633727e-01
2.273102310231022993e-01
2.312293729372937312e-01
2.242161716171617025e-01
2.196782178217821790e-01
2.277227722772277307e-01
2.275165016501650150e-01
2.192656765676567754e-01
2.169966996699669859e-01
2.178217821782178210e-01
2.093646864686468656e-01
2.103960396039603886e-01
2.143151815181518205e-01
2.110148514851485080e-01
2.110148514851485080e-01
2.064768976897689845e-01
2.081270627062706269e-01
2.085396039603960305e-01
2.062706270627062688e-01
2.009075907590759102e-01
2.021452145214521490e-01
1.953382838283828360e-01
1.992574257425742679e-01
1.934818481848184779e-01
1.936881188118811936e-01
1.959570957095709554e-01
1.949257425742574323e-01
1.938943894389438816e-01
1.932755775577557622e-01
1.885313531353135230e-01
1.957508250825082396e-01
1.852310231023102383e-01
1.928630363036303585e-01
1.823432343234323294e-01
1.796617161716171640e-01
1.771864686468646866e-01
1.790429042904290446e-01
1.813118811881188064e-01
1.790429042904290446e-01
1.734735973597359704e-01
1.689356435643564469e-01
1.693481848184818506e-01
1.683168316831683275e-01
1.695544554455445663e-01
1.736798679867986861e-01
1.699669966996699699e-01
1.664603960396039695e-01
1.674917491749174925e-01
1.623349834983498219e-01
1.619224422442244182e-01
1.544966996699669859e-01
1.608910891089108952e-01
1.633663366336633727e-01
1.588283828382838214e-01
1.559405940594059403e-01
1.522277227722772242e-01
1.606848184818481795e-01
1.530528052805280592e-01
1.518151815181518205e-01
1.536716171617161786e-01
1.499587458745874624e-01
1.495462046204620588e-01
1.507838283828382975e-01
1.410891089108910756e-01
1.400577557755775526e-01
1.400577557755775526e-01
1.379950495049505066e-01
1.423267326732673144e-01
1.353135313531353134e-01
1.388201320132013139e-01
1.369636963696369558e-01
1.334570957095709554e-01
1.361386138613861485e-01
1.299504950495049549e-01
1.367574257425742679e-01
1.307755775577557622e-01
1.338696369636963590e-01
1.313943894389438816e-01
1.295379537953795512e-01
1.303630363036303585e-01
1.305693069306930743e-01
1.326320132013201203e-01
1.216996699669967014e-01
1.270627062706270738e-01
1.214933993399339995e-01
1.266501650165016424e-01
1.247937293729372982e-01
1.247937293729372982e-01
1.252062706270627157e-01
1.208745874587458802e-01
1.262376237623762387e-01
1.241749174917491788e-01
1.245874587458745825e-01
1.243811881188118806e-01
1.208745874587458802e-01
1.159240924092409253e-01
1.206683168316831645e-01
1.190181518151815221e-01
1.179867986798679852e-01
1.208745874587458802e-01
1.167491749174917465e-01
1.167491749174917465e-01
1.194306930693069257e-01
1.204620462046204626e-01
1.235561056105610594e-01
1.093234323432343280e-01
1.146864686468646866e-01
1.153052805280528059e-01
1.074669966996699699e-01
1.105610561056105667e-01
1.109735973597359704e-01
1.146864686468646866e-01
1.101485148514851492e-01
1.072607260726072542e-01
1.039603960396039556e-01
1.076732673267326718e-01
1.029290429042904326e-01
1.029290429042904326e-01
9.797854785478547768e-02
9.962871287128713393e-02
9.756600660066006014e-02
9.818481848184817951e-02
9.900990099009901457e-02
9.550330033003300023e-02
9.859735973597359704e-02
9.240924092409240342e-02
9.612211221122111959e-02
9.529702970297029840e-02
9.467821782178217904e-02
9.674092409240923895e-02
9.199669966996699977e-02
9.137788778877888041e-02
9.756600660066006014e-02
9.075907590759076105e-02
9.158415841584158223e-02
9.364686468646864215e-02
9.674092409240923895e-02
9.364686468646864215e-02
9.158415841584158223e-02
9.282178217821782096e-02
9.344059405940594032e-02
9.034653465346534351e-02
9.323432343234323849e-02
9.179042904290428406e-02
9.055280528052805922e-02
9.344059405940594032e-02
9.096534653465346287e-02
9.014026402640264168e-02
8.663366336633662734e-02
8.725247524752474670e-02
8.931518151815182049e-02
8.560231023102310433e-02
8.642739273927392551e-02
8.312706270627062688e-02
8.849009900990098543e-02
8.477722772277228314e-02
8.230198019801980569e-02
8.106435643564356697e-02
8.230198019801980569e-02
7.817656765676567199e-02
7.941419141914191071e-02
8.209570957095708998e-02
8.044554455445544761e-02
8.127062706270626880e-02
8.044554455445544761e-02
7.879537953795379135e-02
7.652640264026402961e-02
8.127062706270626880e-02
7.508250825082508906e-02
7.858910891089108952e-02
7.549504950495049271e-02
7.198844884488449225e-02
7.405115511551155216e-02
7.260726072607261161e-02
7.611386138613861208e-02
6.971947194719471663e-02
7.219471947194719408e-02
7.384488448844885033e-02
7.384488448844885033e-02
7.013201320132013417e-02
7.322607260726073097e-02
6.827557755775577608e-02
7.116336633663365718e-02
7.425742574257425399e-02
7.198844884488449225e-02
6.786303630363035855e-02
7.054455445544553782e-02
6.662541254125411982e-02
6.456270627062705991e-02
6.641914191419141800e-02
6.394389438943894055e-02
6.765676567656765672e-02
7.013201320132013417e-02
6.538778877887788110e-02
6.126237623762376128e-02
6.311881188118811936e-02
6.538778877887788110e-02
6.229372937293729123e-02
6.600660066006600046e-02
6.208745874587458941e-02
6.146864686468647004e-02
5.899339933993399260e-02
5.919966996699670136e-02
5.940594059405940319e-02
5.940594059405940319e-02
6.002475247524752255e-02
6.229372937293729123e-02
6.105610561056105945e-02
6.105610561056105945e-02
5.589933993399340273e-02
5.363036303630362711e-02
5.631188118811881332e-02
5.631188118811881332e-02
5.816831683168317141e-02
5.796204620462046264e-02
5.610561056105610456e-02
5.837458745874587324e-02
5.693069306930693269e-02
6.043729372937294009e-02
5.383663366336633588e-02
5.837458745874587324e-02
5.775577557755775387e-02
5.383663366336633588e-02
5.651815181518151515e-02
5.424917491749174647e-02
5.280528052805280592e-02
5.486798679867986583e-02
5.548679867986798520e-02
5.589933993399340273e-02
5.631188118811881332e-02
5.466171617161716401e-02
5.177392739273927597e-02
5.094884488448844784e-02
5.177392739273927597e-02
5.280528052805280592e-02
5.033003300330032848e-02
5.074257425742574601e-02
5.074257425742574601e-02
5.094884488448844784e-02
4.641089108910891048e-02
4.867986798679867916e-02
5.239273927392739533e-02
4.991749174917491788e-02
4.971122112211220911e-02
4.867986798679867916e-02
4.764851485148514920e-02
5.012376237623762665e-02
4.847359735973597039e-02
4.929867986798679852e-02
5.342409240924092528e-02
4.764851485148514920e-02
5.094884488448844784e-02
4.929867986798679852e-02
5.156765676567656720e-02
4.806105610561055980e-02
4.909240924092408975e-02
4.888613861386138792e-02
4.290429042904290308e-02
4.888613861386138792e-02
5.012376237623762665e-02
5.033003300330032848e-02
4.702970297029702984e-02
5.012376237623762665e-02
4.661716171617161925e-02
4.599834983498349988e-02
4.496699669966996993e-02
4.579207920792079112e-02
4.806105610561055980e-02
4.393564356435643303e-02
4.476072607260726116e-02
4.496699669966996993e-02
4.723597359735973861e-02
4.331683168316831367e-02
4.641089108910891048e-02
