1.000000000000000000e+00
8.242343541944074925e-01
7.829560585885485535e-01
7.390146471371504822e-01
7.093874833555259274e-01
6.857523302263648368e-01
6.627829560585885016e-01
6.824234354194407270e-01
6.587882822902796365e-01
6.191744340878828634e-01
6.128495339547270770e-01
6.198402130492676188e-01
5.942077230359520401e-01
5.865512649800266320e-01
5.815579227696404674e-01
5.692410119840213278e-01
5.452729693741678041e-01
5.449400798934753709e-01
5.289613848202396884e-01
5.379494007989347182e-01
5.266311584553927672e-01
5.146471371504660608e-01
5.009986684420771885e-01
4.990013315579227560e-01
4.853528628495339392e-01
4.853528628495339392e-01
4.740346205059919882e-01
4.597203728362183606e-01
4.627163781624500927e-01
4.500665778961384644e-01
4.577230359520639280e-01
4.377496671105193249e-01
4.557256990679094399e-01
4.317576564580559162e-01
4.244340878828228858e-01
4.234354194407456973e-01
4.204394141145139652e-01
4.157789613848202337e-01
4.290945406125166173e-01
4.107856191744340690e-01
4.034620505992010386e-01
4.044607190412782827e-01
4.111185086551265022e-01
3.994673768308921180e-01
3.894806924101198442e-01
3.941411451398135757e-01
3.818242343541943806e-01
3.788282290279627040e-01
3.821571238348868138e-01
3.608521970705725890e-01
3.455392809587217173e-01
3.701731025299600519e-01
3.455392809587217173e-01
3.325565912117177114e-01
3.422103861517976076e-01
3.382157123834886869e-01
3.378828229027962538e-01
3.422103861517976076e-01
3.368841544607190652e-01
3.295605858854860348e-01
3.302263648468708457e-01
3.092543275632489985e-01
3.142476697736351632e-01
3.155792276964047849e-01
3.258988015978694919e-01
3.172436750998668398e-01
3.152463382157124072e-01
3.169107856191744066e-01
3.149134487350199740e-01
2.952729693741677486e-01
3.045938748335552670e-01
2.936085219707057492e-01
3.065912117177096996e-01
2.866178428761650965e-01
2.832889480692409867e-01
2.949400798934753709e-01
2.812916111850865541e-01
2.852862849533954748e-01
2.946071904127829377e-01
2.796271637816244993e-01
2.713049267643142248e-01
2.919440745672436943e-01
2.789613848202396884e-01
2.826231691078561759e-01
2.766311584553928227e-01
2.703062583222370363e-01
2.769640479360852003e-01
2.659786950732356825e-01
2.752996005326231455e-01
2.659786950732356825e-01
2.519973368841544881e-01
2.543275632490013538e-01
2.506657789613848109e-01
2.573235685752330304e-01
2.566577896138482195e-01
2.523302263648468657e-01
2.563249001331557864e-01
2.539946737683089206e-01
2.466711051930758902e-01
2.503328894806924332e-01
2.473368841544607288e-01
2.536617842876164874e-01
2.496671105193075946e-01
2.410119840213049147e-01
2.370173102529959941e-01
2.433422103861518082e-01
2.330226364846870735e-01
2.383488681757656436e-01
2.323568575233022626e-01
2.336884154460719121e-01
2.386817576564580490e-01
2.373501997336884273e-01
2.290279627163781528e-01
2.366844207723035887e-01
2.263648468708388817e-01
2.340213049267643175e-01
2.223701731025299611e-01
2.230359520639147719e-01
2.233688415446071773e-01
2.140479360852197144e-01
2.183754993342210404e-01
2.177097203728362296e-01
2.113848202396804155e-01
2.127163781624500649e-01
2.143808255659121198e-01
2.123834886817576595e-01
2.087217043941411443e-01
2.120505992010652541e-01
2.023968042609853579e-01
2.027296937416777634e-01
1.884154460719041357e-01
1.907456724367510015e-01
1.914114513981358123e-01
1.810918774966711053e-01
1.890812250332889466e-01
1.887483355525965412e-01
1.797603195739014559e-01
1.814247669773635108e-01
1.790945406125166450e-01
1.847536617842876205e-01
1.847536617842876205e-01
1.807589880159786999e-01
1.760985352862849407e-01
1.774300932090545901e-01
1.804260985352862945e-01
1.764314247669773739e-01
1.827563249001331602e-01
1.764314247669773739e-01
1.724367509986684532e-01
1.687749667110519380e-01
1.717709720372836146e-01
1.744340878828229136e-01
1.664447403462050723e-01
1.647802929427430174e-01
1.674434087882822886e-01
1.594540612516644473e-01
1.604527296937416914e-01
1.594540612516644473e-01
1.667776298268974777e-01
1.594540612516644473e-01
1.547936085219707159e-01
1.614513981358189076e-01
1.551264980026631213e-01
1.537949400798934718e-01
1.577896138482023924e-01
1.544607190412782827e-01
1.531291611185086610e-01
1.504660452729693620e-01
1.494673768308921458e-01
1.527962716378162555e-01
1.504660452729693620e-01
1.438082556591211703e-01
1.448069241011984143e-01
1.418109187749667099e-01
1.524633821571238224e-01
1.458055925432756306e-01
1.371504660452729785e-01
1.464713715046604414e-01
1.481358189081224963e-01
1.507989347536617952e-01
1.458055925432756306e-01
1.418109187749667099e-01
1.341544607190412741e-01
1.471371504660452800e-01
1.494673768308921458e-01
1.408122503328894937e-01
1.401464713715046551e-01
1.424766977363515208e-01
1.384820239680426002e-01
1.421438082556591154e-01
1.471371504660452800e-01
1.354860186418109236e-01
1.404793608521970605e-01
1.314913448735020030e-01
1.301597869507323535e-01
1.371504660452729785e-01
1.294940079893475426e-01
1.331557922769640578e-01
1.384820239680426002e-01
1.338215712383488687e-01
1.378162450066577893e-01
1.331557922769640578e-01
1.351531291611185182e-01
1.364846870838881399e-01
1.225033288948069177e-01
1.241677762982689726e-01
1.291611185086551372e-01
1.258322237017310274e-01
1.321571238348868138e-01
1.318242343541944084e-01
1.298268974700399481e-01
1.291611185086551372e-01
1.324900133155792192e-01
1.321571238348868138e-01
1.324900133155792192e-01
1.231691078561917424e-01
1.284953395472702986e-01
1.201731025299600519e-01
1.281624500665778932e-01
1.311584553928095975e-01
1.331557922769640578e-01
1.258322237017310274e-01
1.271637816245006769e-01
1.228362183754993370e-01
1.245006657789613780e-01
1.258322237017310274e-01
1.185086551264979970e-01
1.218375499334221068e-01
1.254993342210386220e-01
1.225033288948069177e-01
1.218375499334221068e-01
1.198402130492676465e-01
1.274966711051930823e-01
1.205059920106524574e-01
1.188415446071904163e-01
1.185086551264979970e-01
1.171770972037283615e-01
1.121837549933422107e-01
1.165113182423435367e-01
1.215046604527296875e-01
1.165113182423435367e-01
1.171770972037283615e-01
1.155126498002663066e-01
1.191744340878828218e-01
1.148468708388814957e-01
1.178428761651131862e-01
1.155126498002663066e-01
1.088548601864181148e-01
1.085219707057256955e-01
1.115179760319573860e-01
1.128495339547270354e-01
1.175099866844207669e-01
1.108521970705725751e-01
1.168442077230359560e-01
1.115179760319573860e-01
1.208388814913448767e-01
1.145139813581890764e-01
1.171770972037283615e-01
1.218375499334221068e-01
1.098535286284953449e-01
1.118508655126498053e-01
1.115179760319573860e-01
1.101864181091877504e-01
1.085219707057256955e-01
1.028628495339547338e-01
1.018641810918774898e-01
1.118508655126498053e-01
1.071904127829560599e-01
9.653794940079893361e-02
1.071904127829560599e-01
1.075233022636484653e-01
1.048601864181091942e-01
1.035286284953395447e-01
1.058588548601864243e-01
1.105193075898801558e-01
1.038615179760319640e-01
1.021970705725699091e-01
1.068575233022636545e-01
1.068575233022636545e-01
1.088548601864181148e-01
1.048601864181091942e-01
1.038615179760319640e-01
9.221038615179760756e-02
1.005326231691078542e-01
9.587217043941410888e-02
9.387483355525964857e-02
9.254327563249001298e-02
9.354194407456724314e-02
1.015312916111850844e-01
9.520639147802929803e-02
9.487350199733687872e-02
9.287616511318241841e-02
9.487350199733687872e-02
8.921438082556591709e-02
9.354194407456724314e-02
9.454061251664447330e-02
9.087882822902795810e-02
9.520639147802929803e-02
9.054593874833555267e-02
9.354194407456724314e-02
9.354194407456724314e-02
9.287616511318241841e-02
8.788282290279626763e-02
9.287616511318241841e-02
9.154460719041278283e-02
9.087882822902795810e-02
8.888149134487349778e-02
9.720372836218375834e-02
9.287616511318241841e-02
9.387483355525964857e-02
9.154460719041278283e-02
9.420772303595206787e-02
8.222370173102530599e-02
9.553928095872170345e-02
8.688415446071903747e-02
8.921438082556591709e-02
8.155792276964048126e-02
9.121171770972037740e-02
8.388814913448734700e-02
8.022636484687084568e-02
8.089214380825565653e-02
8.222370173102530599e-02
7.956058588548602095e-02
7.889480692410119622e-02
8.521970705725699646e-02
9.187749667110518825e-02
8.888149134487349778e-02
8.255659121171771142e-02
8.055925432756325111e-02
8.055925432756325111e-02
8.089214380825565653e-02
8.555259653794940189e-02
8.521970705725699646e-02
8.288948069241011685e-02
8.388814913448734700e-02
8.355525965379494158e-02
7.789613848202396607e-02
8.089214380825565653e-02
8.455392809587217173e-02
8.322237017310253615e-02
7.723035952063914134e-02
8.488681757656457716e-02
8.688415446071903747e-02
8.189081225033288669e-02
7.689747003994673591e-02
8.388814913448734700e-02
7.989347536617842638e-02
7.290279627163781528e-02
7.756324900133156064e-02
7.223701731025299055e-02
7.689747003994673591e-02
8.055925432756325111e-02
8.455392809587217173e-02
7.822902796271637149e-02
7.157123834886817970e-02
7.556591211717710033e-02
7.822902796271637149e-02
8.422103861517976631e-02
7.856191744340879080e-02
8.022636484687084568e-02
7.822902796271637149e-02
8.388814913448734700e-02
8.189081225033288669e-02
8.155792276964048126e-02
7.589880159786950575e-02
8.089214380825565653e-02
7.623169107856191118e-02
7.889480692410119622e-02
7.390146471371504544e-02
7.190412782956058513e-02
7.922769640479360165e-02
7.556591211717710033e-02
7.922769640479360165e-02
6.990679094540612482e-02
7.789613848202396607e-02
7.057256990679094955e-02
7.323568575233022071e-02
7.989347536617842638e-02
7.656458055925433048e-02
6.957390146471371939e-02
7.523302263648468102e-02
7.157123834886817970e-02
6.857523302263648923e-02
6.990679094540612482e-02
7.057256990679094955e-02
7.523302263648468102e-02
7.290279627163781528e-02
6.890812250332889466e-02
6.657789613848202892e-02
6.624500665778960962e-02
6.890812250332889466e-02
7.157123834886817970e-02
6.624500665778960962e-02
6.557922769640479876e-02
6.591211717709720419e-02
6.990679094540612482e-02
6.657789613848202892e-02
7.157123834886817970e-02
6.724367509986683977e-02
7.090545938748335497e-02
7.023968042609853024e-02
