1.000000000000000000e+00
8.947089947089946760e-01
8.495590828924162174e-01
8.268077601410934729e-01
8.067019400352734015e-01
7.827160493827159948e-01
7.717813051146384939e-01
7.574955908289241480e-01
7.472663139329805970e-01
7.389770723104056582e-01
7.492063492063492092e-01
7.185185185185185563e-01
7.001763668430335263e-01
6.970017636684303630e-01
6.837742504409171085e-01
6.834215167548500780e-01
6.659611992945326797e-01
6.529100529100528849e-01
6.388007054673721097e-01
6.328042328042328135e-01
6.179894179894179773e-01
6.201058201058201602e-01
6.065255731922398752e-01
6.067019400352733349e-01
5.904761904761904878e-01
5.809523809523809978e-01
5.760141093474426821e-01
5.659611992945325909e-01
5.514991181657847852e-01
5.613756613756614167e-01
5.467372134038800402e-01
5.437389770723104476e-01
5.365079365079364893e-01
5.326278659611992650e-01
5.135802469135802850e-01
5.141093474426807752e-01
5.109347442680776119e-01
5.049382716049383157e-01
4.948853615520282245e-01
4.920634920634920362e-01
4.925925925925925819e-01
4.821869488536155157e-01
4.731922398589065160e-01
4.721340388007054800e-01
4.643738977072310314e-01
4.589065255731922255e-01
4.627865961199294498e-01
4.456790123456790265e-01
4.511463844797178324e-01
4.417989417989418022e-01
4.499118165784832257e-01
4.453262786596119960e-01
4.379188712522045779e-01
4.201058201058200936e-01
4.139329805996472822e-01
4.126984126984126755e-01
4.112874779541446091e-01
4.070546737213404098e-01
4.040564373897707062e-01
4.052910052910053129e-01
3.931216931216930943e-01
3.959435626102292827e-01
3.895943562610229005e-01
3.915343915343915127e-01
3.834215167548500891e-01
3.871252204585537982e-01
3.716049382716049565e-01
3.738977072310405436e-01
3.733686067019400534e-01
3.634920634920634774e-01
3.640211640211640232e-01
3.557319223985890844e-01
3.564373897707230898e-01
3.474426807760140901e-01
3.465608465608465694e-01
3.384479717813050903e-01
3.375661375661375696e-01
3.395061728395061817e-01
3.403880070546737024e-01
3.428571428571428603e-01
3.294532627865961461e-01
3.262786596119929272e-01
3.215167548500881822e-01
3.178130511463844732e-01
3.192239858906525396e-01
3.137566137566137336e-01
3.146384479717813099e-01
3.134038800705467587e-01
3.008818342151675651e-01
2.982363315696648920e-01
2.938271604938271775e-01
2.978835978835978615e-01
2.867724867724867899e-01
2.987654320987654377e-01
2.985890652557319225e-01
2.922398589065255958e-01
2.857142857142856984e-01
2.858906525573192137e-01
2.894179894179894075e-01
2.839506172839506015e-01
2.740740740740740811e-01
2.790123456790123413e-01
2.668430335097001782e-01
2.689594356261023056e-01
2.677248677248676989e-01
2.684303350970017599e-01
2.714285714285714080e-01
2.664902998236331477e-01
2.671957671957672087e-01
2.663139329805996325e-01
2.622574955908289485e-01
2.552028218694885608e-01
2.527336860670194030e-01
2.490299823633156939e-01
2.544973544973544999e-01
2.423280423280423368e-01
2.446208112874779517e-01
2.446208112874779517e-01
2.428571428571428548e-01
2.458553791887125306e-01
2.389770723104056305e-01
2.403880070546737246e-01
2.419753086419753063e-01
2.403880070546737246e-01
2.317460317460317554e-01
2.319223985890652429e-01
2.227513227513227556e-01
2.236331569664903041e-01
2.259259259259259189e-01
2.223985890652557251e-01
2.148148148148148195e-01
2.199294532627865950e-01
2.223985890652557251e-01
2.174603174603174649e-01
2.149911816578483348e-01
2.102292768959435620e-01
2.126984126984126922e-01
2.148148148148148195e-01
2.114638447971781410e-01
2.112874779541446257e-01
2.119929453262786589e-01
2.102292768959435620e-01
1.971781305114638505e-01
2.047619047619047561e-01
2.024691358024691412e-01
1.950617283950617231e-01
2.029982363315696592e-01
1.941798941798941747e-01
1.940035273368606594e-01
1.961199294532627868e-01
1.902998236331569781e-01
1.902998236331569781e-01
1.922398589065255625e-01
1.948853615520282079e-01
1.890652557319223992e-01
1.851851851851851749e-01
1.922398589065255625e-01
1.865961199294532691e-01
1.791887125220458510e-01
1.848324514991181722e-01
1.737213403880070450e-01
1.797178130511463967e-01
1.839506172839506237e-01
1.737213403880070450e-01
1.767195767195767209e-01
1.735449735449735575e-01
1.783068783068783025e-01
1.716049382716049454e-01
1.687830687830687848e-01
1.673721340388007184e-01
1.657848324514991090e-01
1.659611992945326242e-01
1.629629629629629761e-01
1.652557319223985910e-01
1.687830687830687848e-01
1.619047619047619124e-01
1.596119929453262698e-01
1.654320987654321062e-01
1.611992945326278792e-01
1.580246913580246881e-01
1.589065255731922366e-01
1.604938271604938183e-01
1.626102292768959456e-01
1.613756613756613667e-01
1.610229276895943640e-01
1.560846560846560760e-01
1.546737213403880096e-01
1.492063492063492036e-01
1.507936507936507853e-01
1.552028218694885275e-01
1.534391534391534306e-01
1.488536155202821731e-01
1.516754850088183337e-01
1.479717813051146247e-01
1.419753086419753008e-01
1.449735449735449766e-01
1.435626102292768824e-01
1.447971781305114614e-01
1.412698412698412676e-01
1.403880070546737191e-01
1.469135802469135887e-01
1.391534391534391402e-01
1.356261022927689464e-01
1.396825396825396859e-01
1.414462081128747828e-01
1.350970017636684284e-01
1.356261022927689464e-01
1.294532627865961072e-01
1.375661375661375585e-01
1.377425044091710737e-01
1.384479717813051070e-01
1.266313932980599744e-01
1.319223985890652651e-01
1.358024691358024616e-01
1.271604938271604923e-01
1.338624338624338495e-01
1.301587301587301682e-01
1.305114638447971709e-01
1.335097001763668467e-01
1.308641975308642014e-01
1.298059964726631377e-01
1.291005291005291045e-01
1.289241622574955892e-01
1.329805996472663010e-01
1.282186948853615560e-01
1.283950617283950713e-01
1.301587301587301682e-01
1.278659611992945255e-01
1.273368606701940076e-01
1.285714285714285587e-01
1.264550264550264591e-01
1.215167548500881850e-01
1.216931216931216864e-01
1.195767195767195729e-01
1.176366843033509746e-01
1.176366843033509746e-01
1.185185185185185230e-01
1.167548500881834261e-01
1.213403880070546698e-01
1.213403880070546698e-01
1.190476190476190410e-01
1.218694885361552016e-01
1.194003527336860715e-01
1.201058201058201047e-01
1.153439153439153458e-01
1.194003527336860715e-01
1.213403880070546698e-01
1.246913580246913622e-01
1.204585537918871213e-01
1.171075837742504427e-01
1.181657848324514926e-01
1.216931216931216864e-01
1.179894179894179912e-01
1.229276895943562653e-01
1.146384479717812988e-01
1.197530864197530881e-01
1.118165784832451520e-01
1.135802469135802489e-01
1.104056437389770717e-01
1.097001763668430385e-01
1.132275132275132323e-01
1.112874779541446202e-01
1.123456790123456839e-01
1.109347442680776036e-01
1.077601410934744264e-01
1.097001763668430385e-01
1.097001763668430385e-01
1.070546737213403932e-01
1.049382716049382658e-01
1.052910052910052963e-01
1.058201058201058142e-01
1.061728395061728447e-01
1.091710758377425067e-01
1.021164021164021191e-01
1.037037037037037007e-01
1.017636684303351025e-01
1.008818342151675540e-01
9.982363315696649031e-02
9.788359788359787816e-02
9.541446208112874805e-02
9.453262786596119960e-02
9.717813051146384495e-02
9.929453262786595846e-02
9.594356261022927990e-02
9.417989417989418299e-02
9.523809523809523281e-02
9.171075837742503900e-02
9.470899470899471484e-02
9.647266313932981174e-02
9.312169312169311930e-02
8.888888888888889228e-02
8.924162257495590889e-02
8.959435626102292549e-02
9.382716049382716639e-02
8.765432098765432722e-02
8.888888888888889228e-02
8.924162257495590889e-02
9.118165784832452103e-02
8.835978835978836043e-02
8.747795414462081198e-02
9.329805996472663454e-02
8.500881834215168187e-02
8.941798941798942413e-02
9.629629629629629650e-02
9.488536155202821620e-02
9.153439153439153764e-02
8.765432098765432722e-02
8.977072310405644073e-02
9.453262786596119960e-02
8.835978835978836043e-02
9.153439153439153764e-02
8.783068783068782859e-02
8.818342151675484519e-02
9.012345679012345734e-02
8.941798941798942413e-02
8.324514991181658496e-02
9.082892416225749055e-02
8.395061728395061817e-02
8.783068783068782859e-02
8.465608465608465139e-02
8.306878306878306972e-02
8.095238095238095621e-02
8.641975308641974829e-02
8.677248677248677877e-02
8.730158730158729674e-02
8.236331569664903651e-02
9.047619047619047394e-02
8.289241622574955448e-02
8.183421516754850467e-02
8.624338624338624693e-02
8.500881834215168187e-02
8.377425044091710293e-02
8.412698412698413342e-02
8.201058201058200603e-02
7.936507936507936067e-02
8.130511463844797282e-02
8.148148148148148806e-02
8.289241622574955448e-02
8.165784832451498942e-02
7.865961199294532746e-02
7.777777777777777901e-02
7.954144620811287592e-02
7.830687830687831086e-02
7.583774250440916687e-02
7.971781305114639116e-02
7.707231040564374580e-02
7.989417989417989252e-02
7.848324514991181222e-02
7.671957671957671532e-02
7.548500881834215026e-02
7.548500881834215026e-02
7.760141093474426377e-02
7.724867724867724716e-02
7.689594356261023056e-02
7.936507936507936067e-02
7.495590828924161841e-02
7.566137566137566550e-02
7.089947089947089276e-02
7.336860670194003675e-02
7.283950617283950490e-02
7.830687830687831086e-02
7.601410934744268211e-02
7.619047619047619735e-02
7.830687830687831086e-02
7.336860670194003675e-02
7.407407407407406996e-02
7.407407407407406996e-02
8.007054673721340776e-02
7.178130511463844121e-02
7.266313932980598966e-02
7.142857142857142461e-02
7.283950617283950490e-02
7.407407407407406996e-02
7.301587301587302015e-02
6.966490299823632770e-02
7.266313932980598966e-02
7.389770723104056860e-02
6.984126984126984294e-02
6.966490299823632770e-02
6.931216931216931110e-02
6.843033509700176265e-02
6.525573192239858544e-02
6.807760141093474604e-02
6.790123456790123080e-02
7.019400352733685955e-02
6.684303350970018098e-02
6.807760141093474604e-02
6.825396825396824740e-02
6.860670194003527789e-02
6.490299823633156884e-02
6.701940035273368235e-02
6.455026455026455223e-02
6.825396825396824740e-02
6.754850088183421419e-02
6.772486772486772943e-02
6.155202821869488333e-02
5.978835978835978643e-02
6.507936507936508408e-02
6.490299823633156884e-02
6.278659611992945533e-02
6.525573192239858544e-02
