1.000000000000000000e+00
8.555743243243243423e-01
7.926520270270269730e-01
7.398648648648649129e-01
7.233952702702702853e-01
7.343750000000000000e-01
7.200168918918918859e-01
6.820101351351350871e-01
6.744087837837837718e-01
6.592060810810810301e-01
6.397804054054053724e-01
6.342905405405405705e-01
6.304898648648649129e-01
6.241554054054053724e-01
5.967060810810810301e-01
5.958614864864865135e-01
5.886824324324324564e-01
5.713682432432432012e-01
5.544763513513513153e-01
5.460304054054053724e-01
5.363175675675675436e-01
5.249155405405405705e-01
5.384290540540540571e-01
5.152027027027027417e-01
5.139358108108108558e-01
5.257601351351350871e-01
5.067567567567567988e-01
5.008445945945946276e-01
4.885979729729729715e-01
4.928209459459459429e-01
4.742398648648648574e-01
4.750844594594594850e-01
4.738175675675675436e-01
4.843750000000000000e-01
4.586148648648648574e-01
4.708614864864865135e-01
4.721283783783783994e-01
4.619932432432432567e-01
4.662162162162162282e-01
4.413006756756756577e-01
4.417229729729729715e-01
4.391891891891891997e-01
4.277871621621621712e-01
4.303209459459459429e-01
4.096283783783783994e-01
4.113175675675675436e-01
4.011824324324324564e-01
3.956925675675675436e-01
3.994932432432432567e-01
3.923141891891891997e-01
3.826013513513513709e-01
3.817567567567567433e-01
3.771114864864865135e-01
3.792229729729729715e-01
3.809121621621621712e-01
3.741554054054054279e-01
3.707770270270270285e-01
3.720439189189189144e-01
3.610641891891891997e-01
3.471283783783783994e-01
3.488175675675675436e-01
3.336148648648648574e-01
3.378378378378378288e-01
3.369932432432432567e-01
3.429054054054054279e-01
3.530405405405405150e-01
3.403716216216216006e-01
3.285472972972973138e-01
3.369932432432432567e-01
3.293918918918918859e-01
3.281250000000000000e-01
3.116554054054054279e-01
3.103885135135134865e-01
3.196790540540540571e-01
3.196790540540540571e-01
3.158783783783783994e-01
3.179898648648648574e-01
3.036317567567567433e-01
3.108108108108108003e-01
3.032094594594594850e-01
3.078547297297297147e-01
3.171452702702702853e-01
2.989864864864865135e-01
2.934966216216216006e-01
3.019425675675675436e-01
2.896959459459459429e-01
2.981418918918918859e-01
2.858952702702702853e-01
2.829391891891891997e-01
2.787162162162162282e-01
2.728040540540540571e-01
2.782939189189189144e-01
2.922297297297297147e-01
2.837837837837837718e-01
2.829391891891891997e-01
2.799831081081081141e-01
2.740709459459459429e-01
2.736486486486486291e-01
2.643581081081081141e-01
2.757601351351351426e-01
2.766047297297297147e-01
2.782939189189189144e-01
2.787162162162162282e-01
2.673141891891891997e-01
2.698479729729729715e-01
2.639358108108108003e-01
2.550675675675675436e-01
2.660472972972973138e-01
2.664695945945945721e-01
2.512668918918918859e-01
2.622466216216216006e-01
2.660472972972973138e-01
2.533783783783783994e-01
2.512668918918918859e-01
2.440878378378378288e-01
2.440878378378378288e-01
2.407094594594594572e-01
2.483108108108108003e-01
2.339527027027027140e-01
2.554898648648648574e-01
2.495777027027027140e-01
2.390202702702702575e-01
2.445101351351351426e-01
2.352195945945945998e-01
2.432432432432432567e-01
2.398648648648648574e-01
2.411317567567567433e-01
2.322635135135135143e-01
2.221283783783783716e-01
2.166385135135135143e-01
2.259290540540540571e-01
2.284628378378378288e-01
2.297297297297297425e-01
2.293074324324324287e-01
2.301520270270270285e-01
2.284628378378378288e-01
2.259290540540540571e-01
2.200168918918918859e-01
2.174831081081081141e-01
2.221283783783783716e-01
2.162162162162162282e-01
2.217060810810810856e-01
2.103040540540540571e-01
2.221283783783783716e-01
2.128378378378378288e-01
2.162162162162162282e-01
2.031250000000000000e-01
2.005912162162162282e-01
2.090371621621621712e-01
2.048141891891891997e-01
2.022804054054054002e-01
2.014358108108108003e-01
2.022804054054054002e-01
2.141047297297297425e-01
2.027027027027027140e-01
2.010135135135135143e-01
2.039695945945945998e-01
1.955236486486486569e-01
2.081925675675675713e-01
2.010135135135135143e-01
2.043918918918918859e-01
2.043918918918918859e-01
2.001689189189189144e-01
2.001689189189189144e-01
1.984797297297297425e-01
1.976351351351351426e-01
1.959459459459459429e-01
1.938344594594594572e-01
1.820101351351351426e-01
1.934121621621621712e-01
1.921452702702702575e-01
1.904560810810810856e-01
1.862331081081081141e-01
1.815878378378378288e-01
1.938344594594594572e-01
1.934121621621621712e-01
1.836993243243243146e-01
1.841216216216216284e-01
1.820101351351351426e-01
1.836993243243243146e-01
1.756756756756756854e-01
1.811655405405405428e-01
1.845439189189189144e-01
1.828547297297297425e-01
1.731418918918918859e-01
1.849662162162162282e-01
1.803209459459459429e-01
1.684966216216216284e-01
1.811655405405405428e-01
1.786317567567567433e-01
1.777871621621621712e-01
1.718750000000000000e-01
1.659628378378378288e-01
1.706081081081081141e-01
1.718750000000000000e-01
1.744087837837837718e-01
1.684966216216216284e-01
1.739864864864864857e-01
1.651182432432432567e-01
1.651182432432432567e-01
1.613175675675675713e-01
1.600506756756756854e-01
1.701858108108108003e-01
1.693412162162162282e-01
1.570945945945945998e-01
1.570945945945945998e-01
1.642736486486486569e-01
1.659628378378378288e-01
1.596283783783783716e-01
1.600506756756756854e-01
1.524493243243243146e-01
1.549831081081081141e-01
1.427364864864864857e-01
1.507601351351351426e-01
1.604729729729729715e-01
1.532939189189189144e-01
1.600506756756756854e-01
1.651182432432432567e-01
1.617398648648648574e-01
1.440033783783783716e-01
1.516047297297297425e-01
1.503378378378378288e-01
1.494932432432432567e-01
1.465371621621621712e-01
1.575168918918918859e-01
1.532939189189189144e-01
1.507601351351351426e-01
1.528716216216216284e-01
1.549831081081081141e-01
1.503378378378378288e-01
1.427364864864864857e-01
1.418918918918918859e-01
1.402027027027027140e-01
1.414695945945945998e-01
1.342905405405405428e-01
1.355574324324324287e-01
1.397804054054054002e-01
1.364020270270270285e-01
1.427364864864864857e-01
1.372466216216216284e-01
1.427364864864864857e-01
1.351351351351351426e-01
1.376689189189189144e-01
1.334459459459459429e-01
1.347128378378378288e-01
1.414695945945945998e-01
1.372466216216216284e-01
1.376689189189189144e-01
1.368243243243243146e-01
1.397804054054054002e-01
1.389358108108108003e-01
1.347128378378378288e-01
1.266891891891891997e-01
1.393581081081081141e-01
1.271114864864864857e-01
1.241554054054054002e-01
1.326013513513513431e-01
1.326013513513513431e-01
1.300675675675675713e-01
1.266891891891891997e-01
1.376689189189189144e-01
1.224662162162162143e-01
1.245777027027027001e-01
1.207770270270270285e-01
1.178209459459459429e-01
1.288006756756756854e-01
1.250000000000000000e-01
1.182432432432432429e-01
1.271114864864864857e-01
1.190878378378378427e-01
1.313344594594594572e-01
1.169763513513513570e-01
1.228885135135135143e-01
1.275337837837837718e-01
1.152871621621621573e-01
1.228885135135135143e-01
1.292229729729729715e-01
1.207770270270270285e-01
1.241554054054054002e-01
1.275337837837837718e-01
1.216216216216216284e-01
1.241554054054054002e-01
1.304898648648648574e-01
1.216216216216216284e-01
1.237331081081081141e-01
1.317567567567567433e-01
1.228885135135135143e-01
1.178209459459459429e-01
1.237331081081081141e-01
1.203547297297297286e-01
1.190878378378378427e-01
1.106418918918918859e-01
1.157094594594594572e-01
1.224662162162162143e-01
1.161317567567567571e-01
1.288006756756756854e-01
1.178209459459459429e-01
1.157094594594594572e-01
1.199324324324324287e-01
1.199324324324324287e-01
1.207770270270270285e-01
1.161317567567567571e-01
1.110641891891891858e-01
1.178209459459459429e-01
1.169763513513513570e-01
1.254222972972972860e-01
1.144425675675675713e-01
1.211993243243243285e-01
1.144425675675675713e-01
1.161317567567567571e-01
1.131756756756756715e-01
1.064189189189189144e-01
1.081081081081081141e-01
1.059966216216216284e-01
1.106418918918918859e-01
1.097972972972972999e-01
1.102195945945945998e-01
1.114864864864864857e-01
1.026182432432432429e-01
1.102195945945945998e-01
1.047297297297297286e-01
1.030405405405405428e-01
1.102195945945945998e-01
1.157094594594594572e-01
1.043074324324324287e-01
1.047297297297297286e-01
1.110641891891891858e-01
9.501689189189188589e-02
1.055743243243243285e-01
1.034628378378378427e-01
1.072635135135135143e-01
1.055743243243243285e-01
1.026182432432432429e-01
1.026182432432432429e-01
9.839527027027027140e-02
1.085304054054054002e-01
1.097972972972972999e-01
9.501689189189188589e-02
1.123310810810810856e-01
1.072635135135135143e-01
1.043074324324324287e-01
1.064189189189189144e-01
9.839527027027027140e-02
1.064189189189189144e-01
9.797297297297297147e-02
9.586148648648648574e-02
1.068412162162162143e-01
9.797297297297297147e-02
1.034628378378378427e-01
1.026182432432432429e-01
9.881756756756757132e-02
1.068412162162162143e-01
1.043074324324324287e-01
1.026182432432432429e-01
1.009290540540540571e-01
1.021959459459459429e-01
1.005067567567567571e-01
1.009290540540540571e-01
1.043074324324324287e-01
1.013513513513513570e-01
1.026182432432432429e-01
1.021959459459459429e-01
1.017736486486486430e-01
1.081081081081081141e-01
9.881756756756757132e-02
1.030405405405405428e-01
9.797297297297297147e-02
9.079391891891891442e-02
1.021959459459459429e-01
9.712837837837837163e-02
9.163851351351351426e-02
1.034628378378378427e-01
9.543918918918918581e-02
9.839527027027027140e-02
9.628378378378378566e-02
9.839527027027027140e-02
9.543918918918918581e-02
9.459459459459459985e-02
9.121621621621621434e-02
9.628378378378378566e-02
1.009290540540540571e-01
9.755067567567567155e-02
9.797297297297297147e-02
9.417229729729729992e-02
8.910472972972972860e-02
9.755067567567567155e-02
1.021959459459459429e-01
1.009290540540540571e-01
9.459459459459459985e-02
9.586148648648648574e-02
9.290540540540540015e-02
9.586148648648648574e-02
9.755067567567567155e-02
9.459459459459459985e-02
9.881756756756757132e-02
9.923986486486487124e-02
9.755067567567567155e-02
9.712837837837837163e-02
9.797297297297297147e-02
9.712837837837837163e-02
1.000844594594594572e-01
