1.000000000000000000e+00
8.111786852012742299e-01
7.888792354474369883e-01
7.292209672748334315e-01
7.164784245583550870e-01
7.040254850854329449e-01
6.576889661164204703e-01
6.414711844772661431e-01
6.154068925571966053e-01
5.991891109180422781e-01
5.870257746886765604e-01
5.632783087170576408e-01
5.247610773240660720e-01
5.262090935418476390e-01
5.230234578627280806e-01
5.108601216333622519e-01
5.123081378511439299e-01
5.050680567622357620e-01
4.790037648421662242e-01
4.766869388937156060e-01
4.596003475238922831e-01
4.422241529105125912e-01
4.323776426295974362e-01
4.205039096437880319e-01
4.060237474659716406e-01
3.970460469157254813e-01
3.921227917752678760e-01
3.970460469157254813e-01
3.863307269041413305e-01
3.704025485085433167e-01
3.709817549956559435e-01
3.454966695626990880e-01
3.492615117289313842e-01
3.353605560382276196e-01
3.275412684622067694e-01
3.255140457573124646e-01
3.205907906168549149e-01
3.098754706052707641e-01
3.116130900666087555e-01
3.006081668114682914e-01
3.064002316825948369e-01
2.922096727483347589e-01
2.896032435563278273e-01
2.806255430060816680e-01
2.777295105705183675e-01
2.765710975962930585e-01
2.502172024326672628e-01
2.646973646104836542e-01
2.562988705473501216e-01
2.649869678540399676e-01
2.629597451491456628e-01
2.496379959455545805e-01
2.557196640602374949e-01
2.473211699971039623e-01
2.481899797277729580e-01
2.452939472922096853e-01
2.302345786272806394e-01
2.261801332174920298e-01
2.313929916015059485e-01
2.290761656530553025e-01
2.302345786272806394e-01
2.229944975383724159e-01
2.366058499855198394e-01
2.119895742832319796e-01
2.108311613090066705e-01
2.137271937445699432e-01
2.111207645525629839e-01
2.070663191427744021e-01
2.125687807703446341e-01
1.989574283231972107e-01
1.975094121054155882e-01
2.006950477845351744e-01
1.949029829134086289e-01
1.920069504778453562e-01
1.894005212858383969e-01
1.986678250796408973e-01
1.760787720822473146e-01
1.876629018245004332e-01
1.856356791196061284e-01
1.778163915435852782e-01
1.792644077613669285e-01
1.705763104546770825e-01
1.723139299160150462e-01
1.671010715320011553e-01
1.662322618013321873e-01
1.639154358528815414e-01
1.627570228786562323e-01
1.653634520706631916e-01
1.537793223284100730e-01
1.520417028670721094e-01
1.627570228786562323e-01
1.618882131479872644e-01
1.560961482768606912e-01
1.604401969302056141e-01
1.569649580075296869e-01
1.566753547639733457e-01
1.465392412395018773e-01
1.479872574572835275e-01
1.494352736750651500e-01
1.395887633941500228e-01
1.427743990732696089e-01
1.401679698812626773e-01
1.424847958297132955e-01
1.349551114972487587e-01
1.352447147408050998e-01
1.332174920359107950e-01
1.407471763683753319e-01
1.248189979727772903e-01
1.265566174341152539e-01
1.274254271647842496e-01
1.280046336518969041e-01
1.227917752678829993e-01
1.210541558065450357e-01
1.251086012163336314e-01
1.225021720243266721e-01
1.187373298580944175e-01
1.161309006660874582e-01
1.106284390385172262e-01
1.135244714740805128e-01
1.167101071532001128e-01
1.152620909354184764e-01
1.152620909354184764e-01
1.152620909354184764e-01
1.129452649869678582e-01
1.126556617434115309e-01
1.054155806545033353e-01
1.103388357949608989e-01
1.117868520127425491e-01
1.103388357949608989e-01
1.059947871416159898e-01
1.054155806545033353e-01
1.030987547060527032e-01
1.036779611931653577e-01
1.106284390385172262e-01
9.991311902693310321e-02
9.788589632203881230e-02
9.962351578337677593e-02
1.004923255140457578e-01
9.383145091225021661e-02
9.527946713003185297e-02
9.759629307848248503e-02
8.630176657978569366e-02
9.383145091225021661e-02
8.832898928467998456e-02
9.296264118158123479e-02
9.933391253982044866e-02
9.151462496379959843e-02
9.556907037358818024e-02
9.180422820735592571e-02
9.267303793802490752e-02
9.296264118158123479e-02
8.369533738777874821e-02
9.383145091225021661e-02
8.717057631045467547e-02
8.803938604112365729e-02
9.122502172024327116e-02
8.919779901534896638e-02
8.572256009267303911e-02
8.601216333622936638e-02
8.456414711844773002e-02
8.398494063133507548e-02
8.195771792644077069e-02
8.195771792644077069e-02
8.746017955401100274e-02
8.050970170865913433e-02
7.674485954242687979e-02
8.108890819577178888e-02
8.456414711844773002e-02
8.253692441355342524e-02
8.050970170865913433e-02
7.819287576020851616e-02
7.674485954242687979e-02
8.195771792644077069e-02
7.124239791485664774e-02
7.211120764552562956e-02
7.355922386330726592e-02
6.805676223573703387e-02
7.703446278598320707e-02
7.355922386330726592e-02
7.066319142774399320e-02
7.269041413263828411e-02
7.182160440196930229e-02
7.732406602953953434e-02
7.471763683753257501e-02
7.182160440196930229e-02
6.573993628728641569e-02
7.153200115841297502e-02
7.240081088908195683e-02
6.921517520996235684e-02
6.979438169707501138e-02
6.921517520996235684e-02
6.689834926151172478e-02
7.269041413263828411e-02
7.124239791485664774e-02
7.066319142774399320e-02
6.313350709527947024e-02
7.008398494063133866e-02
6.429192006950477933e-02
6.747755574862437933e-02
6.400231682594845206e-02
6.110628439038517240e-02
6.400231682594845206e-02
6.081668114682884513e-02
5.705183898059658365e-02
5.589342600637127456e-02
6.342311033883579752e-02
6.081668114682884513e-02
5.676223573704025638e-02
6.052707790327251786e-02
5.415580654503330399e-02
5.965826817260353604e-02
5.618302924992760183e-02
5.734144222415291092e-02
5.328699681436432217e-02
5.821025195482189274e-02
5.097017086591369706e-02
5.473501303214595853e-02
5.849985519837822001e-02
5.299739357080799490e-02
5.299739357080799490e-02
5.068056762235736978e-02
4.981175789168838797e-02
5.125977410947002433e-02
5.039096437880104251e-02
5.241818708369534036e-02
5.097017086591369706e-02
4.894294816101940615e-02
4.662612221256878103e-02
5.097017086591369706e-02
5.125977410947002433e-02
5.039096437880104251e-02
4.546770923834347194e-02
4.952215464813206069e-02
4.923255140457573342e-02
4.749493194323776285e-02
5.039096437880104251e-02
4.894294816101940615e-02
4.778453518679409012e-02
4.894294816101940615e-02
4.778453518679409012e-02
4.488850275123081046e-02
4.633651896901245376e-02
4.575731248189979922e-02
4.720532869968143558e-02
4.228207355922386501e-02
4.315088328989284683e-02
4.575731248189979922e-02
4.459889950767448319e-02
4.228207355922386501e-02
4.257167680278019228e-02
4.373008977700550137e-02
4.401969302056182864e-02
4.401969302056182864e-02
4.286128004633651956e-02
3.620040544454097842e-02
4.228207355922386501e-02
3.967564436721691262e-02
4.170286707211121047e-02
3.996524761077323989e-02
4.199247031566753774e-02
4.257167680278019228e-02
4.083405734144222171e-02
4.112366058499854898e-02
3.822762814943527626e-02
3.793802490587894899e-02
4.112366058499854898e-02
3.793802490587894899e-02
3.504199247031566933e-02
3.475238922675934206e-02
3.793802490587894899e-02
3.533159571387199660e-02
3.706921517520996023e-02
3.880683463654793081e-02
4.199247031566753774e-02
3.649000868809730569e-02
4.083405734144222171e-02
4.054445409788589444e-02
3.649000868809730569e-02
3.938604112366058535e-02
4.025485085432956717e-02
3.909643788010425808e-02
3.591080220098465114e-02
3.504199247031566933e-02
3.706921517520996023e-02
3.677961193165363296e-02
3.446278598320301478e-02
3.504199247031566933e-02
3.851723139299160353e-02
3.591080220098465114e-02
3.417318273964668751e-02
3.185635679119606239e-02
3.359397625253402603e-02
3.214596003475238967e-02
3.677961193165363296e-02
3.301476976542137148e-02
3.446278598320301478e-02
2.924992759918911001e-02
2.982913408630176802e-02
3.127715030408340785e-02
3.330437300897769876e-02
2.838111786852012819e-02
3.214596003475238967e-02
3.243556327830871694e-02
3.243556327830871694e-02
3.504199247031566933e-02
3.620040544454097842e-02
3.301476976542137148e-02
3.533159571387199660e-02
3.388357949609035330e-02
3.764842166232261478e-02
3.504199247031566933e-02
3.069794381697074984e-02
3.359397625253402603e-02
3.243556327830871694e-02
3.214596003475238967e-02
3.359397625253402603e-02
3.388357949609035330e-02
3.591080220098465114e-02
3.764842166232261478e-02
3.649000868809730569e-02
3.446278598320301478e-02
3.011873732985809529e-02
3.243556327830871694e-02
3.301476976542137148e-02
3.243556327830871694e-02
3.011873732985809529e-02
2.982913408630176802e-02
3.069794381697074984e-02
2.953953084274543728e-02
2.664349840718216109e-02
2.838111786852012819e-02
2.548508543295684853e-02
2.722270489429481563e-02
2.924992759918911001e-02
2.838111786852012819e-02
2.461627570228786671e-02
2.635389516362583381e-02
2.432667245873153944e-02
2.838111786852012819e-02
2.953953084274543728e-02
3.069794381697074984e-02
2.664349840718216109e-02
2.867072111207645546e-02
2.982913408630176802e-02
2.751230813785114290e-02
2.606429192006950307e-02
2.606429192006950307e-02
2.606429192006950307e-02
2.345786272806255415e-02
2.316825948450622688e-02
2.780191138140747018e-02
2.461627570228786671e-02
2.403706921517520870e-02
2.548508543295684853e-02
2.403706921517520870e-02
2.519548218940052126e-02
2.751230813785114290e-02
2.606429192006950307e-02
2.461627570228786671e-02
2.896032435563278273e-02
2.809151462496380092e-02
2.606429192006950307e-02
2.635389516362583381e-02
2.722270489429481563e-02
2.664349840718216109e-02
2.490587894584419398e-02
2.172024326672458705e-02
2.490587894584419398e-02
2.316825948450622688e-02
2.693310165073848836e-02
2.722270489429481563e-02
2.548508543295684853e-02
2.519548218940052126e-02
2.432667245873153944e-02
2.461627570228786671e-02
2.345786272806255415e-02
2.548508543295684853e-02
2.548508543295684853e-02
2.432667245873153944e-02
2.403706921517520870e-02
2.403706921517520870e-02
2.461627570228786671e-02
2.432667245873153944e-02
2.982913408630176802e-02
2.403706921517520870e-02
2.548508543295684853e-02
2.374746597161888143e-02
2.490587894584419398e-02
2.200984651028091432e-02
2.258905299739357234e-02
2.519548218940052126e-02
2.490587894584419398e-02
2.635389516362583381e-02
2.172024326672458705e-02
2.490587894584419398e-02
2.085143353605560523e-02
2.172024326672458705e-02
1.882421083116130739e-02
2.200984651028091432e-02
1.824500434404865284e-02
2.172024326672458705e-02
