1.000000000000000000e+00
8.109668109668110025e-01
7.413419913419913021e-01
7.186147186147185950e-01
6.540404040404040886e-01
6.522366522366522812e-01
6.212121212121212155e-01
6.020923520923521233e-01
5.826118326118325808e-01
5.772005772005771584e-01
5.541125541125541121e-01
5.566378066378065981e-01
5.266955266955266612e-01
5.259740259740259827e-01
4.830447330447330545e-01
4.873737373737373479e-01
4.718614718614718706e-01
4.660894660894661090e-01
4.588744588744588793e-01
4.314574314574314839e-01
4.336219336219336307e-01
4.199134199134199052e-01
4.076479076479076480e-01
4.040404040404040331e-01
3.964646464646464641e-01
3.827561327561327387e-01
3.784271284271284452e-01
3.643578643578643805e-01
3.412698412698412787e-01
3.430735930735930861e-01
3.484848484848485084e-01
3.466810966810967010e-01
3.391053391053391319e-01
3.217893217893217916e-01
3.311688311688311681e-01
3.109668109668109470e-01
3.084415584415584610e-01
3.264790764790764799e-01
3.037518037518037728e-01
3.048340548340548462e-01
2.936507936507936622e-01
2.889610389610389740e-01
2.831890331890332124e-01
2.709235209235208997e-01
2.702020202020202211e-01
2.730880230880231019e-01
2.698412698412698263e-01
2.821067821067820836e-01
2.647907647907647988e-01
2.561327561327561564e-01
2.572150072150072297e-01
2.568542568542568350e-01
2.424242424242424310e-01
2.431457431457431373e-01
2.290764790764790726e-01
2.370129870129870087e-01
2.485569985569985596e-01
2.308802308802308800e-01
2.413419913419913299e-01
2.247474747474747514e-01
2.290764790764790726e-01
2.196969696969696961e-01
2.189754689754689621e-01
2.067099567099567048e-01
2.045454545454545581e-01
2.095959595959595856e-01
2.023809523809523836e-01
1.976911976911976954e-01
2.023809523809523836e-01
2.002164502164502091e-01
1.933621933621933742e-01
1.868686868686868785e-01
1.890331890331890252e-01
1.911976911976911997e-01
1.843434343434343370e-01
1.814574314574314562e-01
1.782106782106782084e-01
1.735209235209235201e-01
1.832611832611832636e-01
1.847041847041847040e-01
1.663059163059163181e-01
1.684704184704184649e-01
1.659451659451659511e-01
1.558441558441558406e-01
1.688311688311688319e-01
1.525974025974025927e-01
1.471861471861471982e-01
1.424963924963925099e-01
1.544011544011544002e-01
1.406926406926407025e-01
1.522366522366522257e-01
1.507936507936507853e-01
1.471861471861471982e-01
1.471861471861471982e-01
1.479076479076479045e-01
1.443001443001442896e-01
1.367243867243867206e-01
1.435786435786435833e-01
1.313131313131313260e-01
1.428571428571428492e-01
1.295093795093795186e-01
1.374458874458874547e-01
1.273448773448773441e-01
1.298701298701298579e-01
1.327561327561327664e-01
1.269841269841269771e-01
1.255411255411255367e-01
1.309523809523809590e-01
1.284271284271284175e-01
1.273448773448773441e-01
1.240981240981240963e-01
1.194083694083694080e-01
1.168831168831168804e-01
1.237373737373737431e-01
1.150793650793650730e-01
1.143578643578643528e-01
1.204906204906204953e-01
1.194083694083694080e-01
1.161616161616161602e-01
1.219336219336219357e-01
1.240981240981240963e-01
1.158008658008658071e-01
1.201298701298701282e-01
1.114718614718614720e-01
1.103896103896103847e-01
1.262626262626262708e-01
1.172438672438672475e-01
1.183261183261183208e-01
1.111111111111111049e-01
1.064213564213564167e-01
1.093073593073593114e-01
1.078643578643578710e-01
1.158008658008658071e-01
1.082251082251082241e-01
1.060606060606060635e-01
9.992784992784992104e-02
1.017316017316017285e-01
9.595959595959595301e-02
1.010101010101010083e-01
1.017316017316017285e-01
1.067821067821067837e-01
1.046176046176046232e-01
1.056998556998556965e-01
9.848484848484848064e-02
9.776334776334776044e-02
9.740259740259740728e-02
9.018759018759019142e-02
9.595959595959595301e-02
9.956709956709956788e-02
9.632034632034632005e-02
9.451659451659451261e-02
9.054834054834054458e-02
9.271284271284271905e-02
9.090909090909091161e-02
9.559884559884559985e-02
8.730158730158729674e-02
9.090909090909091161e-02
8.874458874458875102e-02
8.946608946608947122e-02
9.487734487734487965e-02
9.090909090909091161e-02
9.415584415584415945e-02
9.235209235209235201e-02
8.585858585858585634e-02
8.874458874458875102e-02
1.013708513708513753e-01
9.740259740259740728e-02
9.415584415584415945e-02
9.343434343434343925e-02
9.090909090909091161e-02
8.730158730158729674e-02
8.549783549783550318e-02
8.333333333333332871e-02
8.694083694083694358e-02
8.513708513708513614e-02
8.297258297258297555e-02
8.477633477633478298e-02
7.539682539682539264e-02
7.864357864357864047e-02
7.503607503607503948e-02
7.431457431457431928e-02
7.215007215007214481e-02
7.828282828282828731e-02
7.756132756132756711e-02
7.683982683982683304e-02
7.467532467532467244e-02
7.034632034632035125e-02
7.431457431457431928e-02
7.106782106782107145e-02
7.611832611832611284e-02
7.178932178932179164e-02
6.709956709956710341e-02
6.818181818181817677e-02
6.818181818181817677e-02
6.421356421356420874e-02
6.962481962481963105e-02
7.323232323232323204e-02
6.709956709956710341e-02
7.034632034632035125e-02
6.385281385281385558e-02
7.215007215007214481e-02
6.313131313131313538e-02
5.808080808080808011e-02
6.024531024531024764e-02
6.709956709956710341e-02
6.673881673881673637e-02
6.493506493506492894e-02
7.034632034632035125e-02
6.854256854256854381e-02
6.024531024531024764e-02
7.215007215007214481e-02
5.772005772005772001e-02
5.880230880230880031e-02
5.808080808080808011e-02
5.158730158730158444e-02
6.421356421356420874e-02
6.637806637806638321e-02
6.385281385281385558e-02
5.880230880230880031e-02
5.555555555555555247e-02
6.385281385281385558e-02
5.772005772005772001e-02
6.060606060606060774e-02
5.735930735930735991e-02
5.447330447330447217e-02
5.411255411255411207e-02
5.808080808080808011e-02
5.230880230880231158e-02
6.132756132756132794e-02
5.663780663780663971e-02
5.122655122655122434e-02
5.122655122655122434e-02
5.555555555555555247e-02
4.617604617604617601e-02
4.906204906204906374e-02
5.050505050505050414e-02
4.797979797979797650e-02
4.617604617604617601e-02
4.617604617604617601e-02
4.942279942279942384e-02
4.834054834054834354e-02
5.086580086580086424e-02
5.194805194805195148e-02
5.230880230880231158e-02
4.725829725829725630e-02
4.689754689754689621e-02
4.761904761904761640e-02
5.230880230880231158e-02
5.483405483405483227e-02
5.266955266955267168e-02
4.689754689754689621e-02
5.086580086580086424e-02
4.401154401154400847e-02
4.689754689754689621e-02
4.761904761904761640e-02
4.942279942279942384e-02
4.581529581529581591e-02
4.040404040404040747e-02
4.653679653679653611e-02
4.220779220779220797e-02
4.437229437229437551e-02
4.545454545454545581e-02
4.004329004329004044e-02
4.220779220779220797e-02
4.545454545454545581e-02
4.870129870129870364e-02
4.473304473304473561e-02
4.365079365079364837e-02
4.220779220779220797e-02
4.184704184704184787e-02
4.401154401154400847e-02
4.292929292929292817e-02
4.184704184704184787e-02
4.437229437229437551e-02
4.256854256854256807e-02
4.329004329004328827e-02
4.256854256854256807e-02
4.978354978354978394e-02
4.437229437229437551e-02
3.571428571428571230e-02
4.184704184704184787e-02
4.112554112554112767e-02
4.040404040404040747e-02
3.823953823953823994e-02
3.643578643578643250e-02
3.896103896103896014e-02
3.463203463203463200e-02
3.427128427128427191e-02
3.571428571428571230e-02
3.643578643578643250e-02
4.256854256854256807e-02
3.679653679653679954e-02
3.499278499278499210e-02
3.715728715728715964e-02
3.391053391053391181e-02
4.112554112554112767e-02
3.896103896103896014e-02
3.318903318903319161e-02
3.571428571428571230e-02
3.427128427128427191e-02
4.004329004329004044e-02
3.751803751803751974e-02
3.571428571428571230e-02
3.391053391053391181e-02
3.860028860028860004e-02
3.499278499278499210e-02
3.535353535353535220e-02
3.499278499278499210e-02
3.823953823953823994e-02
3.643578643578643250e-02
3.679653679653679954e-02
3.427128427128427191e-02
2.922077922077922010e-02
2.922077922077922010e-02
2.958152958152958020e-02
3.210678210678210437e-02
3.246753246753246447e-02
3.463203463203463200e-02
3.896103896103896014e-02
3.499278499278499210e-02
3.535353535353535220e-02
3.787878787878787984e-02
3.679653679653679954e-02
3.391053391053391181e-02
3.391053391053391181e-02
3.499278499278499210e-02
3.174603174603174427e-02
2.922077922077922010e-02
3.246753246753246447e-02
3.499278499278499210e-02
3.354978354978355171e-02
3.679653679653679954e-02
3.679653679653679954e-02
3.607503607503607240e-02
3.427128427128427191e-02
3.282828282828283151e-02
2.958152958152958020e-02
3.463203463203463200e-02
3.499278499278499210e-02
2.958152958152958020e-02
3.030303030303030387e-02
3.354978354978355171e-02
3.138528138528138417e-02
3.751803751803751974e-02
3.210678210678210437e-02
3.102453102453102407e-02
3.138528138528138417e-02
2.994227994227994377e-02
3.102453102453102407e-02
3.427128427128427191e-02
3.138528138528138417e-02
2.849927849927849990e-02
2.849927849927849990e-02
3.174603174603174427e-02
3.499278499278499210e-02
3.210678210678210437e-02
3.210678210678210437e-02
2.777777777777777624e-02
2.994227994227994377e-02
3.102453102453102407e-02
3.030303030303030387e-02
2.813852813852813980e-02
2.417027417027417177e-02
2.705627705627705604e-02
2.308802308802308800e-02
2.489177489177489197e-02
2.705627705627705604e-02
2.453102453102453187e-02
2.597402597402597574e-02
2.561327561327561217e-02
2.489177489177489197e-02
2.200577200577200424e-02
2.380952380952380820e-02
2.777777777777777624e-02
2.417027417027417177e-02
2.453102453102453187e-02
2.380952380952380820e-02
2.633477633477633584e-02
2.813852813852813980e-02
2.705627705627705604e-02
2.669552669552669594e-02
2.813852813852813980e-02
2.633477633477633584e-02
2.453102453102453187e-02
2.417027417027417177e-02
2.886002886002886000e-02
2.236652236652236780e-02
2.489177489177489197e-02
2.597402597402597574e-02
2.308802308802308800e-02
2.489177489177489197e-02
2.489177489177489197e-02
2.344877344877344810e-02
2.056277056277056384e-02
2.669552669552669594e-02
2.200577200577200424e-02
2.561327561327561217e-02
2.886002886002886000e-02
2.453102453102453187e-02
2.525252525252525207e-02
2.489177489177489197e-02
