1.000000000000000000e+00
8.233983286908077570e-01
7.813370473537604166e-01
7.423398328690807846e-01
7.228412256267409131e-01
7.116991643454039229e-01
6.774373259052924867e-01
6.509749303621169547e-01
6.657381615598886304e-01
6.367688022284122562e-01
6.208913649025069592e-01
6.186629526462396056e-01
6.025069637883008200e-01
5.905292479108634751e-01
5.715877437325905808e-01
5.749303621169916667e-01
5.284122562674095080e-01
5.356545961002785461e-01
5.236768802228412012e-01
5.169916434540390293e-01
5.005571030640668662e-01
5.047353760445681958e-01
4.852367688022284353e-01
4.966573816155988585e-01
4.763231197771587988e-01
4.774373259052924756e-01
4.573816155988857934e-01
4.654596100278551307e-01
4.434540389972144725e-01
4.353760445682451352e-01
4.259052924791086325e-01
4.139275766016712876e-01
3.938718662952646055e-01
4.116991643454038785e-01
3.922005571030640625e-01
3.818941504178273161e-01
3.782729805013927415e-01
3.866295264623955674e-01
3.871866295264623781e-01
3.752089136490250887e-01
3.754874651810585218e-01
3.651810584958217198e-01
3.699164345403899712e-01
3.593314763231197917e-01
3.512534818941503989e-01
3.498607242339832890e-01
3.476323119777158799e-01
3.428969359331476285e-01
3.501392757660167221e-01
3.467966573816155806e-01
3.320334261838440160e-01
3.253481894150417886e-01
3.245125348189414893e-01
3.259052924791086547e-01
3.203342618384401042e-01
3.153203342618384197e-01
3.167130919220055851e-01
2.994428969359331227e-01
3.005571030640668551e-01
3.027855153203342642e-01
2.966573816155989030e-01
2.974930362116991467e-01
2.952646239554317376e-01
2.924791086350975178e-01
2.938718662952646277e-01
2.813370473537604721e-01
2.916434540389972185e-01
2.810584958217270390e-01
2.802228412256267398e-01
2.818941504178272828e-01
2.763231197771587877e-01
2.715877437325905364e-01
2.607242339832869238e-01
2.646239554317548759e-01
2.760445682451253546e-01
2.629526462395543329e-01
2.540389972144846964e-01
2.451253481894150321e-01
2.440111420612813276e-01
2.395543175487465093e-01
2.479108635097493074e-01
2.389972144846796709e-01
2.350974930362116910e-01
2.378830083565459663e-01
2.406685236768802139e-01
2.289693593314763298e-01
2.303621169916434674e-01
2.303621169916434674e-01
2.242339832869080785e-01
2.278551532033426252e-01
2.186629526462395556e-01
2.111420612813370568e-01
2.158774373259052803e-01
2.100278551532033522e-01
2.094707520891364860e-01
2.097493036211699191e-01
2.058495821727019393e-01
2.153203342618384419e-01
2.103064066852367575e-01
1.994428969359331449e-01
1.988857938718663065e-01
1.902506963788300753e-01
2.030640668523676917e-01
1.986072423398328735e-01
1.941504178272980552e-01
1.849582172701949856e-01
1.955431754874651928e-01
1.899721448467966700e-01
1.835654596100278479e-01
1.941504178272980552e-01
1.860724233983286902e-01
1.827298050139275765e-01
1.841225626740947141e-01
1.791086350974930297e-01
1.793871866295264628e-01
1.830083565459610095e-01
1.704735376044568262e-01
1.766016713091921875e-01
1.721448467966573692e-01
1.757660167130919160e-01
1.743732590529247783e-01
1.738161559888579399e-01
1.690807799442896886e-01
1.704735376044568262e-01
1.671309192200557125e-01
1.649025069637883034e-01
1.629526462395543274e-01
1.565459610027855053e-01
1.615598885793871897e-01
1.635097493036211658e-01
1.640668523676880319e-01
1.615598885793871897e-01
1.623955431754874612e-01
1.562674094707521000e-01
1.523676880222841201e-01
1.576601671309192099e-01
1.565459610027855053e-01
1.573816155988858045e-01
1.534818941504178247e-01
1.565459610027855053e-01
1.484679665738161680e-01
1.584958217270195091e-01
1.557103064066852338e-01
1.470752089136490304e-01
1.437325905292479167e-01
1.465181058495821642e-01
1.423398328690807790e-01
1.506963788300835771e-01
1.498607242339832779e-01
1.415041782729805075e-01
1.437325905292479167e-01
1.367688022284122562e-01
1.367688022284122562e-01
1.337047353760445756e-01
1.339832869080779809e-01
1.356545961002785516e-01
1.275766016713091866e-01
1.264623955431754820e-01
1.364902506963788231e-01
1.281337047353760528e-01
1.295264623955431627e-01
1.181058495821726978e-01
1.217270194986072446e-01
1.272980501392757535e-01
1.228412256267409491e-01
1.242339832869080729e-01
1.211699164345403923e-01
1.208913649025069592e-01
1.186629526462395501e-01
1.178272980501392786e-01
1.136490250696378795e-01
1.175487465181058455e-01
1.111420612813370512e-01
1.192200557103064024e-01
1.217270194986072446e-01
1.150417827298050172e-01
1.094707520891364944e-01
1.178272980501392786e-01
1.167130919220055740e-01
1.114206128133704704e-01
1.130919220055710273e-01
1.089136490250696421e-01
1.147632311977715841e-01
1.105849582172701989e-01
1.183844011142061309e-01
1.147632311977715841e-01
1.094707520891364944e-01
1.136490250696378795e-01
1.158774373259052887e-01
1.075208913649025044e-01
1.172701949860724263e-01
1.075208913649025044e-01
1.094707520891364944e-01
1.114206128133704704e-01
1.047353760445682430e-01
1.038997214484679715e-01
1.044568245125348238e-01
1.027855153203342670e-01
1.105849582172701989e-01
1.047353760445682430e-01
9.498607242339833501e-02
1.027855153203342670e-01
9.832869080779944870e-02
9.415041782729804964e-02
1.030640668523676862e-01
9.470752089136490193e-02
9.526462395543175421e-02
9.693593314763231106e-02
9.415041782729804964e-02
1.005571030640668578e-01
9.442896935933148272e-02
9.721448467966574414e-02
9.749303621169916334e-02
9.359331476323119736e-02
9.415041782729804964e-02
9.415041782729804964e-02
9.415041782729804964e-02
9.693593314763231106e-02
9.526462395543175421e-02
9.275766016713092588e-02
9.025069637883008367e-02
9.721448467966574414e-02
9.080779944289693595e-02
9.220055710306407359e-02
9.164345403899722131e-02
9.637883008356545878e-02
9.610027855153203957e-02
8.830083565459609374e-02
9.331476323119777816e-02
9.470752089136490193e-02
1.005571030640668578e-01
9.693593314763231106e-02
8.969359331476323138e-02
9.331476323119777816e-02
8.300835654596100399e-02
8.913649025069637910e-02
9.220055710306407359e-02
9.080779944289693595e-02
8.941504178272979830e-02
9.164345403899722131e-02
8.579387186629526540e-02
8.384401114206127548e-02
8.384401114206127548e-02
7.688022284122562888e-02
8.718662952646238917e-02
8.607242339832868461e-02
8.384401114206127548e-02
8.662952646239553689e-02
9.136490250696378823e-02
8.328690807799442319e-02
9.052924791086350287e-02
8.077994428969359486e-02
7.938718662952645722e-02
8.467966573816156084e-02
7.938718662952645722e-02
7.604456824512534352e-02
7.242339832869081062e-02
8.050139275766016178e-02
7.938718662952645722e-02
7.381615598885793439e-02
7.799442896935933345e-02
8.050139275766016178e-02
7.381615598885793439e-02
7.548746518105849124e-02
7.242339832869081062e-02
7.883008356545960493e-02
8.022284122562674258e-02
7.270194986072422982e-02
7.242339832869081062e-02
6.991643454038996841e-02
7.298050139275766290e-02
6.935933147632311613e-02
7.103064066852367298e-02
6.713091922005570700e-02
7.047353760445682069e-02
6.796657381615599236e-02
6.462395543175487866e-02
6.350974930362117410e-02
6.935933147632311613e-02
6.323119777158774102e-02
6.991643454038996841e-02
6.963788300835654921e-02
6.963788300835654921e-02
6.406685236768802638e-02
6.908077994428969693e-02
6.685236768802228779e-02
6.768802228412255928e-02
6.685236768802228779e-02
6.295264623955432182e-02
6.239554317548746259e-02
6.378830083565459330e-02
6.462395543175487866e-02
6.629526462395543551e-02
6.350974930362117410e-02
7.130919220055710606e-02
6.601671309192200243e-02
6.323119777158774102e-02
6.378830083565459330e-02
6.685236768802228779e-02
6.183844011142061031e-02
6.462395543175487866e-02
6.629526462395543551e-02
6.323119777158774102e-02
6.629526462395543551e-02
6.434540389972144558e-02
6.044568245125347961e-02
6.350974930362117410e-02
6.406685236768802638e-02
6.434540389972144558e-02
5.988857938718662732e-02
6.183844011142061031e-02
6.155988857938718417e-02
6.072423398328690575e-02
5.988857938718662732e-02
6.434540389972144558e-02
6.657381615598885471e-02
6.211699164345403645e-02
6.183844011142061031e-02
6.350974930362117410e-02
6.406685236768802638e-02
6.323119777158774102e-02
6.323119777158774102e-02
5.682451253481893977e-02
5.571030640668523520e-02
5.710306406685236591e-02
5.626740947075208749e-02
5.961002785515320118e-02
6.100278551532033189e-02
5.710306406685236591e-02
5.459610027855153064e-02
5.598885793871866134e-02
5.236768802228412151e-02
4.986072423398328624e-02
5.013927576601671238e-02
4.958217270194986009e-02
4.763231197771587710e-02
4.874651810584958167e-02
4.930362116991643395e-02
4.735376044568245096e-02
5.181058495821726922e-02
5.264623955431754765e-02
5.013927576601671238e-02
5.208913649025069537e-02
5.431754874651810450e-02
5.236768802228412151e-02
5.320334261838439993e-02
5.041782729805013852e-02
5.264623955431754765e-02
5.041782729805013852e-02
4.846796657381615553e-02
4.791086350974930325e-02
4.623955431754874640e-02
5.013927576601671238e-02
4.651810584958217254e-02
5.403899721448467836e-02
5.264623955431754765e-02
5.069637883008356466e-02
5.236768802228412151e-02
5.236768802228412151e-02
4.651810584958217254e-02
5.125348189415041694e-02
4.846796657381615553e-02
4.763231197771587710e-02
4.930362116991643395e-02
5.069637883008356466e-02
4.958217270194986009e-02
5.181058495821726922e-02
4.568245125348189412e-02
5.013927576601671238e-02
5.320334261838439993e-02
4.846796657381615553e-02
4.735376044568245096e-02
4.484679665738161569e-02
4.540389972144846797e-02
4.679665738161559868e-02
4.791086350974930325e-02
4.428969359331476341e-02
3.983286908077994515e-02
4.345403899721448499e-02
4.651810584958217254e-02
4.401114206128133727e-02
4.094707520891364971e-02
4.373259052924791113e-02
4.651810584958217254e-02
4.707520891364902482e-02
4.484679665738161569e-02
4.596100278551532026e-02
4.373259052924791113e-02
4.484679665738161569e-02
4.317548746518105884e-02
3.927576601671309287e-02
4.150417827298050200e-02
4.401114206128133727e-02
4.484679665738161569e-02
4.038997214484679743e-02
4.512534818941504183e-02
3.788300835654596216e-02
3.927576601671309287e-02
4.261838440111420656e-02
4.261838440111420656e-02
4.596100278551532026e-02
