1.000000000000000000e+00
8.745819397993310762e-01
8.678929765886287395e-01
8.846153846153845812e-01
8.846153846153845812e-01
8.411371237458193928e-01
8.929765886287625021e-01
8.812709030100334129e-01
8.712374581939799079e-01
9.113712374581939279e-01
8.645484949832775712e-01
8.394648829431438086e-01
8.662207357859531554e-01
8.595317725752508187e-01
9.096989966555183438e-01
8.662207357859531554e-01
8.561872909698996503e-01
8.578595317725752345e-01
8.913043478260869179e-01
8.377926421404682245e-01
8.143812709030100461e-01
8.528428093645484820e-01
8.344481605351170561e-01
8.461538461538461453e-01
8.461538461538461453e-01
8.545150501672240662e-01
8.511705685618728978e-01
8.428093645484949770e-01
8.110367892976588777e-01
8.561872909698996503e-01
8.394648829431438086e-01
8.428093645484949770e-01
8.478260869565217295e-01
8.545150501672240662e-01
8.344481605351170561e-01
8.076923076923077094e-01
8.578595317725752345e-01
8.762541806020066604e-01
8.428093645484949770e-01
8.377926421404682245e-01
8.277591973244147194e-01
8.461538461538461453e-01
8.628762541806019870e-01
8.210702341137123828e-01
8.244147157190635511e-01
8.595317725752508187e-01
8.662207357859531554e-01
8.294314381270903036e-01
8.461538461538461453e-01
8.043478260869565410e-01
8.361204013377926403e-01
8.244147157190635511e-01
8.327759197324414719e-01
7.959866220735786202e-01
8.244147157190635511e-01
8.026755852842809569e-01
8.160535117056856302e-01
7.892976588628762835e-01
8.511705685618728978e-01
8.411371237458193928e-01
8.428093645484949770e-01
8.461538461538461453e-01
7.859531772575251152e-01
8.093645484949832936e-01
7.976588628762542044e-01
8.093645484949832936e-01
7.591973244147157684e-01
8.210702341137123828e-01
8.595317725752508187e-01
8.311036789297658878e-01
8.043478260869565410e-01
8.177257525083612144e-01
8.277591973244147194e-01
8.411371237458193928e-01
8.311036789297658878e-01
8.528428093645484820e-01
8.127090301003344619e-01
8.160535117056856302e-01
8.210702341137123828e-01
7.909698996655518677e-01
8.361204013377926403e-01
8.311036789297658878e-01
7.826086956521739468e-01
8.026755852842809569e-01
8.026755852842809569e-01
8.311036789297658878e-01
8.260869565217391353e-01
8.377926421404682245e-01
8.294314381270903036e-01
8.143812709030100461e-01
8.026755852842809569e-01
8.461538461538461453e-01
8.110367892976588777e-01
8.110367892976588777e-01
8.043478260869565410e-01
8.327759197324414719e-01
8.227424749163879669e-01
8.093645484949832936e-01
7.959866220735786202e-01
8.093645484949832936e-01
8.177257525083612144e-01
7.692307692307692735e-01
8.244147157190635511e-01
7.993311036789297885e-01
8.093645484949832936e-01
8.428093645484949770e-01
8.277591973244147194e-01
8.260869565217391353e-01
8.244147157190635511e-01
8.210702341137123828e-01
7.993311036789297885e-01
8.361204013377926403e-01
8.612040133779264028e-01
8.160535117056856302e-01
8.260869565217391353e-01
8.193979933110367986e-01
7.909698996655518677e-01
8.227424749163879669e-01
8.361204013377926403e-01
8.260869565217391353e-01
8.177257525083612144e-01
8.244147157190635511e-01
8.026755852842809569e-01
8.093645484949832936e-01
8.076923076923077094e-01
8.093645484949832936e-01
8.177257525083612144e-01
8.160535117056856302e-01
8.277591973244147194e-01
8.244147157190635511e-01
8.411371237458193928e-01
7.792642140468227785e-01
8.244147157190635511e-01
8.628762541806019870e-01
8.060200668896321252e-01
7.892976588628762835e-01
7.976588628762542044e-01
7.742474916387960260e-01
8.043478260869565410e-01
7.926421404682274519e-01
8.277591973244147194e-01
8.210702341137123828e-01
8.010033444816053727e-01
7.876254180602006993e-01
8.210702341137123828e-01
8.461538461538461453e-01
8.210702341137123828e-01
7.959866220735786202e-01
8.143812709030100461e-01
8.177257525083612144e-01
8.143812709030100461e-01
8.060200668896321252e-01
8.143812709030100461e-01
7.993311036789297885e-01
8.244147157190635511e-01
7.993311036789297885e-01
8.311036789297658878e-01
8.143812709030100461e-01
7.976588628762542044e-01
7.943143812709030360e-01
7.642140468227425210e-01
7.859531772575251152e-01
7.826086956521739468e-01
7.926421404682274519e-01
7.642140468227425210e-01
7.842809364548495310e-01
7.525083612040134318e-01
7.675585284280936893e-01
7.792642140468227785e-01
7.759197324414716102e-01
8.026755852842809569e-01
8.327759197324414719e-01
7.909698996655518677e-01
7.876254180602006993e-01
7.775919732441471943e-01
7.558528428093646001e-01
7.725752508361204418e-01
7.993311036789297885e-01
7.709030100334448576e-01
7.742474916387960260e-01
7.909698996655518677e-01
8.093645484949832936e-01
7.909698996655518677e-01
8.193979933110367986e-01
8.110367892976588777e-01
7.943143812709030360e-01
7.809364548494983627e-01
7.608695652173913526e-01
7.909698996655518677e-01
8.260869565217391353e-01
7.859531772575251152e-01
7.692307692307692735e-01
8.110367892976588777e-01
7.943143812709030360e-01
7.876254180602006993e-01
7.892976588628762835e-01
8.227424749163879669e-01
7.926421404682274519e-01
7.709030100334448576e-01
7.541806020066890159e-01
8.010033444816053727e-01
7.675585284280936893e-01
7.876254180602006993e-01
7.775919732441471943e-01
8.244147157190635511e-01
7.892976588628762835e-01
8.294314381270903036e-01
7.658862876254181051e-01
7.775919732441471943e-01
8.043478260869565410e-01
7.943143812709030360e-01
8.026755852842809569e-01
7.391304347826086474e-01
7.224080267558528057e-01
7.809364548494983627e-01
7.341137123745818949e-01
7.625418060200669368e-01
7.625418060200669368e-01
7.742474916387960260e-01
8.160535117056856302e-01
8.026755852842809569e-01
8.428093645484949770e-01
8.327759197324414719e-01
7.842809364548495310e-01
8.093645484949832936e-01
7.759197324414716102e-01
7.675585284280936893e-01
7.692307692307692735e-01
7.876254180602006993e-01
7.658862876254181051e-01
7.842809364548495310e-01
7.959866220735786202e-01
8.127090301003344619e-01
7.993311036789297885e-01
7.792642140468227785e-01
7.608695652173913526e-01
7.642140468227425210e-01
7.608695652173913526e-01
7.759197324414716102e-01
7.809364548494983627e-01
7.792642140468227785e-01
7.709030100334448576e-01
7.909698996655518677e-01
7.675585284280936893e-01
7.842809364548495310e-01
7.943143812709030360e-01
7.926421404682274519e-01
8.026755852842809569e-01
7.993311036789297885e-01
7.926421404682274519e-01
8.010033444816053727e-01
7.876254180602006993e-01
8.110367892976588777e-01
7.759197324414716102e-01
7.759197324414716102e-01
7.926421404682274519e-01
7.826086956521739468e-01
7.642140468227425210e-01
7.859531772575251152e-01
7.759197324414716102e-01
7.926421404682274519e-01
7.759197324414716102e-01
7.809364548494983627e-01
7.909698996655518677e-01
7.675585284280936893e-01
7.993311036789297885e-01
7.725752508361204418e-01
7.742474916387960260e-01
7.625418060200669368e-01
8.177257525083612144e-01
7.675585284280936893e-01
7.608695652173913526e-01
7.692307692307692735e-01
7.775919732441471943e-01
7.642140468227425210e-01
7.575250836120401843e-01
7.474916387959865682e-01
7.792642140468227785e-01
8.127090301003344619e-01
7.458193979933109841e-01
8.043478260869565410e-01
7.675585284280936893e-01
7.792642140468227785e-01
7.508361204013378476e-01
7.725752508361204418e-01
7.959866220735786202e-01
7.826086956521739468e-01
7.959866220735786202e-01
7.859531772575251152e-01
7.892976588628762835e-01
7.742474916387960260e-01
7.842809364548495310e-01
7.591973244147157684e-01
7.642140468227425210e-01
7.826086956521739468e-01
7.709030100334448576e-01
7.876254180602006993e-01
7.826086956521739468e-01
7.959866220735786202e-01
7.859531772575251152e-01
7.842809364548495310e-01
7.642140468227425210e-01
7.608695652173913526e-01
8.110367892976588777e-01
7.357859531772574790e-01
7.642140468227425210e-01
8.060200668896321252e-01
8.026755852842809569e-01
7.742474916387960260e-01
7.709030100334448576e-01
7.809364548494983627e-01
7.826086956521739468e-01
7.775919732441471943e-01
7.792642140468227785e-01
7.575250836120401843e-01
7.274247491638795582e-01
7.792642140468227785e-01
7.458193979933109841e-01
7.458193979933109841e-01
7.224080267558528057e-01
7.341137123745818949e-01
7.508361204013378476e-01
7.374581939799330632e-01
7.525083612040134318e-01
7.709030100334448576e-01
7.324414715719063107e-01
7.374581939799330632e-01
7.491638795986621524e-01
7.625418060200669368e-01
7.575250836120401843e-01
7.408026755852842316e-01
7.575250836120401843e-01
7.357859531772574790e-01
7.458193979933109841e-01
7.357859531772574790e-01
7.625418060200669368e-01
7.591973244147157684e-01
7.190635451505016373e-01
7.608695652173913526e-01
7.675585284280936893e-01
7.575250836120401843e-01
7.541806020066890159e-01
7.207357859531772215e-01
7.441471571906353999e-01
7.558528428093646001e-01
7.692307692307692735e-01
7.474916387959865682e-01
7.926421404682274519e-01
7.591973244147157684e-01
7.257525083612039740e-01
7.474916387959865682e-01
7.642140468227425210e-01
7.458193979933109841e-01
7.575250836120401843e-01
7.307692307692307265e-01
7.575250836120401843e-01
7.575250836120401843e-01
7.541806020066890159e-01
7.959866220735786202e-01
7.692307692307692735e-01
7.341137123745818949e-01
7.642140468227425210e-01
7.943143812709030360e-01
7.809364548494983627e-01
7.826086956521739468e-01
7.809364548494983627e-01
7.591973244147157684e-01
8.026755852842809569e-01
7.859531772575251152e-01
7.341137123745818949e-01
7.759197324414716102e-01
7.474916387959865682e-01
7.474916387959865682e-01
7.608695652173913526e-01
7.943143812709030360e-01
7.541806020066890159e-01
7.892976588628762835e-01
7.892976588628762835e-01
7.809364548494983627e-01
7.240802675585283898e-01
7.675585284280936893e-01
7.541806020066890159e-01
7.424749163879598157e-01
7.591973244147157684e-01
7.491638795986621524e-01
7.224080267558528057e-01
7.608695652173913526e-01
8.026755852842809569e-01
7.909698996655518677e-01
7.408026755852842316e-01
7.725752508361204418e-01
7.575250836120401843e-01
7.859531772575251152e-01
7.725752508361204418e-01
7.725752508361204418e-01
7.591973244147157684e-01
7.859531772575251152e-01
7.909698996655518677e-01
7.508361204013378476e-01
7.508361204013378476e-01
7.625418060200669368e-01
