1.000000000000000000e+00
8.830257739820039919e-01
8.482537745920389893e-01
8.352905292054293440e-01
7.974683544303797778e-01
7.939606527375323575e-01
7.817599511971938808e-01
7.716943724264144766e-01
7.498856184230593414e-01
7.453103553454323293e-01
7.270093030349245034e-01
7.260942504193991232e-01
7.117584261095012410e-01
7.016928473387219478e-01
6.807991459508921928e-01
6.788165319505871098e-01
6.756138477962483346e-01
6.620405673326216212e-01
6.475522342534695275e-01
6.373341467134360228e-01
6.358090590208936854e-01
6.300137257892328702e-01
6.130852524020131700e-01
6.057648314778100174e-01
5.932591123989628956e-01
5.912764983986579237e-01
5.792283056275735476e-01
5.745005337806924350e-01
5.679426567027604511e-01
5.682476742412688742e-01
5.504041482385236828e-01
5.494890956229983026e-01
5.380509379289308836e-01
5.307305170047277310e-01
5.279853591581515904e-01
5.179197803873722972e-01
5.115144120786945248e-01
5.109043770016775676e-01
4.996187280768644157e-01
5.072441665395760468e-01
4.983986579228305569e-01
4.889431142290681653e-01
4.654567637639164257e-01
4.732347109958822684e-01
4.584413603782217517e-01
4.546286411468659638e-01
4.604239743785267791e-01
4.526460271465609364e-01
4.473082202226628112e-01
4.405978343754766158e-01
4.306847643739514786e-01
4.279396065273753380e-01
4.251944486807991419e-01
4.226017996034772128e-01
4.076559402165624291e-01
4.084184840628335977e-01
4.107061156016471037e-01
4.036907122159524297e-01
4.020131157541558808e-01
3.917950282141223206e-01
3.951502211377154183e-01
3.888973615982919130e-01
3.809669055970718587e-01
3.710538355955467216e-01
3.763916425194448467e-01
3.667835900564282436e-01
3.734939759036144391e-01
3.705963092877840315e-01
3.684611865182247925e-01
3.535153271313100642e-01
3.524477657465304170e-01
3.547353972853439230e-01
3.452798535915815314e-01
3.471099588226322918e-01
3.451273448223272644e-01
3.474149763611407704e-01
3.307915205124294378e-01
3.379594326673783788e-01
3.314015555894463949e-01
3.329266432819887322e-01
3.327741345127344652e-01
3.243861522037517209e-01
3.192008540491078072e-01
3.158456611255147095e-01
3.091352752783285140e-01
3.030349245081592202e-01
2.981546438920237851e-01
3.027299069696507416e-01
3.019673631233795730e-01
3.021198718926338400e-01
2.986121701997864752e-01
3.008998017385999812e-01
2.917492755833460683e-01
2.940369071221595187e-01
2.825987494280920997e-01
2.737532408113466653e-01
2.838188195821259585e-01
2.761933811194143829e-01
2.761933811194143829e-01
2.719231355802958494e-01
2.659752935793808226e-01
2.711605917340246807e-01
2.710080829647704692e-01
2.633826445020588936e-01
2.600274515784657403e-01
2.543846271160591921e-01
2.559097148086014739e-01
2.495043464999237570e-01
2.505719078847033487e-01
2.487418026536525884e-01
2.430989781912459846e-01
2.418789080372121258e-01
2.385237151136190281e-01
2.411163641909409849e-01
2.312032941894159033e-01
2.347109958822632403e-01
2.392862589598901968e-01
2.304407503431447346e-01
2.308982766509074247e-01
2.261705048040262289e-01
2.205276803416196529e-01
2.307457678816531854e-01
2.188500838798230763e-01
2.190025926490773156e-01
2.180875400335519354e-01
2.138172944944334297e-01
2.148848558792130492e-01
2.069543998779929950e-01
2.096995577245691633e-01
2.116821717248741908e-01
2.107671191093487828e-01
2.031416806466371794e-01
2.046667683391794890e-01
2.051242946469422068e-01
2.022266280311117992e-01
1.985664175690102229e-01
2.008540491078237011e-01
2.008540491078237011e-01
2.000915052615525325e-01
1.978038737227390542e-01
1.993289614152813916e-01
1.958212597224340268e-01
1.932286106451120977e-01
1.941436632606374779e-01
1.886533475674851412e-01
1.877382949519597333e-01
1.827055055665700867e-01
1.761476284886381027e-01
1.868232423364343531e-01
1.845356107976208748e-01
1.836205581820954669e-01
1.819429617202989180e-01
1.779777337196888909e-01
1.773676986426719615e-01
1.810279091047735378e-01
1.798078389507396790e-01
1.798078389507396790e-01
1.715723654110111462e-01
1.735549794113161459e-01
1.720298917187738363e-01
1.730974531035534558e-01
1.735549794113161459e-01
1.721824004880280479e-01
1.709623303339942169e-01
1.686746987951807109e-01
1.654720146408418524e-01
1.636419094097910643e-01
1.656245234100960917e-01
1.618118041787402761e-01
1.683696812566722600e-01
1.621168217172487547e-01
1.624218392557572055e-01
1.653195058715876131e-01
1.639469269482995151e-01
1.546438920237913628e-01
1.589141375629098685e-01
1.541863657160286727e-01
1.529662955619948139e-01
1.518987341772151944e-01
1.529662955619948139e-01
1.506786640231813357e-01
1.528137867927405746e-01
1.526612780234863631e-01
1.488485587921305475e-01
1.505261552539270964e-01
1.457983834070459006e-01
1.491535763306389983e-01
1.471709623303339987e-01
1.442732957145035910e-01
1.429007167912154930e-01
1.451883483300289712e-01
1.398505414061308461e-01
1.436632606374866616e-01
1.401555589446393246e-01
1.447308220222662811e-01
1.366478572517919876e-01
1.369528747903004384e-01
1.317675766356565525e-01
1.308525240201311446e-01
1.291749275583345957e-01
1.299374714046057644e-01
1.299374714046057644e-01
1.293274363275888350e-01
1.253622083269788079e-01
1.252096995577245686e-01
1.310050327893853839e-01
1.329876467896904113e-01
1.232270855574195551e-01
1.284123837120634548e-01
1.230745767881653158e-01
1.253622083269788079e-01
1.230745767881653158e-01
1.253622083269788079e-01
1.168217172487417965e-01
1.218545066341314570e-01
1.215494890956229923e-01
1.197193838645722180e-01
1.143815769406740929e-01
1.195668750953179787e-01
1.204819277108433728e-01
1.192618575568095141e-01
1.134665243251486988e-01
1.186518224797925847e-01
1.197193838645722180e-01
1.154491383254537124e-01
1.159066646332164163e-01
1.133140155558944595e-01
1.123989629403690654e-01
1.116364190940979106e-01
1.139240506329113889e-01
1.078236998627421089e-01
1.117889278633521360e-01
1.104163489400640519e-01
1.069086472472167149e-01
1.099588226323013618e-01
1.026384017080982092e-01
1.070611560164709403e-01
1.085862437090132637e-01
1.133140155558944595e-01
1.062986121701997855e-01
1.021808754003355191e-01
1.066036297087082502e-01
1.026384017080982092e-01
9.958822632301357614e-02
1.018758578618270544e-01
1.014183315540643643e-01
1.006557877077931956e-01
1.027909104773524485e-01
1.018758578618270544e-01
9.699557724569163319e-02
9.821564739972547808e-02
9.562299832240353514e-02
9.623303339942046453e-02
9.653805093792892922e-02
9.379289309135274699e-02
9.989324386152204083e-02
9.318285801433581761e-02
1.008082964770474349e-01
9.028519139850540998e-02
9.882568247674240747e-02
9.501296324538660576e-02
9.455543693762391566e-02
9.501296324538660576e-02
9.577550709165777443e-02
8.815006862894617101e-02
9.272533170657312751e-02
9.287784047582736680e-02
9.181027909104773344e-02
9.272533170657312751e-02
9.318285801433581761e-02
8.967515632148848059e-02
9.043770016775964926e-02
8.692999847491231225e-02
8.937013878298001590e-02
8.601494585938691817e-02
8.784505109043770632e-02
8.601494585938691817e-02
8.479487570535305940e-02
8.723501601342077694e-02
8.509989324386152409e-02
9.211529662955619813e-02
9.028519139850540998e-02
8.555741955162421419e-02
8.342229678206497523e-02
8.723501601342077694e-02
8.448985816684459471e-02
8.143968278175994779e-02
8.006710385847186362e-02
8.281226170504804585e-02
7.976208631996339893e-02
8.052463016623455372e-02
8.128717401250572239e-02
7.671191093487875201e-02
8.037212139698032831e-02
7.427177062681104835e-02
7.960957755070915964e-02
7.503431447308220315e-02
7.335671801128565428e-02
7.899954247369224414e-02
7.823699862742107547e-02
7.838950739667531475e-02
7.777947231965838537e-02
7.945706878145493424e-02
7.960957755070915964e-02
7.747445478114992068e-02
7.930456001220069495e-02
7.899954247369224414e-02
7.945706878145493424e-02
7.411926185755680907e-02
7.594936708860759722e-02
7.533933201159066784e-02
7.686441970413299130e-02
7.838950739667531475e-02
7.594936708860759722e-02
7.457678816531949917e-02
7.442427939606527376e-02
7.503431447308220315e-02
7.198413908799755623e-02
7.305170047277718959e-02
7.610187585786182263e-02
7.335671801128565428e-02
7.457678816531949917e-02
7.686441970413299130e-02
7.671191093487875201e-02
7.350922678053987969e-02
7.076406893396369746e-02
6.954399877992985257e-02
6.984901631843830339e-02
6.527375324081134689e-02
6.756138477962482514e-02
6.893396370291292319e-02
6.451120939454019210e-02
6.481622693304865679e-02
6.695134970260789575e-02
6.313863047125209405e-02
6.374866554826902343e-02
6.329113924050633333e-02
6.527375324081134689e-02
6.435870062528595281e-02
6.085099893243861580e-02
6.100350770169284814e-02
6.573127954857403699e-02
6.085099893243861580e-02
6.252859539423516466e-02
5.886838493213359530e-02
5.993594631691322172e-02
6.054598139393015110e-02
6.313863047125209405e-02
6.146103400945554518e-02
6.008845508616745407e-02
5.886838493213359530e-02
5.780082354735397582e-02
6.191856031721824222e-02
5.810584108586244051e-02
5.414061308525239952e-02
5.673326216257434940e-02
5.673326216257434940e-02
5.780082354735397582e-02
5.520817447003202594e-02
5.505566570077779359e-02
6.024096385542168641e-02
5.536068323928625828e-02
5.642824462406588470e-02
5.764831477809974347e-02
5.825834985511666592e-02
5.734329723959127878e-02
5.719078847033704643e-02
5.719078847033704643e-02
5.810584108586244051e-02
5.520817447003202594e-02
5.642824462406588470e-02
5.673326216257434940e-02
5.581820954704895532e-02
5.993594631691322172e-02
5.917340247064205999e-02
5.658075339332011705e-02
5.597071831630318767e-02
5.719078847033704643e-02
5.505566570077779359e-02
5.810584108586244051e-02
5.673326216257434940e-02
5.459813939301509655e-02
5.490315693152356125e-02
5.597071831630318767e-02
5.459813939301509655e-02
5.734329723959127878e-02
5.276803416196431534e-02
5.658075339332011705e-02
5.459813939301509655e-02
5.444563062376086421e-02
5.383559554674393482e-02
5.261552539271008300e-02
5.307305170047278003e-02
5.551319200854049063e-02
5.505566570077779359e-02
5.429312185450663186e-02
5.429312185450663186e-02
5.185298154643892127e-02
5.215799908494738596e-02
5.322556046972701238e-02
5.292054293121854769e-02
