1.000000000000000000e+00
7.842340511986997109e-01
7.476635514018691309e-01
7.192198293376675933e-01
6.850873628606257704e-01
6.887444128403088506e-01
6.371393742381146197e-01
6.407964242177975889e-01
6.074766355140186480e-01
5.989435188947582756e-01
5.786265745631856694e-01
5.550589191385615351e-01
5.363673303535148040e-01
5.306785859406745187e-01
5.172694026818366320e-01
4.945144250304754352e-01
4.762291751320601452e-01
4.709467696058513009e-01
4.709467696058513009e-01
4.465664364079642290e-01
4.323445753758634602e-01
4.238114587566030322e-01
4.323445753758634602e-01
4.242177976432344733e-01
4.193417310036570700e-01
4.091832588378707669e-01
4.026818366517675996e-01
3.856156034132466326e-01
3.811458756603006703e-01
3.848029256399837505e-01
3.762698090207232671e-01
3.787078423405119687e-01
3.750507923608289440e-01
3.644859813084111999e-01
3.437626980902072082e-01
3.563592035757822130e-01
3.421373425436814442e-01
3.466070702966274064e-01
3.380739536773669229e-01
3.388866314506298050e-01
3.327915481511580786e-01
3.222267370987403345e-01
3.323852092645266376e-01
3.173506704591629313e-01
3.360422592442096623e-01
3.124746038195855280e-01
3.084112149532710068e-01
3.112555871596912049e-01
3.035351483136936035e-01
2.925639983746444739e-01
2.868752539618041331e-01
2.901259650548557723e-01
2.897196261682242757e-01
2.710280373831775447e-01
2.641202763104429363e-01
2.665583096302316379e-01
2.763104429093864445e-01
2.661519707436001414e-01
2.645266151970743773e-01
2.596505485574969740e-01
2.698090207232832216e-01
2.620885818772856757e-01
2.555871596911824528e-01
2.624949207639171167e-01
2.523364485981308136e-01
2.454286875253961775e-01
2.454286875253961775e-01
2.486793986184477889e-01
2.320195042665583185e-01
2.320195042665583185e-01
2.381145875660300726e-01
2.291751320601381481e-01
2.230800487606663940e-01
2.352702153596099022e-01
2.348638764729784612e-01
2.182039821210889907e-01
2.060138155221454825e-01
2.129215765948801187e-01
2.104835432750914170e-01
2.129215765948801187e-01
1.950426655830962974e-01
1.905729378301503352e-01
1.926046322633075958e-01
1.970743600162535580e-01
1.926046322633075958e-01
2.011377488825680515e-01
1.889475822836245433e-01
1.913856156034132450e-01
1.885412433969931023e-01
1.901665989435188941e-01
1.869158878504672827e-01
1.917919544900446860e-01
1.848841934173100499e-01
1.779764323445753860e-01
1.796017878911011778e-01
1.804144656643640876e-01
1.796017878911011778e-01
1.844778545306785811e-01
1.836651767574156713e-01
1.771637545713124762e-01
1.889475822836245433e-01
1.836651767574156713e-01
1.714750101584721631e-01
1.743193823648923335e-01
1.779764323445753860e-01
1.796017878911011778e-01
1.649735879723689680e-01
1.718813490451036041e-01
1.726940268183665139e-01
1.702559934985778123e-01
1.625355546525802386e-01
1.580658268996343041e-01
1.572531491263713943e-01
1.625355546525802386e-01
1.609101991060544468e-01
1.511580658268996402e-01
1.609101991060544468e-01
1.576594880130028353e-01
1.507517269402681714e-01
1.450629825274278861e-01
1.548151158065826927e-01
1.519707436001625223e-01
1.499390491670052894e-01
1.556277935798456025e-01
1.503453880536367304e-01
1.535960991466883419e-01
1.438439658675335353e-01
1.458756603006907682e-01
1.414059325477448059e-01
1.454693214140593271e-01
1.357171881349045206e-01
1.434376269809020665e-01
1.564404713531084845e-01
1.523770824867939910e-01
1.438439658675335353e-01
1.381552214546932222e-01
1.442503047541649763e-01
1.300284437220642075e-01
1.393742381145875731e-01
1.324664770418529092e-01
1.267777326290125961e-01
1.340918325883787010e-01
1.296221048354327388e-01
1.353108492482730518e-01
1.308411214953270896e-01
1.324664770418529092e-01
1.182446160097521265e-01
1.198699715562779322e-01
1.166192604632263347e-01
1.275904104022755059e-01
1.279967492889069469e-01
1.141812271434376330e-01
1.267777326290125961e-01
1.284030881755383879e-01
1.271840715156440371e-01
1.210889882161722830e-01
1.231206826493295436e-01
1.166192604632263347e-01
1.178382771231206855e-01
1.137748882568061781e-01
1.154002438033319838e-01
1.101178382771231257e-01
1.125558715969118273e-01
1.133685493701747232e-01
1.190572937830150363e-01
1.088988216172287748e-01
1.137748882568061781e-01
1.048354327509142675e-01
1.129622104835432683e-01
1.052417716375457085e-01
1.023973994311255520e-01
1.121495327102803724e-01
1.109305160503860216e-01
1.052417716375457085e-01
1.015847216578626561e-01
1.028037383177570069e-01
1.093051605038602159e-01
9.955302722470540933e-02
1.036164160910199167e-01
9.711499390491669381e-02
9.467696058512799218e-02
9.711499390491669381e-02
8.980089394555058890e-02
8.939455505891913401e-02
8.980089394555058890e-02
9.101991060544493972e-02
9.020723283218204380e-02
9.142624949207639462e-02
9.630231613165379789e-02
9.345794392523364136e-02
9.142624949207639462e-02
9.589597724502234299e-02
8.655018285249897747e-02
9.223892726533929054e-02
8.167411621292157420e-02
8.411214953271027583e-02
8.533116619260462665e-02
9.142624949207639462e-02
8.126777732629011930e-02
9.061357171881348482e-02
9.711499390491669381e-02
8.898821617228769298e-02
8.329947175944737991e-02
8.370581064607883481e-02
8.858187728565623809e-02
8.533116619260462665e-02
8.045509955302722338e-02
7.598537180008126113e-02
9.183258837870783564e-02
8.208045509955302910e-02
8.126777732629011930e-02
8.573750507923608155e-02
7.720438845997562582e-02
8.208045509955302910e-02
8.248679398618448400e-02
7.354733848029255949e-02
7.923608289313287256e-02
8.411214953271027583e-02
8.248679398618448400e-02
7.476635514018691031e-02
7.151564404713531276e-02
7.395367736692401439e-02
7.395367736692401439e-02
7.232832182039820867e-02
7.110930516050385786e-02
7.679804957334417093e-02
7.517269402681836521e-02
7.354733848029255949e-02
7.354733848029255949e-02
7.801706623323852174e-02
7.192198293376676765e-02
7.842340511986997664e-02
6.704591629418935050e-02
7.882974400650141766e-02
7.436001625355546929e-02
6.582689963429499969e-02
7.476635514018691031e-02
7.436001625355546929e-02
6.948394961397805214e-02
6.542056074766354479e-02
6.338886631450629805e-02
6.298252742787484315e-02
6.542056074766354479e-02
5.973181633482324560e-02
6.460788297440064887e-02
6.460788297440064887e-02
6.338886631450629805e-02
6.907761072734661112e-02
6.420154408776919397e-02
6.257618854124340213e-02
6.582689963429499969e-02
6.379520520113775295e-02
6.176351076798049233e-02
6.826493295408370132e-02
6.298252742787484315e-02
5.851279967492888784e-02
5.688744412840308906e-02
6.013815522145469356e-02
5.932547744819179070e-02
6.216984965461194723e-02
6.460788297440064887e-02
6.054449410808614152e-02
6.663957740755790948e-02
5.851279967492888784e-02
5.607476635514018620e-02
5.404307192198293253e-02
5.932547744819179070e-02
5.566842746850873824e-02
5.444941080861438742e-02
5.729378301503453702e-02
5.404307192198293253e-02
5.485574969524583538e-02
5.241771637545713375e-02
5.566842746850873824e-02
5.932547744819179070e-02
5.363673303535148457e-02
5.079236082893132803e-02
5.282405526208858171e-02
4.713531084924827558e-02
4.997968305566842517e-02
5.079236082893132803e-02
5.241771637545713375e-02
5.119869971556277599e-02
5.119869971556277599e-02
5.160503860219423089e-02
5.770012190166599192e-02
5.566842746850873824e-02
5.363673303535148457e-02
5.038602194229988007e-02
5.038602194229988007e-02
5.201137748882567885e-02
4.997968305566842517e-02
5.038602194229988007e-02
4.876066639577407436e-02
5.241771637545713375e-02
5.526208858187728334e-02
4.997968305566842517e-02
4.754164973587972354e-02
5.079236082893132803e-02
4.957334416903697721e-02
5.323039414872002967e-02
4.997968305566842517e-02
5.201137748882567885e-02
5.160503860219423089e-02
4.997968305566842517e-02
4.997968305566842517e-02
4.754164973587972354e-02
4.713531084924827558e-02
5.160503860219423089e-02
4.672897196261682068e-02
4.388459975619667108e-02
5.079236082893132803e-02
5.038602194229988007e-02
4.185290532303941741e-02
5.038602194229988007e-02
5.282405526208858171e-02
4.307192198293376822e-02
4.550995530272246986e-02
5.079236082893132803e-02
4.916700528240552925e-02
4.713531084924827558e-02
4.510361641609102190e-02
4.876066639577407436e-02
4.591629418935391782e-02
4.266558309630231333e-02
4.347826086956521618e-02
4.672897196261682068e-02
4.347826086956521618e-02
4.997968305566842517e-02
4.469727752945956700e-02
4.672897196261682068e-02
4.754164973587972354e-02
5.160503860219423089e-02
4.876066639577407436e-02
4.469727752945956700e-02
4.307192198293376822e-02
4.429093864282811904e-02
4.429093864282811904e-02
3.941487200325070883e-02
4.144656643640796251e-02
4.510361641609102190e-02
4.510361641609102190e-02
4.266558309630231333e-02
4.347826086956521618e-02
3.941487200325070883e-02
4.225924420967086537e-02
4.185290532303941741e-02
3.697683868346200720e-02
3.860219422998781291e-02
4.022754977651361169e-02
3.575782202356765638e-02
4.225924420967086537e-02
3.819585534335635801e-02
3.657049979683055924e-02
3.860219422998781291e-02
3.657049979683055924e-02
4.063388866314505965e-02
3.860219422998781291e-02
3.657049979683055924e-02
3.900853311661926087e-02
4.144656643640796251e-02
3.941487200325070883e-02
4.347826086956521618e-02
4.144656643640796251e-02
4.063388866314505965e-02
3.860219422998781291e-02
4.063388866314505965e-02
3.941487200325070883e-02
3.982121088988216373e-02
3.778951645672491005e-02
3.657049979683055924e-02
4.266558309630231333e-02
3.697683868346200720e-02
3.128809427062170107e-02
3.128809427062170107e-02
2.763104429093864167e-02
3.291344981714749984e-02
4.104022754977651455e-02
3.413246647704185066e-02
3.900853311661926087e-02
3.413246647704185066e-02
3.088175538399024617e-02
3.738317757009345516e-02
3.169443315725314902e-02
3.657049979683055924e-02
3.819585534335635801e-02
3.494514425030475352e-02
3.453880536367330556e-02
4.022754977651361169e-02
3.860219422998781291e-02
3.331978870377895474e-02
3.575782202356765638e-02
3.128809427062170107e-02
3.331978870377895474e-02
3.494514425030475352e-02
3.616416091019910434e-02
3.575782202356765638e-02
3.535148313693620148e-02
3.778951645672491005e-02
3.860219422998781291e-02
3.575782202356765638e-02
