1.000000000000000000e+00
8.945994452602381575e-01
8.520150106053189232e-01
8.376570403002121523e-01
8.339043889704682577e-01
8.095937347038668630e-01
8.038831783325175451e-01
7.836514929025941711e-01
7.852830804372654683e-01
7.653777125142764426e-01
7.474302496328928402e-01
7.457986620982215431e-01
7.208353728177516739e-01
7.234459128732256827e-01
7.227932778593572083e-01
7.097405775819872753e-01
7.041931799641050205e-01
6.935878609887420332e-01
6.806983194648392743e-01
6.834720182737803462e-01
6.857562408223201178e-01
6.629140153369228461e-01
6.513297438407570361e-01
6.425191711535324091e-01
6.293033121226954130e-01
6.289769946157611757e-01
6.389296785772556886e-01
6.221243269701419720e-01
6.076031979115679160e-01
6.093979441997062763e-01
5.924294338391254966e-01
6.048294991026268441e-01
5.875346712351117162e-01
5.834557023984336954e-01
5.831293848914994582e-01
5.810083210964268607e-01
5.788872573013542633e-01
5.632240169685103215e-01
5.723609071626692968e-01
5.695872083537282249e-01
5.470713003752650794e-01
5.400554739761788126e-01
5.501713166911404995e-01
5.421765377712514100e-01
5.270027736988089906e-01
5.247185511502692190e-01
5.260238211780061679e-01
5.209658998205253244e-01
5.098711045847609258e-01
5.193343122858541383e-01
5.054658182411486678e-01
5.039973894599445448e-01
5.157448197095774178e-01
4.942078642519170950e-01
5.000815793767335871e-01
4.884973078805677771e-01
4.860499265785609424e-01
4.782183064121390270e-01
4.793604176864088573e-01
4.676129874367759842e-01
4.769130363844020226e-01
4.663077174090389798e-01
4.571708272148800600e-01
4.620655898188937849e-01
4.651656061347691495e-01
4.557023984336759925e-01
4.511339533365965049e-01
4.410181106216348734e-01
4.534181758851362209e-01
4.535813346386033396e-01
4.354707130037526741e-01
4.374286180453581530e-01
4.379180943057595088e-01
4.274759340838635846e-01
4.313917441670745423e-01
4.291075216185348262e-01
4.240496002610539827e-01
4.057758198727361987e-01
4.044705498449991943e-01
4.093653124490128636e-01
4.020231685429923041e-01
4.108337412302169867e-01
3.951705008973731559e-01
3.974547234459128719e-01
3.982705172132484650e-01
3.896231032794909566e-01
3.817914831130690412e-01
3.866862457170827105e-01
3.821178006200032784e-01
3.684124653287648710e-01
3.780388317833252021e-01
3.718387991515744728e-01
3.692282590961005195e-01
3.631913852178169089e-01
3.674335128079621593e-01
3.671071953010279221e-01
3.697177353565018754e-01
3.613966389296786041e-01
3.527492249959210402e-01
3.640071789851525574e-01
3.538913362701908705e-01
3.561755588187306421e-01
3.535650187632566332e-01
3.498123674335127942e-01
3.511176374612497986e-01
3.489965736661772011e-01
3.303964757709251243e-01
3.387175721977483955e-01
3.382280959373470397e-01
3.406754772393538744e-01
3.406754772393538744e-01
3.400228422254853999e-01
3.383912546908141583e-01
3.292543644966552385e-01
3.352912383749387937e-01
3.264806656877141666e-01
3.305596345243922429e-01
3.295806820035894757e-01
3.264806656877141666e-01
3.173437754935552468e-01
3.248490781530429250e-01
3.209332680698319673e-01
3.086963615597976829e-01
3.072279327785935599e-01
3.070647740251264413e-01
3.109805841083373990e-01
3.142437591776798822e-01
3.054331864904551996e-01
3.101647903410018059e-01
2.997226301191058817e-01
3.011910589003100047e-01
3.007015826399086489e-01
3.016805351607113606e-01
2.972752488170990470e-01
2.874857236090716528e-01
2.899331049110784875e-01
2.951541850220264496e-01
2.852015010605318812e-01
2.894436286506771316e-01
2.858541360744004112e-01
2.821014847446565721e-01
2.922173274596182035e-01
2.822646434981236907e-01
2.817751672377222794e-01
2.790014684287812075e-01
2.772067221406428472e-01
2.891173111437428389e-01
2.835699135258606396e-01
2.708435307554250548e-01
2.744330233317017198e-01
2.745961820851688939e-01
2.711698482623592921e-01
2.747593408386360125e-01
2.752488170990373684e-01
2.718224832762277665e-01
2.716593245227606479e-01
2.710066895088921735e-01
2.737803883178332454e-01
2.695382607276880504e-01
2.669277206722140416e-01
2.636645456028716139e-01
2.617066405612661351e-01
2.631750693424702026e-01
2.504486865720345623e-01
2.581171479849894146e-01
2.558329254364496430e-01
2.537118616413770456e-01
2.558329254364496430e-01
2.528960678740414525e-01
2.458802414749551302e-01
2.416381138848099075e-01
2.413117963778756703e-01
2.434328601729482677e-01
2.408223201174743144e-01
2.383749388154674520e-01
2.414749551313427889e-01
2.375591450481318312e-01
2.421275901452112911e-01
2.356012400065263523e-01
2.364170337738619732e-01
2.385380975689345706e-01
2.357643987599934710e-01
2.246696035242290723e-01
2.294012073747756508e-01
2.347854462391907315e-01
2.284222548539729114e-01
2.256485560450318117e-01
2.295643661282427694e-01
2.228748572360907121e-01
2.248327622776961909e-01
2.222222222222222099e-01
2.189590471528797544e-01
2.209169521944852332e-01
2.233643334964920957e-01
2.227116984826235935e-01
2.191222059063468730e-01
2.205906346875509960e-01
2.276064610866372906e-01
2.127590145211290529e-01
2.152063958231359153e-01
2.139011257953989109e-01
2.142274433023331759e-01
2.063958231359112327e-01
2.096589982052537160e-01
2.019905367922989192e-01
2.057431881220427583e-01
2.023168542992331564e-01
2.098221569587208346e-01
2.032958068200358959e-01
2.049273943547071375e-01
2.055800293685756119e-01
1.949747103932125969e-01
2.021536955457660378e-01
2.034589655735030145e-01
1.966062979278838385e-01
1.970957741882851944e-01
1.962799804209495735e-01
1.961168216674824549e-01
1.913852178169358764e-01
1.892641540218632790e-01
1.902431065426660184e-01
1.915483765704029950e-01
1.902431065426660184e-01
1.881220427475934209e-01
1.877957252406591560e-01
1.838799151574481983e-01
1.913852178169358764e-01
1.837167564039810796e-01
1.910589003100016392e-01
1.894273127753303976e-01
1.858378201990536771e-01
1.811062163485070986e-01
1.767009300048947573e-01
1.788219937999673548e-01
1.773535650187632595e-01
1.815956926089084544e-01
1.838799151574481983e-01
1.895904715287975162e-01
1.796377875673029756e-01
1.829009626366454588e-01
1.811062163485070986e-01
1.820851688693098380e-01
1.742535487028879226e-01
1.798009463207701220e-01
1.830641213901125774e-01
1.762114537444934015e-01
1.716430086474139416e-01
1.786588350465002362e-01
1.757219774840920179e-01
1.727851199216837996e-01
1.762114537444934015e-01
1.667482460434002167e-01
1.647903410017947379e-01
1.682166748246043397e-01
1.691956273454070792e-01
1.695219448523413164e-01
1.607113721651166616e-01
1.678903573176701025e-01
1.691956273454070792e-01
1.612008484255180174e-01
1.623429596997879032e-01
1.682166748246043397e-01
1.649534997552618565e-01
1.665850872899330981e-01
1.727851199216837996e-01
1.721324849078152974e-01
1.595692608908468035e-01
1.646271822483276193e-01
1.646271822483276193e-01
1.602218959047152780e-01
1.546744982868330787e-01
1.553271333007015809e-01
1.582639908631097991e-01
1.587534671235111827e-01
1.587534671235111827e-01
1.571218795888399411e-01
1.550008157937673436e-01
1.515744819709577418e-01
1.523902757382933626e-01
1.530429107521618648e-01
1.564692445749714389e-01
1.535323870125632206e-01
1.533692282590961020e-01
1.510850057105563582e-01
1.546744982868330787e-01
1.461902431065426611e-01
1.479849893946810213e-01
1.488007831620166421e-01
1.461902431065426611e-01
1.479849893946810213e-01
1.440691793114700636e-01
1.522271169848262440e-01
1.494534181758851443e-01
1.489639419154837607e-01
1.455376080926741589e-01
1.468428781204111633e-01
1.409691629955947267e-01
1.443954968184043008e-01
1.416217980094632012e-01
1.411323217490618454e-01
1.422744330233317034e-01
1.465165606134769261e-01
1.398270517213248409e-01
1.401533692282591059e-01
1.386849404470549829e-01
1.419481155163974662e-01
1.393375754609234851e-01
1.364007178985152668e-01
1.344428128569097602e-01
1.367270354054495041e-01
1.288954152390275609e-01
1.319954315549029256e-01
1.333007015826399022e-01
1.293848914994289445e-01
1.359112416381138833e-01
1.213901125795398966e-01
1.298743677598303281e-01
1.275901452112905843e-01
1.280796214716919679e-01
1.262848751835536076e-01
1.277533039647577029e-01
1.279164627182248215e-01
1.271006689508892284e-01
1.257953989231522240e-01
1.246532876488823660e-01
1.249796051558166032e-01
1.217164300864741339e-01
1.262848751835536076e-01
1.238374938815467452e-01
1.223690651003426361e-01
1.243269701419481149e-01
1.222059063468755036e-01
1.257953989231522240e-01
1.246532876488823660e-01
1.238374938815467452e-01
1.238374938815467452e-01
1.186164137705987970e-01
1.226953826072768872e-01
1.222059063468755036e-01
1.220427475934083850e-01
1.254690814162179868e-01
1.220427475934083850e-01
1.213901125795398966e-01
1.194322075379344039e-01
1.212269538260727642e-01
1.202480013052700247e-01
1.282427802251590865e-01
1.186164137705987970e-01
1.226953826072768872e-01
1.204111600587371572e-01
1.153532387012563276e-01
1.217164300864741339e-01
1.168216674824604367e-01
1.163321912220590670e-01
1.181269375101974273e-01
1.163321912220590670e-01
1.184532550171316645e-01
1.176374612497960576e-01
1.158427149616576973e-01
1.176374612497960576e-01
1.080110947952357681e-01
1.145374449339207068e-01
1.129058573992494652e-01
1.114374286180453560e-01
1.117637461249796071e-01
1.089900473160385075e-01
1.124163811388480955e-01
1.138848099200522046e-01
1.122532223853809769e-01
1.104584760972426166e-01
1.080110947952357681e-01
1.075216185348343984e-01
1.094795235764398772e-01
1.076847772883015170e-01
1.080110947952357681e-01
1.091532060695056261e-01
1.093163648229727586e-01
1.078479360417686356e-01
1.091532060695056261e-01
1.107847936041768677e-01
1.058900310001631567e-01
1.081742535487028867e-01
1.101321585903083655e-01
1.078479360417686356e-01
1.129058573992494652e-01
1.129058573992494652e-01
1.063795072605645264e-01
1.091532060695056261e-01
1.058900310001631567e-01
1.058900310001631567e-01
1.060531897536302753e-01
1.042584434654919290e-01
1.060531897536302753e-01
1.063795072605645264e-01
1.101321585903083655e-01
1.052373959862946684e-01
1.045847609724261662e-01
1.057268722466960381e-01
1.067058247674987775e-01
1.050742372328275359e-01
1.027900146842878060e-01
