1.000000000000000000e+00
8.400093698758491767e-01
7.849613492621222433e-01
7.608339189505739508e-01
7.383462169126259189e-01
7.151557741859920769e-01
6.856406652611852781e-01
6.699461232138673727e-01
6.779105176856407011e-01
6.563598032326071197e-01
6.362145701569453804e-01
6.294214101663152539e-01
6.237994846568283291e-01
6.031857577887093091e-01
5.750761302412743525e-01
5.830405247130475699e-01
5.577418599203560756e-01
5.563363785429843444e-01
5.441555399390958225e-01
5.258842820332630952e-01
5.279925040993206364e-01
5.223705785898337117e-01
5.186226282501756879e-01
5.146404310142890237e-01
5.055048020613727155e-01
5.019910986179433321e-01
4.834855938158819644e-01
4.949636917310845652e-01
4.713047552119934425e-01
4.708362614195362172e-01
4.605293979854767072e-01
4.448348559381588019e-01
4.364019676739283038e-01
4.544389786835324463e-01
4.218786601077535448e-01
4.129772780510658214e-01
4.237526352775825567e-01
4.207074256266104539e-01
4.204731787303818136e-01
4.052471304755211889e-01
4.024361677207777266e-01
3.951745139376903193e-01
4.085265870227219320e-01
3.879128601546029675e-01
3.825251815413445722e-01
3.832279222300304378e-01
3.764347622394003112e-01
3.696416022487701847e-01
3.642539236355118448e-01
3.640196767392832045e-01
3.455141719372218367e-01
3.509018505504802321e-01
3.459826657296790620e-01
3.375497774654485639e-01
3.445771843523073308e-01
3.394237526352775758e-01
3.356758022956196075e-01
3.345045678144764612e-01
3.232607167955024452e-01
3.319278519559615837e-01
3.260716795502459631e-01
3.213867416256734333e-01
3.223237292105879392e-01
3.195127664558444769e-01
3.152963223237292278e-01
3.101428906066994728e-01
3.138908409463574412e-01
3.061606933708128642e-01
3.063949402670414490e-01
3.007730147575544688e-01
2.984305457952682317e-01
3.012415085500116940e-01
2.925743733895526111e-01
2.916373858046381051e-01
3.007730147575544688e-01
2.862497071913797098e-01
2.813305223705785951e-01
2.733661278988053223e-01
2.700866713516045792e-01
2.646989927383462393e-01
2.750058561724056938e-01
2.731318810025767374e-01
2.618880299836027215e-01
2.581400796439446976e-01
2.665729679081751957e-01
2.646989927383462393e-01
2.539236355118294486e-01
2.522839072382290770e-01
2.569688451628016068e-01
2.513469196533145711e-01
2.461934879362848438e-01
2.354181307097681086e-01
2.452565003513703379e-01
2.349496369173108556e-01
2.309674396814242192e-01
2.272194893417662231e-01
2.234715390021082271e-01
2.297962052002811006e-01
2.349496369173108556e-01
2.192550948699929780e-01
2.286249707191379821e-01
2.159756383227922349e-01
2.155071445303349820e-01
2.155071445303349820e-01
2.122276879831342111e-01
2.026235652377605945e-01
2.124619348793628515e-01
2.089482314359334680e-01
2.084797376434762151e-01
2.112907003982197329e-01
2.063715155774185905e-01
1.974701335207308395e-01
2.052002810962754720e-01
2.005153431717029699e-01
1.979386273131880924e-01
2.000468493792457170e-01
1.944249238697587367e-01
1.951276645584446023e-01
1.927851955961583374e-01
1.897399859451862347e-01
1.904427266338721003e-01
1.925509486999297248e-01
1.890372452565003414e-01
1.888029983602717288e-01
1.885687514640430884e-01
1.831810728507847208e-01
1.820098383696416022e-01
1.796673694073553651e-01
1.822440852658702148e-01
1.817755914734129896e-01
1.794331225111267247e-01
1.784961349262122188e-01
1.787303818224408591e-01
1.738111970016397168e-01
1.728742094167252386e-01
1.761536659639259816e-01
1.759194190676973413e-01
1.834153197470133612e-01
1.738111970016397168e-01
1.759194190676973413e-01
1.719372218318107326e-01
1.789646287186694718e-01
1.738111970016397168e-01
1.733427032091824915e-01
1.686577652846099895e-01
1.681892714921527365e-01
1.602248770203794914e-01
1.693605059732958551e-01
1.705317404544389737e-01
1.665495432185523650e-01
1.623330990864371159e-01
1.567111735769501080e-01
1.560084328882642424e-01
1.569454204731787206e-01
1.606933708128367166e-01
1.576481611618646139e-01
1.485125322089482225e-01
1.471070508315764913e-01
1.492152728976341158e-01
1.513234949636917404e-01
1.459358163504333450e-01
1.466385570391192383e-01
1.445303349730616138e-01
1.496837666900913688e-01
1.475755446240337443e-01
1.449988287655188668e-01
1.442960880768329734e-01
1.405481377371749774e-01
1.400796439447177244e-01
1.426563598032326019e-01
1.323494963691731197e-01
1.384399156711173529e-01
1.346919653314593568e-01
1.358631998126024754e-01
1.344577184352307442e-01
1.328179901616303449e-01
1.314125087842586137e-01
1.353947060201452224e-01
1.316467556804872263e-01
1.271960646521433647e-01
1.332864839540875979e-01
1.267275708596861117e-01
1.321152494729444793e-01
1.281330522370578706e-01
1.332864839540875979e-01
1.243851018973998607e-01
1.199344108690559851e-01
1.222768798313422361e-01
1.274303115483719773e-01
1.236823612087139812e-01
1.264933239634574713e-01
1.295385336144296018e-01
1.262590770672288587e-01
1.297727805106582422e-01
1.222768798313422361e-01
1.201686577652846116e-01
1.213398922464277302e-01
1.175919419067697341e-01
1.267275708596861117e-01
1.246193487936284872e-01
1.178261888029983606e-01
1.161864605293979891e-01
1.129070039821972321e-01
1.117357695010541135e-01
1.213398922464277302e-01
1.166549543218552420e-01
1.122042632935113665e-01
1.154837198407121096e-01
1.098617943312251155e-01
1.157179667369407361e-01
1.093933005387678625e-01
1.072850784727102380e-01
1.103302881236823546e-01
1.110330288123682341e-01
1.079878191613961175e-01
1.079878191613961175e-01
1.086905598500819831e-01
1.086905598500819831e-01
1.072850784727102380e-01
1.093933005387678625e-01
1.065823377840243585e-01
1.122042632935113665e-01
1.098617943312251155e-01
1.047083626141953605e-01
9.978917779339423200e-02
1.075193253689388645e-01
1.079878191613961175e-01
1.018973998594518565e-01
1.063480908877957321e-01
1.030686343405949890e-01
1.075193253689388645e-01
1.030686343405949890e-01
1.075193253689388645e-01
1.079878191613961175e-01
1.040056219255094810e-01
1.016631529632232439e-01
1.009604122745373644e-01
1.044741157179667340e-01
9.885219020847973992e-02
1.096275474349964890e-01
9.885219020847973992e-02
9.791520262356523396e-02
9.440149918013586439e-02
9.229327711407823986e-02
1.000234246896228585e-01
1.044741157179667340e-01
9.580698055750760944e-02
1.026001405481377360e-01
1.049426095104239870e-01
9.978917779339423200e-02
1.051768564066526135e-01
9.768095572733660747e-02
9.486999297259311736e-02
1.011946591707659909e-01
9.908643710470836641e-02
9.416725228390723790e-02
9.393300538767861141e-02
9.697821503865074189e-02
9.486999297259311736e-02
8.995080815179198885e-02
9.440149918013586439e-02
9.791520262356523396e-02
8.877957367064887029e-02
9.533848676505035646e-02
9.088779573670649481e-02
9.463574607636449088e-02
9.627547434996486242e-02
8.831107987819161731e-02
9.369875849144998492e-02
8.971656125556336236e-02
8.971656125556336236e-02
8.456312953853362124e-02
9.159053642539236040e-02
8.713984539704848487e-02
9.416725228390723790e-02
8.526587022721948683e-02
8.268915436870460933e-02
8.362614195361911529e-02
8.690559850081985838e-02
8.011243851018974571e-02
8.503162333099086034e-02
8.620285781213399279e-02
8.643710470836261928e-02
8.643710470836261928e-02
8.526587022721948683e-02
8.104942609510423779e-02
8.550011712344811332e-02
8.151791988756149077e-02
7.847271023658936029e-02
7.753572265167486821e-02
7.800421644413212119e-02
7.495900679315999071e-02
8.034668540641835832e-02
8.315764816116186231e-02
8.550011712344811332e-02
8.198641368001874374e-02
8.081517919887561130e-02
7.987819161396111922e-02
8.081517919887561130e-02
7.847271023658936029e-02
8.034668540641835832e-02
8.315764816116186231e-02
7.636448817053173577e-02
7.870695713281798678e-02
7.730147575544624172e-02
7.449051300070273773e-02
7.753572265167486821e-02
7.823846334036073380e-02
7.355352541578824566e-02
7.449051300070273773e-02
7.730147575544624172e-02
7.917545092527523976e-02
7.800421644413212119e-02
8.058093230264698481e-02
7.894120402904661327e-02
7.847271023658936029e-02
7.987819161396111922e-02
7.519325368938861720e-02
7.519325368938861720e-02
7.917545092527523976e-02
7.472475989693136422e-02
7.519325368938861720e-02
7.214804403841648672e-02
6.933708128367299661e-02
6.957132817990162310e-02
6.629187163270086613e-02
7.378777231201687214e-02
7.308503162333099268e-02
6.769735301007261119e-02
7.027406886858748869e-02
7.167955024595924762e-02
6.746310611384398470e-02
6.910283438744437012e-02
7.121105645350199465e-02
7.285078472710236619e-02
6.605762473647223965e-02
6.512063715155774757e-02
6.652611852892949262e-02
6.676036542515811911e-02
6.582337784024361316e-02
7.003982197235886220e-02
6.512063715155774757e-02
6.793159990630123768e-02
6.933708128367299661e-02
6.394940267041461512e-02
6.512063715155774757e-02
6.277816818927149656e-02
6.441789646287186810e-02
6.301241508550012305e-02
6.371515577418598864e-02
6.371515577418598864e-02
5.949871164207073959e-02
5.879597095338486706e-02
6.043569922698524555e-02
6.558913094401498667e-02
6.535488404778636018e-02
6.441789646287186810e-02
6.488639025532912108e-02
6.629187163270086613e-02
6.371515577418598864e-02
5.926446474584212004e-02
6.348090887795736215e-02
5.739048957601311507e-02
5.949871164207073959e-02
6.090419301944249159e-02
5.926446474584212004e-02
5.996720543452799257e-02
5.504802061372687100e-02
6.230967439681424358e-02
5.856172405715624057e-02
5.457952682126961802e-02
6.066994612321386510e-02
5.785898336847036805e-02
5.996720543452799257e-02
5.903021784961349355e-02
6.207542750058561709e-02
5.575076130241274353e-02
5.364253923635511900e-02
5.926446474584212004e-02
5.762473647224174156e-02
5.621925509486998956e-02
5.528226750995549055e-02
5.809323026469899454e-02
5.949871164207073959e-02
5.832747716092762102e-02
5.856172405715624057e-02
5.575076130241274353e-02
5.411103302881236504e-02
5.645350199109861605e-02
5.153431717029749448e-02
5.645350199109861605e-02
5.645350199109861605e-02
5.434527992504099153e-02
5.434527992504099153e-02
5.083157648161162195e-02
5.575076130241274353e-02
5.083157648161162195e-02
5.200281096275474052e-02
5.621925509486998956e-02
5.176856406652612097e-02
5.434527992504099153e-02
