1.000000000000000000e+00
8.084719334719334682e-01
7.622141372141372218e-01
7.167359667359667341e-01
6.998440748440748482e-01
6.837318087318087212e-01
6.689189189189189699e-01
6.198024948024948300e-01
6.356548856548857040e-01
6.036902286902287029e-01
5.888773388773388406e-01
5.930353430353429989e-01
5.751039501039501012e-01
5.576923076923077094e-01
5.343035343035342777e-01
5.215696465696465500e-01
5.210498960498960441e-01
5.176715176715176447e-01
5.085758835758835694e-01
5.062370062370061818e-01
4.877858627858627782e-01
4.836278586278586200e-01
4.916839916839916835e-01
4.758316008316008094e-01
4.542619542619542594e-01
4.501039501039501012e-01
4.436070686070686109e-01
4.469854469854470103e-01
4.277546777546777368e-01
4.142411642411642503e-01
4.373700623700623735e-01
4.321725571725571480e-01
4.119022869022869182e-01
4.163201663201663294e-01
4.116424116424116653e-01
3.864345114345114074e-01
3.976091476091476173e-01
3.942307692307692180e-01
3.942307692307692180e-01
3.747401247401247470e-01
3.799376299376299171e-01
3.898128898128898068e-01
3.656444906444906717e-01
3.612266112266112050e-01
3.685031185031185097e-01
3.700623700623700829e-01
3.544698544698544618e-01
3.497920997920997976e-01
3.310810810810810856e-01
3.347193347193347379e-01
3.453742203742203865e-01
3.430353430353430544e-01
3.417359667359667341e-01
3.334199584199584177e-01
3.183471933471933579e-01
3.149688149688149585e-01
3.074324324324324564e-01
3.178274428274428520e-01
3.227650727650727691e-01
3.206860706860706900e-01
3.167879417879417847e-01
3.071725571725571480e-01
3.006756756756756577e-01
2.952182952182952347e-01
2.879417879417879300e-01
2.770270270270270285e-01
2.985966735966735786e-01
2.892411642411642503e-01
2.871621621621621712e-01
2.856029106029105979e-01
2.832640332640332659e-01
2.863825363825363568e-01
2.778066528066527874e-01
2.835239085239085188e-01
2.772869022869022815e-01
2.775467775467775344e-01
2.655925155925155656e-01
2.679313929313929532e-01
2.585758835758835694e-01
2.663721413721413800e-01
2.601351351351351426e-01
2.624740124740124747e-01
2.580561330561330635e-01
2.681912681912682062e-01
2.653326403326403127e-01
2.507796257796257589e-01
2.453222453222453359e-01
2.549376299376299171e-01
2.461018711018710947e-01
2.518191268191268262e-01
2.424636174636174701e-01
2.409043659043658969e-01
2.380457380457380590e-01
2.494802494802494941e-01
2.481808731808731738e-01
2.367463617463617387e-01
2.401247401247401381e-01
2.351871101871101932e-01
2.323284823284823275e-01
2.240124740124740110e-01
2.312889812889812879e-01
2.403846153846153910e-01
2.307692307692307820e-01
2.286902286902287029e-01
2.247920997920997976e-01
2.172557172557172678e-01
2.279106029106029163e-01
2.112785862785862834e-01
2.211538461538461453e-01
2.206340956340956394e-01
2.182952182952183073e-01
2.229729729729729715e-01
2.240124740124740110e-01
2.128378378378378288e-01
2.198544698544698528e-01
2.242723492723492640e-01
2.172557172557172678e-01
2.099792099792099909e-01
2.079002079002079117e-01
2.099792099792099909e-01
2.047817047817047931e-01
2.045218295218295124e-01
1.954261954261954370e-01
1.928274428274428243e-01
2.008835758835758878e-01
1.933471933471933579e-01
1.884095634095634131e-01
1.865904365904365869e-01
1.863305613305613340e-01
1.860706860706860810e-01
1.938669438669438638e-01
1.925675675675675713e-01
1.928274428274428243e-01
1.936070686070686109e-01
1.910083160083159981e-01
1.915280665280665318e-01
1.915280665280665318e-01
1.928274428274428243e-01
1.912681912681912788e-01
1.936070686070686109e-01
1.902286902286902393e-01
1.884095634095634131e-01
1.912681912681912788e-01
1.941268191268191168e-01
1.852910602910602944e-01
1.829521829521829623e-01
1.881496881496881601e-01
1.873700623700623735e-01
1.832120582120582153e-01
1.842515592515592548e-01
1.764553014553014443e-01
1.759355509355509384e-01
1.751559251559251518e-01
1.741164241164241122e-01
1.754158004158004047e-01
1.756756756756756854e-01
1.808731808731808832e-01
1.798336798336798437e-01
1.777546777546777645e-01
1.816528066528066421e-01
1.803534303534303496e-01
1.725571725571725668e-01
1.746361746361746459e-01
1.738565488565488593e-01
1.756756756756756854e-01
1.733367983367983256e-01
1.730769230769230727e-01
1.780145530145530175e-01
1.759355509355509384e-01
1.816528066528066421e-01
1.741164241164241122e-01
1.673596673596673690e-01
1.730769230769230727e-01
1.645010395010395032e-01
1.639812889812889696e-01
1.689189189189189144e-01
1.632016632016632107e-01
1.621621621621621712e-01
1.621621621621621712e-01
1.696985446985447010e-01
1.639812889812889696e-01
1.577442827442827322e-01
1.577442827442827322e-01
1.624220374220374241e-01
1.595634095634095584e-01
1.598232848232848113e-01
1.564449064449064397e-01
1.559251559251559338e-01
1.522869022869022815e-01
1.517671517671517756e-01
1.481288981288981232e-01
1.577442827442827322e-01
1.535862785862785740e-01
1.569646569646569734e-01
1.499480249480249494e-01
1.522869022869022815e-01
1.463097713097712971e-01
1.486486486486486569e-01
1.450103950103950046e-01
1.450103950103950046e-01
1.421517671517671388e-01
1.429313929313929254e-01
1.460498960498960441e-01
1.431912681912681784e-01
1.408523908523908463e-01
1.426715176715176725e-01
1.533264033264033210e-01
1.447505197505197516e-01
1.442307692307692180e-01
1.478690228690228703e-01
1.353950103950103956e-01
1.483887733887733762e-01
1.473492723492723366e-01
1.395530145530145538e-01
1.372141372141372218e-01
1.395530145530145538e-01
1.390332640332640202e-01
1.444906444906444987e-01
1.379937629937629806e-01
1.408523908523908463e-01
1.390332640332640202e-01
1.314968814968814903e-01
1.356548856548856485e-01
1.281185031185031187e-01
1.335758835758835694e-01
1.403326403326403404e-01
1.307172557172557037e-01
1.322765072765072769e-01
1.330561330561330635e-01
1.283783783783783716e-01
1.390332640332640202e-01
1.400727650727650597e-01
1.450103950103950046e-01
1.312370062370062374e-01
1.374740124740124747e-01
1.333160083160083165e-01
1.377338877338877277e-01
1.364345114345114351e-01
1.312370062370062374e-01
1.299376299376299448e-01
1.299376299376299448e-01
1.346153846153846090e-01
1.231808731808731877e-01
1.317567567567567433e-01
1.307172557172557037e-01
1.299376299376299448e-01
1.275987525987525850e-01
1.247401247401247470e-01
1.239604989604989604e-01
1.286382536382536246e-01
1.244802494802494802e-01
1.281185031185031187e-01
1.314968814968814903e-01
1.273388773388773321e-01
1.333160083160083165e-01
1.218814968814968813e-01
1.250000000000000000e-01
1.234407484407484407e-01
1.286382536382536246e-01
1.257796257796257866e-01
1.174636174636174701e-01
1.192827442827442824e-01
1.192827442827442824e-01
1.262993762993762925e-01
1.237006237006237075e-01
1.252598752598752530e-01
1.216216216216216284e-01
1.257796257796257866e-01
1.198024948024948022e-01
1.224012474012474011e-01
1.159043659043659108e-01
1.198024948024948022e-01
1.242203742203742273e-01
1.156444906444906440e-01
1.192827442827442824e-01
1.153846153846153910e-01
1.088877338877338868e-01
1.159043659043659108e-01
1.182432432432432429e-01
1.140852390852390846e-01
1.205821205821205888e-01
1.130457380457380451e-01
1.104469854469854462e-01
1.198024948024948022e-01
1.091476091476091537e-01
1.047297297297297286e-01
1.075883575883575943e-01
1.112266112266112328e-01
1.112266112266112328e-01
1.120062370062370055e-01
1.125259875259875253e-01
1.083679833679833671e-01
1.081081081081081141e-01
1.101871101871101932e-01
1.044698544698544757e-01
1.055093555093555152e-01
1.135654885654885649e-01
1.065488565488565548e-01
1.075883575883575943e-01
1.057692307692307682e-01
1.049896049896049954e-01
1.060291060291060350e-01
1.044698544698544757e-01
1.060291060291060350e-01
1.057692307692307682e-01
1.055093555093555152e-01
1.005717255717255704e-01
1.057692307692307682e-01
1.073284823284823275e-01
1.052494802494802484e-01
1.073284823284823275e-01
1.034303534303534361e-01
9.719334719334719874e-02
1.003118503118503174e-01
1.036902286902286890e-01
1.018711018711018768e-01
9.927234927234927786e-02
1.026507276507276495e-01
1.023908523908523965e-01
1.016112266112266099e-01
9.771309771309771852e-02
1.039501039501039559e-01
9.199584199584200095e-02
1.047297297297297286e-01
9.537422037422037258e-02
1.081081081081081141e-01
1.031704781704781693e-01
9.615384615384615918e-02
9.875259875259875808e-02
9.771309771309771852e-02
9.979209979209979764e-02
1.013513513513513570e-01
9.511434511434511963e-02
9.589397089397089236e-02
1.031704781704781693e-01
9.719334719334719874e-02
9.927234927234927786e-02
9.225571725571725390e-02
9.459459459459459985e-02
9.589397089397089236e-02
9.563409563409563940e-02
9.537422037422037258e-02
9.433471933471933302e-02
9.719334719334719874e-02
8.835758835758836249e-02
9.641372141372141213e-02
8.861746361746361544e-02
8.705821205821205611e-02
9.459459459459459985e-02
9.485446985446985280e-02
8.991683991683992183e-02
9.927234927234927786e-02
8.939708939708940205e-02
9.069646569646569456e-02
8.965696465696465500e-02
8.679833679833680316e-02
9.225571725571725390e-02
9.121621621621621434e-02
8.835758835758836249e-02
8.861746361746361544e-02
8.861746361746361544e-02
8.445945945945945721e-02
8.809771309771309566e-02
8.575883575883576360e-02
8.445945945945945721e-02
8.471933471933472404e-02
8.316008316008316470e-02
8.731808731808732293e-02
8.523908523908524382e-02
8.887733887733888227e-02
8.913721413721413522e-02
9.069646569646569456e-02
8.445945945945945721e-02
8.731808731808732293e-02
8.523908523908524382e-02
8.186070686070685831e-02
8.134095634095633853e-02
8.393970893970893743e-02
8.705821205821205611e-02
8.601871101871101655e-02
8.471933471933472404e-02
8.497920997920997699e-02
8.601871101871101655e-02
8.601871101871101655e-02
7.900207900207900646e-02
7.952182952182952624e-02
8.341995841995841765e-02
7.796257796257796691e-02
8.341995841995841765e-02
8.186070686070685831e-02
8.108108108108108558e-02
8.004158004158004602e-02
7.874220374220373964e-02
7.562370062370062096e-02
8.134095634095633853e-02
8.264033264033264492e-02
8.290020790020789787e-02
8.108108108108108558e-02
8.238045738045737809e-02
8.471933471933472404e-02
7.822245322245321986e-02
