1.000000000000000000e+00
7.370242214532871650e-01
6.823529411764706065e-01
6.498269896193771267e-01
6.422145328719722768e-01
6.200692041522490872e-01
6.145328719723183175e-01
5.750865051903114589e-01
5.605536332179931192e-01
5.570934256055363187e-01
5.487889273356401088e-01
5.321799307958477998e-01
5.231833910034602297e-01
5.155709342560553798e-01
5.058823529411764497e-01
4.892733564013840852e-01
4.754325259515571056e-01
4.871972318339100605e-01
4.595155709342560457e-01
4.643598615916955108e-01
4.456747404844290661e-01
4.318339100346020865e-01
4.484429065743944509e-01
4.249134948096885966e-01
4.311418685121107264e-01
4.166089965397923867e-01
4.249134948096885966e-01
4.339100346020761112e-01
4.283737024221453416e-01
4.062283737024221519e-01
4.069204152249135120e-01
3.806228373702422174e-01
3.799307958477508573e-01
3.820069204152249376e-01
3.702422145328719827e-01
3.723183391003460074e-01
3.688581314878892625e-01
3.833910034602076022e-01
3.536332179930795627e-01
3.370242214532871983e-01
3.349480968858131735e-01
3.557093425605536430e-01
3.245674740484428833e-01
3.314878892733564286e-01
3.605536332179930525e-01
3.155709342560553687e-01
3.266435986159169635e-01
3.072664359861591588e-01
3.044982698961937739e-01
3.141868512110726486e-01
3.010380622837370290e-01
3.003460207612456689e-01
2.982698961937716442e-01
2.934256055363321791e-01
2.837370242214533045e-01
2.740484429065743743e-01
2.747404844290657344e-01
2.740484429065743743e-01
2.664359861591695244e-01
2.636678200692041396e-01
2.608996539792387548e-01
2.650519031141868598e-01
2.608996539792387548e-01
2.588235294117647300e-01
2.525951557093425448e-01
2.719723183391003496e-01
2.643598615916954997e-01
2.408304498269896177e-01
2.373702422145328728e-01
2.394463667820069253e-01
2.429065743944636702e-01
2.422145328719723101e-01
2.304498269896193829e-01
2.325259515570934354e-01
2.477508650519031075e-01
2.318339100346020754e-01
2.304498269896193829e-01
2.290657439446366905e-01
2.235294117647058931e-01
2.186851211072664281e-01
2.214532871972318406e-01
2.138408304498269907e-01
2.152249134948096831e-01
2.124567474048442983e-01
2.041522491349480883e-01
2.000000000000000111e-01
1.986159169550172909e-01
1.923875432525951612e-01
1.916955017301038011e-01
1.951557093425605460e-01
1.820069204152249265e-01
1.778546712802768215e-01
1.889273356401384163e-01
1.840830449826989512e-01
1.903114186851211087e-01
1.882352941176470562e-01
1.640138408304498141e-01
1.778546712802768215e-01
1.750865051903114089e-01
1.743944636678200766e-01
1.799307958477508740e-01
1.743944636678200766e-01
1.709342560553633317e-01
1.813148788927335664e-01
1.757785467128027690e-01
1.674740484429065868e-01
1.605536332179930692e-01
1.577854671280276844e-01
1.515570934256055269e-01
1.543252595155709395e-01
1.577854671280276844e-01
1.439446366782007047e-01
1.522491349480968870e-01
1.557093425605536319e-01
1.487889273356401421e-01
1.577854671280276844e-01
1.536332179930795794e-01
1.640138408304498141e-01
1.564013840830449920e-01
1.564013840830449920e-01
1.460207612456747295e-01
1.363321799307958548e-01
1.245674740484428999e-01
1.321799307958477498e-01
1.169550173010380639e-01
1.328719723183391099e-01
1.238754325259515537e-01
1.301038062283736974e-01
1.425605536332179846e-01
1.252595155709342600e-01
1.307958477508650574e-01
1.266435986159169524e-01
1.349480968858131624e-01
1.307958477508650574e-01
1.266435986159169524e-01
1.294117647058823650e-01
1.307958477508650574e-01
1.148788927335640114e-01
1.294117647058823650e-01
1.294117647058823650e-01
1.169550173010380639e-01
1.121107266435986127e-01
1.321799307958477498e-01
1.100346020761245741e-01
1.176470588235294101e-01
1.079584775086505216e-01
1.183391003460207563e-01
1.204152249134948088e-01
1.079584775086505216e-01
1.176470588235294101e-01
1.148788927335640114e-01
1.058823529411764691e-01
1.065743944636678153e-01
1.044982698961937767e-01
1.100346020761245741e-01
1.058823529411764691e-01
1.079584775086505216e-01
1.079584775086505216e-01
1.072664359861591754e-01
1.065743944636678153e-01
1.038062283737024166e-01
1.017301038062283780e-01
1.017301038062283780e-01
9.757785467128027301e-02
1.031141868512110704e-01
1.010380622837370179e-01
9.480968858131487431e-02
9.550173010380623440e-02
1.107266435986159203e-01
1.128027681660899589e-01
9.480968858131487431e-02
9.065743944636678320e-02
1.093425605536332140e-01
9.965397923875432551e-02
9.342560553633218190e-02
9.688581314878892681e-02
8.858131487889273070e-02
9.619377162629758060e-02
9.273356401384083569e-02
9.411764705882352811e-02
8.927335640138407691e-02
1.031141868512110704e-01
1.134948096885813190e-01
8.996539792387543699e-02
8.373702422145329338e-02
8.788927335640138450e-02
9.134948096885812940e-02
9.065743944636678320e-02
8.927335640138407691e-02
8.719723183391003829e-02
8.650519031141867821e-02
9.480968858131487431e-02
9.204152249134947561e-02
8.304498269896193330e-02
7.889273356401384218e-02
8.235294117647058709e-02
8.927335640138407691e-02
8.858131487889273070e-02
9.204152249134947561e-02
8.373702422145329338e-02
8.719723183391003829e-02
8.581314878892733200e-02
9.204152249134947561e-02
8.512110726643598579e-02
8.581314878892733200e-02
8.027681660899653460e-02
8.096885813148789468e-02
8.096885813148789468e-02
7.889273356401384218e-02
8.581314878892733200e-02
8.166089965397924089e-02
8.442906574394463959e-02
7.266435986159169858e-02
7.197231833910035237e-02
7.335640138408304478e-02
7.128027681660899229e-02
7.543252595155709728e-02
6.989619377162629987e-02
7.681660899653978969e-02
7.820069204152249598e-02
7.543252595155709728e-02
7.266435986159169858e-02
6.989619377162629987e-02
6.989619377162629987e-02
8.096885813148789468e-02
7.543252595155709728e-02
7.543252595155709728e-02
6.989619377162629987e-02
6.366782006920415626e-02
6.989619377162629987e-02
6.574394463667819488e-02
6.989619377162629987e-02
6.228373702422144997e-02
7.058823529411764608e-02
6.920415224913495367e-02
6.643598615916955497e-02
6.435986159169550247e-02
6.574394463667819488e-02
6.782006920415224738e-02
6.782006920415224738e-02
6.366782006920415626e-02
5.813148788927335886e-02
5.813148788927335886e-02
6.643598615916955497e-02
6.574394463667819488e-02
6.159169550173010377e-02
6.712802768166090117e-02
6.297577854671279618e-02
7.266435986159169858e-02
6.851211072664359358e-02
6.020761245674740442e-02
6.366782006920415626e-02
6.020761245674740442e-02
6.297577854671279618e-02
6.297577854671279618e-02
5.813148788927335886e-02
6.435986159169550247e-02
6.366782006920415626e-02
6.505190311418684868e-02
5.605536332179930636e-02
5.882352941176470507e-02
6.020761245674740442e-02
6.643598615916955497e-02
5.536332179930796016e-02
5.328719723183390766e-02
6.228373702422144997e-02
5.882352941176470507e-02
5.951557093425605821e-02
6.089965397923875756e-02
5.536332179930796016e-02
5.259515570934256146e-02
6.089965397923875756e-02
6.159169550173010377e-02
5.397923875432526081e-02
5.328719723183390766e-02
5.397923875432526081e-02
5.121107266435986211e-02
5.259515570934256146e-02
5.397923875432526081e-02
5.813148788927335886e-02
6.159169550173010377e-02
6.089965397923875756e-02
5.743944636678200572e-02
5.605536332179930636e-02
5.467128027681660701e-02
5.121107266435986211e-02
5.397923875432526081e-02
4.913494809688581655e-02
4.705882352941176405e-02
5.051903114186850896e-02
4.982698961937716275e-02
5.190311418685120831e-02
4.152249134948096665e-02
5.536332179930796016e-02
5.051903114186850896e-02
5.467128027681660701e-02
4.844290657439446340e-02
5.259515570934256146e-02
5.328719723183390766e-02
5.397923875432526081e-02
5.051903114186850896e-02
6.228373702422144997e-02
5.951557093425605821e-02
4.567474048442906470e-02
5.467128027681660701e-02
5.259515570934256146e-02
5.397923875432526081e-02
5.397923875432526081e-02
5.328719723183390766e-02
4.982698961937716275e-02
4.775086505190311720e-02
4.152249134948096665e-02
4.290657439446366600e-02
4.705882352941176405e-02
5.674740484429065951e-02
5.259515570934256146e-02
5.397923875432526081e-02
5.328719723183390766e-02
5.121107266435986211e-02
4.359861591695501915e-02
4.567474048442906470e-02
4.429065743944636535e-02
4.567474048442906470e-02
5.051903114186850896e-02
4.844290657439446340e-02
4.775086505190311720e-02
4.290657439446366600e-02
4.705882352941176405e-02
4.705882352941176405e-02
4.844290657439446340e-02
3.806228373702422174e-02
4.844290657439446340e-02
4.775086505190311720e-02
4.429065743944636535e-02
4.775086505190311720e-02
4.498269896193771850e-02
4.567474048442906470e-02
4.913494809688581655e-02
4.152249134948096665e-02
4.083044982698962044e-02
4.498269896193771850e-02
3.875432525951556795e-02
4.913494809688581655e-02
4.359861591695501915e-02
4.636678200692041785e-02
3.944636678200692109e-02
4.567474048442906470e-02
4.083044982698962044e-02
3.529411764705882304e-02
4.013840830449826730e-02
3.944636678200692109e-02
4.290657439446366600e-02
4.152249134948096665e-02
4.221453287197231979e-02
3.737024221453286860e-02
4.290657439446366600e-02
3.529411764705882304e-02
3.806228373702422174e-02
3.529411764705882304e-02
3.598615916955017618e-02
3.598615916955017618e-02
3.667820069204152239e-02
2.906574394463667943e-02
3.529411764705882304e-02
3.598615916955017618e-02
3.183391003460207813e-02
3.667820069204152239e-02
4.013840830449826730e-02
3.737024221453286860e-02
4.290657439446366600e-02
3.737024221453286860e-02
3.944636678200692109e-02
3.460207612456747683e-02
3.806228373702422174e-02
3.875432525951556795e-02
3.737024221453286860e-02
4.221453287197231979e-02
3.667820069204152239e-02
3.391003460207612369e-02
3.806228373702422174e-02
3.391003460207612369e-02
4.359861591695501915e-02
3.114186851211072499e-02
3.875432525951556795e-02
3.598615916955017618e-02
3.944636678200692109e-02
3.529411764705882304e-02
3.598615916955017618e-02
3.114186851211072499e-02
2.768166089965398008e-02
3.460207612456747683e-02
3.529411764705882304e-02
3.806228373702422174e-02
3.321799307958477748e-02
3.183391003460207813e-02
3.114186851211072499e-02
3.183391003460207813e-02
2.768166089965398008e-02
2.906574394463667943e-02
2.975778546712802911e-02
3.737024221453286860e-02
