1.000000000000000000e+00
8.297444153753270601e-01
7.707788287381767134e-01
7.377742000402495171e-01
7.128194807808412303e-01
6.796136043469510613e-01
6.482189575367277579e-01
6.411752867780237120e-01
6.053531897766150083e-01
5.928758301469108094e-01
5.755685248540953758e-01
5.622861742805393970e-01
5.403501710605755903e-01
5.252565908633527458e-01
5.049305695310927211e-01
5.045280740591668867e-01
4.938619440531293869e-01
4.817870798953511891e-01
4.753471523445361169e-01
4.689072247937210447e-01
4.568323606359428468e-01
4.554236264842020376e-01
4.485812034614610755e-01
4.264439525055342961e-01
4.147715838196820437e-01
4.153753270275709619e-01
3.898168645602737015e-01
3.817669551217549029e-01
3.851881666331253840e-01
3.795532300261622027e-01
3.721070637955323224e-01
3.749245320990138852e-01
3.652646407727913047e-01
3.475548400080499256e-01
3.382974441537532906e-01
3.459448581203461437e-01
3.411149124572348534e-01
3.246125981082712553e-01
3.270275709398269282e-01
3.234051116924934743e-01
3.169651841416784022e-01
3.042865767760112861e-01
2.920104648822700599e-01
2.978466492251962139e-01
2.787281143087140256e-01
2.837593077077882886e-01
2.825518212920104522e-01
2.730931777017508444e-01
2.839605554437512613e-01
2.706782048701952270e-01
2.732944254377138171e-01
2.586033407124169736e-01
2.622257999597504274e-01
2.634332863755282639e-01
2.503521835379352023e-01
2.469309720265646935e-01
2.507546790098611478e-01
2.517609176896760115e-01
2.414972831555645127e-01
2.366673374924532225e-01
2.360635942845643043e-01
2.342523646608975774e-01
2.191587844636747884e-01
2.282149325820084507e-01
2.213725095592674608e-01
2.231837391829341877e-01
2.137250955926745799e-01
2.147313342724894436e-01
2.052726906822298358e-01
2.054739384181928086e-01
2.080901589857113987e-01
1.972227812437110095e-01
2.068826725699335900e-01
1.913865969007848555e-01
1.970215335077480368e-01
1.921915878446367465e-01
1.994365063393036819e-01
1.913865969007848555e-01
1.980277721875629005e-01
1.915878446367478283e-01
1.861541557657476476e-01
1.883678808613403199e-01
1.889716240692292104e-01
1.851479170859327839e-01
1.811229623666733846e-01
1.845441738780438656e-01
1.785067417991547667e-01
1.698530891527470221e-01
1.722680619843026673e-01
1.638156570738579232e-01
1.720668142483396945e-01
1.718655665123767495e-01
1.658281344334876228e-01
1.670356208492654593e-01
1.595894546186355512e-01
1.567719863151539605e-01
1.616019319782652508e-01
1.575769772590058238e-01
1.444958744214127622e-01
1.467095995170054346e-01
1.513382974441537521e-01
1.485208291406721615e-01
1.557657476353390968e-01
1.531495270678204790e-01
1.467095995170054346e-01
1.507345542362648338e-01
1.394646810223384992e-01
1.457033608371905709e-01
1.436908834775608712e-01
1.380559468705977177e-01
1.380559468705977177e-01
1.340309921513382907e-01
1.362447172469309631e-01
1.384584423425236355e-01
1.308110283759307824e-01
1.322197625276715638e-01
1.285973032803381100e-01
1.287985510163010550e-01
1.294022942241899732e-01
1.219561279935600789e-01
1.235661098812638331e-01
1.294022942241899732e-01
1.201448983698933382e-01
1.225598712014489833e-01
1.189374119541155156e-01
1.167236868585228432e-01
1.044475749647816448e-01
1.080700342121151125e-01
1.042463272288186721e-01
1.054538136445964946e-01
1.147112094988931436e-01
1.114912457234856075e-01
1.102837593077077849e-01
1.042463272288186721e-01
1.076675387401891670e-01
1.072650432682632354e-01
1.066613000603743172e-01
1.022338498691889724e-01
1.004226202455222317e-01
1.028375930770778768e-01
1.076675387401891670e-01
9.760515194204065492e-02
9.921513382974440909e-02
9.639766552626283236e-02
1.012276111893741226e-01
9.720265647011470944e-02
9.599517005433688688e-02
1.010263634534111499e-01
9.941638156570738183e-02
9.498893137452203705e-02
9.619641779029985962e-02
9.680016099818876396e-02
9.559267458241094140e-02
9.277520627892936467e-02
9.438518816663311883e-02
9.116522439122559662e-02
9.438518816663311883e-02
9.257395854296639193e-02
9.639766552626283236e-02
9.317770175085529627e-02
9.076272891929965114e-02
8.754276514389212893e-02
8.834775608774400601e-02
8.734151740792915619e-02
8.693902193600322459e-02
8.794526061581807441e-02
9.036023344737371954e-02
8.854900382370697876e-02
8.653652646407727911e-02
8.210907627289193433e-02
8.895149929563292424e-02
8.492654457637351106e-02
8.935399476755886972e-02
8.432280136848460672e-02
8.150533306500301611e-02
8.251157174481786594e-02
8.593278325618837477e-02
8.190782853692896159e-02
8.512779231233648380e-02
7.888911249748439825e-02
8.210907627289193433e-02
8.110283759307708451e-02
8.371905816059568850e-02
7.929160796941034373e-02
8.049909438518816629e-02
8.231032400885490707e-02
7.466291004226202621e-02
7.768162608170657568e-02
7.909036023344737099e-02
7.486415777822499895e-02
7.687663513785469860e-02
7.989535117729926195e-02
8.090158985711411177e-02
7.788287381766954842e-02
7.385791909841014913e-02
7.144294626685450400e-02
7.285168041859528543e-02
6.943046890722479048e-02
7.244918494666935382e-02
6.963171664318776322e-02
6.621050513181726827e-02
7.104045079492855852e-02
6.943046890722479048e-02
6.761923928355806357e-02
6.178305494063191655e-02
6.057556852485409399e-02
6.319178909237270492e-02
6.077681626081706673e-02
6.218555041255786203e-02
5.936808210907627142e-02
6.198430267659488929e-02
6.319178909237270492e-02
6.439927550815052748e-02
5.755685248540953758e-02
5.836184342926142160e-02
6.399678003622459588e-02
5.715435701348359904e-02
5.916683437311330562e-02
5.755685248540953758e-02
5.655061380559468776e-02
6.017307305292815545e-02
5.977057758100221690e-02
5.715435701348359904e-02
5.695310927752062630e-02
5.413564097403904263e-02
5.755685248540953758e-02
5.453813644596498117e-02
5.956932984503924416e-02
5.071442946266854768e-02
5.232441135037230878e-02
5.212316361440933604e-02
5.212316361440933604e-02
5.131817267055745896e-02
5.071442946266854768e-02
5.091567719863151348e-02
5.916683437311330562e-02
5.453813644596498117e-02
5.172066814248339750e-02
4.970819078285369091e-02
4.930569531092775237e-02
4.729321795129804579e-02
4.930569531092775237e-02
4.689072247937210725e-02
5.433688871000201537e-02
4.990943851881666365e-02
5.172066814248339750e-02
5.131817267055745896e-02
4.850070436707586835e-02
4.890319983900181383e-02
5.051318172670557494e-02
4.789696115918695707e-02
4.528074059166834614e-02
4.507949285570537340e-02
4.085329040048299443e-02
4.165828134433487845e-02
4.487824511974240066e-02
4.668947474340913451e-02
4.387200643992755084e-02
4.085329040048299443e-02
4.447574964781646212e-02
4.648822700744616870e-02
4.507949285570537340e-02
4.628697927148319596e-02
4.648822700744616870e-02
4.970819078285369091e-02
4.608573153552022322e-02
4.407325417589052358e-02
4.407325417589052358e-02
4.427450191185348938e-02
3.944455624874219912e-02
4.206077681626081699e-02
4.185952908029784425e-02
4.105453813644596717e-02
3.823706983296437656e-02
3.924330851277923332e-02
4.145703360837190571e-02
4.206077681626081699e-02
3.944455624874219912e-02
4.024954719259408314e-02
4.467699738377943486e-02
4.125578587240893297e-02
3.702958341718655400e-02
3.924330851277923332e-02
3.803582209700141076e-02
3.783457436103843802e-02
3.702958341718655400e-02
4.206077681626081699e-02
3.823706983296437656e-02
3.763332662507546528e-02
3.924330851277923332e-02
3.461461058563090887e-02
3.783457436103843802e-02
3.179714228214932520e-02
3.622459247333467691e-02
3.823706983296437656e-02
3.521835379351982015e-02
3.863956530489032204e-02
3.380961964177903178e-02
3.602334473737170417e-02
3.582209700140873143e-02
3.622459247333467691e-02
3.501710605755685435e-02
3.823706983296437656e-02
3.723083115314952674e-02
3.944455624874219912e-02
4.065204266452002169e-02
3.622459247333467691e-02
3.662708794526061545e-02
3.803582209700141076e-02
3.521835379351982015e-02
3.582209700140873143e-02
3.582209700140873143e-02
3.702958341718655400e-02
3.461461058563090887e-02
3.783457436103843802e-02
3.380961964177903178e-02
3.058965586637150263e-02
3.582209700140873143e-02
2.978466492251962208e-02
3.602334473737170417e-02
3.461461058563090887e-02
3.401086737774199759e-02
3.260213322600120922e-02
3.159589454618635246e-02
3.360837190581605904e-02
2.897967397866774153e-02
3.099215133829744465e-02
3.058965586637150263e-02
3.340712416985308630e-02
3.199839001811229794e-02
3.320587643389012050e-02
2.998591265848259135e-02
2.998591265848259135e-02
2.938216945059368007e-02
3.018716039444556409e-02
2.877842624270476879e-02
2.978466492251962208e-02
2.918092171463071080e-02
3.119339907426041392e-02
2.596095793922318512e-02
2.938216945059368007e-02
3.038840813040853336e-02
2.817468303481585751e-02
2.958341718655665281e-02
2.596095793922318512e-02
2.757093982692694623e-02
2.837593077077883025e-02
2.817468303481585751e-02
2.535721473133427384e-02
2.656470114711209640e-02
2.414972831555645127e-02
2.918092171463071080e-02
2.918092171463071080e-02
2.414972831555645127e-02
2.575971020326021238e-02
2.435097605151942055e-02
2.575971020326021238e-02
2.213725095592674469e-02
2.716844435500100768e-02
2.676594888307506567e-02
2.274099416381565597e-02
2.495471925940833183e-02
2.334473737170456725e-02
2.394848057959347853e-02
2.173475548400080615e-02
2.113101227611189487e-02
2.253974642785268670e-02
2.475347152344536256e-02
2.072851680418595285e-02
2.636345341114912366e-02
2.555846246729724311e-02
2.475347152344536256e-02
2.394848057959347853e-02
2.616220567518615439e-02
2.314348963574159798e-02
2.495471925940833183e-02
2.435097605151942055e-02
2.314348963574159798e-02
2.596095793922318512e-02
2.153350774803783341e-02
2.052726906822298358e-02
2.133226001207486414e-02
2.173475548400080615e-02
2.334473737170456725e-02
2.374723284363050926e-02
2.435097605151942055e-02
2.354598510766753999e-02
2.334473737170456725e-02
2.374723284363050926e-02
2.092976454014892213e-02
2.072851680418595285e-02
2.314348963574159798e-02
2.012477359629704157e-02
2.012477359629704157e-02
2.173475548400080615e-02
2.032602133226001084e-02
2.133226001207486414e-02
2.253974642785268670e-02
2.294224189977862871e-02
2.495471925940833183e-02
2.455222378748238982e-02
