1.000000000000000000e+00
9.077306733167082031e-01
9.027431421446383553e-01
8.865336658354114885e-01
9.052369077306733347e-01
8.927680798004987706e-01
9.164588528678304646e-01
9.077306733167082031e-01
8.715710723192019449e-01
9.027431421446383553e-01
8.952618453865336390e-01
8.753117206982543586e-01
8.852867830423940543e-01
8.753117206982543586e-01
8.915211970074813363e-01
8.902743142144637911e-01
8.578553615960099465e-01
8.316708229426433840e-01
8.890274314214463569e-01
8.391521197007481003e-01
8.678304239401496423e-01
8.503740648379052303e-01
8.478802992518703618e-01
8.591022443890273808e-01
8.753117206982543586e-01
8.566084788029925123e-01
8.628428927680797944e-01
8.740648379052369243e-01
8.229426433915212336e-01
8.466334164588528166e-01
8.403990024937655345e-01
8.304239401496259498e-01
8.516209476309226645e-01
8.628428927680797944e-01
8.965087281795510732e-01
8.453865336658353824e-01
8.765586034912717928e-01
8.765586034912717928e-01
8.665835411471322081e-01
8.591022443890273808e-01
8.391521197007481003e-01
8.778054862842892270e-01
8.703241895261845107e-01
8.703241895261845107e-01
8.566084788029925123e-01
8.815461346633416406e-01
9.152119700748129194e-01
8.665835411471322081e-01
8.740648379052369243e-01
8.703241895261845107e-01
8.690773067331670765e-01
8.628428927680797944e-01
8.566084788029925123e-01
8.379052369077306661e-01
8.541147132169576439e-01
8.354114713216957977e-01
8.179551122194513857e-01
8.428927680798005140e-01
8.690773067331670765e-01
8.591022443890273808e-01
8.740648379052369243e-01
9.027431421446383553e-01
8.466334164588528166e-01
8.690773067331670765e-01
8.491271820448877961e-01
8.541147132169576439e-01
8.192019950124688199e-01
8.765586034912717928e-01
8.827930174563590748e-01
8.528678304239400987e-01
8.341645885286782525e-01
8.291770573566085156e-01
8.665835411471322081e-01
8.865336658354114885e-01
8.877805486284289227e-01
8.740648379052369243e-01
8.416458852867830798e-01
8.341645885286782525e-01
8.615960099750623602e-01
8.416458852867830798e-01
8.615960099750623602e-01
8.815461346633416406e-01
8.541147132169576439e-01
8.690773067331670765e-01
8.678304239401496423e-01
8.740648379052369243e-01
8.690773067331670765e-01
8.628428927680797944e-01
8.678304239401496423e-01
8.516209476309226645e-01
8.640897755610972286e-01
8.690773067331670765e-01
8.516209476309226645e-01
8.628428927680797944e-01
8.466334164588528166e-01
8.403990024937655345e-01
8.528678304239400987e-01
8.466334164588528166e-01
8.366583541147132319e-01
8.566084788029925123e-01
8.478802992518703618e-01
8.154613466334164062e-01
8.591022443890273808e-01
8.341645885286782525e-01
8.453865336658353824e-01
8.628428927680797944e-01
8.566084788029925123e-01
8.690773067331670765e-01
8.715710723192019449e-01
8.379052369077306661e-01
8.566084788029925123e-01
8.728179551122194901e-01
9.189526184538653331e-01
8.366583541147132319e-01
8.566084788029925123e-01
8.266832917705735362e-01
8.428927680798005140e-01
8.665835411471322081e-01
8.528678304239400987e-01
8.553615960099750781e-01
8.241895261845386678e-01
8.329177057356608183e-01
8.329177057356608183e-01
8.316708229426433840e-01
8.578553615960099465e-01
8.366583541147132319e-01
8.566084788029925123e-01
8.403990024937655345e-01
8.229426433915212336e-01
8.316708229426433840e-01
8.528678304239400987e-01
8.092269326683291242e-01
8.403990024937655345e-01
8.728179551122194901e-01
8.266832917705735362e-01
8.466334164588528166e-01
8.603491271820449260e-01
8.229426433915212336e-01
8.453865336658353824e-01
8.466334164588528166e-01
8.329177057356608183e-01
8.291770573566085156e-01
8.204488778054862541e-01
8.678304239401496423e-01
8.503740648379052303e-01
8.715710723192019449e-01
8.578553615960099465e-01
8.366583541147132319e-01
8.441396508728179482e-01
8.553615960099750781e-01
8.516209476309226645e-01
8.591022443890273808e-01
8.466334164588528166e-01
8.403990024937655345e-01
8.615960099750623602e-01
8.304239401496259498e-01
8.703241895261845107e-01
8.391521197007481003e-01
8.528678304239400987e-01
8.478802992518703618e-01
8.329177057356608183e-01
8.441396508728179482e-01
8.216957605985036883e-01
8.541147132169576439e-01
8.204488778054862541e-01
8.503740648379052303e-01
8.304239401496259498e-01
8.117206982543641036e-01
8.354114713216957977e-01
8.379052369077306661e-01
8.541147132169576439e-01
8.503740648379052303e-01
8.254364089775561020e-01
8.167082294264339515e-01
8.291770573566085156e-01
8.179551122194513857e-01
8.266832917705735362e-01
8.516209476309226645e-01
8.291770573566085156e-01
8.403990024937655345e-01
8.154613466334164062e-01
8.478802992518703618e-01
8.291770573566085156e-01
8.304239401496259498e-01
8.553615960099750781e-01
8.229426433915212336e-01
8.453865336658353824e-01
8.279301745635909704e-01
8.466334164588528166e-01
8.491271820448877961e-01
8.391521197007481003e-01
8.391521197007481003e-01
8.329177057356608183e-01
8.566084788029925123e-01
8.478802992518703618e-01
8.690773067331670765e-01
8.790523690773067722e-01
8.366583541147132319e-01
8.316708229426433840e-01
8.304239401496259498e-01
8.690773067331670765e-01
8.366583541147132319e-01
8.441396508728179482e-01
8.266832917705735362e-01
8.466334164588528166e-01
8.441396508728179482e-01
8.690773067331670765e-01
8.092269326683291242e-01
8.304239401496259498e-01
8.354114713216957977e-01
8.603491271820449260e-01
8.329177057356608183e-01
8.491271820448877961e-01
8.304239401496259498e-01
8.503740648379052303e-01
8.154613466334164062e-01
8.229426433915212336e-01
8.329177057356608183e-01
8.291770573566085156e-01
8.516209476309226645e-01
8.566084788029925123e-01
8.840399002493765090e-01
8.491271820448877961e-01
8.366583541147132319e-01
8.503740648379052303e-01
8.391521197007481003e-01
8.316708229426433840e-01
8.366583541147132319e-01
8.366583541147132319e-01
8.279301745635909704e-01
8.516209476309226645e-01
8.329177057356608183e-01
8.403990024937655345e-01
8.379052369077306661e-01
8.503740648379052303e-01
8.354114713216957977e-01
8.029925187032418421e-01
8.403990024937655345e-01
8.179551122194513857e-01
8.341645885286782525e-01
8.391521197007481003e-01
8.304239401496259498e-01
8.279301745635909704e-01
8.204488778054862541e-01
8.316708229426433840e-01
8.354114713216957977e-01
8.204488778054862541e-01
8.354114713216957977e-01
8.129675810473815378e-01
8.379052369077306661e-01
8.403990024937655345e-01
8.192019950124688199e-01
8.354114713216957977e-01
8.329177057356608183e-01
8.391521197007481003e-01
8.403990024937655345e-01
8.316708229426433840e-01
8.142144638403989720e-01
8.379052369077306661e-01
8.167082294264339515e-01
8.416458852867830798e-01
8.329177057356608183e-01
8.192019950124688199e-01
8.291770573566085156e-01
8.403990024937655345e-01
8.453865336658353824e-01
8.216957605985036883e-01
8.229426433915212336e-01
8.179551122194513857e-01
8.329177057356608183e-01
8.167082294264339515e-01
7.905236907730672780e-01
7.930174563591022574e-01
7.930174563591022574e-01
8.017456359102244079e-01
7.992518703241895395e-01
7.842892768079799959e-01
8.167082294264339515e-01
8.491271820448877961e-01
7.955112219451371258e-01
8.553615960099750781e-01
8.142144638403989720e-01
8.117206982543641036e-01
8.004987531172069737e-01
8.241895261845386678e-01
8.341645885286782525e-01
8.291770573566085156e-01
8.204488778054862541e-01
8.079800498753116900e-01
8.142144638403989720e-01
7.842892768079799959e-01
8.341645885286782525e-01
8.341645885286782525e-01
8.129675810473815378e-01
8.329177057356608183e-01
8.304239401496259498e-01
8.229426433915212336e-01
8.179551122194513857e-01
8.354114713216957977e-01
8.603491271820449260e-01
8.291770573566085156e-01
8.004987531172069737e-01
8.029925187032418421e-01
8.653366583541146628e-01
8.067331670822942558e-01
8.291770573566085156e-01
8.528678304239400987e-01
8.316708229426433840e-01
8.029925187032418421e-01
8.341645885286782525e-01
8.416458852867830798e-01
8.017456359102244079e-01
8.266832917705735362e-01
8.216957605985036883e-01
8.054862842892768215e-01
7.880299251870324095e-01
8.129675810473815378e-01
8.179551122194513857e-01
8.129675810473815378e-01
7.967581047381545600e-01
7.992518703241895395e-01
7.880299251870324095e-01
7.917705735660848232e-01
8.042394014962593873e-01
8.029925187032418421e-01
7.980049875311721053e-01
7.793017456359102590e-01
7.643391521197007155e-01
7.942643391521196916e-01
7.643391521197007155e-01
7.855361596009975411e-01
7.805486284289276933e-01
7.705735660847879975e-01
7.793017456359102590e-01
7.793017456359102590e-01
7.917705735660848232e-01
7.917705735660848232e-01
7.880299251870324095e-01
7.980049875311721053e-01
8.129675810473815378e-01
7.830423940149625617e-01
7.980049875311721053e-01
7.842892768079799959e-01
7.730673316708229770e-01
8.029925187032418421e-01
8.366583541147132319e-01
7.743142144638404112e-01
8.241895261845386678e-01
8.079800498753116900e-01
8.054862842892768215e-01
8.154613466334164062e-01
7.930174563591022574e-01
7.755610972568578454e-01
8.104738154613466694e-01
7.705735660847879975e-01
7.905236907730672780e-01
8.241895261845386678e-01
7.817955112219451275e-01
8.142144638403989720e-01
7.980049875311721053e-01
7.855361596009975411e-01
7.980049875311721053e-01
8.054862842892768215e-01
8.304239401496259498e-01
8.229426433915212336e-01
8.254364089775561020e-01
8.042394014962593873e-01
8.304239401496259498e-01
8.291770573566085156e-01
7.955112219451371258e-01
8.142144638403989720e-01
8.054862842892768215e-01
7.905236907730672780e-01
7.967581047381545600e-01
8.154613466334164062e-01
7.768079800498752796e-01
7.980049875311721053e-01
8.167082294264339515e-01
7.942643391521196916e-01
7.718204488778054317e-01
8.017456359102244079e-01
7.830423940149625617e-01
7.930174563591022574e-01
7.817955112219451275e-01
7.793017456359102590e-01
7.780548628428927138e-01
7.992518703241895395e-01
8.142144638403989720e-01
8.366583541147132319e-01
7.930174563591022574e-01
8.129675810473815378e-01
8.054862842892768215e-01
7.892768079800498437e-01
8.017456359102244079e-01
8.017456359102244079e-01
7.992518703241895395e-01
8.054862842892768215e-01
8.241895261845386678e-01
8.441396508728179482e-01
7.967581047381545600e-01
8.117206982543641036e-01
