1.000000000000000000e+00
6.909221902017290695e-01
6.678674351585014435e-01
6.181556195965417499e-01
6.008645533141210304e-01
5.835734870317003109e-01
5.525936599423630913e-01
5.122478386167147457e-01
4.971181556195965467e-01
4.481268011527377304e-01
4.582132564841498445e-01
4.538904899135446924e-01
4.459654178674351543e-01
4.402017291066282478e-01
4.106628242074927826e-01
3.904899135446686098e-01
3.825648414985590717e-01
3.710374639769452587e-01
3.868876080691642794e-01
3.724783861671469576e-01
3.443804034582132467e-01
3.407780979827089163e-01
3.631123919308357206e-01
3.523054755043227848e-01
3.177233429394812902e-01
3.407780979827089163e-01
3.155619596541786587e-01
3.097982708933717522e-01
2.896253602305475239e-01
2.759365994236311348e-01
2.723342939481268044e-01
2.507204610951008772e-01
2.536023054755043304e-01
2.391930835734870364e-01
2.370317002881844326e-01
2.406340057636887630e-01
2.543227665706052076e-01
2.348703170028818565e-01
2.370317002881844326e-01
2.190201729106628359e-01
2.219020172910662891e-01
2.060518731988472685e-01
2.190201729106628359e-01
2.255043227665705918e-01
2.053314121037463913e-01
1.930835734870317011e-01
1.829971181556195869e-01
1.902017291066282478e-01
1.757925072046109538e-01
1.642651296829971130e-01
1.786743515850144071e-01
1.815561959654178603e-01
1.484149855907780924e-01
1.541786743515850266e-01
1.642651296829971130e-01
1.822766570605187375e-01
1.527377521613832723e-01
1.592219020172910560e-01
1.599423631123919332e-01
1.635446685878962636e-01
1.592219020172910560e-01
1.556195965417867533e-01
1.577809798270893293e-01
1.318443804034582223e-01
1.621037463976945370e-01
1.577809798270893293e-01
1.361671469740634022e-01
1.556195965417867533e-01
1.433717579250720353e-01
1.512968299711815456e-01
1.462536023054755163e-01
1.476945244956772429e-01
1.390489913544668554e-01
1.332853025936599489e-01
1.426512968299711859e-01
1.383285302593660060e-01
1.289625360230547413e-01
1.195965417867435182e-01
1.282420749279538918e-01
1.239193083573486981e-01
1.383285302593660060e-01
1.361671469740634022e-01
1.397694524495677326e-01
1.296829971181556185e-01
1.282420749279538918e-01
1.311239193083573451e-01
1.268011527377521652e-01
1.231988472622478348e-01
1.080691642651296774e-01
1.167146974063400511e-01
1.123919308357348712e-01
1.174351585014409283e-01
1.095100864553314179e-01
1.015850144092219076e-01
1.015850144092219076e-01
1.059077809798270875e-01
9.582132564841498723e-02
1.116714697406340079e-01
1.116714697406340079e-01
1.059077809798270875e-01
1.109510086455331446e-01
1.159942363112391878e-01
1.116714697406340079e-01
1.159942363112391878e-01
1.023054755043227709e-01
1.167146974063400511e-01
9.293948126801153398e-02
1.159942363112391878e-01
1.037463976945244976e-01
1.001440922190201671e-01
9.293948126801153398e-02
8.933717579250720353e-02
9.798270893371757717e-02
8.573487031700288696e-02
8.717579250720461359e-02
8.861671469740634022e-02
8.141210374639769320e-02
8.573487031700288696e-02
8.645533141210375028e-02
8.789625360230547690e-02
9.293948126801153398e-02
9.438040345821326060e-02
8.285302593659941983e-02
8.069164265129682989e-02
7.420749279538904619e-02
8.141210374639769320e-02
8.357348703170028315e-02
8.645533141210375028e-02
7.420749279538904619e-02
7.708933717579251332e-02
7.997118155619596658e-02
7.780979827089337664e-02
6.844380403458212581e-02
6.988472622478386631e-02
6.556195965417867255e-02
6.340057636887608261e-02
6.988472622478386631e-02
7.420749279538904619e-02
6.628242074927953587e-02
6.916426512968300300e-02
7.132564841498559294e-02
6.628242074927953587e-02
7.060518731988472962e-02
7.492795389048990951e-02
7.636887608069163613e-02
7.132564841498559294e-02
6.772334293948126249e-02
8.069164265129682989e-02
7.132564841498559294e-02
7.132564841498559294e-02
7.132564841498559294e-02
6.916426512968300300e-02
8.213256484149855652e-02
7.348703170028818288e-02
7.060518731988472962e-02
6.772334293948126249e-02
7.564841498559077282e-02
5.403458213256483872e-02
6.772334293948126249e-02
6.412103746397694592e-02
6.772334293948126249e-02
7.925072046109510326e-02
6.844380403458212581e-02
6.556195965417867255e-02
7.708933717579251332e-02
6.268011527377521930e-02
6.051873198847262242e-02
7.132564841498559294e-02
6.700288184438039918e-02
7.204610951008645625e-02
6.268011527377521930e-02
7.708933717579251332e-02
6.195965417867434905e-02
6.412103746397694592e-02
7.564841498559077282e-02
6.484149855907780924e-02
6.340057636887608261e-02
7.708933717579251332e-02
7.636887608069163613e-02
6.700288184438039918e-02
6.268011527377521930e-02
6.123919308357348573e-02
5.619596541786743560e-02
6.340057636887608261e-02
5.187319884726224878e-02
5.835734870317002554e-02
6.051873198847262242e-02
5.475504322766570897e-02
5.475504322766570897e-02
6.268011527377521930e-02
6.268011527377521930e-02
6.484149855907780924e-02
7.276657060518731956e-02
5.619596541786743560e-02
6.340057636887608261e-02
6.123919308357348573e-02
5.547550432276657228e-02
5.907780979827089579e-02
5.763688760806916223e-02
5.331412103746397541e-02
5.259365994236311209e-02
5.547550432276657228e-02
5.331412103746397541e-02
5.187319884726224878e-02
4.971181556195965190e-02
5.979827089337175910e-02
6.123919308357348573e-02
4.538904899135446508e-02
6.700288184438039918e-02
5.475504322766570897e-02
5.115273775216138546e-02
5.331412103746397541e-02
6.051873198847262242e-02
6.484149855907780924e-02
5.547550432276657228e-02
5.907780979827089579e-02
5.187319884726224878e-02
5.187319884726224878e-02
5.763688760806916223e-02
5.619596541786743560e-02
4.899135446685878859e-02
5.043227665706052215e-02
5.043227665706052215e-02
5.259365994236311209e-02
5.475504322766570897e-02
4.971181556195965190e-02
5.331412103746397541e-02
5.619596541786743560e-02
5.691642651296829891e-02
6.268011527377521930e-02
5.043227665706052215e-02
4.971181556195965190e-02
5.835734870317002554e-02
5.619596541786743560e-02
4.899135446685878859e-02
6.772334293948126249e-02
5.259365994236311209e-02
6.051873198847262242e-02
5.835734870317002554e-02
5.259365994236311209e-02
5.619596541786743560e-02
4.827089337175792527e-02
4.394812680115273845e-02
5.259365994236311209e-02
4.971181556195965190e-02
5.547550432276657228e-02
5.259365994236311209e-02
4.827089337175792527e-02
4.971181556195965190e-02
4.682997118155619864e-02
5.763688760806916223e-02
4.755043227665706196e-02
5.475504322766570897e-02
4.827089337175792527e-02
4.899135446685878859e-02
4.971181556195965190e-02
4.466858789625360177e-02
4.610951008645532839e-02
5.979827089337175910e-02
5.619596541786743560e-02
5.043227665706052215e-02
5.403458213256483872e-02
6.195965417867434905e-02
5.547550432276657228e-02
5.979827089337175910e-02
5.331412103746397541e-02
4.538904899135446508e-02
4.755043227665706196e-02
5.259365994236311209e-02
5.259365994236311209e-02
5.187319884726224878e-02
5.547550432276657228e-02
4.899135446685878859e-02
5.619596541786743560e-02
4.682997118155619864e-02
4.899135446685878859e-02
5.619596541786743560e-02
5.115273775216138546e-02
5.259365994236311209e-02
4.610951008645532839e-02
4.755043227665706196e-02
4.682997118155619864e-02
4.610951008645532839e-02
5.187319884726224878e-02
5.259365994236311209e-02
5.115273775216138546e-02
5.259365994236311209e-02
4.322766570605187514e-02
4.394812680115273845e-02
4.178674351585014157e-02
3.746397694524495475e-02
4.394812680115273845e-02
4.322766570605187514e-02
5.331412103746397541e-02
4.682997118155619864e-02
5.547550432276657228e-02
5.259365994236311209e-02
4.755043227665706196e-02
4.538904899135446508e-02
4.106628242074927826e-02
5.475504322766570897e-02
5.187319884726224878e-02
4.755043227665706196e-02
5.331412103746397541e-02
5.619596541786743560e-02
6.051873198847262242e-02
5.763688760806916223e-02
5.619596541786743560e-02
5.475504322766570897e-02
4.322766570605187514e-02
4.899135446685878859e-02
4.106628242074927826e-02
4.106628242074927826e-02
4.178674351585014157e-02
4.034582132564841495e-02
4.755043227665706196e-02
4.250720461095101183e-02
4.394812680115273845e-02
4.538904899135446508e-02
4.899135446685878859e-02
4.755043227665706196e-02
4.322766570605187514e-02
4.394812680115273845e-02
4.538904899135446508e-02
4.755043227665706196e-02
4.827089337175792527e-02
6.556195965417867255e-02
4.466858789625360177e-02
5.763688760806916223e-02
4.971181556195965190e-02
4.610951008645532839e-02
4.827089337175792527e-02
4.682997118155619864e-02
5.115273775216138546e-02
5.907780979827089579e-02
4.610951008645532839e-02
5.547550432276657228e-02
4.610951008645532839e-02
3.386167146974063125e-02
5.115273775216138546e-02
4.034582132564841495e-02
3.746397694524495475e-02
5.187319884726224878e-02
4.322766570605187514e-02
4.538904899135446508e-02
4.466858789625360177e-02
5.187319884726224878e-02
4.250720461095101183e-02
4.106628242074927826e-02
4.971181556195965190e-02
5.187319884726224878e-02
4.034582132564841495e-02
4.538904899135446508e-02
4.034582132564841495e-02
3.818443804034581807e-02
3.962536023054755163e-02
4.682997118155619864e-02
4.610951008645532839e-02
4.178674351585014157e-02
3.097982708933717452e-02
4.682997118155619864e-02
3.746397694524495475e-02
4.394812680115273845e-02
4.394812680115273845e-02
4.755043227665706196e-02
4.250720461095101183e-02
4.250720461095101183e-02
5.547550432276657228e-02
4.538904899135446508e-02
5.043227665706052215e-02
4.322766570605187514e-02
4.250720461095101183e-02
3.386167146974063125e-02
4.322766570605187514e-02
3.746397694524495475e-02
4.322766570605187514e-02
4.466858789625360177e-02
5.691642651296829891e-02
4.538904899135446508e-02
4.827089337175792527e-02
4.971181556195965190e-02
5.043227665706052215e-02
4.394812680115273845e-02
4.178674351585014157e-02
4.466858789625360177e-02
4.106628242074927826e-02
4.106628242074927826e-02
4.322766570605187514e-02
4.538904899135446508e-02
4.610951008645532839e-02
3.890489913544668832e-02
4.466858789625360177e-02
4.538904899135446508e-02
3.746397694524495475e-02
4.538904899135446508e-02
4.322766570605187514e-02
3.962536023054755163e-02
4.322766570605187514e-02
4.682997118155619864e-02
3.530259365994236481e-02
3.962536023054755163e-02
