1.000000000000000000e+00
7.916666666666666297e-01
7.792792792792793133e-01
7.837837837837837718e-01
7.522522522522522292e-01
7.364864864864865135e-01
7.314189189189189699e-01
6.869369369369369149e-01
6.908783783783783994e-01
6.655405405405405705e-01
6.458333333333333703e-01
6.441441441441441151e-01
6.345720720720721131e-01
6.368243243243243423e-01
6.334459459459459429e-01
6.024774774774774855e-01
5.895270270270269730e-01
6.024774774774774855e-01
5.810810810810810301e-01
5.889639639639639990e-01
5.872747747747747438e-01
5.641891891891891442e-01
5.337837837837837718e-01
5.625000000000000000e-01
5.551801801801802272e-01
5.456081081081081141e-01
5.242117117117116587e-01
5.456081081081081141e-01
5.236486486486486847e-01
5.259009009009009139e-01
5.174549549549549710e-01
5.225225225225225145e-01
5.236486486486486847e-01
5.016891891891891442e-01
4.831081081081081141e-01
4.735360360360360565e-01
5.202702702702702853e-01
4.926801801801801717e-01
4.864864864864865135e-01
4.797297297297297147e-01
4.847972972972973138e-01
4.740990990990990861e-01
4.684684684684684575e-01
4.566441441441441706e-01
4.560810810810810856e-01
4.549549549549549710e-01
4.600225225225225145e-01
4.763513513513513709e-01
4.481981981981981722e-01
4.498873873873873719e-01
4.740990990990990861e-01
4.408783783783783994e-01
4.335585585585585711e-01
4.493243243243243423e-01
4.442567567567567433e-01
4.352477477477477708e-01
4.425675675675675436e-01
4.397522522522522292e-01
4.251126126126126281e-01
4.262387387387387427e-01
4.324324324324324564e-01
4.211711711711711437e-01
4.115990990990990861e-01
4.296171171171171421e-01
4.391891891891891997e-01
4.239864864864865135e-01
4.256756756756756577e-01
4.138513513513513709e-01
4.217342342342342287e-01
3.907657657657657713e-01
4.189189189189189144e-01
3.930180180180180005e-01
4.031531531531531432e-01
3.873873873873873719e-01
4.183558558558558294e-01
4.070945945945945721e-01
3.980855855855855996e-01
3.755630630630630851e-01
3.851351351351351426e-01
3.840090090090090280e-01
3.879504504504504570e-01
3.918918918918918859e-01
3.851351351351351426e-01
3.935810810810810856e-01
3.952702702702702853e-01
3.744369369369369149e-01
3.688063063063062863e-01
3.941441441441441706e-01
3.828828828828828579e-01
3.935810810810810856e-01
3.738738738738738854e-01
3.682432432432432567e-01
3.772522522522522292e-01
3.941441441441441706e-01
3.902027027027026862e-01
3.817567567567567433e-01
3.547297297297297147e-01
3.738738738738738854e-01
3.648648648648648574e-01
3.879504504504504570e-01
3.597972972972973138e-01
3.513513513513513709e-01
3.485360360360360565e-01
3.586711711711711437e-01
3.541666666666666852e-01
3.659909909909909720e-01
3.536036036036036001e-01
3.490990990990990861e-01
3.665540540540540571e-01
3.586711711711711437e-01
3.468468468468468568e-01
3.406531531531531432e-01
3.552927927927927998e-01
3.237612612612612573e-01
3.485360360360360565e-01
3.575450450450450290e-01
3.507882882882882858e-01
3.547297297297297147e-01
3.395270270270270285e-01
3.400900900900901136e-01
3.502252252252252007e-01
3.552927927927927998e-01
3.344594594594594850e-01
3.260135135135134865e-01
3.333333333333333148e-01
3.322072072072072002e-01
3.519144144144144004e-01
3.338963963963963999e-01
3.361486486486486291e-01
3.327702702702702853e-01
3.344594594594594850e-01
3.215090090090090280e-01
3.350225225225225145e-01
3.350225225225225145e-01
3.153153153153153143e-01
3.248873873873873719e-01
3.485360360360360565e-01
3.496621621621621712e-01
3.626126126126126281e-01
3.350225225225225145e-01
3.350225225225225145e-01
3.395270270270270285e-01
3.333333333333333148e-01
3.293918918918918859e-01
3.186936936936937137e-01
3.198198198198198283e-01
3.384009009009009139e-01
3.170045045045045140e-01
3.175675675675675436e-01
3.333333333333333148e-01
3.153153153153153143e-01
3.079954954954954860e-01
3.119369369369369149e-01
3.299549549549549710e-01
3.226351351351351426e-01
3.186936936936937137e-01
3.299549549549549710e-01
3.260135135135134865e-01
3.130630630630630851e-01
3.102477477477477708e-01
3.141891891891891997e-01
3.243243243243243423e-01
3.125000000000000000e-01
3.310810810810810856e-01
3.034909909909909720e-01
3.029279279279279424e-01
3.231981981981981722e-01
3.040540540540540571e-01
3.248873873873873719e-01
3.237612612612612573e-01
3.265765765765765716e-01
3.113738738738738854e-01
3.327702702702702853e-01
3.136261261261261146e-01
3.102477477477477708e-01
3.102477477477477708e-01
3.327702702702702853e-01
3.158783783783783994e-01
3.125000000000000000e-01
3.170045045045045140e-01
3.068693693693693714e-01
3.063063063063062863e-01
3.057432432432432567e-01
3.141891891891891997e-01
3.164414414414414289e-01
3.046171171171171421e-01
3.181306306306306286e-01
3.310810810810810856e-01
3.293918918918918859e-01
3.186936936936937137e-01
3.108108108108108003e-01
3.079954954954954860e-01
3.108108108108108003e-01
3.158783783783783994e-01
3.175675675675675436e-01
3.181306306306306286e-01
3.085585585585585711e-01
3.108108108108108003e-01
3.001126126126126281e-01
3.153153153153153143e-01
3.226351351351351426e-01
2.933558558558558294e-01
3.034909909909909720e-01
3.113738738738738854e-01
2.944819819819819995e-01
3.141891891891891997e-01
3.170045045045045140e-01
3.006756756756756577e-01
3.029279279279279424e-01
3.079954954954954860e-01
3.012387387387387427e-01
2.967342342342342287e-01
3.063063063063062863e-01
3.068693693693693714e-01
2.956081081081081141e-01
3.034909909909909720e-01
3.068693693693693714e-01
3.023648648648648574e-01
2.984234234234234284e-01
3.108108108108108003e-01
3.046171171171171421e-01
3.040540540540540571e-01
3.136261261261261146e-01
3.147522522522522292e-01
3.170045045045045140e-01
3.051801801801801717e-01
2.961711711711711437e-01
3.012387387387387427e-01
3.057432432432432567e-01
3.046171171171171421e-01
3.333333333333333148e-01
3.096846846846846857e-01
3.108108108108108003e-01
2.888513513513513709e-01
2.922297297297297147e-01
2.995495495495495430e-01
2.854729729729729715e-01
2.854729729729729715e-01
2.961711711711711437e-01
3.051801801801801717e-01
2.899774774774774855e-01
3.063063063063062863e-01
2.877252252252252007e-01
2.877252252252252007e-01
2.905405405405405150e-01
2.854729729729729715e-01
2.837837837837837718e-01
2.854729729729729715e-01
2.905405405405405150e-01
2.899774774774774855e-01
3.079954954954954860e-01
2.865990990990990861e-01
2.922297297297297147e-01
2.815315315315315425e-01
2.809684684684684575e-01
2.888513513513513709e-01
2.882882882882882858e-01
2.894144144144144004e-01
2.961711711711711437e-01
2.877252252252252007e-01
2.950450450450450290e-01
2.820945945945945721e-01
3.001126126126126281e-01
2.826576576576576572e-01
2.775900900900901136e-01
2.922297297297297147e-01
2.978603603603603434e-01
2.775900900900901136e-01
2.927927927927927998e-01
2.978603603603603434e-01
2.809684684684684575e-01
2.832207207207207422e-01
2.933558558558558294e-01
2.882882882882882858e-01
2.820945945945945721e-01
2.944819819819819995e-01
2.815315315315315425e-01
2.792792792792792578e-01
2.657657657657657713e-01
2.894144144144144004e-01
2.927927927927927998e-01
2.708333333333333148e-01
2.832207207207207422e-01
2.905405405405405150e-01
2.826576576576576572e-01
2.764639639639639435e-01
2.736486486486486291e-01
2.865990990990990861e-01
2.747747747747747993e-01
2.691441441441441706e-01
2.865990990990990861e-01
2.804054054054054279e-01
2.837837837837837718e-01
2.888513513513513709e-01
2.691441441441441706e-01
2.798423423423423428e-01
2.849099099099098864e-01
2.759009009009009139e-01
2.697072072072072002e-01
2.685810810810810856e-01
2.865990990990990861e-01
2.719594594594594850e-01
2.798423423423423428e-01
2.742117117117117142e-01
2.674549549549549710e-01
2.713963963963963999e-01
2.916666666666666852e-01
2.702702702702702853e-01
2.860360360360360565e-01
2.882882882882882858e-01
2.770270270270270285e-01
2.837837837837837718e-01
2.781531531531531432e-01
2.972972972972973138e-01
2.798423423423423428e-01
2.781531531531531432e-01
2.764639639639639435e-01
2.888513513513513709e-01
2.956081081081081141e-01
2.922297297297297147e-01
2.725225225225225145e-01
2.781531531531531432e-01
2.730855855855855996e-01
2.646396396396396566e-01
2.798423423423423428e-01
2.742117117117117142e-01
2.742117117117117142e-01
2.809684684684684575e-01
2.595720720720720576e-01
2.702702702702702853e-01
2.668918918918918859e-01
2.871621621621621712e-01
2.697072072072072002e-01
2.804054054054054279e-01
2.759009009009009139e-01
2.668918918918918859e-01
2.623873873873873719e-01
2.612612612612612573e-01
2.792792792792792578e-01
2.713963963963963999e-01
2.792792792792792578e-01
2.775900900900901136e-01
2.865990990990990861e-01
2.680180180180180005e-01
2.792792792792792578e-01
2.618243243243243423e-01
2.764639639639639435e-01
2.787162162162162282e-01
2.736486486486486291e-01
2.697072072072072002e-01
2.764639639639639435e-01
2.702702702702702853e-01
2.753378378378378288e-01
2.663288288288288563e-01
2.652027027027026862e-01
2.663288288288288563e-01
2.736486486486486291e-01
2.730855855855855996e-01
2.798423423423423428e-01
2.640765765765765716e-01
2.606981981981981722e-01
2.657657657657657713e-01
2.865990990990990861e-01
2.894144144144144004e-01
2.730855855855855996e-01
2.916666666666666852e-01
2.713963963963963999e-01
2.815315315315315425e-01
2.787162162162162282e-01
2.674549549549549710e-01
2.668918918918918859e-01
2.697072072072072002e-01
2.623873873873873719e-01
2.590090090090090280e-01
2.623873873873873719e-01
2.702702702702702853e-01
2.736486486486486291e-01
2.640765765765765716e-01
2.719594594594594850e-01
2.730855855855855996e-01
2.725225225225225145e-01
2.708333333333333148e-01
2.618243243243243423e-01
2.747747747747747993e-01
2.606981981981981722e-01
2.775900900900901136e-01
2.764639639639639435e-01
2.702702702702702853e-01
2.809684684684684575e-01
2.533783783783783994e-01
2.809684684684684575e-01
2.770270270270270285e-01
2.674549549549549710e-01
2.663288288288288563e-01
2.770270270270270285e-01
2.674549549549549710e-01
2.618243243243243423e-01
2.815315315315315425e-01
2.809684684684684575e-01
2.753378378378378288e-01
2.759009009009009139e-01
