1.000000000000000000e+00
8.452231956612432651e-01
8.028785982478097161e-01
7.705465164789320198e-01
7.421777221526908441e-01
7.113057989153107608e-01
6.952440550688360199e-01
6.825198164372131560e-01
6.585314977054651520e-01
6.433041301627033803e-01
6.214017521902377439e-01
6.138923654568210209e-01
6.095118898623279602e-01
6.022110972048393407e-01
6.017939090529829116e-01
5.688360450563203496e-01
5.492282019190655173e-01
5.654985398414684727e-01
5.475594493116395789e-01
5.421360033375052234e-01
5.310805173133082979e-01
5.098039215686274161e-01
4.989570296203587607e-01
4.968710888610763377e-01
4.868585732165206514e-01
4.868585732165206514e-01
4.776804338756779345e-01
4.691280767626199166e-01
4.559866499791405681e-01
4.557780559032123535e-01
4.616186900292031936e-01
4.432624113475177041e-01
4.390905298289528580e-01
4.294952023362536564e-01
4.284522319566124171e-01
4.215686274509803932e-01
4.146850229453483694e-01
4.044639132248644131e-01
3.996662494785148123e-01
3.831873174801835868e-01
3.792240300375469553e-01
3.886107634543178868e-01
3.738005840634125998e-01
3.763037129745515075e-01
3.788068418856904707e-01
3.652482269503546375e-01
3.635794743429286435e-01
3.487692949520233565e-01
3.445974134334585104e-01
3.379224030037547011e-01
3.454317897371714796e-01
3.318731748018356464e-01
3.397997496871089096e-01
3.260325406758448064e-01
3.293700458906966833e-01
3.233208176887776286e-01
3.201919065498539663e-01
3.201919065498539663e-01
3.185231539424280278e-01
3.087192323738006117e-01
3.007926574885273485e-01
3.024614100959532870e-01
3.055903212348769493e-01
2.995410930329578392e-01
2.870254484772632453e-01
2.955778055903212076e-01
2.847309136420525522e-01
2.886942010846891837e-01
2.788902795160617676e-01
2.734668335419274121e-01
2.738840216937838967e-01
2.670004171881518729e-01
2.653316645807259344e-01
2.647058823529411797e-01
2.622027534418022721e-01
2.578222778473091559e-01
2.482269503546099265e-01
2.490613266583228957e-01
2.511472674176053466e-01
2.496871088861076227e-01
2.478097622027534419e-01
2.448894451397580219e-01
2.467667918231122304e-01
2.438464747601168103e-01
2.390488110137672095e-01
2.361284939507717895e-01
2.467667918231122304e-01
2.413433458489779027e-01
2.375886524822695134e-01
2.290362953692115233e-01
2.304964539007092195e-01
2.259073842302878610e-01
2.206925323320817756e-01
2.165206508135169017e-01
2.229870671672924409e-01
2.140175219023779662e-01
2.058823529411764608e-01
2.106800166875260616e-01
2.071339173967459424e-01
2.056737588652482185e-01
2.015018773466833446e-01
2.023362536503963416e-01
2.006675010429703754e-01
2.060909470171047031e-01
2.060909470171047031e-01
2.033792240300375531e-01
1.971214017521902284e-01
1.948268669169795630e-01
1.910721735502711738e-01
2.012932832707551023e-01
1.929495202336253545e-01
1.933667083854818391e-01
1.931581143095535968e-01
1.921151439299123853e-01
1.960784313725490169e-01
1.942010846891948361e-01
1.898206090947017199e-01
1.789737171464330368e-01
1.848143512724238768e-01
1.856487275761368461e-01
1.877346683354192691e-01
1.791823112223612791e-01
1.816854401335002145e-01
1.720901126408010129e-01
1.777221526908635829e-01
1.770963704630788560e-01
1.654151022110972036e-01
1.627033792240300258e-01
1.662494785148101728e-01
1.583229036295369097e-01
1.629119732999582681e-01
1.604088443888193605e-01
1.581143095536086673e-01
1.610346266166040874e-01
1.589486858573216643e-01
1.612432206925323297e-01
1.558197747183980020e-01
1.610346266166040874e-01
1.541510221109720358e-01
1.526908635794743396e-01
1.533166458072590665e-01
1.499791405924071619e-01
1.572799332498956981e-01
1.483103879849812234e-01
1.528994576554025819e-01
1.514392991239048858e-01
1.516478931998331281e-01
1.466416353775552850e-01
1.449728827701293188e-01
1.451814768460575611e-01
1.418439716312056842e-01
1.353775552774301172e-01
1.382978723404255372e-01
1.405924071756362026e-01
1.387150604922820218e-01
1.368377138089278133e-01
1.297455152273675472e-01
1.355861493533583595e-01
1.364205256570713287e-01
1.318314559866499702e-01
1.347517730496453903e-01
1.261994159365874002e-01
1.278681685440133386e-01
1.276595744680850963e-01
1.272423863162286117e-01
1.220275344180225263e-01
1.159783062161034578e-01
1.174384647476011678e-01
1.151439299123904886e-01
1.232790988735919940e-01
1.145181476846057617e-01
1.205673758865248163e-01
1.143095536086775194e-01
1.126408010012515670e-01
1.174384647476011678e-01
1.113892365456820993e-01
1.130579891531080516e-01
1.065915727993324985e-01
1.151439299123904886e-01
1.155611180642469732e-01
1.101376720901126455e-01
1.224447225698790109e-01
1.166040884438881986e-01
1.172298706716729255e-01
1.115978306216103416e-01
1.101376720901126455e-01
1.118064246975385839e-01
1.086775135586149355e-01
1.061743846474760139e-01
1.063829787234042562e-01
1.061743846474760139e-01
1.082603254067584508e-01
1.034626616604088500e-01
1.011681268251981708e-01
1.051314142678347885e-01
9.991656236962870308e-02
1.090947017104714201e-01
1.047142261159783039e-01
1.065915727993324985e-01
1.122236128493950824e-01
1.026282853566958669e-01
9.866499791405923536e-02
1.026282853566958669e-01
1.055486024196912870e-01
9.845640383813099306e-02
1.017939090529828977e-01
9.365874009178139226e-02
9.929078014184397616e-02
9.678765123070505461e-02
9.637046307884855612e-02
9.762202753441802383e-02
9.282436378806842303e-02
9.407592824363787687e-02
9.407592824363787687e-02
9.470171047142261767e-02
9.553608677513558689e-02
9.824780976220275075e-02
9.157279933249895532e-02
9.094701710471422840e-02
9.345014601585314995e-02
9.136420525657071301e-02
9.011264080100124529e-02
8.886107634543179146e-02
8.990404672507300299e-02
8.865248226950354915e-02
8.823529411764706454e-02
8.573216520650812911e-02
9.157279933249895532e-02
8.635794743429286990e-02
8.635794743429286990e-02
8.614935335836462760e-02
8.823529411764706454e-02
8.614935335836462760e-02
8.427200667501043296e-02
8.260325406758448064e-02
8.114309553608677061e-02
8.135168961201501292e-02
8.260325406758448064e-02
8.594075928243638529e-02
7.884856070087609137e-02
8.448060075093867527e-02
8.114309553608677061e-02
8.030871923237380139e-02
8.197747183979975372e-02
8.427200667501043296e-02
7.801418439716312214e-02
7.968293700458907447e-02
7.843137254901960675e-02
8.114309553608677061e-02
7.530246141009595828e-02
7.780559032123487984e-02
7.822277847309136445e-02
7.405089695452649057e-02
7.989153108051731678e-02
7.968293700458907447e-02
8.051731330830204370e-02
7.926574885273257598e-02
7.801418439716312214e-02
7.217355027117229593e-02
6.800166875260742205e-02
7.467667918231121749e-02
7.989153108051731678e-02
7.551105548602420059e-02
7.259073842302878055e-02
7.363370880267000596e-02
8.010012515644555908e-02
7.238214434710053824e-02
7.363370880267000596e-02
7.467667918231121749e-02
7.446808510638297518e-02
7.050479766374634361e-02
7.196495619524405363e-02
7.655402586566541212e-02
7.738840216937839522e-02
7.092198581560284210e-02
7.238214434710053824e-02
7.384230287859824826e-02
7.446808510638297518e-02
7.175636211931581132e-02
7.050479766374634361e-02
6.862745098039216285e-02
6.466416353775553127e-02
6.528994576554025819e-02
6.508135168961201589e-02
6.967042136003337438e-02
6.841885690446390667e-02
6.654151022110972591e-02
6.320400500625782125e-02
6.216103462661660278e-02
6.591572799332498511e-02
6.591572799332498511e-02
6.591572799332498511e-02
6.758448060075093744e-02
6.257822277847309433e-02
6.695869837296621052e-02
6.528994576554025819e-02
6.487275761368377358e-02
7.092198581560284210e-02
6.925323320817688977e-02
6.424697538589904666e-02
6.382978723404254817e-02
6.654151022110972591e-02
6.445556946182728897e-02
6.445556946182728897e-02
6.487275761368377358e-02
6.633291614518148360e-02
6.174384647476011817e-02
6.195244055068836048e-02
6.320400500625782125e-02
5.673758865248226813e-02
6.007509386733416584e-02
6.070087609511889970e-02
6.362119315811430587e-02
6.445556946182728897e-02
5.757196495619524429e-02
6.362119315811430587e-02
5.944931163954943892e-02
6.341259908218606356e-02
6.070087609511889970e-02
5.757196495619524429e-02
5.903212348769294737e-02
5.736337088026700198e-02
5.590321234876929196e-02
5.569461827284104966e-02
5.694618272841051043e-02
5.590321234876929196e-02
5.548602419691280735e-02
5.652899457655402582e-02
5.486024196912807349e-02
5.611180642469754121e-02
5.652899457655402582e-02
5.569461827284104966e-02
5.882352941176470507e-02
5.319148936170212810e-02
5.590321234876929196e-02
5.506883604505632274e-02
5.068836045056320655e-02
5.319148936170212810e-02
5.548602419691280735e-02
5.486024196912807349e-02
5.298289528577388580e-02
5.402586566541510427e-02
5.173133083020442502e-02
5.027117229870671500e-02
4.818523153942427806e-02
4.901960784313725422e-02
5.152273675427617577e-02
5.214851898206090963e-02
5.027117229870671500e-02
4.672507300792657498e-02
4.985398414685023039e-02
5.152273675427617577e-02
4.964539007092198808e-02
4.985398414685023039e-02
5.527743012098456504e-02
5.089695452649144886e-02
5.068836045056320655e-02
4.818523153942427806e-02
5.089695452649144886e-02
5.068836045056320655e-02
4.589069670421359881e-02
5.047976637463495730e-02
4.860241969128076961e-02
4.422194409678765342e-02
4.422194409678765342e-02
4.922820191906549653e-02
4.735085523571130883e-02
4.693366708385481728e-02
4.839382561535252730e-02
4.526491447642887189e-02
4.568210262828535650e-02
4.463913224864413803e-02
4.860241969128076961e-02
4.443053817271589573e-02
4.818523153942427806e-02
5.089695452649144886e-02
4.922820191906549653e-02
4.380475594493116187e-02
4.589069670421359881e-02
4.484772632457238034e-02
4.505632040050062265e-02
4.609929078014184112e-02
4.568210262828535650e-02
4.568210262828535650e-02
4.297037964121819265e-02
4.609929078014184112e-02
4.735085523571130883e-02
4.630788485607009036e-02
4.192740926157697418e-02
4.067584480600750646e-02
4.276178556528994340e-02
4.109303295786399801e-02
4.213600333750521648e-02
3.858990404672507646e-02
4.046725073007926415e-02
3.984146850229453724e-02
4.297037964121819265e-02
4.255319148936170109e-02
4.443053817271589573e-02
4.192740926157697418e-02
4.005006257822277954e-02
