1.000000000000000000e+00
7.658610271903323330e-01
7.255071212775140443e-01
7.088908070781182458e-01
6.709106603366422616e-01
6.646525679758308325e-01
6.378938282261544801e-01
6.100561070349590498e-01
6.115666810530858699e-01
5.822183858437635084e-01
5.725075528700905858e-01
5.489857574449719113e-01
5.353905912818299750e-01
5.323694432455762238e-01
5.123003884333189317e-01
5.051791109192922402e-01
4.989210185584808110e-01
4.717306862321968275e-01
4.760466119982736388e-01
4.751834268450582655e-01
4.602934829520932136e-01
4.605092792403970847e-01
4.499352611135088442e-01
4.331031506258092301e-01
4.268450582649978564e-01
4.192921881743634227e-01
4.236081139404402340e-01
3.931808372895986281e-01
3.981441519205869417e-01
3.998705222270176884e-01
3.914544669831678814e-01
3.754855416486836406e-01
3.733275787656452072e-01
3.584376348726802108e-01
3.556322831247302751e-01
3.549848942598187174e-01
3.511005610703495927e-01
3.325420802762192318e-01
3.467846353042727814e-01
3.260681916271039871e-01
3.366422097539922276e-01
3.351316357358653519e-01
3.200258955545964845e-01
3.178679326715580511e-01
3.124730254639619953e-01
3.096676737160120596e-01
3.146309883470004287e-01
3.064307293914544927e-01
2.928355632283124454e-01
2.865774708675010718e-01
2.977988778593008146e-01
2.874406560207164452e-01
2.695295640914976421e-01
2.699611566681053287e-01
2.712559343979283333e-01
2.665084160552438353e-01
2.734138972809667667e-01
2.671558049201553930e-01
2.637030643072938996e-01
2.576607682347863415e-01
2.552870090634440925e-01
2.434182132067328475e-01
2.503236944324557789e-01
2.451445835131635664e-01
2.501078981441519078e-01
2.514026758739749678e-01
2.460077686663789398e-01
2.427708243418213174e-01
2.350021579628830404e-01
2.345705653862753537e-01
2.298230470435908557e-01
2.432024169184290041e-01
2.326283987915407914e-01
2.285282693137677956e-01
2.356495468277945704e-01
2.216227880880448919e-01
2.166594734570565506e-01
2.091066033664220891e-01
2.097539922313336191e-01
2.097539922313336191e-01
2.080276219249029002e-01
2.047906776003452778e-01
2.024169184290030288e-01
1.963746223564954707e-01
1.991799741044454064e-01
1.955114372032800973e-01
1.968062149331031574e-01
1.834268450582650090e-01
1.847216227880880413e-01
1.834268450582650090e-01
1.927060854553301616e-01
1.899007337073802260e-01
1.927060854553301616e-01
1.847216227880880413e-01
1.773845489857574509e-01
1.788951230038843265e-01
1.719896417781614228e-01
1.689684937419076438e-01
1.769529564091497642e-01
1.741476046611998285e-01
1.709106603366422061e-01
1.670263271471730815e-01
1.687526974536038005e-01
1.564523090202848410e-01
1.579628830384117444e-01
1.596892533448424634e-01
1.590418644799309333e-01
1.570996978851963710e-01
1.637893828226154591e-01
1.508416055243849696e-01
1.549417350021579654e-01
1.564523090202848410e-01
1.586102719033232744e-01
1.627104013810962424e-01
1.534311609840310620e-01
1.560207164436771821e-01
1.588260681916271178e-01
1.458782908933966282e-01
1.467414760466120016e-01
1.501942166594734673e-01
1.460940871817004716e-01
1.435045317220543792e-01
1.456624946050927849e-01
1.424255502805351625e-01
1.381096245144583512e-01
1.389728096676737246e-01
1.342252913249891988e-01
1.404833836858006002e-01
1.406991799741044435e-01
1.374622356495468212e-01
1.320673284419507931e-01
1.372464393612429778e-01
1.419939577039275036e-01
1.430729391454466926e-01
1.333621061717738532e-01
1.359516616314199455e-01
1.316357358653431064e-01
1.340094950366853555e-01
1.309883470004316042e-01
1.316357358653431064e-01
1.296935692706085441e-01
1.290461804056970141e-01
1.260250323694432351e-01
1.324989210185584798e-01
1.318515321536469498e-01
1.247302546396202028e-01
1.214933103150625804e-01
1.223564954682779399e-01
1.227880880448856266e-01
1.240828657747086727e-01
1.141562365127319761e-01
1.193353474320241747e-01
1.273198100992662951e-01
1.268882175226586084e-01
1.223564954682779399e-01
1.158826068191627090e-01
1.249460509279240461e-01
1.195511437203280042e-01
1.189037548554164880e-01
1.160984031074665523e-01
1.148036253776435062e-01
1.186879585671126447e-01
1.139404402244281467e-01
1.199827362969356909e-01
1.137246439361243033e-01
1.180405697022011285e-01
1.119982736296935705e-01
1.066033664220975424e-01
1.186879585671126447e-01
1.137246439361243033e-01
1.139404402244281467e-01
1.135088476478204600e-01
1.145878290893396628e-01
1.156668105308588657e-01
1.163141993957703957e-01
1.096245144583513215e-01
1.145878290893396628e-01
1.072507552870090586e-01
1.130772550712127733e-01
1.163141993957703957e-01
1.061717738454898557e-01
1.173931808372895985e-01
1.124298662063012572e-01
1.042296072507552934e-01
1.139404402244281467e-01
1.074665515753129019e-01
1.122140699179974138e-01
1.089771255934397914e-01
1.022874406560207172e-01
1.031506258092360767e-01
1.044454035390591229e-01
1.007768666378938277e-01
1.040138109624514501e-01
1.094087181700474781e-01
1.022874406560207172e-01
1.016400517911091872e-01
1.005610703495899844e-01
9.926629261976693819e-02
9.732412602503237586e-02
9.343979283556322346e-02
1.027190332326284039e-01
9.948208890807078153e-02
1.003452740612861410e-01
9.732412602503237586e-02
9.581355200690548635e-02
9.883470004315925150e-02
9.473457056538626964e-02
9.538195943029779966e-02
9.689253344842468918e-02
8.739749676305567927e-02
9.085023737591713111e-02
9.149762624082866114e-02
9.041864479930945830e-02
8.933966335779024159e-02
9.495036685369011298e-02
8.502373759171341638e-02
8.653431160984030590e-02
9.559775571860164300e-02
8.890807078118256879e-02
8.718170047475183593e-02
8.523953388001725973e-02
8.631851532153647644e-02
8.588692274492878975e-02
8.200258955545965123e-02
8.523953388001725973e-02
8.523953388001725973e-02
8.157099697885196454e-02
8.113940440224427786e-02
8.567112645662494641e-02
8.588692274492878975e-02
8.653431160984030590e-02
8.653431160984030590e-02
8.092360811394043452e-02
8.329736728528269740e-02
8.264997842037116738e-02
8.977125593439792828e-02
8.135520069054812120e-02
7.358653431160984415e-02
8.286577470867501072e-02
7.466551575312904698e-02
8.006042296072507503e-02
7.941303409581355888e-02
8.264997842037116738e-02
7.768666378938282602e-02
7.747086750107898268e-02
7.509710832973673367e-02
7.078118256365990846e-02
8.027621924902891837e-02
7.509710832973673367e-02
7.984462667242123168e-02
7.876564523090202885e-02
7.034958998705222177e-02
7.660768234786362318e-02
7.552870090634440647e-02
7.250755287009064132e-02
7.337073802330600081e-02
7.099697885196375180e-02
7.186016400517911129e-02
7.207596029348295463e-02
6.883901596892533226e-02
7.229175658178679797e-02
6.991799741044453509e-02
7.056538627535606512e-02
7.272334915839447078e-02
6.862321968062148891e-02
7.315494173500215747e-02
7.552870090634440647e-02
7.337073802330600081e-02
7.293914544669831412e-02
6.797583081570997277e-02
7.401812688821751696e-02
6.732844195079844274e-02
6.452309020284850705e-02
6.473888649115235039e-02
6.452309020284850705e-02
6.322831247302546087e-02
6.517047906776003707e-02
6.905481225722917560e-02
6.322831247302546087e-02
6.193353474320241470e-02
6.689684937419076993e-02
6.020716443677168878e-02
6.452309020284850705e-02
6.430729391454466370e-02
6.344410876132930421e-02
6.603366422097539656e-02
6.538627535606388042e-02
6.711264566249459940e-02
6.624946050927923991e-02
6.258092360811394472e-02
6.538627535606388042e-02
6.668105308588692659e-02
6.495468277945619373e-02
6.344410876132930421e-02
6.409149762624083424e-02
6.128614587829089161e-02
6.517047906776003707e-02
5.977557186016400209e-02
5.740181268882175308e-02
6.193353474320241470e-02
6.214933103150625804e-02
6.236512731981010138e-02
6.214933103150625804e-02
6.517047906776003707e-02
6.236512731981010138e-02
5.891238670694864260e-02
6.365990504963314756e-02
5.545964609408718382e-02
5.697022011221407334e-02
6.430729391454466370e-02
5.697022011221407334e-02
5.740181268882175308e-02
5.157531290461803836e-02
5.567544238239102022e-02
5.416486836426413765e-02
5.891238670694864260e-02
5.826499784203711951e-02
5.761760897712559643e-02
5.610703495899870691e-02
5.351747949935261456e-02
5.999136814846784543e-02
5.783340526542943283e-02
5.804920155373327617e-02
5.481225722917566073e-02
5.567544238239102022e-02
5.416486836426413765e-02
4.984894259818731244e-02
5.891238670694864260e-02
5.265429434613724813e-02
5.200690548122572504e-02
5.351747949935261456e-02
5.438066465256797405e-02
5.373327578765645096e-02
6.085455330168321186e-02
5.243849805783340479e-02
5.092792403970651527e-02
5.524384980578334048e-02
5.481225722917566073e-02
5.567544238239102022e-02
5.438066465256797405e-02
5.394907207596029430e-02
5.481225722917566073e-02
5.265429434613724813e-02
4.920155373327578935e-02
4.445403539059128439e-02
5.265429434613724813e-02
5.200690548122572504e-02
5.265429434613724813e-02
5.200690548122572504e-02
5.416486836426413765e-02
5.243849805783340479e-02
5.481225722917566073e-02
4.725938713854122009e-02
5.222270176952956144e-02
4.208027621924902845e-02
4.898575744497194601e-02
5.179110919292188170e-02
4.510142425550280748e-02
4.790677600345274317e-02
4.466983167889512080e-02
4.682779456193353340e-02
5.049633146309883552e-02
4.725938713854122009e-02
4.855416486836426626e-02
5.028053517479499218e-02
4.359085023737591796e-02
4.769097971514889983e-02
4.876996115666810266e-02
4.574881312041433057e-02
4.790677600345274317e-02
4.294346137246439488e-02
4.596460940871816697e-02
4.704359085023737674e-02
4.488562796719896414e-02
4.747518342684505649e-02
4.553301683211048723e-02
4.294346137246439488e-02
4.294346137246439488e-02
4.251186879585670819e-02
4.855416486836426626e-02
4.488562796719896414e-02
4.769097971514889983e-02
4.251186879585670819e-02
4.898575744497194601e-02
4.855416486836426626e-02
4.402244281398359771e-02
4.380664652567976131e-02
4.661199827362969700e-02
4.445403539059128439e-02
4.466983167889512080e-02
4.294346137246439488e-02
4.466983167889512080e-02
4.833836858006042292e-02
4.315925766076823822e-02
4.574881312041433057e-02
4.704359085023737674e-02
4.963314630988346909e-02
4.833836858006042292e-02
4.402244281398359771e-02
4.402244281398359771e-02
5.157531290461803836e-02
