1.000000000000000000e+00
8.515815085158150444e-01
7.861584211949175227e-01
7.491213841578805432e-01
7.242497972424979391e-01
7.147877804812111657e-01
6.869424168694241439e-01
6.444985131116518495e-01
6.307110029737766910e-01
6.185455528521222046e-01
5.920519059205190393e-01
5.858340091916733883e-01
5.579886455798864775e-01
5.574479589078129571e-01
5.358204920248715863e-01
5.244660719113274361e-01
5.044606650446066265e-01
4.982427683157610310e-01
4.955393349553933735e-01
4.749932414165990990e-01
4.693160313598269684e-01
4.582319545823195228e-01
4.422816977561503382e-01
4.471478778048121328e-01
4.430927277642606188e-01
4.249797242497972416e-01
4.144363341443633164e-01
4.074074074074073848e-01
4.001081373344146930e-01
3.773992971073262814e-01
3.855095971884293093e-01
3.736144904028115832e-01
3.709110570424439257e-01
3.649635036496350349e-01
3.671262503379291720e-01
3.522573668559070281e-01
3.468505001351716577e-01
3.530683968640173087e-01
3.363071100297377880e-01
3.379291700459583492e-01
3.392808867261422057e-01
3.425250067585833835e-01
3.206271965396053081e-01
3.173830765071640747e-01
3.198161665314949720e-01
3.119762097864287598e-01
3.095431197620978625e-01
3.173830765071640747e-01
2.957556096242227595e-01
2.992700729927007530e-01
2.879156528791565473e-01
2.784536361178697184e-01
2.806163828061638554e-01
2.698026493646931701e-01
2.711543660448769710e-01
2.716950527169505469e-01
2.722357393890240673e-01
2.652068126520681357e-01
2.746688294133549646e-01
2.600702892673695810e-01
2.584482292511489643e-01
2.500675858340091762e-01
2.484455258177885872e-01
2.381724790483914500e-01
2.362800756961341009e-01
2.316842389835090665e-01
2.300621789672884498e-01
2.343876723438767240e-01
2.314138956474722786e-01
2.287104622871046211e-01
2.176263855095971755e-01
2.197891321978913126e-01
2.241146255744795868e-01
2.243849689105163470e-01
2.246553122465531349e-01
2.189781021897810320e-01
2.065423087320897577e-01
2.011354420113544150e-01
2.065423087320897577e-01
2.035685320356853123e-01
2.065423087320897577e-01
1.889699918896999287e-01
1.843741551770748943e-01
1.805893484725601406e-01
1.843741551770748943e-01
1.851851851851851749e-01
1.870775885374425518e-01
1.797783184644498600e-01
1.770748851040821747e-01
1.759935117599351062e-01
1.789672884563395516e-01
1.768045417680454146e-01
1.654501216545012088e-01
1.746417950797512775e-01
1.695052716950527227e-01
1.716680183833468598e-01
1.622060016220600032e-01
1.635577183022438597e-01
1.670721816707218255e-01
1.557177615571776197e-01
1.646390916463909282e-01
1.576101649094349688e-01
1.486888348202216881e-01
1.540957015409570030e-01
1.524736415247364141e-01
1.424709380913760370e-01
1.467964314679643112e-01
1.413895647472289685e-01
1.438226547715598935e-01
1.522032981886996539e-01
1.473371181400378593e-01
1.530143281968099622e-01
1.311165179778318590e-01
1.427412814274128250e-01
1.354420113544201054e-01
1.373344147066774823e-01
1.386861313868613110e-01
1.311165179778318590e-01
1.354420113544201054e-01
1.389564747228980712e-01
1.294944579616112423e-01
1.308461746417950711e-01
1.230062178967288450e-01
1.303054879697215507e-01
1.313868613138686192e-01
1.308461746417950711e-01
1.267910246012435849e-01
1.257096512570965163e-01
1.286834279535009340e-01
1.192214111922141051e-01
1.292241146255744821e-01
1.213841578805082422e-01
1.121924844552581735e-01
1.119221411192214133e-01
1.105704244390375846e-01
1.157069478237361393e-01
1.048932143822654817e-01
1.105704244390375846e-01
1.135442011354420161e-01
1.100297377669640503e-01
1.067856177345228447e-01
1.070559610705596049e-01
1.059745877264125502e-01
1.073263044065963789e-01
1.035414977020816391e-01
9.867531765341984451e-02
9.164639091646391289e-02
9.678291430116248151e-02
9.137604758042713882e-02
1.032711543660448789e-01
9.759394430927277597e-02
9.543119762097863890e-02
9.651257096512570743e-02
9.245742092457420735e-02
9.326845093268451570e-02
9.083536090835360455e-02
9.164639091646391289e-02
9.137604758042713882e-02
8.894295755609624154e-02
8.786158421194917301e-02
9.299810759664774162e-02
8.921330089213301562e-02
8.407677750743444700e-02
8.650986753176534427e-02
9.137604758042713882e-02
8.894295755609624154e-02
8.380643417139767293e-02
8.434712084347120720e-02
8.056231413895648119e-02
7.731819410651527558e-02
7.948094079480941265e-02
7.299270072992700142e-02
7.488510408218437830e-02
7.731819410651527558e-02
7.948094079480941265e-02
7.758853744255203577e-02
7.894025412273587838e-02
7.948094079480941265e-02
8.245471749121384419e-02
6.974858069748580969e-02
7.758853744255203577e-02
7.407407407407406996e-02
7.353338740200053569e-02
7.055961070559610415e-02
6.704514733711813834e-02
6.758583400919167261e-02
6.407137064071370680e-02
6.758583400919167261e-02
7.082995404163287823e-02
6.731549067315491242e-02
6.866720735333874115e-02
6.893755068937550134e-02
6.542308732089753553e-02
6.758583400919167261e-02
6.974858069748580969e-02
6.893755068937550134e-02
6.244931062449310399e-02
7.001892403352256988e-02
6.866720735333874115e-02
6.920789402541227542e-02
7.001892403352256988e-02
6.353068396864017253e-02
6.353068396864017253e-02
6.758583400919167261e-02
7.001892403352256988e-02
6.380102730467694661e-02
6.244931062449310399e-02
6.623411732900784388e-02
6.488240064882400127e-02
6.271965396052987807e-02
6.298999729656663826e-02
6.569343065693430961e-02
6.163828061638280953e-02
5.947553392808867245e-02
6.109759394430927526e-02
6.190862395241956972e-02
6.407137064071370680e-02
6.380102730467694661e-02
5.920519059205190532e-02
5.947553392808867245e-02
6.326034063260341234e-02
5.974587726412543959e-02
6.136793728034604239e-02
6.380102730467694661e-02
6.217896728845633686e-02
6.136793728034604239e-02
6.136793728034604239e-02
5.542038388753717237e-02
5.596107055961070664e-02
5.542038388753717237e-02
6.082725060827250813e-02
6.028656393619897386e-02
5.433901054339010384e-02
5.812381724790483678e-02
5.460935387942687097e-02
4.920248715869153522e-02
5.136523384698567229e-02
5.217626385509597370e-02
5.542038388753717237e-02
5.055420383887537089e-02
5.055420383887537089e-02
5.055420383887537089e-02
4.893214382265477502e-02
5.028386050283860376e-02
4.703974047039740508e-02
4.866180048661800789e-02
4.893214382265477502e-02
5.217626385509597370e-02
4.839145715058124075e-02
5.650175723168424091e-02
5.109489051094890516e-02
4.460665044606650781e-02
4.622871046228710368e-02
4.595836712625033654e-02
4.731008380643417222e-02
4.649905379832387081e-02
4.622871046228710368e-02
5.001351716680183662e-02
4.460665044606650781e-02
4.622871046228710368e-02
4.974317383076506949e-02
4.163287374966206933e-02
4.866180048661800789e-02
4.812111381454447362e-02
4.622871046228710368e-02
4.731008380643417222e-02
4.893214382265477502e-02
4.676939713436063795e-02
4.785077047850770648e-02
4.082184374155176793e-02
4.055150040551500079e-02
4.244390375777237073e-02
3.838875371722087065e-02
4.082184374155176793e-02
4.595836712625033654e-02
4.190321708569883646e-02
4.325493376588267214e-02
4.487699378210326800e-02
4.541768045417680227e-02
4.622871046228710368e-02
4.514733711814003514e-02
4.406596377399297354e-02
4.325493376588267214e-02
4.514733711814003514e-02
4.271424709380913787e-02
4.217356042173560360e-02
3.919978372533117206e-02
4.379562043795620641e-02
4.244390375777237073e-02
4.217356042173560360e-02
4.163287374966206933e-02
3.757772370911056925e-02
3.865909705325763779e-02
4.325493376588267214e-02
3.757772370911056925e-02
3.811841038118410352e-02
3.622600702892673358e-02
3.892944038929440492e-02
3.730738037307380212e-02
3.784806704514733638e-02
3.919978372533117206e-02
3.838875371722087065e-02
3.676669370100026785e-02
3.433360367666937057e-02
3.433360367666937057e-02
3.163017031630170617e-02
3.460394701270613771e-02
3.190051365233847330e-02
3.379291700459583631e-02
3.352257366855906917e-02
3.190051365233847330e-02
3.081914030819140476e-02
3.325223033252230204e-02
3.379291700459583631e-02
3.271154366044876777e-02
3.622600702892673358e-02
3.352257366855906917e-02
3.244120032441200063e-02
3.217085698837523350e-02
3.595566369288997338e-02
3.271154366044876777e-02
3.541497702081643911e-02
3.217085698837523350e-02
3.190051365233847330e-02
3.081914030819140476e-02
3.325223033252230204e-02
3.568532035685320625e-02
3.352257366855906917e-02
3.352257366855906917e-02
2.730467693971343549e-02
3.244120032441200063e-02
3.514463368477967198e-02
3.460394701270613771e-02
3.135982698026493903e-02
3.000811030008110336e-02
3.244120032441200063e-02
2.838605028386050402e-02
2.757502027575020262e-02
2.811570694782373689e-02
2.541227358745606901e-02
2.946742362800756909e-02
2.919708029197080196e-02
2.892673695593403482e-02
3.054879697215463763e-02
2.676399026763990122e-02
2.784536361178696975e-02
2.811570694782373689e-02
2.622330359556637042e-02
2.784536361178696975e-02
2.595296025952960328e-02
2.514193025141930188e-02
2.730467693971343549e-02
3.135982698026493903e-02
2.784536361178696975e-02
2.595296025952960328e-02
2.730467693971343549e-02
2.730467693971343549e-02
2.973776696404433623e-02
3.081914030819140476e-02
2.892673695593403482e-02
2.784536361178696975e-02
2.514193025141930188e-02
2.784536361178696975e-02
2.541227358745606901e-02
2.865639361989727116e-02
2.730467693971343549e-02
2.379021357123546968e-02
2.649364693160313755e-02
2.568261692349283615e-02
2.811570694782373689e-02
2.297918356312516827e-02
2.487158691538253474e-02
2.676399026763990122e-02
2.784536361178696975e-02
2.379021357123546968e-02
2.541227358745606901e-02
2.270884022708840114e-02
2.460124357934576761e-02
2.351987023519870254e-02
2.270884022708840114e-02
2.649364693160313755e-02
2.568261692349283615e-02
2.541227358745606901e-02
2.622330359556637042e-02
2.460124357934576761e-02
2.351987023519870254e-02
2.595296025952960328e-02
2.324952689916193541e-02
2.324952689916193541e-02
2.487158691538253474e-02
2.676399026763990122e-02
2.351987023519870254e-02
2.676399026763990122e-02
2.216815355501487034e-02
2.892673695593403482e-02
2.568261692349283615e-02
2.460124357934576761e-02
2.460124357934576761e-02
2.216815355501487034e-02
2.297918356312516827e-02
2.243849689105163400e-02
