1.000000000000000000e+00
8.290695470911503273e-01
7.703240477544058828e-01
7.352662497631229366e-01
6.907333712336555243e-01
6.602236119007011128e-01
6.251658139094182776e-01
6.120902027667235457e-01
6.101951866590865636e-01
5.855599772598066854e-01
5.724843661171119535e-01
5.425431116164487477e-01
5.254879666477164646e-01
5.000947508053817936e-01
4.970627250331627889e-01
4.834186090581770179e-01
4.828501042258859233e-01
4.654159560356262992e-01
4.515823384498768300e-01
4.404017434148190246e-01
4.320636725412165813e-01
4.411597498578738175e-01
4.309266628766344476e-01
4.091339776388099314e-01
3.971953761606973887e-01
3.873412924009854152e-01
3.829827553534205231e-01
3.765397005874550063e-01
3.776767102520371400e-01
3.589160507864316840e-01
3.456509380329732539e-01
3.418609058176994564e-01
3.388288800454803962e-01
3.299223043395869137e-01
3.249952624597309270e-01
3.215842334659844703e-01
3.092666287663445313e-01
3.132461625923820270e-01
3.060451013833617728e-01
3.014970627250331825e-01
2.929694902406670409e-01
2.922114837976123036e-01
2.819783968163729337e-01
2.906954709115027735e-01
2.795148758764449681e-01
2.709873033920788266e-01
2.670077695660413308e-01
2.670077695660413308e-01
2.533636535910555043e-01
2.520371423157096724e-01
2.427515633882887935e-01
2.467310972143263170e-01
2.435095698313435586e-01
2.380140231191965050e-01
2.419935569452340285e-01
2.294864506348303912e-01
2.213378813719916738e-01
2.260754216410839623e-01
2.122418040553344654e-01
2.171688459351904521e-01
2.241804055334470358e-01
2.175478491567178208e-01
2.012507106310403582e-01
2.093992798938791033e-01
2.084517718400606401e-01
2.148948266060261569e-01
1.985976880803486944e-01
2.012507106310403582e-01
1.951866590866022377e-01
1.913966268713284125e-01
1.904491188175099492e-01
1.876065946560545872e-01
1.906386204282736474e-01
1.889331059314004191e-01
1.908281220390373456e-01
1.881750994883456540e-01
1.781315141178700101e-01
1.766155012317604800e-01
1.724464657949592583e-01
1.694144400227401981e-01
1.682774303581580366e-01
1.703619480765586613e-01
1.686564335796854330e-01
1.557703240477543993e-01
1.601288610953193192e-01
1.572863369338639294e-01
1.552018192154633325e-01
1.572863369338639294e-01
1.572863369338639294e-01
1.510327837786621108e-01
1.451582338449876886e-01
1.455372370665150572e-01
1.461057418988061518e-01
1.432632177373507620e-01
1.464847451203335205e-01
1.411787000189501651e-01
1.360621565283304801e-01
1.389046806897858699e-01
1.286715937085465278e-01
1.354936516960394133e-01
1.320826227022929567e-01
1.339776388099298832e-01
1.394731855220769368e-01
1.320826227022929567e-01
1.290505969300738964e-01
1.248815614932726886e-01
1.262080727686185344e-01
1.260185711578548362e-01
1.169224938411976555e-01
1.195755163918893332e-01
1.195755163918893332e-01
1.161644873981428905e-01
1.108584422967595212e-01
1.137009664582148971e-01
1.133219632366875146e-01
1.074474133030130785e-01
1.108584422967595212e-01
1.155959825658518098e-01
1.061209020276672327e-01
1.140799696797422796e-01
1.152169793443244272e-01
1.085844229675952261e-01
1.085844229675952261e-01
1.036573810877392393e-01
1.087739245783589104e-01
1.036573810877392393e-01
1.004358537047564948e-01
9.702482471101003814e-02
9.873033920788326645e-02
9.304529088497252853e-02
9.437180216031836044e-02
9.512980860337312550e-02
9.209778283115406528e-02
9.399279893879097791e-02
9.361379571726359539e-02
8.603373128671593095e-02
8.622323289747962916e-02
8.338070873602425326e-02
8.338070873602425326e-02
8.091718779609625989e-02
8.053818457456887736e-02
8.432821678984271652e-02
8.186469584991472315e-02
8.717074095129809241e-02
8.830775061588024000e-02
7.845366685616828040e-02
7.996967974227781051e-02
7.712715558082243461e-02
7.599014591624028703e-02
7.959067652075042798e-02
8.053818457456887736e-02
7.807466363464089787e-02
7.807466363464089787e-02
7.978017813151411231e-02
7.940117490998672978e-02
7.807466363464089787e-02
8.148569262838734062e-02
8.072768618533257556e-02
7.333712336554860933e-02
7.617964752700398523e-02
7.447413303013075692e-02
7.864316846693196472e-02
7.163160886867538102e-02
7.030509759332954911e-02
7.068410081485693164e-02
7.106310403638431417e-02
6.784157665340155574e-02
6.841008148569262259e-02
7.144210725791169669e-02
6.575705893500094490e-02
6.803107826416524007e-02
6.405154443812773046e-02
6.443054765965511299e-02
6.462004927041879732e-02
6.272503316278188468e-02
6.462004927041879732e-02
6.443054765965511299e-02
6.462004927041879732e-02
5.969300739056281752e-02
5.685048322910744856e-02
5.969300739056281752e-02
5.514496873223422718e-02
5.457646389994314645e-02
5.760848967216221361e-02
5.362895584612469013e-02
5.950350577979912625e-02
5.628197839681637477e-02
5.703998483987113982e-02
5.722948645063483109e-02
5.590297517528899224e-02
5.893500094750805246e-02
5.628197839681637477e-02
5.817699450445328740e-02
5.552397195376160971e-02
5.685048322910744856e-02
5.552397195376160971e-02
5.741898806139852235e-02
5.457646389994314645e-02
5.154443812772408623e-02
5.249194618154254255e-02
5.476596551070683772e-02
5.476596551070683772e-02
5.495546712147053592e-02
5.249194618154254255e-02
4.775440591245025401e-02
5.078643168466932117e-02
5.021792685237824738e-02
5.324995262459730760e-02
5.135493651696039497e-02
5.040742846314193865e-02
4.851241235550501907e-02
4.775440591245025401e-02
4.889141557703240160e-02
4.945992040932348233e-02
4.794390752321394528e-02
4.529088497252226758e-02
4.756490430168656275e-02
4.661739624786810643e-02
4.794390752321394528e-02
4.983892363085086485e-02
4.396437369717642873e-02
4.358537047564904621e-02
4.642789463710441517e-02
4.225885920030320042e-02
4.529088497252226758e-02
4.604889141557703264e-02
4.453287852946750253e-02
4.263786242183058295e-02
4.225885920030320042e-02
4.908091718779609286e-02
4.756490430168656275e-02
4.851241235550501907e-02
4.585938980481334137e-02
4.244836081106689168e-02
4.927041879855979106e-02
4.434337691870381126e-02
4.377487208641273747e-02
4.529088497252226758e-02
3.922683342808414020e-02
4.301686564335796548e-02
3.941633503884783146e-02
4.036384309266628778e-02
4.112184953572105284e-02
4.150085275724843537e-02
3.960583664961152273e-02
4.036384309266628778e-02
3.695281409891983809e-02
4.074284631419367031e-02
3.808982376350199262e-02
3.827932537426568388e-02
3.979533826037521399e-02
3.695281409891983809e-02
3.941633503884783146e-02
3.903733181732044893e-02
3.695281409891983809e-02
3.752131893121091188e-02
3.752131893121091188e-02
3.771082054197461009e-02
3.657381087739245557e-02
3.922683342808414020e-02
3.771082054197461009e-02
3.657381087739245557e-02
3.846882698502937514e-02
3.922683342808414020e-02
3.619480765586507304e-02
3.657381087739245557e-02
3.316278188364601281e-02
3.429979154822816040e-02
3.619480765586507304e-02
3.524729960204661672e-02
3.543680121281030798e-02
3.411028993746446913e-02
3.695281409891983809e-02
3.373128671593708661e-02
3.486829638051923419e-02
3.714231570968352936e-02
3.524729960204661672e-02
3.657381087739245557e-02
3.638430926662876430e-02
3.486829638051923419e-02
3.752131893121091188e-02
3.562630282357399925e-02
3.411028993746446913e-02
3.448929315899185166e-02
3.467879476975554293e-02
3.543680121281030798e-02
3.600530604510138177e-02
3.505779799128292545e-02
3.354178510517339534e-02
3.069926094371802291e-02
3.069926094371802291e-02
2.994125450066325439e-02
3.183627060830017397e-02
2.861474322531741554e-02
2.918324805760848933e-02
2.823574000379003301e-02
2.804623839302634175e-02
2.539321584233466059e-02
2.728823194997157323e-02
2.387720295622512701e-02
2.728823194997157323e-02
2.634072389615311691e-02
2.558271745309835185e-02
2.653022550691680817e-02
2.444570778851620080e-02
2.596172067462573438e-02
2.520371423157096932e-02
2.671972711768049943e-02
2.671972711768049943e-02
2.482471101004358680e-02
2.482471101004358680e-02
2.330869812393405321e-02
2.634072389615311691e-02
2.615122228538942564e-02
2.482471101004358680e-02
2.349819973469774448e-02
2.596172067462573438e-02
2.785673678226265049e-02
2.520371423157096932e-02
2.482471101004358680e-02
2.558271745309835185e-02
2.653022550691680817e-02
2.482471101004358680e-02
2.842524161455372428e-02
2.804623839302634175e-02
2.482471101004358680e-02
2.444570778851620080e-02
2.425620617775250953e-02
2.653022550691680817e-02
2.425620617775250953e-02
2.463520939927989553e-02
2.577221906386204311e-02
2.444570778851620080e-02
2.520371423157096932e-02
2.368770134546143574e-02
2.330869812393405321e-02
2.406670456698881827e-02
2.368770134546143574e-02
2.482471101004358680e-02
2.236119007011559690e-02
2.179268523782452310e-02
2.236119007011559690e-02
2.236119007011559690e-02
2.141368201629713711e-02
1.951866590866022447e-02
1.951866590866022447e-02
1.876065946560545594e-02
2.141368201629713711e-02
2.274019329164297942e-02
2.198218684858821437e-02
1.989766913018760700e-02
2.274019329164297942e-02
2.084517718400606331e-02
1.989766913018760700e-02
2.198218684858821437e-02
2.236119007011559690e-02
2.198218684858821437e-02
2.236119007011559690e-02
2.444570778851620080e-02
1.951866590866022447e-02
2.198218684858821437e-02
2.463520939927989553e-02
2.330869812393405321e-02
2.274019329164297942e-02
2.027667235171498952e-02
2.236119007011559690e-02
2.292969490240667069e-02
2.255069168087928816e-02
2.463520939927989553e-02
2.255069168087928816e-02
1.951866590866022447e-02
1.951866590866022447e-02
2.046617396247868079e-02
2.065567557324237205e-02
2.065567557324237205e-02
2.046617396247868079e-02
2.084517718400606331e-02
2.046617396247868079e-02
1.762364980102330836e-02
1.932916429789653320e-02
1.857115785484176468e-02
2.008717074095129826e-02
1.989766913018760700e-02
2.008717074095129826e-02
2.103467879476975458e-02
1.743414819025961709e-02
1.876065946560545594e-02
1.932916429789653320e-02
1.857115785484176468e-02
1.895016107636915068e-02
2.008717074095129826e-02
1.895016107636915068e-02
1.838165624407807341e-02
1.932916429789653320e-02
1.705514496873223457e-02
2.065567557324237205e-02
1.951866590866022447e-02
1.876065946560545594e-02
1.838165624407807341e-02
1.724464657949592583e-02
1.857115785484176468e-02
