1.000000000000000000e+00
8.392109982068141072e-01
7.931858936043036934e-01
7.501494321578003888e-01
7.346084877465630658e-01
7.071129707112970841e-01
7.118947997609085254e-01
6.730424387328153291e-01
6.796174536760311025e-01
6.652719665271966676e-01
6.329946204423191336e-01
6.096832038254632602e-01
6.066945606694560400e-01
6.066945606694560400e-01
6.174536760310819217e-01
6.096832038254632602e-01
5.983263598326359345e-01
5.815899581589958345e-01
5.475194261805140794e-01
5.624626419605499583e-01
5.612671846981470702e-01
5.600717274357441822e-01
5.409444112372983060e-01
5.307830245068738684e-01
5.379557680812910858e-01
4.997011356843992780e-01
4.985056784219963899e-01
5.134488942020323243e-01
5.152420800956365454e-01
5.152420800956365454e-01
4.925283921099820605e-01
4.710101613867304082e-01
4.985056784219963899e-01
4.608487746563060261e-01
4.692169754931261316e-01
4.572624028690974174e-01
4.614465032875074701e-01
4.345487148834429325e-01
4.453078302450687587e-01
4.375373580394500972e-01
4.393305439330543738e-01
4.297668858338314357e-01
4.255827854154213830e-01
3.968918111177525132e-01
4.291691572026299917e-01
4.112372982665869481e-01
4.124327555289898362e-01
3.837417812313209664e-01
3.801554094441123577e-01
3.992827256425582894e-01
3.885236102809324632e-01
3.903167961745367398e-01
3.735803945008965843e-01
3.921099820681410719e-01
3.729826658696951402e-01
3.831440526001195224e-01
3.741781231320980283e-01
3.759713090257023049e-01
3.699940227136879756e-01
3.693962940824865315e-01
3.855349671249252985e-01
3.693962940824865315e-01
3.670053795576808109e-01
3.616258218768679256e-01
3.448894202032277145e-01
3.221757322175732297e-01
3.652121936640765343e-01
3.544530783024507081e-01
3.460848774656306026e-01
3.430962343096234379e-01
3.442916915720263260e-01
3.442916915720263260e-01
3.329348475791990558e-01
3.413030484160191058e-01
3.311416616855947237e-01
3.251643753735803943e-01
3.215780035863717856e-01
3.365212193664076645e-01
3.436939629408248820e-01
3.233711894799761177e-01
3.377166766288104971e-01
3.353257621040047765e-01
3.215780035863717856e-01
3.311416616855947237e-01
3.395098625224148292e-01
3.251643753735803943e-01
3.191870890615660650e-01
3.317393903167961677e-01
3.144052600119545682e-01
3.156007172743574563e-01
3.120143454871488475e-01
3.102211595935445154e-01
3.108188882247459595e-01
3.179916317991631769e-01
3.090257023311416829e-01
2.970711297071129686e-01
2.940824865511058039e-01
3.042438732815301861e-01
2.922893006575014718e-01
3.054393305439330741e-01
3.006575014943215773e-01
3.102211595935445154e-01
2.982665869695158567e-01
3.024506873879258539e-01
2.928870292887029159e-01
2.749551703526598723e-01
2.922893006575014718e-01
2.928870292887029159e-01
2.893006575014943071e-01
2.803347280334728131e-01
2.833233711894799778e-01
2.827256425582785337e-01
2.647937836222354901e-01
2.671846981470412663e-01
2.588164973102211608e-01
2.701733413030484310e-01
2.809324566646742571e-01
2.653915122534369342e-01
2.743574417214584837e-01
2.719665271966527076e-01
2.707710699342498750e-01
2.630005977286312135e-01
2.516437537358039433e-01
2.653915122534369342e-01
2.635983263598326576e-01
2.635983263598326576e-01
2.653915122534369342e-01
2.408846383741781172e-01
2.504482964734010553e-01
2.606096832038254374e-01
2.510460251046024993e-01
2.528392109982068314e-01
2.534369396294082755e-01
2.588164973102211608e-01
2.546323968918111080e-01
2.522414823670053874e-01
2.546323968918111080e-01
2.444710101613867259e-01
2.367005379557680922e-01
2.223550508069336573e-01
2.402869097429767009e-01
2.355050806933652041e-01
2.498505678421996390e-01
2.570233114166168287e-01
2.307232516437537351e-01
2.528392109982068314e-01
2.450687387925881700e-01
2.414823670053795612e-01
2.319187089061565954e-01
2.283323371189479867e-01
2.259414225941422660e-01
2.337118947997608998e-01
2.307232516437537351e-01
2.277346084877465704e-01
2.307232516437537351e-01
2.271368798565451264e-01
2.289300657501494307e-01
2.378959952181709525e-01
2.337118947997608998e-01
2.253436939629408220e-01
2.205618649133293530e-01
2.301255230125522910e-01
2.343096234309623438e-01
2.187686790197250486e-01
2.127913927077106915e-01
2.205618649133293530e-01
2.217573221757322133e-01
2.211595935445307692e-01
2.139868499701135796e-01
2.289300657501494307e-01
2.205618649133293530e-01
2.020322773460848653e-01
2.104004781829049708e-01
2.104004781829049708e-01
2.121936640765092752e-01
2.080095636580992224e-01
2.092050209205020828e-01
2.133891213389121355e-01
2.092050209205020828e-01
2.038254632396891697e-01
2.092050209205020828e-01
2.062163777644949181e-01
2.092050209205020828e-01
2.044231918708906137e-01
2.092050209205020828e-01
1.942618051404662316e-01
2.020322773460848653e-01
2.008368200836820050e-01
2.032277346084877534e-01
2.038254632396891697e-01
2.062163777644949181e-01
2.193664076509264926e-01
2.038254632396891697e-01
1.852958756724447098e-01
2.038254632396891697e-01
2.050209205020920578e-01
2.062163777644949181e-01
2.038254632396891697e-01
2.038254632396891697e-01
2.044231918708906137e-01
1.864913329348475701e-01
1.894799760908547626e-01
1.930663478780633713e-01
1.960549910340705360e-01
1.978481769276748403e-01
1.894799760908547626e-01
1.751344889420203277e-01
1.835026897788404054e-01
1.906754333532576229e-01
1.948595337716676756e-01
1.936640765092647876e-01
1.882845188284518745e-01
2.008368200836820050e-01
2.056186491332934740e-01
1.942618051404662316e-01
2.038254632396891697e-01
1.972504482964733963e-01
1.864913329348475701e-01
1.799163179916317967e-01
1.870890615660490142e-01
1.858936043036461538e-01
1.835026897788404054e-01
1.817095038852361011e-01
1.757322175732217440e-01
1.805140466228332408e-01
1.781231320980274924e-01
1.733413030484160233e-01
1.835026897788404054e-01
1.858936043036461538e-01
1.763299462044231880e-01
1.685594739988045543e-01
1.673640167364016662e-01
1.739390316796174674e-01
1.691572026300059706e-01
1.757322175732217440e-01
1.739390316796174674e-01
1.757322175732217440e-01
1.769276748356246320e-01
1.769276748356246320e-01
1.811117752540346570e-01
1.763299462044231880e-01
1.631799163179916412e-01
1.679617453676031102e-01
1.775254034668260483e-01
1.775254034668260483e-01
1.823072325164375451e-01
1.805140466228332408e-01
1.691572026300059706e-01
1.721458457860131630e-01
1.721458457860131630e-01
1.793185893604303527e-01
1.811117752540346570e-01
1.894799760908547626e-01
1.799163179916317967e-01
1.715481171548117190e-01
1.685594739988045543e-01
1.709503885236102749e-01
1.643753735803945015e-01
1.763299462044231880e-01
1.715481171548117190e-01
1.613867304243873368e-01
1.715481171548117190e-01
1.793185893604303527e-01
1.757322175732217440e-01
1.715481171548117190e-01
1.793185893604303527e-01
1.775254034668260483e-01
1.733413030484160233e-01
1.667662881052002499e-01
1.709503885236102749e-01
1.601912731619844488e-01
1.739390316796174674e-01
1.739390316796174674e-01
1.649731022115959456e-01
1.607890017931858928e-01
1.578003586371787281e-01
1.589958158995815884e-01
1.601912731619844488e-01
1.619844590555887531e-01
1.661685594739988059e-01
1.667662881052002499e-01
1.595935445307830325e-01
1.566049013747758401e-01
1.548117154811715357e-01
1.578003586371787281e-01
1.530185295875672313e-01
1.715481171548117190e-01
1.530185295875672313e-01
1.392707710699342405e-01
1.619844590555887531e-01
1.428571428571428492e-01
1.530185295875672313e-01
1.506276150627615107e-01
1.512253436939629270e-01
1.482367005379557623e-01
1.524208009563658150e-01
1.536162582187686754e-01
1.583980872683801444e-01
1.583980872683801444e-01
1.482367005379557623e-01
1.542139868499701194e-01
1.536162582187686754e-01
1.578003586371787281e-01
1.619844590555887531e-01
1.464435146443514579e-01
1.631799163179916412e-01
1.583980872683801444e-01
1.589958158995815884e-01
1.494321578003586504e-01
1.470412432755529020e-01
1.548117154811715357e-01
1.548117154811715357e-01
1.512253436939629270e-01
1.512253436939629270e-01
1.422594142259414329e-01
1.476389719067543460e-01
1.464435146443514579e-01
1.518230723251643710e-01
1.392707710699342405e-01
1.404662283323371286e-01
1.356843992827256318e-01
1.470412432755529020e-01
1.428571428571428492e-01
1.410639569635385449e-01
1.452480573819485976e-01
1.404662283323371286e-01
1.434548714883442933e-01
1.386730424387328242e-01
1.386730424387328242e-01
1.344889420203227715e-01
1.524208009563658150e-01
1.422594142259414329e-01
1.285116557083084143e-01
1.440526001195457373e-01
1.434548714883442933e-01
1.309025702331141627e-01
1.464435146443514579e-01
1.261207411835026937e-01
1.434548714883442933e-01
1.315002988643156068e-01
1.422594142259414329e-01
1.231320980274955151e-01
1.291093843395098584e-01
1.374775851763299361e-01
1.356843992827256318e-01
1.303048416019127187e-01
1.279139270771069981e-01
1.374775851763299361e-01
1.338912133891213274e-01
1.261207411835026937e-01
1.297071129707113024e-01
1.332934847579199111e-01
1.356843992827256318e-01
1.416616855947399889e-01
1.320980274955170231e-01
1.356843992827256318e-01
1.344889420203227715e-01
1.398684997011356845e-01
1.380753138075313802e-01
1.422594142259414329e-01
1.398684997011356845e-01
1.309025702331141627e-01
1.386730424387328242e-01
1.326957561267184671e-01
1.458457860131500416e-01
1.291093843395098584e-01
1.356843992827256318e-01
1.380753138075313802e-01
1.386730424387328242e-01
1.386730424387328242e-01
1.380753138075313802e-01
1.315002988643156068e-01
1.309025702331141627e-01
1.309025702331141627e-01
1.249252839210998195e-01
1.368798565451285199e-01
1.464435146443514579e-01
1.434548714883442933e-01
1.332934847579199111e-01
1.404662283323371286e-01
1.309025702331141627e-01
1.267184698147041377e-01
1.374775851763299361e-01
1.243275552898983893e-01
1.320980274955170231e-01
1.309025702331141627e-01
1.315002988643156068e-01
1.231320980274955151e-01
1.368798565451285199e-01
1.249252839210998195e-01
1.392707710699342405e-01
1.315002988643156068e-01
1.332934847579199111e-01
1.350866706515242155e-01
1.356843992827256318e-01
1.338912133891213274e-01
1.350866706515242155e-01
1.303048416019127187e-01
1.267184698147041377e-01
1.273161984459055540e-01
1.374775851763299361e-01
