1.000000000000000000e+00
8.311840562719812198e-01
8.147713950762016655e-01
7.848769050410316916e-01
7.602579132473622492e-01
7.385697538100820525e-01
7.057444314185228329e-01
7.350527549824149576e-01
6.441969519343493378e-01
6.529894490035169641e-01
6.201641266119577445e-01
6.301289566236811801e-01
6.090269636576788326e-01
6.002344665885110953e-01
6.119577960140679673e-01
6.213364595545134428e-01
6.113716295427901182e-01
5.826494724501758427e-01
5.814771395076201443e-01
5.838218053927315410e-01
5.574443141852285510e-01
5.633059788980070426e-01
5.375146541617819018e-01
5.463071512309496391e-01
5.427901524032825442e-01
5.404454865181711476e-01
5.105509964830011738e-01
5.046893317702227932e-01
5.087924970691676263e-01
5.052754982415005314e-01
5.005861664712778492e-01
5.029308323563892458e-01
4.736225087924970656e-01
4.841735052754982394e-01
4.665885111371629312e-01
4.753810082063306131e-01
4.742086752637749147e-01
4.718640093786635181e-01
4.724501758499413673e-01
4.695193434935521770e-01
4.660023446658851376e-01
4.513481828839390197e-01
4.484173505275498295e-01
4.284876905041031803e-01
4.577960140679953049e-01
4.460726846424384329e-01
4.284876905041031803e-01
4.144196951934349116e-01
4.355216881594372591e-01
4.314185228604923705e-01
4.179366940211020065e-01
4.132473622508792688e-01
4.079718640093786819e-01
4.044548651817115870e-01
4.126611957796014196e-01
3.944900351699882624e-01
4.079718640093786819e-01
4.015240328253223967e-01
4.026963657678780950e-01
3.868698710433763344e-01
3.780773739742086526e-01
3.903868698710433738e-01
3.880422039859319772e-01
3.733880422039859148e-01
3.722157092614302720e-01
3.710433763188745737e-01
3.657678780773739868e-01
3.675263774912074788e-01
3.616647127784290983e-01
3.886283704572098263e-01
3.528722157092614164e-01
3.552168815943728131e-01
3.528722157092614164e-01
3.493552168815943770e-01
3.522860492379835673e-01
3.499413833528722262e-01
3.599062133645955508e-01
3.675263774912074788e-01
3.417350527549823935e-01
3.622508792497068919e-01
3.528722157092614164e-01
3.481828839390386787e-01
3.475967174677608296e-01
3.516998827667057181e-01
3.593200468933177016e-01
3.511137162954279245e-01
3.393903868698710524e-01
3.540445486518171148e-01
3.364595545134818066e-01
3.423212192262602427e-01
3.358733880422040130e-01
3.399765533411489016e-01
3.370457209847596558e-01
3.212192262602578952e-01
3.493552168815943770e-01
3.247362250879249901e-01
3.235638921453692918e-01
3.294255568581477278e-01
3.270808909730363312e-01
3.206330597889800460e-01
3.329425556858147672e-01
3.264947245017584820e-01
3.305978898007034261e-01
3.135990621336459672e-01
3.059788980070339837e-01
3.083235638921453803e-01
3.218053927315357443e-01
3.235638921453692918e-01
3.206330597889800460e-01
3.288393903868698787e-01
3.118405627198124197e-01
2.995310668229776985e-01
3.007033997655333968e-01
3.071512309495896820e-01
3.007033997655333968e-01
3.106682297772567214e-01
3.059788980070339837e-01
2.960140679953106591e-01
3.065650644783118328e-01
3.083235638921453803e-01
3.206330597889800460e-01
2.878077373974208819e-01
2.924970691676436196e-01
2.749120750293083115e-01
2.907385697538100722e-01
2.760844079718640098e-01
2.971864009378663574e-01
2.848769050410316361e-01
2.796014067995310493e-01
2.860492379835873344e-01
2.948417350527549607e-01
2.878077373974208819e-01
2.878077373974208819e-01
2.807737397420867476e-01
2.930832356389214688e-01
2.848769050410316361e-01
2.924970691676436196e-01
2.995310668229776985e-01
3.001172332942555476e-01
2.889800703399765802e-01
2.842907385697537870e-01
3.007033997655333968e-01
2.977725674091442065e-01
2.942555685814771671e-01
2.872215709261430328e-01
2.895662368112543739e-01
2.790152403282532001e-01
2.737397420867526132e-01
2.760844079718640098e-01
2.942555685814771671e-01
2.837045720984759933e-01
2.749120750293083115e-01
2.602579132473622492e-01
2.667057444314185344e-01
2.596717467760844000e-01
2.749120750293083115e-01
2.737397420867526132e-01
2.772567409144197081e-01
2.778429073856975573e-01
2.696365767878077246e-01
2.649472450175849869e-01
2.649472450175849869e-01
2.702227432590855738e-01
2.667057444314185344e-01
2.661195779601406852e-01
2.672919109026963835e-01
2.784290738569754065e-01
2.778429073856975573e-01
2.731535756154748196e-01
2.584994138335287017e-01
2.760844079718640098e-01
2.667057444314185344e-01
2.672919109026963835e-01
2.672919109026963835e-01
2.608440797186400983e-01
2.596717467760844000e-01
2.731535756154748196e-01
2.538100820633059640e-01
2.614302461899179475e-01
2.760844079718640098e-01
2.743259085580304624e-01
2.608440797186400983e-01
2.737397420867526132e-01
2.725674091441969704e-01
2.608440797186400983e-01
2.614302461899179475e-01
2.702227432590855738e-01
2.801875732708088984e-01
2.813599062133645967e-01
2.678780773739742327e-01
2.702227432590855738e-01
2.796014067995310493e-01
2.702227432590855738e-01
2.555685814771395115e-01
2.731535756154748196e-01
2.667057444314185344e-01
2.678780773739742327e-01
2.649472450175849869e-01
2.684642438452520263e-01
2.725674091441969704e-01
2.661195779601406852e-01
2.643610785463071378e-01
2.678780773739742327e-01
2.678780773739742327e-01
2.538100820633059640e-01
2.620164126611957967e-01
2.508792497069167737e-01
2.631887456037514395e-01
2.520515826494724720e-01
2.532239155920281148e-01
2.649472450175849869e-01
2.573270808909730589e-01
2.661195779601406852e-01
2.696365767878077246e-01
2.790152403282532001e-01
2.667057444314185344e-01
2.596717467760844000e-01
2.444314185228604885e-01
2.696365767878077246e-01
2.467760844079718574e-01
2.573270808909730589e-01
2.602579132473622492e-01
2.549824150058616623e-01
2.473622508792497066e-01
2.590855803048065509e-01
2.438452520515826394e-01
2.508792497069167737e-01
2.608440797186400983e-01
2.303634232121922754e-01
2.526377491207502657e-01
2.479484173505275557e-01
2.590855803048065509e-01
2.456037514654161868e-01
2.502930832356389246e-01
2.555685814771395115e-01
2.514654161781946229e-01
2.602579132473622492e-01
2.502930832356389246e-01
2.362250879249706836e-01
2.368112543962485328e-01
2.391559202813599017e-01
2.450175849941383377e-01
2.543962485345838132e-01
2.508792497069167737e-01
2.479484173505275557e-01
2.520515826494724720e-01
2.444314185228604885e-01
2.485345838218054049e-01
2.467760844079718574e-01
2.444314185228604885e-01
2.467760844079718574e-01
2.397420867526377508e-01
2.379835873388042311e-01
2.415005861664712705e-01
2.514654161781946229e-01
2.444314185228604885e-01
2.590855803048065509e-01
2.415005861664712705e-01
2.502930832356389246e-01
2.502930832356389246e-01
2.332942555685814656e-01
2.397420867526377508e-01
2.432590855803048180e-01
2.362250879249706836e-01
2.409144196951934214e-01
2.332942555685814656e-01
2.327080890973036442e-01
2.426729191090269688e-01
2.379835873388042311e-01
2.245017584994138393e-01
2.362250879249706836e-01
2.438452520515826394e-01
2.379835873388042311e-01
2.344665885111371639e-01
2.379835873388042311e-01
2.456037514654161868e-01
2.268464243845252082e-01
2.432590855803048180e-01
2.420867526377491197e-01
2.379835873388042311e-01
2.373974208675263819e-01
2.368112543962485328e-01
2.409144196951934214e-01
2.297772567409144262e-01
2.356389214536928622e-01
2.356389214536928622e-01
2.297772567409144262e-01
2.315357561547479459e-01
2.245017584994138393e-01
2.502930832356389246e-01
2.315357561547479459e-01
2.409144196951934214e-01
2.356389214536928622e-01
2.432590855803048180e-01
2.274325908558030573e-01
2.368112543962485328e-01
2.321219226260257951e-01
2.456037514654161868e-01
2.409144196951934214e-01
2.409144196951934214e-01
2.315357561547479459e-01
2.420867526377491197e-01
2.432590855803048180e-01
2.262602579132473590e-01
2.291910902696365770e-01
2.250879249706916885e-01
2.379835873388042311e-01
2.332942555685814656e-01
2.303634232121922754e-01
2.344665885111371639e-01
2.198124267291911016e-01
2.403282532239156000e-01
2.180539273153575541e-01
2.397420867526377508e-01
2.221570926143024705e-01
2.403282532239156000e-01
2.309495896834700968e-01
2.262602579132473590e-01
2.338804220398593148e-01
2.227432590855802919e-01
2.338804220398593148e-01
2.362250879249706836e-01
2.332942555685814656e-01
2.368112543962485328e-01
2.327080890973036442e-01
2.350527549824150131e-01
2.350527549824150131e-01
2.379835873388042311e-01
2.391559202813599017e-01
2.350527549824150131e-01
2.362250879249706836e-01
2.332942555685814656e-01
2.209847596717467721e-01
2.262602579132473590e-01
2.297772567409144262e-01
2.368112543962485328e-01
2.303634232121922754e-01
2.426729191090269688e-01
2.274325908558030573e-01
2.157092614302461853e-01
2.203985932004689230e-01
2.332942555685814656e-01
2.192262602579132524e-01
2.327080890973036442e-01
2.262602579132473590e-01
2.450175849941383377e-01
2.385697538100820525e-01
2.209847596717467721e-01
2.198124267291911016e-01
2.268464243845252082e-01
2.303634232121922754e-01
2.209847596717467721e-01
2.215709261430246213e-01
2.256740914419695099e-01
2.303634232121922754e-01
2.209847596717467721e-01
2.168815943728018836e-01
2.250879249706916885e-01
2.280187573270808787e-01
2.274325908558030573e-01
2.332942555685814656e-01
2.250879249706916885e-01
2.291910902696365770e-01
2.233294255568581410e-01
2.221570926143024705e-01
2.157092614302461853e-01
2.321219226260257951e-01
2.256740914419695099e-01
2.186400937866354033e-01
2.233294255568581410e-01
2.174677608440797050e-01
2.268464243845252082e-01
2.192262602579132524e-01
2.192262602579132524e-01
2.098475967174677492e-01
2.239155920281359902e-01
2.186400937866354033e-01
2.256740914419695099e-01
2.239155920281359902e-01
2.180539273153575541e-01
2.303634232121922754e-01
2.162954279015240344e-01
2.268464243845252082e-01
2.315357561547479459e-01
2.379835873388042311e-01
2.233294255568581410e-01
2.315357561547479459e-01
2.297772567409144262e-01
2.268464243845252082e-01
2.227432590855802919e-01
2.192262602579132524e-01
2.168815943728018836e-01
2.303634232121922754e-01
2.362250879249706836e-01
2.321219226260257951e-01
2.250879249706916885e-01
2.239155920281359902e-01
2.227432590855802919e-01
2.086752637749120787e-01
2.344665885111371639e-01
2.121922626025791458e-01
