1.000000000000000000e+00
8.780177890724268908e-01
8.437102922490470336e-01
8.335451080050826356e-01
8.297331639135959724e-01
8.322744599745870442e-01
8.475222363405336967e-01
8.322744599745870442e-01
8.132147395171537285e-01
8.208386277001270548e-01
8.030495552731893305e-01
8.068614993646759936e-01
7.636594663278272188e-01
7.674714104193138819e-01
7.484116899618805663e-01
7.776365946632782800e-01
7.306226175349428420e-01
7.509529860228716380e-01
7.611181702668360360e-01
7.547649301143583012e-01
7.547649301143583012e-01
7.598475222363405557e-01
7.534942820838628208e-01
7.357052096569249855e-01
7.420584498094028314e-01
7.357052096569249855e-01
7.382465057179161683e-01
7.077509529860228632e-01
7.179161372299872612e-01
6.950444726810673934e-01
7.179161372299872612e-01
6.937738246505718021e-01
7.191867852604828526e-01
7.064803049555272718e-01
6.899618805590851389e-01
7.001270648030495369e-01
6.925031766200762107e-01
7.052096569250317915e-01
6.836086404066074040e-01
6.709021601016518233e-01
6.963151207115628738e-01
6.810673443456162213e-01
6.912325285895807303e-01
6.912325285895807303e-01
6.848792884371028844e-01
6.861499364675984758e-01
6.899618805590851389e-01
6.963151207115628738e-01
6.848792884371028844e-01
6.632782719186784970e-01
6.696315120711563429e-01
6.759847522236340778e-01
6.683608640406607515e-01
6.759847522236340778e-01
6.696315120711563429e-01
6.645489199491740884e-01
6.696315120711563429e-01
6.416772554002541096e-01
6.594663278271918339e-01
6.238881829733163853e-01
6.620076238881830166e-01
6.607369758576874252e-01
6.645489199491740884e-01
6.391359593392630378e-01
6.531130876747140990e-01
6.429479034307497010e-01
6.620076238881830166e-01
6.569250317662007621e-01
6.442185514612451813e-01
6.467598475222363641e-01
6.556543837357051707e-01
6.467598475222363641e-01
6.594663278271918339e-01
6.442185514612451813e-01
6.581956797966963535e-01
6.442185514612451813e-01
6.632782719186784970e-01
6.404066073697586292e-01
6.620076238881830166e-01
6.658195679796696798e-01
6.213468869123253135e-01
6.378653113087674464e-01
6.454891994917407727e-01
6.442185514612451813e-01
6.620076238881830166e-01
6.493011435832274358e-01
6.353240152477763747e-01
6.454891994917407727e-01
6.302414231257941202e-01
6.340533672172807833e-01
6.480304955527318445e-01
6.391359593392630378e-01
6.289707750952986398e-01
6.391359593392630378e-01
6.404066073697586292e-01
6.200762388818297222e-01
6.442185514612451813e-01
6.556543837357051707e-01
6.467598475222363641e-01
6.391359593392630378e-01
6.340533672172807833e-01
6.251588310038119767e-01
6.302414231257941202e-01
6.442185514612451813e-01
6.149936467598474676e-01
6.289707750952986398e-01
6.086404066073697328e-01
6.060991105463786610e-01
6.327827191867853029e-01
6.175349428208386504e-01
6.238881829733163853e-01
6.111817026683609155e-01
6.226175349428207939e-01
6.149936467598474676e-01
6.200762388818297222e-01
6.022871664548919979e-01
5.857687420584497540e-01
6.048284625158830696e-01
6.022871664548919979e-01
5.857687420584497540e-01
5.844980940279542736e-01
5.946632782719186716e-01
6.010165184243964065e-01
5.781448538754765387e-01
6.073697585768742524e-01
6.022871664548919979e-01
5.883100381194409367e-01
6.060991105463786610e-01
5.972045743329097434e-01
5.921219822109275999e-01
6.099110546378653241e-01
5.908513341804320085e-01
5.972045743329097434e-01
5.984752223634053347e-01
5.908513341804320085e-01
5.946632782719186716e-01
5.997458703939009261e-01
5.730622617534942842e-01
5.933926302414230802e-01
5.870393900889453453e-01
5.844980940279542736e-01
5.768742058449809473e-01
5.857687420584497540e-01
5.794155019059720191e-01
5.933926302414230802e-01
5.832274459974586822e-01
5.641677255400253665e-01
5.590851334180432231e-01
5.717916137229986928e-01
5.641677255400253665e-01
5.794155019059720191e-01
5.705209656925032125e-01
5.832274459974586822e-01
5.667090216010165493e-01
5.679796696315120297e-01
5.743329097839898756e-01
5.781448538754765387e-01
5.756035578144853559e-01
5.679796696315120297e-01
5.679796696315120297e-01
5.679796696315120297e-01
5.679796696315120297e-01
5.756035578144853559e-01
5.667090216010165493e-01
5.679796696315120297e-01
5.603557814485387034e-01
5.603557814485387034e-01
5.565438373570521513e-01
5.743329097839898756e-01
5.628970775095298862e-01
5.743329097839898756e-01
5.667090216010165493e-01
5.679796696315120297e-01
5.540025412960609685e-01
5.667090216010165493e-01
5.832274459974586822e-01
5.756035578144853559e-01
5.806861499364676105e-01
5.743329097839898756e-01
5.717916137229986928e-01
5.743329097839898756e-01
5.743329097839898756e-01
5.743329097839898756e-01
5.654383735705209579e-01
5.692503176620076211e-01
5.501905972045743054e-01
5.578144853875476317e-01
5.743329097839898756e-01
5.679796696315120297e-01
5.616264294790342948e-01
5.540025412960609685e-01
5.590851334180432231e-01
5.679796696315120297e-01
5.527318932655654882e-01
5.705209656925032125e-01
5.540025412960609685e-01
5.425667090216009791e-01
5.552731893265565599e-01
5.692503176620076211e-01
5.501905972045743054e-01
5.578144853875476317e-01
5.654383735705209579e-01
5.540025412960609685e-01
5.552731893265565599e-01
5.540025412960609685e-01
5.603557814485387034e-01
5.552731893265565599e-01
5.603557814485387034e-01
5.514612452350698968e-01
5.438373570520965705e-01
5.438373570520965705e-01
5.540025412960609685e-01
5.476493011435832337e-01
5.590851334180432231e-01
5.578144853875476317e-01
5.501905972045743054e-01
5.654383735705209579e-01
5.476493011435832337e-01
5.527318932655654882e-01
5.590851334180432231e-01
5.514612452350698968e-01
5.527318932655654882e-01
5.438373570520965705e-01
5.552731893265565599e-01
5.590851334180432231e-01
5.628970775095298862e-01
5.489199491740788250e-01
5.501905972045743054e-01
5.489199491740788250e-01
5.412960609911054988e-01
5.412960609911054988e-01
5.489199491740788250e-01
5.628970775095298862e-01
5.514612452350698968e-01
5.438373570520965705e-01
5.489199491740788250e-01
5.628970775095298862e-01
5.412960609911054988e-01
5.616264294790342948e-01
5.552731893265565599e-01
5.463786531130876423e-01
5.387547649301143160e-01
5.374841168996188356e-01
5.501905972045743054e-01
5.463786531130876423e-01
5.438373570520965705e-01
5.425667090216009791e-01
5.362134688691232443e-01
5.425667090216009791e-01
5.311308767471409897e-01
5.463786531130876423e-01
5.184243964421855200e-01
5.324015247776365811e-01
5.260482846251588462e-01
5.209656925031765917e-01
5.400254129606099074e-01
5.298602287166455094e-01
5.362134688691232443e-01
5.324015247776365811e-01
5.235069885641677745e-01
5.298602287166455094e-01
5.260482846251588462e-01
5.095298602287166023e-01
5.260482846251588462e-01
5.285895806861499180e-01
5.412960609911054988e-01
5.260482846251588462e-01
5.285895806861499180e-01
5.298602287166455094e-01
5.298602287166455094e-01
5.374841168996188356e-01
5.273189326556544376e-01
5.362134688691232443e-01
5.362134688691232443e-01
5.285895806861499180e-01
5.362134688691232443e-01
5.400254129606099074e-01
5.247776365946632549e-01
5.311308767471409897e-01
5.069885641677255306e-01
5.362134688691232443e-01
5.235069885641677745e-01
5.158831003811944482e-01
5.209656925031765917e-01
5.209656925031765917e-01
5.260482846251588462e-01
5.336721728081321725e-01
5.336721728081321725e-01
5.044472681067344588e-01
5.044472681067344588e-01
5.196950444726811114e-01
5.285895806861499180e-01
5.285895806861499180e-01
5.336721728081321725e-01
5.146124523506988568e-01
5.082592121982211220e-01
5.158831003811944482e-01
5.120711562897077851e-01
5.158831003811944482e-01
5.095298602287166023e-01
5.222363405336721831e-01
5.108005082592121937e-01
5.006353240152477957e-01
5.285895806861499180e-01
5.247776365946632549e-01
5.146124523506988568e-01
5.260482846251588462e-01
5.247776365946632549e-01
5.336721728081321725e-01
5.184243964421855200e-01
5.273189326556544376e-01
5.133418043202032655e-01
5.171537484116899286e-01
5.184243964421855200e-01
5.184243964421855200e-01
5.133418043202032655e-01
5.069885641677255306e-01
5.120711562897077851e-01
5.184243964421855200e-01
5.171537484116899286e-01
5.184243964421855200e-01
5.082592121982211220e-01
5.184243964421855200e-01
5.222363405336721831e-01
4.993646759847522043e-01
4.930114358322744694e-01
5.120711562897077851e-01
5.082592121982211220e-01
5.044472681067344588e-01
5.057179161372299392e-01
5.044472681067344588e-01
5.184243964421855200e-01
5.196950444726811114e-01
5.031766200762388674e-01
5.196950444726811114e-01
5.171537484116899286e-01
5.222363405336721831e-01
5.082592121982211220e-01
5.209656925031765917e-01
5.082592121982211220e-01
5.260482846251588462e-01
5.133418043202032655e-01
5.095298602287166023e-01
5.184243964421855200e-01
5.196950444726811114e-01
5.171537484116899286e-01
5.184243964421855200e-01
5.031766200762388674e-01
5.133418043202032655e-01
5.095298602287166023e-01
5.082592121982211220e-01
5.133418043202032655e-01
5.057179161372299392e-01
5.184243964421855200e-01
5.095298602287166023e-01
5.158831003811944482e-01
5.120711562897077851e-01
5.069885641677255306e-01
5.196950444726811114e-01
5.082592121982211220e-01
5.184243964421855200e-01
5.184243964421855200e-01
5.108005082592121937e-01
5.133418043202032655e-01
5.120711562897077851e-01
5.196950444726811114e-01
5.069885641677255306e-01
5.044472681067344588e-01
5.146124523506988568e-01
5.057179161372299392e-01
4.993646759847522043e-01
5.209656925031765917e-01
5.158831003811944482e-01
5.222363405336721831e-01
5.133418043202032655e-01
5.095298602287166023e-01
4.968233799237611326e-01
5.069885641677255306e-01
5.146124523506988568e-01
5.019059720457432761e-01
5.031766200762388674e-01
5.247776365946632549e-01
5.184243964421855200e-01
5.095298602287166023e-01
5.146124523506988568e-01
5.069885641677255306e-01
5.069885641677255306e-01
5.044472681067344588e-01
5.057179161372299392e-01
5.120711562897077851e-01
5.158831003811944482e-01
5.146124523506988568e-01
5.095298602287166023e-01
5.069885641677255306e-01
5.095298602287166023e-01
5.044472681067344588e-01
5.158831003811944482e-01
5.057179161372299392e-01
4.993646759847522043e-01
4.993646759847522043e-01
4.980940279542566684e-01
