1.000000000000000000e+00
7.934918648310388400e-01
7.117229870671673009e-01
6.875260742594910823e-01
6.520650813516896127e-01
6.274509803921568540e-01
5.953274926992073723e-01
5.598664997914059027e-01
5.460992907801418550e-01
5.314977054651648380e-01
5.168961201501877101e-01
4.826866916979558053e-01
4.914476428869420377e-01
4.501460158531497835e-01
4.284522319566124171e-01
4.472256987901543357e-01
4.046725073007926832e-01
4.142678347934918848e-01
3.842302878598247706e-01
3.900709219858156107e-01
3.846474760116812552e-01
3.612849395077180059e-01
3.591989987484355273e-01
3.416770963704630626e-01
3.420942845223195472e-01
3.345848977889027687e-01
3.266583229036295610e-01
3.208176887776387209e-01
3.066332916145181331e-01
3.032957863996662562e-01
2.962035878181059623e-01
3.024614100959532870e-01
2.836879432624113684e-01
2.866082603254067607e-01
2.715894868585732036e-01
2.699207342511472651e-01
2.632457238214434558e-01
2.544847726324572235e-01
2.632457238214434558e-01
2.503128911138923773e-01
2.465581977471839881e-01
2.327909887359199126e-01
2.319566124322069156e-01
2.390488110137672095e-01
2.273675427617855571e-01
2.169378389653733863e-01
2.202753441802252909e-01
2.035878181059657954e-01
2.056737588652482185e-01
2.065081351689611877e-01
1.998331247392574062e-01
1.869002920317062999e-01
1.931581143095535968e-01
1.839799749687108799e-01
1.906549853984146892e-01
1.823112223612849414e-01
1.852315394242803614e-01
1.785565289945765521e-01
1.693783896537338352e-01
1.706299541093032890e-01
1.664580725907384151e-01
1.668752607425948997e-01
1.564455569461827289e-01
1.664580725907384151e-01
1.572799332498956981e-01
1.593658740091781489e-01
1.560283687943262443e-01
1.539424280350437935e-01
1.435127242386316226e-01
1.430955360867751380e-01
1.343345848977889057e-01
1.485189820609094657e-01
1.347517730496453903e-01
1.364205256570713287e-01
1.360033375052148441e-01
1.422611597830621688e-01
1.284939507717980933e-01
1.314142678347934856e-01
1.259908218606591579e-01
1.280767626199415810e-01
1.297455152273675472e-01
1.297455152273675472e-01
1.184814351272423932e-01
1.147267417605340040e-01
1.172298706716729255e-01
1.163954943679599563e-01
1.118064246975385839e-01
1.063829787234042562e-01
1.084689194826866931e-01
1.172298706716729255e-01
1.034626616604088500e-01
1.093032957863996624e-01
1.143095536086775194e-01
1.001251564455569454e-01
1.084689194826866931e-01
1.088861076345431778e-01
1.068001668752607408e-01
1.034626616604088500e-01
1.051314142678347885e-01
1.034626616604088500e-01
9.970796829370046077e-02
1.022110972048393823e-01
9.470171047142261767e-02
9.595327492699207150e-02
9.553608677513558689e-02
8.927826449728827607e-02
9.345014601585314995e-02
9.094701710471422840e-02
8.635794743429286990e-02
9.637046307884855612e-02
8.594075928243638529e-02
8.427200667501043296e-02
9.345014601585314995e-02
9.428452231956611918e-02
8.844388819357530684e-02
8.468919482686691758e-02
8.343763037129744986e-02
7.592824363788068520e-02
8.385481852315394835e-02
8.135168961201501292e-02
7.509386733416771598e-02
7.217355027117229593e-02
7.843137254901960675e-02
7.342511472674176365e-02
7.175636211931581132e-02
7.342511472674176365e-02
7.217355027117229593e-02
7.175636211931581132e-02
7.425949103045473287e-02
6.716729244889445283e-02
6.508135168961201589e-02
6.800166875260742205e-02
6.841885690446390667e-02
6.132665832290362662e-02
7.175636211931581132e-02
6.132665832290362662e-02
7.050479766374634361e-02
6.633291614518148360e-02
6.841885690446390667e-02
6.257822277847309433e-02
6.716729244889445283e-02
5.757196495619524429e-02
5.882352941176470507e-02
6.216103462661660278e-02
5.965790571547768123e-02
5.924071756362119662e-02
6.216103462661660278e-02
6.049228201919065739e-02
6.132665832290362662e-02
5.715477680433875968e-02
6.716729244889445283e-02
6.299541093032957895e-02
6.216103462661660278e-02
5.465164789319983119e-02
5.882352941176470507e-02
5.924071756362119662e-02
5.965790571547768123e-02
5.590321234876929196e-02
5.590321234876929196e-02
5.548602419691280735e-02
5.381727158948686196e-02
5.715477680433875968e-02
5.548602419691280735e-02
5.256570713391739424e-02
5.214851898206090963e-02
5.590321234876929196e-02
5.590321234876929196e-02
5.590321234876929196e-02
5.840634125990822045e-02
5.465164789319983119e-02
4.922820191906549653e-02
5.089695452649144886e-02
5.214851898206090963e-02
5.047976637463495730e-02
4.839382561535252730e-02
4.714226115978305959e-02
5.006257822277847269e-02
5.173133083020442502e-02
4.964539007092198808e-02
4.797663746349603575e-02
4.797663746349603575e-02
4.755944931163955114e-02
4.672507300792657498e-02
4.714226115978305959e-02
4.797663746349603575e-02
4.839382561535252730e-02
4.630788485607009036e-02
4.338756779307467726e-02
4.589069670421359881e-02
4.630788485607009036e-02
4.380475594493116187e-02
4.922820191906549653e-02
4.922820191906549653e-02
5.047976637463495730e-02
4.714226115978305959e-02
4.797663746349603575e-02
4.589069670421359881e-02
4.297037964121819265e-02
4.714226115978305959e-02
4.797663746349603575e-02
4.297037964121819265e-02
4.463913224864413803e-02
4.213600333750521648e-02
4.297037964121819265e-02
4.297037964121819265e-02
3.921568627450980338e-02
4.255319148936170109e-02
4.005006257822277954e-02
4.213600333750521648e-02
3.921568627450980338e-02
3.712974551522736644e-02
3.587818105965790566e-02
3.796412181894034260e-02
3.546099290780142105e-02
3.546099290780142105e-02
4.213600333750521648e-02
4.213600333750521648e-02
3.963287442636628799e-02
4.005006257822277954e-02
3.754693366708385799e-02
4.088443888193575571e-02
3.546099290780142105e-02
3.838130997079682721e-02
3.838130997079682721e-02
3.754693366708385799e-02
3.671255736337088182e-02
3.504380475594492950e-02
3.045473508552357100e-02
3.254067584480600794e-02
3.254067584480600794e-02
2.920317062995411023e-02
3.295786399666249256e-02
3.128911138923654717e-02
3.087192323738005909e-02
2.836879432624113406e-02
2.711722987067167329e-02
2.419691280767626365e-02
2.461410095953274826e-02
2.252816020025031132e-02
2.878598247809762214e-02
2.461410095953274826e-02
2.628285356695869712e-02
2.836879432624113406e-02
2.962035878181059831e-02
2.711722987067167329e-02
3.128911138923654717e-02
2.920317062995411023e-02
2.878598247809762214e-02
3.045473508552357100e-02
2.878598247809762214e-02
2.836879432624113406e-02
2.586566541510221251e-02
2.836879432624113406e-02
2.795160617438464598e-02
2.544847726324572443e-02
2.670004171881518520e-02
2.836879432624113406e-02
2.544847726324572443e-02
2.878598247809762214e-02
2.836879432624113406e-02
2.628285356695869712e-02
2.377972465581977557e-02
2.336253650396328749e-02
2.586566541510221251e-02
2.211097204839382671e-02
2.503128911138923635e-02
1.960784313725490169e-02
2.670004171881518520e-02
2.377972465581977557e-02
2.711722987067167329e-02
2.878598247809762214e-02
2.211097204839382671e-02
2.878598247809762214e-02
2.503128911138923635e-02
2.252816020025031132e-02
2.461410095953274826e-02
2.211097204839382671e-02
2.211097204839382671e-02
2.252816020025031132e-02
2.586566541510221251e-02
2.127659574468085055e-02
2.377972465581977557e-02
2.211097204839382671e-02
2.336253650396328749e-02
2.044221944096787785e-02
2.169378389653733863e-02
1.919065498539841361e-02
2.127659574468085055e-02
2.294534835210679941e-02
2.336253650396328749e-02
2.127659574468085055e-02
2.211097204839382671e-02
2.252816020025031132e-02
2.085940759282436247e-02
1.835627868168544091e-02
2.044221944096787785e-02
2.169378389653733863e-02
2.169378389653733863e-02
2.252816020025031132e-02
1.835627868168544091e-02
2.252816020025031132e-02
2.294534835210679941e-02
2.085940759282436247e-02
1.710471422611597667e-02
1.710471422611597667e-02
1.877346683354192899e-02
1.793909052982895283e-02
2.044221944096787785e-02
1.710471422611597667e-02
1.668752607425949205e-02
1.710471422611597667e-02
1.501877346683354146e-02
2.002503128911138977e-02
1.793909052982895283e-02
1.752190237797246475e-02
1.877346683354192899e-02
1.877346683354192899e-02
1.585314977054651589e-02
1.460158531497705511e-02
1.543596161869002954e-02
1.543596161869002954e-02
2.169378389653733863e-02
1.668752607425949205e-02
1.627033792240300397e-02
1.501877346683354146e-02
1.627033792240300397e-02
1.793909052982895283e-02
1.501877346683354146e-02
1.418439716312056703e-02
1.209845640383813183e-02
1.168126825198164374e-02
1.293283270755110625e-02
1.209845640383813183e-02
1.460158531497705511e-02
1.376720901126408068e-02
1.209845640383813183e-02
1.251564455569461817e-02
9.595327492699206803e-03
1.209845640383813183e-02
1.376720901126408068e-02
1.293283270755110625e-02
1.084689194826866931e-02
1.084689194826866931e-02
1.001251564455569489e-02
1.168126825198164374e-02
1.376720901126408068e-02
1.084689194826866931e-02
1.251564455569461817e-02
1.418439716312056703e-02
1.376720901126408068e-02
1.418439716312056703e-02
1.042970379641218123e-02
1.251564455569461817e-02
9.178139340842720456e-03
1.084689194826866931e-02
1.084689194826866931e-02
1.460158531497705511e-02
1.335002085940759260e-02
1.209845640383813183e-02
1.084689194826866931e-02
9.595327492699206803e-03
8.760951188986232374e-03
1.001251564455569489e-02
8.760951188986232374e-03
1.209845640383813183e-02
1.001251564455569489e-02
1.001251564455569489e-02
1.042970379641218123e-02
9.178139340842720456e-03
7.926574885273257945e-03
1.001251564455569489e-02
1.001251564455569489e-02
1.001251564455569489e-02
9.595327492699206803e-03
8.343763037129746027e-03
9.595327492699206803e-03
1.042970379641218123e-02
9.178139340842720456e-03
7.926574885273257945e-03
9.178139340842720456e-03
9.178139340842720456e-03
7.509386733416770730e-03
7.926574885273257945e-03
1.001251564455569489e-02
1.042970379641218123e-02
9.178139340842720456e-03
9.178139340842720456e-03
1.001251564455569489e-02
9.595327492699206803e-03
8.760951188986232374e-03
8.760951188986232374e-03
7.926574885273257945e-03
1.001251564455569489e-02
8.760951188986232374e-03
8.760951188986232374e-03
9.178139340842720456e-03
1.001251564455569489e-02
9.595327492699206803e-03
1.042970379641218123e-02
1.001251564455569489e-02
9.595327492699206803e-03
