1.000000000000000000e+00
8.135793707120889673e-01
7.392950082801040823e-01
7.149278448071918479e-01
6.652472202507688781e-01
6.396971847646084619e-01
6.117814052519517931e-01
5.907262834161344234e-01
5.751123728412586011e-01
5.531109533948427304e-01
5.410456588597113425e-01
5.138396025550034940e-01
4.901821622900401909e-01
4.776437189496096636e-01
4.684173172462739454e-01
4.561154483084930433e-01
4.433404305654128352e-01
4.265436479772888312e-01
4.182635438845516695e-01
4.163709486633546120e-01
3.938963804116394352e-01
3.849065531109533977e-01
3.733144073811213715e-01
3.813579370712089078e-01
3.553347527797492411e-01
3.458717766737638977e-01
3.368819493730778603e-01
3.191388691743553552e-01
3.207948899929027875e-01
3.148805299266619340e-01
3.200851667849538562e-01
3.110953394842678188e-01
2.961911521173409279e-01
2.874378992193044602e-01
2.720605630470783187e-01
2.775017743080198662e-01
2.708776910338301369e-01
2.500591436006623924e-01
2.559735036669032460e-01
2.486396971847646131e-01
2.387035722734800192e-01
2.339720842204873474e-01
2.429619115211734126e-01
2.431984859238230379e-01
2.372841258575822121e-01
2.233262361012538499e-01
2.308966169860421080e-01
2.313697657913413863e-01
2.221433640880056681e-01
2.162290040217648424e-01
2.020345398627868549e-01
2.032174118760350090e-01
2.065294535131298737e-01
2.036905606813342873e-01
2.079488999290276807e-01
1.932812869647504150e-01
1.878400757038088398e-01
2.006150934468890479e-01
1.838183108587650716e-01
1.833451620534658211e-01
1.833451620534658211e-01
1.757747811686775352e-01
1.781405251951738711e-01
1.745919091554293812e-01
1.748284835580790064e-01
1.674946770759403736e-01
1.608705938017506443e-01
1.658386562573929413e-01
1.556659569434587220e-01
1.573219777620061544e-01
1.601608705938017407e-01
1.525904897090134826e-01
1.521173409037142044e-01
1.483321504613200892e-01
1.447835344215755993e-01
1.495150224745682432e-01
1.447835344215755993e-01
1.433640880056777922e-01
1.428909392003785139e-01
1.312987934705464876e-01
1.305890702625975841e-01
1.237284125857582157e-01
1.258575822096049124e-01
1.260941566122545654e-01
1.182872013248166543e-01
1.149751596877217896e-01
1.149751596877217896e-01
1.173409037142181255e-01
1.171043293115684863e-01
1.204163709486633510e-01
1.173409037142181255e-01
1.133191388691743573e-01
1.088242252188313247e-01
1.123728412585758285e-01
1.007806955287437883e-01
9.888810030754671687e-02
1.029098651525904851e-01
9.912467471019635601e-02
9.888810030754671687e-02
9.912467471019635601e-02
1.010172699313934275e-01
9.557605867045185222e-02
9.983439791814525954e-02
9.439318665720368429e-02
1.012538443340430527e-01
9.817837709959782722e-02
8.824225218831321937e-02
8.516678495386799386e-02
9.013484740951029084e-02
8.634965696711616179e-02
8.445706174591909032e-02
8.871540099361249765e-02
8.351076413532056153e-02
7.854270167967826455e-02
8.658623136976578705e-02
8.351076413532056153e-02
8.161816891412349007e-02
7.877927608232788981e-02
7.830612727702862541e-02
8.303761533002129713e-02
8.043529690087532213e-02
7.546723444523302515e-02
8.351076413532056153e-02
7.404778802933523196e-02
7.499408563993376076e-02
7.357463922403595369e-02
7.428436243198485722e-02
7.499408563993376076e-02
7.215519280813816050e-02
7.073574639224035343e-02
7.475751123728412162e-02
7.286491601608706403e-02
7.097232079488999257e-02
7.404778802933523196e-02
6.695055594984622438e-02
6.529453513129879205e-02
6.695055594984622438e-02
7.097232079488999257e-02
7.073574639224035343e-02
6.624083274189732085e-02
6.624083274189732085e-02
6.695055594984622438e-02
6.695055594984622438e-02
6.221906789685355960e-02
5.867045185710906274e-02
6.174591909155429520e-02
6.482138632599952766e-02
6.529453513129879205e-02
5.938017506505795934e-02
6.174591909155429520e-02
5.654128223326235908e-02
5.417553820676603016e-02
5.583155902531346249e-02
5.393896380411639796e-02
6.458481192334988852e-02
5.867045185710906274e-02
5.985332387035723067e-02
6.079962148095575947e-02
5.630470783061272688e-02
5.772415424651052701e-02
5.914360066240832714e-02
5.535841022001419115e-02
5.275609179086823003e-02
5.535841022001419115e-02
5.346581499881712662e-02
4.944405015377335844e-02
5.417553820676603016e-02
5.204636858291932650e-02
5.251951738821859783e-02
4.826117814052519744e-02
5.086349656967115856e-02
5.157321977762006210e-02
4.731488052992666171e-02
4.968062455642299757e-02
4.707830612727702951e-02
5.299266619351786223e-02
4.778802933522592611e-02
4.684173172462739732e-02
4.826117814052519744e-02
4.826117814052519744e-02
4.281996687958362913e-02
4.636858291932812598e-02
4.163709486633546120e-02
4.565885971137922938e-02
4.305654128223326133e-02
4.045422285308729327e-02
4.281996687958362913e-02
4.281996687958362913e-02
4.542228530872959719e-02
4.140052046368582900e-02
4.021764845043766107e-02
4.021764845043766107e-02
4.069079725573693240e-02
3.974449964513839667e-02
3.879820203453986094e-02
3.832505322924059654e-02
4.021764845043766107e-02
3.643245800804353202e-02
3.903477643718949314e-02
3.477643718949609969e-02
3.477643718949609969e-02
3.856162763189022874e-02
3.737875561864206081e-02
3.927135083983913227e-02
3.217411876035013163e-02
2.909865152590489570e-02
3.004494913650343144e-02
3.241069316299976383e-02
3.122782114975159590e-02
3.193754435770049943e-02
3.335699077359829956e-02
3.099124674710196370e-02
3.264726756564939603e-02
3.406671398154719616e-02
3.122782114975159590e-02
3.217411876035013163e-02
3.217411876035013163e-02
3.075467234445233150e-02
3.572273480009462848e-02
3.335699077359829956e-02
3.264726756564939603e-02
3.122782114975159590e-02
3.241069316299976383e-02
3.288384196829902822e-02
3.264726756564939603e-02
3.075467234445233150e-02
2.933522592855453137e-02
2.980837473385379577e-02
2.791577951265673124e-02
2.838892831795599564e-02
2.720605630470783118e-02
2.578660988881003105e-02
3.028152353915306363e-02
3.193754435770049943e-02
2.649633309675893111e-02
2.342086586231369866e-02
2.602318429145966325e-02
2.602318429145966325e-02
2.625975869410929892e-02
2.555003548616039885e-02
2.744263070735746338e-02
2.555003548616039885e-02
2.957180033120416357e-02
2.460373787556186312e-02
2.531346108351076318e-02
2.838892831795599564e-02
2.578660988881003105e-02
3.004494913650343144e-02
2.862550272060563131e-02
2.507688668086113098e-02
2.815235391530636344e-02
2.602318429145966325e-02
2.389401466761296305e-02
2.720605630470783118e-02
2.555003548616039885e-02
2.815235391530636344e-02
2.720605630470783118e-02
3.004494913650343144e-02
3.004494913650343144e-02
2.602318429145966325e-02
2.980837473385379577e-02
2.862550272060563131e-02
2.673290749940856331e-02
2.602318429145966325e-02
2.247456825171516293e-02
2.673290749940856331e-02
2.578660988881003105e-02
2.602318429145966325e-02
2.460373787556186312e-02
2.294771705701443079e-02
2.460373787556186312e-02
2.318429145966406299e-02
2.365744026496333086e-02
2.294771705701443079e-02
2.389401466761296305e-02
2.271114265436479859e-02
2.129169623846699846e-02
1.963567541991956614e-02
1.939910101726993047e-02
2.105512183581736627e-02
2.247456825171516293e-02
2.484031227821149879e-02
2.200141944641589853e-02
1.987224982256919834e-02
2.034539862786846620e-02
1.892595221197066607e-02
1.726993139342323028e-02
1.750650579607286594e-02
2.105512183581736627e-02
2.318429145966406299e-02
2.081854743316773060e-02
1.797965460137213034e-02
2.223799384906553073e-02
2.058197303051809840e-02
1.916252661462029827e-02
1.774308019872249814e-02
1.821622900402176601e-02
1.656020818547433021e-02
1.821622900402176601e-02
1.750650579607286594e-02
1.797965460137213034e-02
1.892595221197066607e-02
1.656020818547433021e-02
1.679678258812396588e-02
1.939910101726993047e-02
1.774308019872249814e-02
2.081854743316773060e-02
1.774308019872249814e-02
1.963567541991956614e-02
1.726993139342323028e-02
2.034539862786846620e-02
1.821622900402176601e-02
1.726993139342323028e-02
2.058197303051809840e-02
2.081854743316773060e-02
1.774308019872249814e-02
1.916252661462029827e-02
1.963567541991956614e-02
2.058197303051809840e-02
2.271114265436479859e-02
2.176484504376626286e-02
2.058197303051809840e-02
2.058197303051809840e-02
1.892595221197066607e-02
2.176484504376626286e-02
2.010882422521883053e-02
1.987224982256919834e-02
1.797965460137213034e-02
1.868937780932103040e-02
1.774308019872249814e-02
1.821622900402176601e-02
1.892595221197066607e-02
1.821622900402176601e-02
1.726993139342323028e-02
1.608705938017506581e-02
1.679678258812396588e-02
1.726993139342323028e-02
1.395788975632836562e-02
1.372131535367873169e-02
1.206529453513129936e-02
1.372131535367873169e-02
1.253844334043056549e-02
1.726993139342323028e-02
1.561391057487579795e-02
1.585048497752543015e-02
1.372131535367873169e-02
1.608705938017506581e-02
1.608705938017506581e-02
1.656020818547433021e-02
1.443103856162763175e-02
1.537733617222616575e-02
1.514076176957653182e-02
1.490418736692689788e-02
1.585048497752543015e-02
1.514076176957653182e-02
1.656020818547433021e-02
1.419446415897799782e-02
1.750650579607286594e-02
1.987224982256919834e-02
1.726993139342323028e-02
1.868937780932103040e-02
1.821622900402176601e-02
1.750650579607286594e-02
1.561391057487579795e-02
1.466761296427726569e-02
1.797965460137213034e-02
1.679678258812396588e-02
1.679678258812396588e-02
1.514076176957653182e-02
1.750650579607286594e-02
1.466761296427726569e-02
1.585048497752543015e-02
1.253844334043056549e-02
1.490418736692689788e-02
1.395788975632836562e-02
1.726993139342323028e-02
1.443103856162763175e-02
1.561391057487579795e-02
1.845280340667139821e-02
1.514076176957653182e-02
1.419446415897799782e-02
1.466761296427726569e-02
1.585048497752543015e-02
1.514076176957653182e-02
1.774308019872249814e-02
1.608705938017506581e-02
1.372131535367873169e-02
1.537733617222616575e-02
1.514076176957653182e-02
1.514076176957653182e-02
1.443103856162763175e-02
1.726993139342323028e-02
1.348474095102909949e-02
1.324816654837946556e-02
1.277501774308019943e-02
1.277501774308019943e-02
1.277501774308019943e-02
1.443103856162763175e-02
1.324816654837946556e-02
1.135557132718239930e-02
1.277501774308019943e-02
