1.000000000000000000e+00
7.414512093411176341e-01
6.572143452877398095e-01
6.738949124270224855e-01
6.305254378648874614e-01
5.913261050875729952e-01
5.663052543786488702e-01
5.654712260216847586e-01
5.304420350291909614e-01
5.104253544620517280e-01
4.979149291075896655e-01
4.979149291075896655e-01
4.937447873227689965e-01
4.737281067556297076e-01
4.703919933277731502e-01
4.470391993327773039e-01
4.361968306922435201e-01
4.403669724770642446e-01
4.637197664720600354e-01
4.070058381984987261e-01
3.969974979149291094e-01
3.619683069224353678e-01
3.861551292743953256e-01
3.919933277731442733e-01
3.828190158465387682e-01
3.744787322768974303e-01
3.519599666388656956e-01
3.661384487072560368e-01
3.352793994995829641e-01
3.402835696413678002e-01
3.386155129274395215e-01
3.294412010008340164e-01
3.227689741451209571e-01
3.211009174311926784e-01
3.219349457881567900e-01
3.135946622185154520e-01
3.094245204336947275e-01
3.035863219349457798e-01
2.743953294412009858e-01
2.902418682235196057e-01
2.627189324437030904e-01
2.710592160133444284e-01
2.652210175145954807e-01
2.652210175145954807e-01
2.385321100917431325e-01
2.435362802335279409e-01
2.477064220183486376e-01
2.427022518765638015e-01
2.443703085904920802e-01
2.577147623019182543e-01
2.435362802335279409e-01
2.577147623019182543e-01
2.468723936613844983e-01
2.435362802335279409e-01
2.552126772310258640e-01
2.360300250208507145e-01
2.393661384487072441e-01
2.193494578815679830e-01
2.085070892410341992e-01
2.101751459549624779e-01
2.160133444537114256e-01
1.943286071726438580e-01
1.909924937447873283e-01
1.734778982485404575e-01
2.176814011676397043e-01
1.943286071726438580e-01
1.868223519599666316e-01
1.668056713928273427e-01
1.668056713928273427e-01
1.793160967472894052e-01
1.576313594662218653e-01
1.551292743953294473e-01
1.659716430358632311e-01
1.659716430358632311e-01
1.726438698915763181e-01
1.634695579649708130e-01
1.417848206839032454e-01
1.342785654712260190e-01
1.351125938281901584e-01
1.542952460383653079e-01
1.484570475396163602e-01
1.517931609674728899e-01
1.351125938281901584e-01
1.501251042535446112e-01
1.501251042535446112e-01
1.317764804003336010e-01
1.284403669724770714e-01
1.267723102585487926e-01
1.334445371142618797e-01
1.384487072560467158e-01
1.267723102585487926e-01
1.276063386155129320e-01
1.259382819015846533e-01
1.292743953294412107e-01
1.134278565471226047e-01
1.276063386155129320e-01
1.134278565471226047e-01
1.175979983319432876e-01
1.259382819015846533e-01
1.025854879065888209e-01
1.184320266889074269e-01
1.067556296914095038e-01
9.758131776480399866e-02
1.150959132610508695e-01
9.841534612176813801e-02
1.100917431192660612e-01
1.184320266889074269e-01
1.209341117597998311e-01
1.000834028356964167e-01
1.100917431192660612e-01
1.109257714762301866e-01
1.009174311926605561e-01
9.924937447873227736e-02
1.084236864053377825e-01
1.084236864053377825e-01
1.017514595496246815e-01
1.025854879065888209e-01
9.924937447873227736e-02
9.924937447873227736e-02
9.674728940783987319e-02
9.424520433694745514e-02
8.256880733944954587e-02
8.840700583819849356e-02
7.506255212677230559e-02
7.172643869891576207e-02
7.923269391159298847e-02
7.589658048373644494e-02
7.756463719766472364e-02
7.506255212677230559e-02
8.090075062552126717e-02
7.839866555462886299e-02
7.172643869891576207e-02
7.339449541284404077e-02
8.006672226855712782e-02
7.089241034195162272e-02
7.923269391159298847e-02
7.506255212677230559e-02
8.090075062552126717e-02
8.090075062552126717e-02
6.839032527105921855e-02
6.839032527105921855e-02
6.839032527105921855e-02
6.672226855713093985e-02
6.922435362802335790e-02
6.755629691409507920e-02
6.839032527105921855e-02
7.172643869891576207e-02
6.839032527105921855e-02
6.588824020016680050e-02
6.505421184320267503e-02
7.339449541284404077e-02
6.505421184320267503e-02
6.171809841534612456e-02
6.338615512927439632e-02
5.671392827356130234e-02
6.338615512927439632e-02
6.505421184320267503e-02
6.255212677231025697e-02
6.672226855713093985e-02
6.839032527105921855e-02
6.005004170141784586e-02
5.587989991659716299e-02
5.754795663052543475e-02
5.921601334445371345e-02
6.672226855713093985e-02
6.505421184320267503e-02
6.171809841534612456e-02
5.754795663052543475e-02
5.754795663052543475e-02
5.504587155963303058e-02
5.421184320266889123e-02
5.337781484570475188e-02
5.671392827356130234e-02
5.421184320266889123e-02
5.087572977481234077e-02
5.254378648874061947e-02
6.088407005838198521e-02
5.504587155963303058e-02
5.004170141784820836e-02
5.254378648874061947e-02
5.004170141784820836e-02
5.587989991659716299e-02
5.087572977481234077e-02
6.005004170141784586e-02
5.671392827356130234e-02
5.587989991659716299e-02
5.504587155963303058e-02
5.754795663052543475e-02
5.671392827356130234e-02
4.837364470391993659e-02
5.421184320266889123e-02
4.670558798999165789e-02
4.837364470391993659e-02
5.004170141784820836e-02
5.254378648874061947e-02
5.754795663052543475e-02
5.337781484570475188e-02
5.337781484570475188e-02
4.753961634695579724e-02
4.420350291909924678e-02
5.004170141784820836e-02
4.670558798999165789e-02
4.336947456213511437e-02
5.504587155963303058e-02
4.086738949124270326e-02
4.420350291909924678e-02
4.003336113427856391e-02
4.170141784820683567e-02
4.086738949124270326e-02
5.087572977481234077e-02
4.920767306088406901e-02
4.753961634695579724e-02
4.503753127606338613e-02
4.253544620517097502e-02
4.503753127606338613e-02
4.336947456213511437e-02
4.253544620517097502e-02
3.836530442035029215e-02
4.336947456213511437e-02
3.669724770642202039e-02
3.586321934945788104e-02
3.586321934945788104e-02
3.919933277731443150e-02
3.753127606338615280e-02
3.919933277731443150e-02
4.086738949124270326e-02
4.503753127606338613e-02
4.587155963302752548e-02
3.919933277731443150e-02
3.336113427856546992e-02
2.835696413678065117e-02
3.002502085070892293e-02
4.336947456213511437e-02
3.336113427856546992e-02
3.419516263552960927e-02
3.336113427856546992e-02
3.336113427856546992e-02
3.502919099249374169e-02
3.419516263552960927e-02
3.753127606338615280e-02
3.169307756463719816e-02
3.252710592160133751e-02
3.002502085070892293e-02
4.003336113427856391e-02
3.002502085070892293e-02
3.336113427856546992e-02
3.502919099249374169e-02
3.669724770642202039e-02
3.919933277731443150e-02
4.086738949124270326e-02
3.252710592160133751e-02
3.919933277731443150e-02
3.919933277731443150e-02
3.336113427856546992e-02
3.419516263552960927e-02
3.836530442035029215e-02
3.669724770642202039e-02
3.586321934945788104e-02
4.086738949124270326e-02
3.502919099249374169e-02
3.169307756463719816e-02
3.586321934945788104e-02
3.669724770642202039e-02
3.753127606338615280e-02
3.085904920767306228e-02
3.336113427856546992e-02
2.919099249374478705e-02
3.336113427856546992e-02
3.669724770642202039e-02
2.752293577981651529e-02
2.835696413678065117e-02
3.169307756463719816e-02
3.085904920767306228e-02
3.586321934945788104e-02
3.502919099249374169e-02
3.169307756463719816e-02
3.336113427856546992e-02
2.919099249374478705e-02
2.418682235195996830e-02
2.752293577981651529e-02
2.585487906588824006e-02
2.335279399499582895e-02
2.919099249374478705e-02
2.251876563803169307e-02
2.502085070892410418e-02
2.251876563803169307e-02
2.585487906588824006e-02
2.251876563803169307e-02
2.502085070892410418e-02
2.668890742285237594e-02
2.418682235195996830e-02
3.085904920767306228e-02
2.668890742285237594e-02
2.835696413678065117e-02
2.585487906588824006e-02
2.168473728106755719e-02
2.502085070892410418e-02
2.668890742285237594e-02
2.251876563803169307e-02
2.001668056713928195e-02
2.335279399499582895e-02
2.502085070892410418e-02
2.752293577981651529e-02
2.418682235195996830e-02
2.919099249374478705e-02
2.919099249374478705e-02
2.502085070892410418e-02
2.168473728106755719e-02
2.585487906588824006e-02
2.585487906588824006e-02
2.418682235195996830e-02
2.251876563803169307e-02
2.585487906588824006e-02
1.834862385321101019e-02
2.168473728106755719e-02
2.502085070892410418e-02
2.168473728106755719e-02
2.251876563803169307e-02
1.751459549624687084e-02
2.001668056713928195e-02
1.668056713928273496e-02
1.918265221017514607e-02
2.001668056713928195e-02
2.168473728106755719e-02
2.085070892410341784e-02
2.251876563803169307e-02
1.501251042535446147e-02
2.001668056713928195e-02
2.001668056713928195e-02
1.751459549624687084e-02
1.668056713928273496e-02
1.918265221017514607e-02
2.168473728106755719e-02
1.584653878231859908e-02
1.668056713928273496e-02
1.501251042535446147e-02
1.834862385321101019e-02
2.085070892410341784e-02
2.335279399499582895e-02
2.335279399499582895e-02
2.335279399499582895e-02
2.085070892410341784e-02
2.085070892410341784e-02
1.918265221017514607e-02
2.001668056713928195e-02
1.834862385321101019e-02
2.001668056713928195e-02
1.751459549624687084e-02
1.417848206839032559e-02
1.668056713928273496e-02
2.251876563803169307e-02
1.918265221017514607e-02
2.168473728106755719e-02
2.168473728106755719e-02
1.918265221017514607e-02
1.668056713928273496e-02
2.251876563803169307e-02
1.918265221017514607e-02
1.751459549624687084e-02
2.335279399499582895e-02
2.001668056713928195e-02
2.251876563803169307e-02
2.168473728106755719e-02
1.918265221017514607e-02
1.501251042535446147e-02
2.585487906588824006e-02
1.334445371142618797e-02
2.168473728106755719e-02
1.751459549624687084e-02
1.668056713928273496e-02
1.334445371142618797e-02
2.001668056713928195e-02
1.834862385321101019e-02
1.834862385321101019e-02
1.584653878231859908e-02
1.584653878231859908e-02
1.751459549624687084e-02
1.834862385321101019e-02
1.918265221017514607e-02
2.001668056713928195e-02
1.584653878231859908e-02
1.918265221017514607e-02
1.501251042535446147e-02
1.501251042535446147e-02
1.417848206839032559e-02
1.251042535446205209e-02
2.001668056713928195e-02
1.251042535446205209e-02
1.501251042535446147e-02
1.417848206839032559e-02
1.918265221017514607e-02
1.668056713928273496e-02
1.501251042535446147e-02
1.334445371142618797e-02
1.334445371142618797e-02
1.501251042535446147e-02
1.167639699749791447e-02
1.334445371142618797e-02
1.334445371142618797e-02
1.167639699749791447e-02
1.668056713928273496e-02
