1.000000000000000000e+00
7.769434628975264712e-01
7.279151943462897068e-01
7.036219081272084841e-01
6.828621908127208151e-01
6.307420494699647051e-01
5.976148409893993207e-01
5.706713780918727386e-01
5.640459363957597283e-01
5.437279151943462674e-01
5.463780918727915159e-01
5.278268551236748873e-01
4.739399293286218895e-01
4.863074204946996604e-01
4.787985865724381784e-01
4.845406360424028280e-01
4.637809187279152145e-01
4.602473498233215499e-01
4.372791519434628960e-01
4.160777385159010744e-01
4.169611307420494906e-01
4.169611307420494906e-01
3.997349823321554863e-01
4.068021201413427601e-01
3.829505300353356900e-01
3.666077738515901019e-01
3.727915194346289596e-01
3.688162544169611423e-01
3.652826855123674776e-01
3.741166077738515838e-01
3.471731448763251127e-01
3.431978798586572399e-01
3.286219081272084841e-01
3.431978798586572399e-01
3.308303886925795245e-01
3.180212014134275456e-01
2.981448763250883482e-01
3.056537102473498302e-01
2.866607773851589935e-01
2.804770318021201359e-01
2.977031802120141402e-01
2.857773851590105774e-01
2.707597173144876135e-01
2.742932862190812782e-01
2.579505300353356900e-01
2.707597173144876135e-01
2.513250883392226243e-01
2.566254416961130658e-01
2.349823321554770361e-01
2.402826855123674776e-01
2.367491166077738407e-01
2.393992932862190892e-01
2.252650176678445137e-01
2.239399293286219172e-01
2.186395759717314480e-01
2.261484098939929299e-01
2.093639575971731337e-01
2.115724381625441741e-01
2.102473498233215499e-01
2.164310954063604353e-01
2.027385159010600679e-01
1.943462897526501698e-01
1.983215547703180148e-01
2.045053003533569003e-01
1.908127208480565329e-01
1.841872791519434671e-01
1.952296819787985860e-01
1.815371024734982464e-01
1.837455830388692590e-01
1.806537102473498302e-01
1.749116607773851528e-01
1.934628975265017536e-01
1.696113074204947113e-01
1.709363957597173078e-01
1.581272084805653844e-01
1.590106007067137728e-01
1.576855123674911763e-01
1.612190812720848132e-01
1.629858657243816178e-01
1.621024734982332294e-01
1.488515901060070701e-01
1.590106007067137728e-01
1.492932862190812782e-01
1.501766784452296943e-01
1.426678445229681846e-01
1.510600706713780828e-01
1.426678445229681846e-01
1.488515901060070701e-01
1.462014134275618493e-01
1.431095406360423927e-01
1.510600706713780828e-01
1.431095406360423927e-01
1.448763250883392251e-01
1.457597173144876412e-01
1.307420494699646774e-01
1.360424028268551189e-01
1.325088339222614819e-01
1.316254416961130658e-01
1.267667844522968323e-01
1.316254416961130658e-01
1.294169611307420531e-01
1.201413427561837388e-01
1.258833922261484162e-01
1.285335689045936369e-01
1.272084805653710127e-01
1.205830388692579469e-01
1.108657243816254384e-01
1.152826855123674915e-01
1.148409893992932834e-01
1.245583038869257919e-01
1.148409893992932834e-01
1.135159010600706730e-01
1.046819787985865668e-01
1.024734982332155542e-01
1.046819787985865668e-01
1.113074204946996465e-01
1.073321554770318015e-01
1.002650176678445276e-01
9.673144876325087682e-02
9.496466431095405836e-02
9.628975265017668261e-02
9.938162544169611146e-02
9.098939929328621334e-02
9.143109540636042143e-02
9.584805653710247453e-02
9.098939929328621334e-02
9.010600706713781105e-02
9.363957597173144798e-02
9.673144876325087682e-02
9.540636042402826644e-02
9.143109540636042143e-02
8.348056537102473140e-02
8.966431095406360297e-02
8.878091872791520067e-02
8.083038869257951065e-02
8.745583038869257642e-02
8.878091872791520067e-02
8.701413427561836833e-02
8.745583038869257642e-02
7.420494699646643100e-02
7.862190812720848410e-02
8.171378091872791294e-02
8.038869257950530256e-02
7.155477031802119636e-02
8.127208480565370485e-02
7.155477031802119636e-02
7.641342756183745755e-02
8.083038869257951065e-02
7.818021201413427601e-02
7.685512367491166563e-02
7.111307420494700215e-02
7.111307420494700215e-02
7.553003533568904138e-02
7.376325088339222291e-02
6.625441696113074097e-02
6.846289752650176752e-02
6.978798586572437790e-02
6.625441696113074097e-02
6.890459363957597561e-02
7.111307420494700215e-02
7.376325088339222291e-02
8.480565371024735566e-02
7.508833922261484717e-02
6.978798586572437790e-02
7.862190812720848410e-02
6.404593639575971442e-02
6.890459363957597561e-02
7.508833922261484717e-02
7.199646643109540445e-02
7.508833922261484717e-02
6.757950530035335135e-02
6.537102473498233868e-02
6.625441696113074097e-02
6.669611307420494906e-02
6.183745583038869481e-02
6.492932862190813059e-02
6.183745583038869481e-02
5.742049469964664171e-02
6.757950530035335135e-02
6.713780918727915714e-02
5.830388692579505094e-02
6.581272084805653289e-02
7.022968197879858598e-02
6.581272084805653289e-02
6.272084805653710404e-02
5.830388692579505094e-02
6.272084805653710404e-02
6.713780918727915714e-02
5.167844522968197823e-02
5.742049469964664171e-02
5.830388692579505094e-02
6.051236749116607749e-02
4.726148409893993207e-02
5.918727915194346018e-02
5.432862190812720593e-02
5.212014134275618632e-02
5.432862190812720593e-02
4.902826855123675054e-02
5.918727915194346018e-02
6.007067137809186941e-02
5.521201413427561516e-02
5.874558303886925903e-02
5.123674911660777709e-02
4.814487632508834131e-02
5.212014134275618632e-02
4.858657243816254245e-02
4.814487632508834131e-02
4.991166077738515977e-02
4.505300353356890553e-02
5.079505300353356900e-02
5.344522968197879670e-02
4.991166077738515977e-02
4.946996466431095169e-02
4.681978798586572399e-02
4.240282685512367783e-02
4.770318021201413322e-02
4.196113074204946974e-02
4.593639575971731476e-02
4.505300353356890553e-02
4.549469964664310667e-02
3.931095406360424205e-02
4.505300353356890553e-02
4.681978798586572399e-02
4.505300353356890553e-02
4.726148409893993207e-02
3.975265017667844319e-02
4.063604240282685243e-02
4.549469964664310667e-02
3.798586572438162473e-02
4.196113074204946974e-02
5.123674911660777709e-02
4.991166077738515977e-02
4.814487632508834131e-02
4.151943462897526166e-02
4.019434628975265128e-02
4.814487632508834131e-02
4.196113074204946974e-02
4.372791519434628821e-02
4.372791519434628821e-02
4.770318021201413322e-02
4.902826855123675054e-02
4.593639575971731476e-02
4.946996466431095169e-02
4.726148409893993207e-02
4.593639575971731476e-02
4.637809187279152284e-02
4.107773851590106051e-02
4.770318021201413322e-02
4.814487632508834131e-02
4.726148409893993207e-02
3.886925795053003396e-02
4.328621908127208706e-02
4.107773851590106051e-02
3.754416961130742358e-02
4.151943462897526166e-02
4.063604240282685243e-02
4.328621908127208706e-02
4.858657243816254245e-02
4.196113074204946974e-02
4.196113074204946974e-02
4.240282685512367783e-02
4.107773851590106051e-02
3.710247349823321550e-02
4.063604240282685243e-02
3.666077738515900741e-02
3.842756183745583282e-02
3.003533568904593470e-02
4.416961130742049629e-02
3.798586572438162473e-02
3.312720848056537049e-02
3.533568904593639703e-02
4.151943462897526166e-02
3.489399293286218895e-02
3.931095406360424205e-02
3.886925795053003396e-02
3.931095406360424205e-02
3.886925795053003396e-02
4.328621908127208706e-02
4.107773851590106051e-02
3.710247349823321550e-02
3.886925795053003396e-02
3.577738515901059818e-02
3.445229681978798780e-02
3.401060070671377972e-02
3.975265017667844319e-02
4.416961130742049629e-02
3.666077738515900741e-02
3.621908127208480627e-02
3.577738515901059818e-02
4.019434628975265128e-02
3.356890459363957857e-02
3.666077738515900741e-02
3.047703180212014279e-02
3.489399293286218895e-02
3.666077738515900741e-02
4.063604240282685243e-02
4.240282685512367783e-02
3.312720848056537049e-02
3.268551236749116934e-02
3.842756183745583282e-02
2.826855123674911624e-02
3.445229681978798780e-02
3.091872791519434741e-02
3.312720848056537049e-02
3.224381625441696125e-02
3.533568904593639703e-02
3.666077738515900741e-02
3.091872791519434741e-02
3.268551236749116934e-02
3.224381625441696125e-02
3.401060070671377972e-02
2.915194346289752547e-02
3.312720848056537049e-02
3.003533568904593470e-02
2.915194346289752547e-02
2.826855123674911624e-02
3.047703180212014279e-02
2.694346289752650239e-02
2.782685512367491162e-02
3.224381625441696125e-02
3.224381625441696125e-02
3.047703180212014279e-02
3.886925795053003396e-02
3.312720848056537049e-02
3.091872791519434741e-02
2.871024734982332086e-02
2.871024734982332086e-02
2.517667844522968046e-02
2.606007067137809316e-02
2.473498233215547584e-02
2.959363957597173009e-02
2.252650176678445276e-02
2.738515901060070701e-02
2.517667844522968046e-02
2.385159010600706661e-02
2.650176678445229778e-02
2.340989399293286199e-02
2.561837455830388854e-02
2.120141342756183891e-02
2.208480565371024815e-02
2.429328621908127123e-02
2.252650176678445276e-02
2.164310954063604353e-02
2.340989399293286199e-02
2.385159010600706661e-02
2.473498233215547584e-02
2.120141342756183891e-02
2.606007067137809316e-02
2.296819787985865738e-02
2.340989399293286199e-02
2.340989399293286199e-02
1.899293286219081237e-02
2.694346289752650239e-02
2.340989399293286199e-02
2.340989399293286199e-02
2.385159010600706661e-02
2.429328621908127123e-02
2.561837455830388854e-02
2.208480565371024815e-02
2.517667844522968046e-02
2.606007067137809316e-02
2.120141342756183891e-02
2.164310954063604353e-02
1.855123674911660775e-02
2.517667844522968046e-02
2.340989399293286199e-02
2.738515901060070701e-02
2.208480565371024815e-02
2.561837455830388854e-02
2.650176678445229778e-02
2.252650176678445276e-02
1.987632508833922160e-02
2.252650176678445276e-02
2.694346289752650239e-02
2.031802120141342621e-02
2.650176678445229778e-02
2.031802120141342621e-02
2.252650176678445276e-02
2.429328621908127123e-02
2.252650176678445276e-02
2.031802120141342621e-02
2.120141342756183891e-02
2.561837455830388854e-02
2.694346289752650239e-02
2.517667844522968046e-02
2.208480565371024815e-02
2.694346289752650239e-02
1.899293286219081237e-02
2.385159010600706661e-02
1.722614840989399390e-02
2.252650176678445276e-02
2.031802120141342621e-02
2.296819787985865738e-02
1.899293286219081237e-02
2.164310954063604353e-02
2.164310954063604353e-02
2.252650176678445276e-02
1.855123674911660775e-02
1.899293286219081237e-02
1.943462897526501698e-02
2.208480565371024815e-02
