1.000000000000000000e+00
8.027734976887519469e-01
7.534668721109398781e-01
7.087827426810477949e-01
7.005649717514124131e-01
7.057010785824344712e-01
6.738572162300975332e-01
6.692347200821776587e-01
6.322547508988186626e-01
6.034925526450950484e-01
5.942475603492552994e-01
5.921931176168464539e-01
5.757575757575758013e-01
5.644581407293272068e-01
5.526450950179764288e-01
5.351823317925012979e-01
5.290190035952747616e-01
4.920390344119157655e-01
5.156651258346173217e-01
4.982023626091422464e-01
4.925526450950179491e-01
5.012840267077555145e-01
4.684129429892141538e-01
4.699537750385208157e-01
4.560862865947611922e-01
4.273240883410374669e-01
4.314329738058551578e-01
4.201335387776065633e-01
4.242424242424242542e-01
4.114021571648690534e-01
4.072932717000513625e-01
4.067796610169491789e-01
4.001027221366204589e-01
3.893168977914740481e-01
3.867488443759630190e-01
3.718541345659989728e-01
3.579866461222393492e-01
3.785310734463276927e-01
3.728813559322033955e-01
3.733949666153055791e-01
3.579866461222393492e-01
3.713405238828967891e-01
3.651771956856702528e-01
3.343605546995377376e-01
3.430919363122753030e-01
3.533641499743194747e-01
3.420647149460708802e-01
3.389830508474576121e-01
3.189522342064715077e-01
3.281972265023112567e-01
3.153569594247560559e-01
3.230611196712891431e-01
3.081664098613250968e-01
3.040575243965074614e-01
3.174114021571648458e-01
3.071391884951206741e-01
3.086800205444273359e-01
2.937853107344632897e-01
2.809450436569080889e-01
3.050847457627118842e-01
2.978941961992809251e-01
2.948125321006677124e-01
2.752953261427837917e-01
2.788906009244992434e-01
2.722136620441705235e-01
2.696456086286594944e-01
2.639958911145351972e-01
2.691319979455572553e-01
2.645095017976373808e-01
2.639958911145351972e-01
2.516692347200821800e-01
2.491011813045711232e-01
2.516692347200821800e-01
2.413970210580380082e-01
2.521828454031843636e-01
2.388289676425269514e-01
2.306111967128916251e-01
2.444786851566512487e-01
2.198253723677452420e-01
2.239342578325629052e-01
2.326656394453004706e-01
2.229070364663585102e-01
2.285567539804828074e-01
2.275295326142783847e-01
2.223934257832562988e-01
2.208525937339496648e-01
2.223934257832562988e-01
2.218798151001540875e-01
2.105803800719054930e-01
2.244478685156651165e-01
2.028762198253723781e-01
2.110939907550077044e-01
2.028762198253723781e-01
2.018489984591679554e-01
2.044170518746789844e-01
2.044170518746789844e-01
2.023626091422701667e-01
1.905495634309193609e-01
1.890087313816127268e-01
1.859270672829994864e-01
1.905495634309193609e-01
1.761684643040575260e-01
1.761684643040575260e-01
1.828454031843862460e-01
1.818181818181818232e-01
1.859270672829994864e-01
1.766820749871597374e-01
1.720595788392398628e-01
1.771956856702619487e-01
1.623009758602979025e-01
1.705187467899332288e-01
1.674370826913199883e-01
1.720595788392398628e-01
1.669234720082177770e-01
1.669234720082177770e-01
1.643554185927067202e-01
1.741140215716486805e-01
1.504879301489470966e-01
1.556240369799691825e-01
1.633281972265022974e-01
1.576784797123780280e-01
1.561376476630713939e-01
1.535695942475603371e-01
1.494607087827426739e-01
1.412429378531073476e-01
1.525423728813559421e-01
1.443246019517205880e-01
1.391884951206985022e-01
1.458654340010272221e-01
1.520287621982537307e-01
1.422701592193117703e-01
1.535695942475603371e-01
1.566512583461736052e-01
1.576784797123780280e-01
1.432973805855161653e-01
1.499743194658448853e-01
1.438109912686183767e-01
1.350796096558808390e-01
1.407293271700051362e-01
1.520287621982537307e-01
1.438109912686183767e-01
1.474062660503338562e-01
1.474062660503338562e-01
1.386748844375962908e-01
1.391884951206985022e-01
1.325115562403698100e-01
1.345659989727786277e-01
1.355932203389830504e-01
1.319979455572675986e-01
1.422701592193117703e-01
1.284026707755521191e-01
1.350796096558808390e-01
1.294298921417565418e-01
1.253210066769388786e-01
1.242937853107344698e-01
1.227529532614278357e-01
1.181304571135079612e-01
1.237801746276322584e-01
1.242937853107344698e-01
1.155624036979969183e-01
1.371340523882896845e-01
1.206985105290190041e-01
1.171032357473035385e-01
1.191576784797123839e-01
1.160760143810991296e-01
1.273754494093477241e-01
1.140215716486902980e-01
1.140215716486902980e-01
1.114535182331792551e-01
1.109399075500770437e-01
1.119671289162814526e-01
1.114535182331792551e-01
1.099126861838726210e-01
1.016949152542372947e-01
1.042629686697483377e-01
1.093990755007704097e-01
1.016949152542372947e-01
1.001540832049306606e-01
9.809964047252182906e-02
1.042629686697483377e-01
1.068310220852593667e-01
1.027221366204417036e-01
1.001540832049306606e-01
9.604519774011299749e-02
9.501797637390857476e-02
1.016949152542372947e-01
9.501797637390857476e-02
9.655880842321520885e-02
9.501797637390857476e-02
8.936825885978427753e-02
9.964047252182844927e-02
9.553158705701078612e-02
9.501797637390857476e-02
9.244992295839753182e-02
9.553158705701078612e-02
8.834103749357986868e-02
8.988186954288648889e-02
8.115048793014895123e-02
8.988186954288648889e-02
8.525937339496661438e-02
9.193631227529532046e-02
7.909604519774011966e-02
8.269131997945557144e-02
8.936825885978427753e-02
8.320493066255778281e-02
8.269131997945557144e-02
7.858243451463790830e-02
7.909604519774011966e-02
8.834103749357986868e-02
8.525937339496661438e-02
8.474576271186440302e-02
8.628659476117103710e-02
8.269131997945557144e-02
7.447354904982023127e-02
8.012326656394452851e-02
7.704160246533127421e-02
7.601438109912686536e-02
7.550077041602465400e-02
7.704160246533127421e-02
6.985105290190035676e-02
7.858243451463790830e-02
8.217770929635336008e-02
7.806882383153569693e-02
7.036466358500256812e-02
7.344632768361582242e-02
7.447354904982023127e-02
7.909604519774011966e-02
7.550077041602465400e-02
7.550077041602465400e-02
7.755521314843348557e-02
7.601438109912686536e-02
7.550077041602465400e-02
7.447354904982023127e-02
6.420133538777605953e-02
7.241910631741139970e-02
7.550077041602465400e-02
7.190549563430918834e-02
6.574216743708269362e-02
6.471494607087827089e-02
7.652799178222907672e-02
7.395993836671803379e-02
6.882383153569594791e-02
7.293271700051361106e-02
7.139188495120699085e-02
6.266050333846943932e-02
6.831022085259373655e-02
6.985105290190035676e-02
6.625577812018490498e-02
6.831022085259373655e-02
6.933744221879814540e-02
6.368772470467386204e-02
6.420133538777605953e-02
6.728299948638931383e-02
6.060606060606060774e-02
6.676938880328710246e-02
6.933744221879814540e-02
6.420133538777605953e-02
6.779661016949152519e-02
6.625577812018490498e-02
5.906522855675398059e-02
6.317411402157165068e-02
5.957883923985619196e-02
6.676938880328710246e-02
5.855161787365176923e-02
6.882383153569594791e-02
6.522855675398048225e-02
6.163328197226502353e-02
5.906522855675398059e-02
6.060606060606060774e-02
6.163328197226502353e-02
5.701078582434514902e-02
5.701078582434514902e-02
5.598356445814072629e-02
6.266050333846943932e-02
6.214689265536723489e-02
6.574216743708269362e-02
6.009244992295839638e-02
6.574216743708269362e-02
6.214689265536723489e-02
5.444273240883410608e-02
5.906522855675398059e-02
5.290190035952747893e-02
6.676938880328710246e-02
6.317411402157165068e-02
5.598356445814072629e-02
5.084745762711864736e-02
5.803800719054956481e-02
4.930662557781202021e-02
5.701078582434514902e-02
5.752439650744735344e-02
4.365690806368772298e-02
5.341551104262968336e-02
5.033384694401643600e-02
5.906522855675398059e-02
5.341551104262968336e-02
5.649717514124293766e-02
4.879301489470980885e-02
5.649717514124293766e-02
5.495634309193631051e-02
5.855161787365176923e-02
5.495634309193631051e-02
6.163328197226502353e-02
5.444273240883410608e-02
5.701078582434514902e-02
5.290190035952747893e-02
5.238828967642526757e-02
5.238828967642526757e-02
5.546995377503852187e-02
5.495634309193631051e-02
4.571135079609656149e-02
4.879301489470980885e-02
5.136106831022085178e-02
4.982023626091422464e-02
4.571135079609656149e-02
4.622496147919876591e-02
4.725218284540318170e-02
4.365690806368772298e-02
5.238828967642526757e-02
5.238828967642526757e-02
4.930662557781202021e-02
4.417051874678993434e-02
4.879301489470980885e-02
4.262968669748330719e-02
4.006163328197226425e-02
3.800719054956343268e-02
3.852080123266563710e-02
4.417051874678993434e-02
4.417051874678993434e-02
4.725218284540318170e-02
4.262968669748330719e-02
4.211607601438109583e-02
3.954802259887005983e-02
4.006163328197226425e-02
3.954802259887005983e-02
3.954802259887005983e-02
4.776579352850539306e-02
4.057524396507447562e-02
4.262968669748330719e-02
4.262968669748330719e-02
4.160246533127889140e-02
4.057524396507447562e-02
4.314329738058551855e-02
4.057524396507447562e-02
4.211607601438109583e-02
4.057524396507447562e-02
4.160246533127889140e-02
4.571135079609656149e-02
4.365690806368772298e-02
3.954802259887005983e-02
4.622496147919876591e-02
4.417051874678993434e-02
3.954802259887005983e-02
4.108885464817668004e-02
4.468412942989213876e-02
4.006163328197226425e-02
4.262968669748330719e-02
3.646635850025680553e-02
4.314329738058551855e-02
4.417051874678993434e-02
4.622496147919876591e-02
4.314329738058551855e-02
4.314329738058551855e-02
3.852080123266563710e-02
3.543913713405238974e-02
4.314329738058551855e-02
3.903441191576784847e-02
3.646635850025680553e-02
3.543913713405238974e-02
3.697996918335901689e-02
3.749357986646122132e-02
3.338469440164355123e-02
3.800719054956343268e-02
3.543913713405238974e-02
3.492552645095017838e-02
4.211607601438109583e-02
3.697996918335901689e-02
3.133025166923471966e-02
3.852080123266563710e-02
4.108885464817668004e-02
3.492552645095017838e-02
3.441191576784797396e-02
3.492552645095017838e-02
3.800719054956343268e-02
3.697996918335901689e-02
3.595274781715459417e-02
3.235747303543913544e-02
4.006163328197226425e-02
3.389830508474576259e-02
3.133025166923471966e-02
3.287108371854134681e-02
3.235747303543913544e-02
3.338469440164355123e-02
3.235747303543913544e-02
3.954802259887005983e-02
3.441191576784797396e-02
3.338469440164355123e-02
2.927580893682588462e-02
2.824858757062146883e-02
3.595274781715459417e-02
3.030303030303030387e-02
3.184386235233693102e-02
