1.000000000000000000e+00
7.551515151515151292e-01
6.933333333333333570e-01
7.127272727272727648e-01
7.151515151515152047e-01
6.981818181818182367e-01
6.460606060606061130e-01
6.666666666666666297e-01
6.290909090909091450e-01
5.999999999999999778e-01
6.266666666666667052e-01
6.060606060606060774e-01
5.830303030303030098e-01
5.636363636363636020e-01
5.503030303030302939e-01
5.830303030303030098e-01
5.490909090909090740e-01
5.115151515151514783e-01
5.563636363636363935e-01
5.648484848484848220e-01
5.333333333333333259e-01
5.103030303030302584e-01
4.896969696969696861e-01
4.933333333333333459e-01
5.272727272727272263e-01
4.799999999999999822e-01
4.933333333333333459e-01
4.860606060606060819e-01
4.812121212121212022e-01
4.254545454545454741e-01
4.569696969696969702e-01
5.042424242424242697e-01
4.618181818181817944e-01
4.363636363636363424e-01
4.484848484848484862e-01
4.521212121212121460e-01
4.424242424242424421e-01
4.484848484848484862e-01
4.363636363636363424e-01
4.206060606060605944e-01
3.987878787878788023e-01
3.951515151515151425e-01
4.206060606060605944e-01
3.806060606060606144e-01
3.648484848484848664e-01
3.951515151515151425e-01
3.927272727272727026e-01
3.818181818181818343e-01
3.503030303030302828e-01
3.636363636363636465e-01
3.503030303030302828e-01
3.575757575757576023e-01
3.563636363636363824e-01
3.272727272727272707e-01
3.309090909090909305e-01
3.418181818181817988e-01
3.503030303030302828e-01
3.490909090909091184e-01
3.430303030303030187e-01
3.200000000000000067e-01
3.272727272727272707e-01
3.466666666666666785e-01
3.236363636363636109e-01
3.127272727272727426e-01
3.296969696969697106e-01
2.909090909090908950e-01
2.775757575757575868e-01
2.969696969696969946e-01
2.800000000000000266e-01
3.151515151515151270e-01
2.775757575757575868e-01
2.763636363636363669e-01
2.812121212121211911e-01
2.763636363636363669e-01
2.630303030303030032e-01
2.509090909090909149e-01
2.884848484848485106e-01
2.593939393939393989e-01
2.593939393939393989e-01
2.727272727272727071e-01
2.545454545454545192e-01
2.581818181818181790e-01
2.569696969696969591e-01
2.630303030303030032e-01
2.399999999999999911e-01
2.472727272727272829e-01
2.460606060606060630e-01
2.436363636363636231e-01
2.448484848484848431e-01
2.484848484848484751e-01
2.339393939393939470e-01
2.315151515151515071e-01
2.496969696969696950e-01
2.436363636363636231e-01
2.278787878787878751e-01
2.315151515151515071e-01
2.157575757575757591e-01
2.290909090909090950e-01
2.242424242424242431e-01
2.133333333333333470e-01
2.157575757575757591e-01
2.072727272727272751e-01
2.206060606060606111e-01
2.278787878787878751e-01
2.181818181818181712e-01
2.254545454545454630e-01
2.181818181818181712e-01
2.254545454545454630e-01
2.084848484848484951e-01
1.903030303030303072e-01
1.890909090909090873e-01
1.987878787878787912e-01
2.060606060606060552e-01
2.048484848484848353e-01
2.060606060606060552e-01
1.927272727272727193e-01
1.903030303030303072e-01
1.866666666666666752e-01
1.757575757575757514e-01
1.793939393939393834e-01
1.684848484848484873e-01
1.890909090909090873e-01
1.927272727272727193e-01
1.781818181818181912e-01
1.660606060606060475e-01
1.539393939393939315e-01
1.612121212121212233e-01
1.660606060606060475e-01
1.696969696969697072e-01
1.684848484848484873e-01
1.587878787878787834e-01
1.757575757575757514e-01
1.757575757575757514e-01
1.660606060606060475e-01
1.660606060606060475e-01
1.672727272727272674e-01
1.539393939393939315e-01
1.696969696969697072e-01
1.490909090909090795e-01
1.648484848484848553e-01
1.515151515151515194e-01
1.515151515151515194e-01
1.466666666666666674e-01
1.478787878787878873e-01
1.527272727272727393e-01
1.551515151515151514e-01
1.587878787878787834e-01
1.624242424242424154e-01
1.551515151515151514e-01
1.515151515151515194e-01
1.563636363636363713e-01
1.321212121212121116e-01
1.478787878787878873e-01
1.515151515151515194e-01
1.454545454545454475e-01
1.393939393939394034e-01
1.575757575757575635e-01
1.369696969696969635e-01
1.563636363636363713e-01
1.612121212121212233e-01
1.575757575757575635e-01
1.636363636363636354e-01
1.478787878787878873e-01
1.454545454545454475e-01
1.515151515151515194e-01
1.393939393939394034e-01
1.575757575757575635e-01
1.527272727272727393e-01
1.442424242424242553e-01
1.430303030303030354e-01
1.296969696969696995e-01
1.345454545454545514e-01
1.333333333333333315e-01
1.260606060606060674e-01
1.333333333333333315e-01
1.212121212121212155e-01
1.224242424242424215e-01
1.272727272727272596e-01
1.333333333333333315e-01
1.175757575757575696e-01
1.260606060606060674e-01
1.187878787878787895e-01
1.393939393939394034e-01
1.381818181818181834e-01
1.296969696969696995e-01
1.236363636363636415e-01
1.127272727272727315e-01
1.199999999999999956e-01
1.284848484848484795e-01
1.333333333333333315e-01
1.224242424242424215e-01
1.054545454545454536e-01
1.127272727272727315e-01
1.127272727272727315e-01
1.212121212121212155e-01
1.260606060606060674e-01
1.187878787878787895e-01
1.139393939393939376e-01
1.042424242424242475e-01
1.030303030303030276e-01
1.030303030303030276e-01
1.042424242424242475e-01
9.575757575757576356e-02
1.030303030303030276e-01
1.018181818181818216e-01
1.090909090909090856e-01
1.006060606060606016e-01
9.575757575757576356e-02
9.212121212121211766e-02
9.454545454545454364e-02
9.333333333333333759e-02
1.090909090909090856e-01
1.042424242424242475e-01
9.818181818181817566e-02
1.054545454545454536e-01
8.969696969696969169e-02
8.727272727272727959e-02
9.575757575757576356e-02
9.212121212121211766e-02
9.212121212121211766e-02
9.212121212121211766e-02
8.363636363636363369e-02
9.212121212121211766e-02
8.121212121212120771e-02
7.878787878787878174e-02
8.727272727272727959e-02
9.212121212121211766e-02
7.757575757575757569e-02
8.242424242424242764e-02
8.363636363636363369e-02
8.000000000000000167e-02
8.727272727272727959e-02
9.696969696969696961e-02
8.727272727272727959e-02
8.969696969696969169e-02
9.696969696969696961e-02
8.242424242424242764e-02
9.575757575757576356e-02
8.363636363636363369e-02
8.606060606060605966e-02
8.848484848484848564e-02
8.121212121212120771e-02
7.878787878787878174e-02
8.727272727272727959e-02
7.878787878787878174e-02
8.727272727272727959e-02
9.090909090909091161e-02
7.878787878787878174e-02
8.242424242424242764e-02
8.484848484848485362e-02
8.727272727272727959e-02
7.878787878787878174e-02
7.878787878787878174e-02
8.727272727272727959e-02
8.242424242424242764e-02
8.969696969696969169e-02
7.393939393939394367e-02
8.000000000000000167e-02
8.848484848484848564e-02
8.121212121212120771e-02
7.515151515151514972e-02
6.787878787878788567e-02
8.000000000000000167e-02
7.757575757575757569e-02
7.878787878787878174e-02
7.878787878787878174e-02
8.363636363636363369e-02
8.606060606060605966e-02
8.606060606060605966e-02
8.000000000000000167e-02
8.484848484848485362e-02
8.484848484848485362e-02
6.424242424242423977e-02
8.848484848484848564e-02
7.757575757575757569e-02
7.272727272727272374e-02
7.030303030303029777e-02
6.909090909090909172e-02
7.393939393939394367e-02
8.000000000000000167e-02
6.909090909090909172e-02
6.787878787878788567e-02
7.272727272727272374e-02
7.030303030303029777e-02
7.272727272727272374e-02
6.909090909090909172e-02
6.424242424242423977e-02
6.545454545454545969e-02
6.909090909090909172e-02
6.181818181818182073e-02
7.151515151515151769e-02
5.939393939393939476e-02
5.212121212121212377e-02
6.909090909090909172e-02
6.545454545454545969e-02
7.393939393939394367e-02
7.151515151515151769e-02
6.545454545454545969e-02
6.424242424242423977e-02
6.666666666666666574e-02
6.545454545454545969e-02
6.303030303030303372e-02
6.181818181818182073e-02
6.666666666666666574e-02
6.545454545454545969e-02
6.666666666666666574e-02
6.424242424242423977e-02
5.575757575757575579e-02
5.939393939393939476e-02
6.666666666666666574e-02
5.696969696969696878e-02
5.939393939393939476e-02
6.181818181818182073e-02
6.666666666666666574e-02
5.575757575757575579e-02
6.666666666666666574e-02
6.181818181818182073e-02
6.060606060606060774e-02
5.696969696969696878e-02
6.060606060606060774e-02
6.181818181818182073e-02
5.212121212121212377e-02
6.303030303030303372e-02
7.151515151515151769e-02
5.939393939393939476e-02
6.181818181818182073e-02
6.303030303030303372e-02
5.818181818181818177e-02
5.333333333333333676e-02
4.848484848484848481e-02
5.818181818181818177e-02
5.818181818181818177e-02
4.727272727272727182e-02
5.575757575757575579e-02
5.333333333333333676e-02
5.575757575757575579e-02
5.333333333333333676e-02
5.696969696969696878e-02
5.818181818181818177e-02
5.454545454545454281e-02
4.363636363636363980e-02
4.606060606060605883e-02
5.212121212121212377e-02
4.848484848484848481e-02
4.969696969696969779e-02
5.090909090909091078e-02
6.424242424242423977e-02
5.333333333333333676e-02
4.606060606060605883e-02
5.575757575757575579e-02
4.848484848484848481e-02
5.333333333333333676e-02
5.454545454545454281e-02
5.939393939393939476e-02
5.212121212121212377e-02
6.303030303030303372e-02
5.212121212121212377e-02
5.090909090909091078e-02
5.212121212121212377e-02
5.575757575757575579e-02
4.242424242424242681e-02
4.727272727272727182e-02
4.121212121212121382e-02
4.969696969696969779e-02
5.212121212121212377e-02
4.242424242424242681e-02
3.878787878787878785e-02
4.363636363636363980e-02
4.484848484848484584e-02
4.000000000000000083e-02
4.363636363636363980e-02
4.606060606060605883e-02
4.727272727272727182e-02
5.090909090909091078e-02
5.212121212121212377e-02
5.090909090909091078e-02
4.727272727272727182e-02
4.606060606060605883e-02
4.727272727272727182e-02
4.121212121212121382e-02
4.606060606060605883e-02
4.606060606060605883e-02
4.848484848484848481e-02
4.727272727272727182e-02
4.727272727272727182e-02
4.848484848484848481e-02
4.242424242424242681e-02
4.121212121212121382e-02
4.727272727272727182e-02
4.484848484848484584e-02
4.727272727272727182e-02
4.484848484848484584e-02
4.121212121212121382e-02
4.848484848484848481e-02
4.121212121212121382e-02
4.484848484848484584e-02
4.848484848484848481e-02
4.848484848484848481e-02
4.363636363636363980e-02
3.878787878787878785e-02
4.242424242424242681e-02
