1.000000000000000000e+00
8.661216147164026991e-01
8.226877874297393589e-01
8.150229943791517107e-01
7.761880429228410483e-01
7.766990291262135804e-01
7.376085845682166520e-01
7.358201328564129007e-01
7.445068983137455021e-01
7.115482881962187367e-01
6.859989780275932425e-01
6.816555952989269418e-01
6.673479816044967095e-01
6.619826264690853446e-01
6.614716402657128125e-01
6.635155850792028298e-01
6.364333163004598504e-01
6.280020439448135150e-01
6.377107818088911806e-01
6.057741440981093684e-01
5.917220235053654021e-01
6.034747061829330850e-01
5.886561062851303205e-01
5.774144098109350587e-01
5.707715891670924746e-01
5.671946857434849720e-01
5.464997445068983106e-01
5.516096065406234095e-01
5.518650996423096755e-01
5.393459376596831945e-01
5.137966274910577003e-01
5.196729688298415972e-01
5.130301481859990131e-01
5.035769034236076136e-01
4.954011241696474332e-01
5.045988758303525668e-01
4.859478794072559782e-01
4.933571793561573604e-01
4.908022483392948665e-01
4.741951967296882953e-01
4.731732243229432866e-01
4.693408277976494625e-01
4.672968829841594451e-01
4.683188553909044538e-01
4.609095554420030716e-01
4.499233520694941313e-01
4.578436382217679901e-01
4.440470107307102898e-01
4.284619315278487273e-01
4.333163004598875601e-01
4.381706693919263929e-01
4.443025038323965004e-01
4.287174246295349933e-01
4.287174246295349933e-01
4.103219213081246708e-01
4.113438937148696795e-01
4.067450178845171127e-01
4.156872764435360357e-01
3.924374041900868804e-01
3.975472662238119792e-01
3.857945835462442408e-01
3.857945835462442408e-01
3.817066939192642061e-01
3.909044455799693396e-01
3.962698007153807045e-01
3.875830352580480476e-01
3.822176801226366827e-01
3.868165559529892494e-01
3.727644353602452831e-01
3.781297904956565925e-01
3.778742973939703820e-01
3.745528870720490344e-01
3.658661216147163775e-01
3.668880940214614417e-01
3.650996423096576349e-01
3.528359734287174199e-01
3.500255493101686044e-01
3.507920286152274025e-01
3.456821665815023037e-01
3.444047010730710290e-01
3.421052631578947456e-01
3.387838528359734536e-01
3.336739908022483547e-01
3.293306080735819985e-01
3.433827286663260203e-01
3.357179356157383721e-01
3.364844149207971147e-01
3.219213081246806163e-01
3.193663771078180669e-01
3.201328564128768650e-01
3.242207460398568997e-01
3.239652529381706891e-01
3.178334184977005816e-01
3.188553909044455903e-01
3.140010219724067575e-01
3.147675012774655001e-01
3.117015840572304741e-01
3.104241185487991994e-01
3.035258048032702938e-01
2.966274910577414436e-01
2.910066428206438682e-01
2.971384772611139757e-01
3.065917220235053753e-01
2.835973428717424860e-01
2.841083290751149626e-01
2.897291773122125935e-01
2.743995912110372970e-01
2.810424118548799366e-01
2.858967807869187694e-01
2.756770567194685717e-01
2.721001532958610136e-01
2.864077669902912460e-01
2.695452222789984642e-01
2.774655084312723785e-01
2.690342360756259321e-01
2.623914154317833480e-01
2.644353602452733654e-01
2.590700051098620560e-01
2.692897291773121982e-01
2.603474706182933307e-01
2.544711292795094337e-01
2.539601430761369572e-01
2.544711292795094337e-01
2.613694430250383394e-01
2.445068983137455298e-01
2.503832396525293991e-01
2.577925396014307813e-01
2.611139499233520733e-01
2.544711292795094337e-01
2.600919775166070647e-01
2.465508431272355749e-01
2.501277465508431330e-01
2.468063362289218132e-01
2.508942258559018756e-01
2.455288707204905385e-01
2.521716913643331504e-01
2.478283086356668496e-01
2.468063362289218132e-01
2.439959121103730255e-01
2.404190086867654674e-01
2.422074603985692465e-01
2.473173224322943176e-01
2.393970362800204310e-01
2.427184466019417508e-01
2.475728155339805836e-01
2.324987225344915809e-01
2.350536535513541025e-01
2.378640776699029180e-01
2.222789984670413832e-01
2.296882984159427654e-01
2.281553398058252524e-01
2.158916709248850374e-01
2.227899846704138875e-01
2.248339294839039326e-01
2.243229432805314283e-01
2.174246295350025504e-01
2.194685743484925955e-01
2.135922330097087263e-01
2.245784363822176666e-01
2.189575881451200912e-01
2.133367399080224880e-01
2.072049054675523805e-01
2.146142054164537627e-01
2.049054675523760971e-01
2.077158916709248848e-01
2.026060296371997860e-01
2.123147675012774793e-01
2.020950434338272816e-01
2.115482881962187089e-01
2.105263157894736725e-01
2.189575881451200912e-01
1.987736331119059896e-01
2.082268778742973891e-01
1.931527848748083864e-01
2.005620848237097686e-01
2.020950434338272816e-01
1.995401124169647322e-01
2.015840572304547773e-01
1.985181400102197236e-01
1.997956055186509983e-01
1.905978538579458370e-01
1.959632089933571741e-01
1.949412365866121655e-01
1.826775677056719505e-01
1.854879918242207382e-01
1.934082779764946247e-01
1.826775677056719505e-01
1.857434849259070042e-01
1.941747572815533951e-01
1.951967296882984038e-01
1.888094021461420580e-01
1.775677056719468516e-01
1.824220746039856844e-01
1.839550332141032252e-01
1.811446090955544097e-01
1.770567194685743473e-01
1.839550332141032252e-01
1.918753193663771117e-01
1.819110884006131801e-01
1.808891159938681714e-01
1.591722023505365291e-01
1.819110884006131801e-01
1.734798160449667892e-01
1.637710781808891236e-01
1.699029126213592311e-01
1.691364333163004607e-01
1.683699540112416904e-01
1.742462953500255596e-01
1.668369954011241774e-01
1.788451711803781263e-01
1.691364333163004607e-01
1.732243229432805232e-01
1.609606540623403081e-01
1.584057230454777587e-01
1.637710781808891236e-01
1.632600919775166193e-01
1.637710781808891236e-01
1.530403679100664216e-01
1.609606540623403081e-01
1.594276954522227951e-01
1.532958610117526876e-01
1.591722023505365291e-01
1.530403679100664216e-01
1.553398058252427050e-01
1.563617782319877414e-01
1.558507920286152371e-01
1.596831885539090334e-01
1.522738886050076512e-01
1.469085334695963141e-01
1.443536024527337647e-01
1.494634644864588635e-01
1.479305058763413505e-01
1.443536024527337647e-01
1.471640265712825801e-01
1.415431783341849770e-01
1.423096576392437473e-01
1.428206438426162517e-01
1.420541645375574813e-01
1.435871231476750221e-01
1.458865610628513054e-01
1.425651507409299856e-01
1.512519161982626426e-01
1.379662749105774189e-01
1.407766990291262066e-01
1.417986714358712430e-01
1.440981093510475264e-01
1.420541645375574813e-01
1.379662749105774189e-01
1.410321921308124726e-01
1.315789473684210453e-01
1.361778231987736398e-01
1.415431783341849770e-01
1.374552887072049145e-01
1.389882473173224275e-01
1.369443025038324102e-01
1.305569749616760367e-01
1.318344404701073114e-01
1.369443025038324102e-01
1.356668369954011355e-01
1.277465508431272490e-01
1.308124680633623027e-01
1.300459887583035323e-01
1.267245784363822125e-01
1.292795094532447620e-01
1.249361267245784335e-01
1.251916198262646995e-01
1.264690853346959742e-01
1.259580991313234422e-01
1.318344404701073114e-01
1.208482370975983711e-01
1.300459887583035323e-01
1.254471129279509378e-01
1.221257026060296319e-01
1.251916198262646995e-01
1.236586612161471588e-01
1.162493612672457904e-01
1.234031681144609066e-01
1.272355646397547169e-01
1.208482370975983711e-01
1.193152784874808442e-01
1.264690853346959742e-01
1.165048543689320426e-01
1.139499233520694932e-01
1.200817577925396007e-01
1.180378129790495695e-01
1.154828819621870201e-01
1.129279509453244706e-01
1.175268267756770513e-01
1.241696474195196770e-01
1.124169647419519663e-01
1.154828819621870201e-01
1.203372508942258529e-01
1.124169647419519663e-01
1.157383750638732722e-01
1.106285130301481873e-01
1.073071027082268813e-01
1.131834440470107367e-01
1.154828819621870201e-01
1.093510475217169126e-01
1.159938681655595244e-01
1.154828819621870201e-01
1.042411854879918276e-01
1.047521716913643319e-01
9.989780275932549913e-02
1.027082268778743007e-01
1.060296371997956066e-01
1.001532958610117513e-01
1.029637199795605529e-01
1.019417475728155303e-01
1.057741440981093545e-01
1.060296371997956066e-01
1.055186509964231023e-01
9.938681655595299480e-02
1.014307613694430260e-01
9.836484414920797226e-02
9.887583035258047659e-02
9.989780275932549913e-02
9.453244762391414813e-02
9.146653040367909437e-02
9.734287174246294971e-02
9.606540623403167500e-02
1.052631578947368363e-01
1.011752682677567738e-01
1.019417475728155303e-01
9.044455799693408571e-02
9.197751660705161258e-02
9.453244762391414813e-02
9.580991313234542284e-02
1.001532958610117513e-01
9.351047521716913946e-02
8.916709248850281100e-02
9.478794072560041417e-02
8.916709248850281100e-02
9.606540623403167500e-02
9.197751660705161258e-02
9.274399591211036908e-02
9.172202350536536042e-02
8.865610628513030667e-02
8.763413387838528412e-02
8.737864077669903196e-02
8.584568216658150508e-02
8.354624425140520783e-02
8.967807869187531533e-02
8.150229943791517662e-02
8.840061318344404062e-02
8.303525804803270349e-02
8.073582013285640624e-02
8.329075114971895566e-02
8.405723045477772604e-02
8.456821665815023037e-02
8.482370975983648254e-02
8.891159938681655883e-02
8.507920286152273470e-02
8.814512008175778845e-02
8.354624425140520783e-02
8.456821665815023037e-02
9.070005109862033787e-02
8.456821665815023037e-02
8.891159938681655883e-02
8.814512008175778845e-02
7.792539601430761853e-02
8.814512008175778845e-02
8.277976494634645133e-02
7.971384772611139757e-02
8.022483392948390191e-02
7.920286152273887936e-02
7.690342360756259599e-02
8.277976494634645133e-02
8.354624425140520783e-02
7.971384772611139757e-02
8.533469596320898687e-02
7.945835462442514541e-02
7.894736842105262720e-02
8.022483392948390191e-02
7.945835462442514541e-02
7.409299948901379440e-02
7.715891670924884815e-02
7.843638221768012286e-02
7.792539601430761853e-02
7.588145120081757344e-02
7.920286152273887936e-02
7.741440981093510032e-02
7.128257537046499281e-02
7.077158916709248848e-02
7.690342360756259599e-02
7.715891670924884815e-02
7.204905467552376319e-02
7.460398569238629873e-02
6.898313745528870944e-02
6.745017884517118256e-02
7.230454777721001536e-02
8.150229943791517662e-02
6.387327542156362448e-02
7.204905467552376319e-02
7.434849259070004657e-02
7.256004087889626752e-02
7.256004087889626752e-02
7.256004087889626752e-02
6.540623403168115135e-02
6.515074092999488531e-02
6.336228921819110627e-02
