1.000000000000000000e+00
8.140194489465153449e-01
7.783630470016207337e-01
7.188006482982172152e-01
7.034035656401944614e-01
6.778768233387357789e-01
6.794975688816855541e-01
6.527552674230145957e-01
6.385737439222042289e-01
6.025121555915721183e-01
5.927876823338735779e-01
5.895461912479740274e-01
5.733387358184764970e-01
5.964343598055105167e-01
5.401134521880064376e-01
5.567260940032414673e-01
5.506482982171798657e-01
5.401134521880064376e-01
5.259319286871960708e-01
5.239059967585089073e-01
5.004051863857373883e-01
5.036466774716369388e-01
4.870340356564019646e-01
4.874392220421394084e-01
4.744732576985413175e-01
4.635332252836304456e-01
4.728525121555915978e-01
4.918962722852512348e-01
4.606969205834683945e-01
4.432739059967585327e-01
4.315235008103727732e-01
4.197730956239870137e-01
4.262560777957860592e-01
4.376012965964343748e-01
4.039708265802269271e-01
3.938411669367909429e-01
3.999189627228524890e-01
4.003241491085899328e-01
3.796596434359805761e-01
3.723662884927066430e-01
3.764181523500810256e-01
3.849270664505672346e-01
3.739870340356564182e-01
3.585899513776337200e-01
3.589951377633711638e-01
3.642625607779578778e-01
3.670988654781199290e-01
3.423824959481361341e-01
3.375202593192868639e-01
3.229335494327390532e-01
3.144246353322528442e-01
3.144246353322528442e-01
3.282009724473257672e-01
3.217179902755267218e-01
3.038897893030794162e-01
3.030794165316045286e-01
3.051053484602917476e-01
3.038897893030794162e-01
2.913290113452188246e-01
2.921393841166936567e-01
2.755267423014586825e-01
2.921393841166936567e-01
2.706645056726094123e-01
2.641815235008103668e-01
2.714748784440842999e-01
2.783630470016207337e-01
2.670178282009724735e-01
2.722852512155591320e-01
2.682333873581847494e-01
2.528363047001620512e-01
2.585089141004862090e-01
2.491896272285251124e-01
2.548622366288492702e-01
2.487844408427876686e-01
2.471636952998379211e-01
2.431118314424635385e-01
2.427066450567260947e-01
2.374392220421393807e-01
2.297406807131280315e-01
2.264991896272285365e-01
2.341977309562398579e-01
2.386547811993517121e-01
2.240680713128039014e-01
2.167747163695299961e-01
2.163695299837925523e-01
2.256888168557536489e-01
2.111021069692058383e-01
2.175850891410048560e-01
1.981361426256077751e-01
2.009724473257698540e-01
2.042139384116693768e-01
2.005672609400324102e-01
1.973257698541328875e-01
2.066450567260940119e-01
1.965153970826580276e-01
2.001620745542949664e-01
1.928687196110210611e-01
1.863857374392220434e-01
2.074554294975688717e-01
2.001620745542949664e-01
1.928687196110210611e-01
1.827390599675850769e-01
1.807131280388978856e-01
1.993517017828201066e-01
1.969205834683954714e-01
1.892220421393841223e-01
1.973257698541328875e-01
1.803079416531604418e-01
1.782820097244732505e-01
1.932739059967585049e-01
1.811183144246353294e-01
1.811183144246353294e-01
1.762560777957860592e-01
1.819286871961102170e-01
1.815235008103727732e-01
1.746353322528363117e-01
1.738249594813614241e-01
1.827390599675850769e-01
1.766612641815235030e-01
1.778768233387358066e-01
1.709886547811993451e-01
1.681523500810372662e-01
1.661264181523500749e-01
1.661264181523500749e-01
1.782820097244732505e-01
1.730145867098865364e-01
1.653160453808752151e-01
1.693679092382495976e-01
1.669367909238249625e-01
1.584278768233387258e-01
1.580226904376013097e-01
1.596434359805510572e-01
1.559967585089140907e-01
1.410048622366288362e-01
1.507293354943274044e-01
1.466774716369529941e-01
1.462722852512155503e-01
1.531604538087520395e-01
1.418152350081037238e-01
1.503241491085899606e-01
1.442463533225283590e-01
1.454619124797406904e-01
1.361426256077795660e-01
1.454619124797406904e-01
1.393841166936790887e-01
1.373581847649918974e-01
1.389789303079416449e-01
1.385737439222042011e-01
1.385737439222042011e-01
1.462722852512155503e-01
1.365478119935170098e-01
1.405996758508914202e-01
1.349270664505672623e-01
1.389789303079416449e-01
1.361426256077795660e-01
1.353322528363047061e-01
1.320907617504051834e-01
1.324959481361426272e-01
1.252025931928687219e-01
1.183144246353322465e-01
1.247974068071312781e-01
1.264181523500810256e-01
1.256077795786061657e-01
1.272285251215559132e-01
1.158833063209076114e-01
1.243922204213938343e-01
1.175040518638573728e-01
1.203403565640194517e-01
1.187196110210696903e-01
1.142625607779578639e-01
1.126418152350081026e-01
1.053484602917341972e-01
1.102106969205834675e-01
1.134521880064829763e-01
1.061588330632090710e-01
1.049432739059967534e-01
1.162884927066450552e-01
1.037277147487844359e-01
1.122366288492706587e-01
1.073743922204213885e-01
1.029173419773095621e-01
1.065640194489465148e-01
1.029173419773095621e-01
1.110210696920583412e-01
1.102106969205834675e-01
1.158833063209076114e-01
1.122366288492706587e-01
1.041329011345218797e-01
1.102106969205834675e-01
1.021069692058346884e-01
1.085899513776337061e-01
1.077795786061588323e-01
9.602917341977310062e-02
9.846029173419773572e-02
9.886547811993516566e-02
1.049432739059967534e-01
9.967585089141005328e-02
9.805510534846029191e-02
9.238249594813614796e-02
9.481361426256078306e-02
9.927066450567260947e-02
9.400324149108589544e-02
1.012965964343598008e-01
1.000810372771474832e-01
9.278768233387357789e-02
9.319286871961102170e-02
9.440842787682333925e-02
8.954619124797406904e-02
9.278768233387357789e-02
9.076175040518638659e-02
9.278768233387357789e-02
8.995137763371151285e-02
8.427876823338735501e-02
9.116693679092383040e-02
9.562398703403565681e-02
8.549432739059967257e-02
8.711507293354943393e-02
8.387358184764992508e-02
9.278768233387357789e-02
8.630470016207456019e-02
8.549432739059967257e-02
8.549432739059967257e-02
8.670988654781199012e-02
8.954619124797406904e-02
8.468395461912479882e-02
8.387358184764992508e-02
8.306320907617503746e-02
7.576985413290113214e-02
8.346839546191248127e-02
8.346839546191248127e-02
8.346839546191248127e-02
8.387358184764992508e-02
8.184764991896271991e-02
8.265802269043760753e-02
8.063209076175040235e-02
7.779578606158833731e-02
8.022690437601297242e-02
7.779578606158833731e-02
7.333873581847649703e-02
8.022690437601297242e-02
7.252836304700162329e-02
8.387358184764992508e-02
8.265802269043760753e-02
7.212317666126417948e-02
6.766612641815235307e-02
6.564019448946514790e-02
7.293354943273905322e-02
7.698541329011344969e-02
7.293354943273905322e-02
7.414910858995137077e-02
7.617504051863857595e-02
7.414910858995137077e-02
6.969205834683954437e-02
7.090761750405186192e-02
7.252836304700162329e-02
7.495948136142625839e-02
6.726094003241490926e-02
7.576985413290113214e-02
5.956239870340356707e-02
7.090761750405186192e-02
7.252836304700162329e-02
6.807131280388978301e-02
6.361426256077795660e-02
6.847649918962722682e-02
7.050243111831441811e-02
6.361426256077795660e-02
6.199351701782820218e-02
6.199351701782820218e-02
6.158833063209075837e-02
6.361426256077795660e-02
6.766612641815235307e-02
6.482982171799027415e-02
6.442463533225283034e-02
6.564019448946514790e-02
6.280388978930308286e-02
6.604538087520259171e-02
6.928687196110210056e-02
5.753646677471636883e-02
6.361426256077795660e-02
6.361426256077795660e-02
6.239870340356563905e-02
5.794165316045380570e-02
6.442463533225283034e-02
6.199351701782820218e-02
5.956239870340356707e-02
5.753646677471636883e-02
5.915721231766612326e-02
5.915721231766612326e-02
6.077795786061588462e-02
6.280388978930308286e-02
5.794165316045380570e-02
6.037277147487844081e-02
5.834683954619124951e-02
6.239870340356563905e-02
6.118314424635332149e-02
6.320907617504051279e-02
5.064829821717990038e-02
6.037277147487844081e-02
5.713128038897893196e-02
5.470016207455429685e-02
6.037277147487844081e-02
5.632090761750405128e-02
5.024311183144246351e-02
5.267423014586709862e-02
4.943273905996758283e-02
5.064829821717990038e-02
4.700162074554294772e-02
5.024311183144246351e-02
4.781199351701782840e-02
4.862236628849270909e-02
4.902755267423014596e-02
5.145867098865478106e-02
5.186385737439221794e-02
4.983792544570502664e-02
4.619124797406807398e-02
4.578606158833063017e-02
5.064829821717990038e-02
4.254457050243112132e-02
4.538087520259319330e-02
4.497568881685575642e-02
4.254457050243112132e-02
4.213938411669367751e-02
4.821717990275526527e-02
4.700162074554294772e-02
4.740680713128039153e-02
4.538087520259319330e-02
4.173419773095624064e-02
4.416531604538087574e-02
4.740680713128039153e-02
4.254457050243112132e-02
3.808752025931928797e-02
4.619124797406807398e-02
4.173419773095624064e-02
3.930307941653160553e-02
4.335494327390599506e-02
4.619124797406807398e-02
4.132901134521880376e-02
4.132901134521880376e-02
4.294975688816855819e-02
4.862236628849270909e-02
4.497568881685575642e-02
4.376012965964343887e-02
4.092382495948135995e-02
4.092382495948135995e-02
3.930307941653160553e-02
3.889789303079416866e-02
4.132901134521880376e-02
4.376012965964343887e-02
4.821717990275526527e-02
4.335494327390599506e-02
4.173419773095624064e-02
4.254457050243112132e-02
4.416531604538087574e-02
3.727714748784440729e-02
4.051863857374392308e-02
4.416531604538087574e-02
4.132901134521880376e-02
4.294975688816855819e-02
4.051863857374392308e-02
4.578606158833063017e-02
4.092382495948135995e-02
4.011345218800648621e-02
4.254457050243112132e-02
3.970826580226904240e-02
4.173419773095624064e-02
3.646677471636952661e-02
4.092382495948135995e-02
4.254457050243112132e-02
3.606158833063208974e-02
4.213938411669367751e-02
3.687196110210697042e-02
3.808752025931928797e-02
4.092382495948135995e-02
3.565640194489465287e-02
3.646677471636952661e-02
3.727714748784440729e-02
3.849270664505672485e-02
3.646677471636952661e-02
3.241491085899513708e-02
3.160453808752025640e-02
3.160453808752025640e-02
2.836304700162074408e-02
3.241491085899513708e-02
3.241491085899513708e-02
3.282009724473257395e-02
3.200972447325770021e-02
3.241491085899513708e-02
3.363047001620745463e-02
3.119935170178281952e-02
3.038897893030794231e-02
3.606158833063208974e-02
3.808752025931928797e-02
3.322528363047001776e-02
3.889789303079416866e-02
4.092382495948135995e-02
3.565640194489465287e-02
3.889789303079416866e-02
3.200972447325770021e-02
3.363047001620745463e-02
3.484602917341977218e-02
3.322528363047001776e-02
