1.000000000000000000e+00
7.661074641380987149e-01
6.994894237782640634e-01
6.481886700705081772e-01
6.243617797228300237e-01
5.946997325553123881e-01
5.604181862387551671e-01
5.232190615122781496e-01
5.159251154874787693e-01
4.923413566739606173e-01
4.736202285436421078e-01
4.497933381959640098e-01
4.398249452954048344e-01
4.123510819353269907e-01
4.101628981278871988e-01
4.023826890347678154e-01
3.921711646000486384e-01
3.666423535132506961e-01
3.586190128859713111e-01
3.629953805008509504e-01
3.481643569170921326e-01
3.369803063457330605e-01
3.202042304886943969e-01
3.087770483831753232e-01
2.941891563335764515e-01
2.978361293459761971e-01
2.873814733770970187e-01
2.740092389982980992e-01
2.761974228057378911e-01
2.635545830294189207e-01
2.574762946754193815e-01
2.562606370046194848e-01
2.475079017748602062e-01
2.268417213712618508e-01
2.287867736445416966e-01
2.324337466569414146e-01
2.251398006321419787e-01
2.163870654023827000e-01
2.248966690979820049e-01
2.083637247751033428e-01
2.124969608558230083e-01
2.032579625577437266e-01
2.093362509117432657e-01
1.952346219304643693e-01
1.949914903963043955e-01
1.935327011913445250e-01
1.842937028932652432e-01
1.748115730610260155e-01
1.726233892535861958e-01
1.711646000486262975e-01
1.660588378312667091e-01
1.587648918064673009e-01
1.580354972039873518e-01
1.565767079990274813e-01
1.473377097009481995e-01
1.519572088499878404e-01
1.519572088499878404e-01
1.393143690736688423e-01
1.359105275954291259e-01
1.351811329929491767e-01
1.356673960612691521e-01
1.298322392414296145e-01
1.278871869681497686e-01
1.269146608315098457e-01
1.218088986141502572e-01
1.125699003160709893e-01
1.244833454899100383e-01
1.150012156576707967e-01
1.154874787259907581e-01
1.147580841235108229e-01
1.132992949185509385e-01
1.132992949185509385e-01
1.086797957695113115e-01
1.201069778750303851e-01
1.123267687819110155e-01
1.033309020179917354e-01
1.069778750303914394e-01
1.077072696328713886e-01
9.700948212983223629e-02
9.871140286895210836e-02
9.579382445903233956e-02
9.749574519815219775e-02
9.749574519815219775e-02
9.117432530999271256e-02
8.922927303671286670e-02
8.874300996839290523e-02
8.777048383175298230e-02
8.315098468271334142e-02
8.704108922927303316e-02
8.582543155847313643e-02
8.558230002431314876e-02
8.655482616095307169e-02
7.950401167031363736e-02
7.804522246535375296e-02
6.953561876975443423e-02
7.853148553367371443e-02
7.999027473863359883e-02
7.585703865791393330e-02
8.120593240943350943e-02
7.439824945295404890e-02
8.047653780695356029e-02
7.658643326039386856e-02
7.634330172623389477e-02
8.266472161439337996e-02
7.877461706783370210e-02
7.293946024799416450e-02
6.734743496231461457e-02
7.464138098711402269e-02
7.610017019207390709e-02
7.221006564551422924e-02
6.637490882567469164e-02
7.050814490639435717e-02
6.929248723559446044e-02
6.491611962071480724e-02
6.442985655239484577e-02
6.321419888159494904e-02
6.297106734743496137e-02
5.981035740335521184e-02
6.710430342815462690e-02
5.932409433503525731e-02
6.540238268903476870e-02
6.029662047167517330e-02
6.029662047167517330e-02
6.005348893751519257e-02
5.932409433503525731e-02
5.494772672015560411e-02
6.029662047167517330e-02
5.227327984439581604e-02
5.494772672015560411e-02
5.689277899343544997e-02
6.248480427911499990e-02
5.616338439095550777e-02
5.227327984439581604e-02
5.348893751519571971e-02
5.251641137855579677e-02
5.154388524191587384e-02
4.862630683199611198e-02
5.105762217359591237e-02
5.397520058351568117e-02
4.570872842207634318e-02
5.130075370775589311e-02
5.105762217359591237e-02
5.203014831023583531e-02
4.838317529783613125e-02
4.789691222951616978e-02
4.643812302455628538e-02
4.352054461463651658e-02
4.206175540967663218e-02
4.133236080719668998e-02
3.865791393143690885e-02
4.011670313639679325e-02
4.400680768295647804e-02
4.011670313639679325e-02
3.671286165815706298e-02
4.011670313639679325e-02
3.914417699975687032e-02
4.035983467055677398e-02
3.817165086311694738e-02
3.646973012399708225e-02
4.108922927303671618e-02
3.817165086311694738e-02
3.768538779479698592e-02
4.108922927303671618e-02
4.181862387551665144e-02
3.817165086311694738e-02
4.157549234135667071e-02
3.792851932895696665e-02
3.987357160223681252e-02
3.622659858983710152e-02
3.841478239727692812e-02
3.598346705567712078e-02
3.622659858983710152e-02
3.355215171407731345e-02
3.257962557743739052e-02
3.185023097495745525e-02
2.917578409919766719e-02
3.039144176999756738e-02
2.966204716751762865e-02
2.917578409919766719e-02
2.844638949671772499e-02
2.820325796255774425e-02
2.868952103087770572e-02
2.796012642839776352e-02
2.941891563335764792e-02
2.698760029175784059e-02
2.601507415511791765e-02
2.723073182591782132e-02
2.431315341599805599e-02
2.528567955263797545e-02
2.528567955263797545e-02
2.552881108679795619e-02
2.431315341599805599e-02
2.309749574519815232e-02
2.698760029175784059e-02
2.528567955263797545e-02
2.431315341599805599e-02
2.747386336007780205e-02
2.261123267687819086e-02
2.407002188183807526e-02
2.382689034767809452e-02
2.504254801847799819e-02
2.334062727935813306e-02
2.212496960855822939e-02
2.407002188183807526e-02
2.479941648431801746e-02
1.993678580111840626e-02
2.431315341599805599e-02
2.309749574519815232e-02
1.993678580111840626e-02
2.042304886943836773e-02
2.139557500607828719e-02
2.601507415511791765e-02
2.188183807439824866e-02
2.285436421103817159e-02
2.285436421103817159e-02
2.017991733527838699e-02
2.261123267687819086e-02
2.090931193775832572e-02
2.042304886943836773e-02
2.382689034767809452e-02
2.139557500607828719e-02
2.115244347191830646e-02
2.090931193775832572e-02
2.139557500607828719e-02
2.261123267687819086e-02
1.993678580111840626e-02
1.799173352783856039e-02
2.139557500607828719e-02
2.358375881351811379e-02
2.090931193775832572e-02
2.334062727935813306e-02
1.920739119863846406e-02
2.285436421103817159e-02
2.042304886943836773e-02
2.042304886943836773e-02
2.285436421103817159e-02
1.847799659615852186e-02
1.969365426695842552e-02
1.969365426695842552e-02
2.066618040359834499e-02
1.823486506199854112e-02
1.896425966447848332e-02
1.872112813031850259e-02
1.920739119863846406e-02
1.823486506199854112e-02
2.090931193775832572e-02
1.799173352783856039e-02
2.139557500607828719e-02
1.993678580111840626e-02
1.920739119863846406e-02
1.507415511791879333e-02
1.945052273279844479e-02
1.896425966447848332e-02
1.920739119863846406e-02
1.799173352783856039e-02
1.677607585703865672e-02
1.920739119863846406e-02
1.774860199367857966e-02
1.556041818623875479e-02
1.458789204959883359e-02
1.677607585703865672e-02
1.628981278871869526e-02
1.628981278871869526e-02
1.701920739119863746e-02
1.215657670799902799e-02
1.531728665207877406e-02
1.312910284463894919e-02
1.312910284463894919e-02
1.628981278871869526e-02
1.312910284463894919e-02
1.434476051543885286e-02
1.483102358375881433e-02
1.361536591295891066e-02
1.483102358375881433e-02
1.337223437879892993e-02
1.385849744711889139e-02
1.337223437879892993e-02
1.531728665207877406e-02
1.726233892535861819e-02
1.483102358375881433e-02
1.458789204959883359e-02
1.507415511791879333e-02
1.434476051543885286e-02
1.458789204959883359e-02
1.677607585703865672e-02
1.604668125455871799e-02
1.531728665207877406e-02
1.507415511791879333e-02
1.361536591295891066e-02
1.531728665207877406e-02
1.628981278871869526e-02
1.628981278871869526e-02
1.239970824215900873e-02
1.215657670799902799e-02
1.653294432287867599e-02
1.507415511791879333e-02
1.312910284463894919e-02
1.483102358375881433e-02
1.264283977631898773e-02
1.312910284463894919e-02
1.410162898127887213e-02
1.653294432287867599e-02
1.191344517383904726e-02
1.410162898127887213e-02
1.458789204959883359e-02
1.361536591295891066e-02
1.434476051543885286e-02
1.531728665207877406e-02
1.507415511791879333e-02
1.604668125455871799e-02
1.434476051543885286e-02
1.215657670799902799e-02
1.264283977631898773e-02
1.337223437879892993e-02
1.215657670799902799e-02
1.264283977631898773e-02
1.142718210551908579e-02
1.385849744711889139e-02
1.483102358375881433e-02
1.142718210551908579e-02
1.385849744711889139e-02
1.118405057135910506e-02
1.288597131047896846e-02
1.094091903719912433e-02
1.167031363967906653e-02
1.118405057135910506e-02
9.482129832239241662e-03
1.239970824215900873e-02
1.312910284463894919e-02
1.045465596887916286e-02
1.385849744711889139e-02
1.215657670799902799e-02
1.410162898127887213e-02
1.239970824215900873e-02
1.094091903719912433e-02
1.191344517383904726e-02
9.725261366399222396e-03
1.167031363967906653e-02
1.142718210551908579e-02
9.482129832239241662e-03
1.069778750303914359e-02
9.238998298079260929e-03
8.509603695599318729e-03
9.482129832239241662e-03
1.021152443471918386e-02
1.021152443471918386e-02
1.191344517383904726e-02
1.288597131047896846e-02
1.021152443471918386e-02
1.215657670799902799e-02
1.142718210551908579e-02
1.142718210551908579e-02
1.094091903719912433e-02
1.045465596887916286e-02
1.021152443471918386e-02
8.752735229759299462e-03
1.142718210551908579e-02
1.191344517383904726e-02
9.238998298079260929e-03
1.142718210551908579e-02
1.021152443471918386e-02
1.021152443471918386e-02
1.069778750303914359e-02
9.238998298079260929e-03
1.142718210551908579e-02
9.968392900559203129e-03
9.238998298079260929e-03
1.021152443471918386e-02
1.142718210551908579e-02
9.725261366399222396e-03
9.725261366399222396e-03
8.023340627279358997e-03
9.725261366399222396e-03
8.995866763919280196e-03
8.995866763919280196e-03
1.094091903719912433e-02
9.725261366399222396e-03
9.482129832239241662e-03
8.752735229759299462e-03
8.509603695599318729e-03
8.995866763919280196e-03
8.752735229759299462e-03
8.509603695599318729e-03
8.995866763919280196e-03
6.807682956479455330e-03
8.752735229759299462e-03
8.752735229759299462e-03
8.995866763919280196e-03
8.752735229759299462e-03
7.537077558959396663e-03
8.995866763919280196e-03
8.752735229759299462e-03
8.995866763919280196e-03
8.995866763919280196e-03
8.509603695599318729e-03
8.266472161439337996e-03
6.078288353999513997e-03
6.807682956479455330e-03
9.725261366399222396e-03
9.482129832239241662e-03
8.023340627279358997e-03
