1.000000000000000000e+00
8.888606307222787217e-01
8.667344862665310457e-01
8.240081383519837210e-01
8.118006103763988346e-01
7.952695829094608149e-01
7.856052899287894187e-01
7.675483214649033714e-01
7.568667344862665125e-01
7.492370295015259307e-01
7.520345879959308144e-01
7.126144455747711604e-01
7.087995930824008139e-01
7.075279755849440688e-01
6.869277721261444203e-01
6.887080366225839523e-01
6.843845371312309300e-01
6.762461851475076724e-01
6.737029501525940711e-01
6.749745676500508162e-01
6.546286876907426722e-01
6.612410986775177912e-01
6.602238046795524395e-01
6.464903357070193035e-01
6.434384537131231374e-01
6.393692777212613976e-01
6.340284842319430236e-01
6.230925737538148823e-01
6.078331637843337187e-01
6.129196337741606992e-01
6.040183112919633723e-01
6.113936927772125607e-01
6.085961342828076770e-01
5.816378433367243028e-01
5.895218718209562780e-01
5.857070193285859316e-01
5.762970498474059289e-01
5.839267548321465107e-01
5.653611393692776765e-01
5.707019328585961615e-01
5.714649033570702308e-01
5.615462868769074412e-01
5.597660223804679092e-01
5.556968463886062803e-01
5.579857578840284882e-01
5.429806714140386070e-01
5.325534079348931416e-01
5.289928789420141886e-01
5.249237029501525598e-01
5.320447609359104657e-01
5.226347914547304629e-01
5.251780264496439532e-01
5.195829094608341858e-01
5.048321464903356981e-01
5.147507629704984877e-01
5.061037639877924432e-01
5.106815869786368589e-01
4.966937945066123850e-01
4.997456765005086621e-01
4.829603255340793599e-01
4.910986775178026176e-01
4.898270600203458724e-01
4.641403865717192434e-01
4.753306205493387782e-01
4.910986775178026176e-01
4.867751780264496508e-01
4.763479145473041854e-01
4.651576805696846506e-01
4.776195320447609305e-01
4.816887080366225593e-01
4.595625635808748832e-01
4.544760935910477917e-01
4.689725330620549415e-01
4.638860630722278500e-01
4.521871820956256394e-01
4.572736520854526754e-01
4.506612410986775008e-01
4.437945066124109883e-01
4.516785350966429080e-01
4.397253306205493595e-01
4.504069175991861629e-01
4.404883011190233733e-01
4.468463886063072099e-01
4.404883011190233733e-01
4.310783316378433150e-01
4.277721261444557554e-01
4.239572736520854646e-01
4.303153611393693012e-01
4.234486266531027332e-01
4.364191251271617444e-01
4.206510681586978495e-01
4.163275686673448828e-01
4.272634791454730241e-01
4.145473041709054063e-01
4.089521871820956389e-01
4.064089521871820931e-01
4.175991861648016279e-01
4.056459816887080239e-01
4.018311291963377330e-01
4.071719226856561624e-01
4.102238046795523840e-01
4.102238046795523840e-01
4.053916581892166859e-01
3.969989827060020349e-01
4.043743641912512787e-01
4.071719226856561624e-01
4.089521871820956389e-01
4.043743641912512787e-01
3.990335707019328493e-01
4.056459816887080239e-01
4.071719226856561624e-01
3.964903357070193035e-01
3.931841302136317440e-01
3.987792472024415114e-01
3.891149542217701152e-01
3.812309257375381399e-01
3.832655137334689543e-01
3.769074262461851732e-01
3.784333672431332563e-01
3.743641912512716274e-01
3.730925737538148268e-01
3.837741607324516857e-01
3.827568667344862785e-01
3.629196337741607548e-01
3.766531027466937798e-01
3.641912512716174999e-01
3.738555442522888961e-01
3.606307222787385469e-01
3.687690742624618601e-01
3.636826042726347685e-01
3.659715157680569764e-01
3.555442522889115109e-01
3.621566632756866855e-01
3.598677517802644776e-01
3.588504577822990704e-01
3.570701932858595939e-01
3.552899287894201175e-01
3.423194303153611617e-01
3.499491353001017435e-01
3.557985757884028488e-01
3.532553407934893031e-01
3.476602238046795357e-01
3.458799593082400592e-01
3.344354018311291865e-01
3.362156663275686630e-01
3.301119023397762198e-01
3.296032553407934884e-01
3.379959308240081395e-01
3.275686673448626740e-01
3.262970498474058734e-01
3.265513733468972668e-01
3.301119023397762198e-01
3.278229908443540119e-01
3.418107833163784304e-01
3.293489318413021505e-01
3.270600203458799426e-01
3.324008138351983721e-01
3.265513733468972668e-01
3.232451678535096518e-01
3.214649033570701753e-01
3.293489318413021505e-01
3.232451678535096518e-01
3.217192268565615687e-01
3.186673448626652916e-01
3.242624618514750590e-01
3.120549338758901170e-01
3.112919633774160477e-01
3.054425228891149424e-01
3.140895218718209314e-01
2.960325534079348841e-01
3.016276703967446515e-01
2.967955239064089534e-01
2.978128179043743606e-01
3.041709053916581973e-01
2.927263479145473246e-01
2.973041709053916848e-01
3.031536113936927901e-01
2.955239064089522083e-01
2.988301119023397678e-01
2.929806714140386625e-01
3.034079348931841280e-01
3.046795523906408731e-01
2.934893184130213384e-01
2.929806714140386625e-01
2.983214649033570920e-01
2.952695829094608149e-01
2.985757884028484299e-01
2.983214649033570920e-01
2.950152594099694769e-01
2.998474059003051750e-01
2.843336724313326735e-01
2.929806714140386625e-01
2.871312309257375572e-01
2.871312309257375572e-01
2.962868769074262221e-01
2.866225839267548259e-01
2.894201424211597096e-01
2.917090539165819174e-01
2.805188199389623827e-01
2.881485249237029644e-01
2.861139369277721500e-01
2.901831129196337788e-01
2.858596134282807566e-01
2.871312309257375572e-01
2.850966429298066873e-01
2.749237029501526153e-01
2.848423194303153494e-01
2.779755849440488369e-01
2.792472024415055820e-01
2.853509664292980808e-01
2.863682604272634880e-01
2.807731434384537206e-01
2.706002034587995930e-01
2.830620549338758729e-01
2.746693794506612218e-01
2.810274669379450585e-01
2.807731434384537206e-01
2.667853509664293021e-01
2.772126144455747676e-01
2.810274669379450585e-01
2.764496439471006983e-01
2.728891149542217454e-01
2.662767039674465708e-01
2.711088504577823244e-01
2.700915564598168617e-01
2.838250254323499422e-01
2.667853509664293021e-01
2.777212614445574990e-01
2.680569684638860473e-01
2.721261444557477316e-01
2.683112919633774407e-01
2.840793489318412801e-01
2.644964394710070943e-01
2.678026449643947093e-01
2.599186164801627896e-01
2.650050864699898256e-01
2.639877924720244184e-01
2.555951169888097674e-01
2.558494404883011053e-01
2.583926754832146511e-01
2.670396744659206401e-01
2.711088504577823244e-01
2.647507629704984877e-01
2.723804679552390695e-01
2.675483214649033714e-01
2.594099694811800583e-01
2.622075279755849420e-01
2.555951169888097674e-01
2.711088504577823244e-01
2.561037639877924987e-01
2.672939979654119780e-01
2.601729399796541276e-01
2.543234994913530223e-01
2.599186164801627896e-01
2.606815869786368034e-01
2.662767039674465708e-01
2.576297049847405818e-01
2.629704984740590112e-01
2.583926754832146511e-01
2.660223804679552329e-01
2.616988809766022106e-01
2.571210579857579059e-01
2.553407934893184295e-01
2.555951169888097674e-01
2.586469989827059890e-01
2.535605289928789530e-01
2.581383519837233131e-01
2.555951169888097674e-01
2.505086469989827314e-01
2.408443540183112797e-01
2.482197355035605235e-01
2.477110885045778199e-01
2.459308240081383434e-01
2.494913530010172964e-01
2.477110885045778199e-01
2.487283825025432271e-01
2.484740590030518892e-01
2.426246185147507561e-01
2.400813835198372381e-01
2.449135300101729362e-01
2.515259409969481386e-01
2.423702950152594182e-01
2.436419125127161633e-01
2.444048830111902326e-01
2.444048830111902326e-01
2.451678535096643019e-01
2.459308240081383434e-01
2.451678535096643019e-01
2.527975584944048837e-01
2.444048830111902326e-01
2.441505595116988947e-01
2.497456765005086343e-01
2.489827060020345928e-01
2.472024415055951163e-01
2.484740590030518892e-01
2.487283825025432271e-01
2.515259409969481386e-01
2.436419125127161633e-01
2.408443540183112797e-01
2.360122075279755816e-01
2.464394710071210470e-01
2.413530010172940110e-01
2.388097660223804652e-01
2.380467955239063960e-01
2.418616480162767146e-01
2.367751780264496508e-01
2.360122075279755816e-01
2.271108850457782269e-01
2.342319430315361051e-01
2.375381485249236924e-01
2.283825025432349998e-01
2.253306205493387504e-01
2.334689725330620635e-01
2.245676500508647089e-01
2.243133265513733432e-01
2.253306205493387504e-01
2.286368260427263377e-01
2.293997965412004070e-01
2.281281790437436341e-01
2.299084435401831106e-01
2.260935910478128197e-01
2.299084435401831106e-01
2.222787385554425288e-01
2.260935910478128197e-01
2.204984740590030523e-01
2.268565615462868890e-01
2.263479145473041576e-01
2.291454730417090413e-01
2.309257375381485178e-01
2.304170905391658142e-01
2.250762970498474125e-01
2.217700915564598252e-01
2.232960325534079360e-01
2.271108850457782269e-01
2.266022380467955233e-01
2.133774160732451741e-01
2.250762970498474125e-01
2.271108850457782269e-01
2.273652085452695926e-01
2.184638860630722379e-01
2.283825025432349998e-01
2.210071210579857559e-01
2.273652085452695926e-01
2.187182095625635758e-01
2.240590030518820053e-01
2.154120040691759885e-01
2.210071210579857559e-01
2.202441505595116866e-01
2.184638860630722379e-01
2.210071210579857559e-01
2.215157680569684595e-01
2.126144455747711048e-01
2.159206510681586921e-01
2.189725330620549415e-01
2.177009155645981686e-01
2.220244150559511631e-01
2.110885045778229940e-01
2.169379450661240993e-01
2.115971515768056976e-01
2.100712105798575868e-01
2.070193285859613375e-01
2.123601220752797669e-01
2.077822990844354067e-01
2.159206510681586921e-01
2.060020345879959303e-01
2.138860630722278777e-01
2.095625635808748832e-01
2.146490335707019192e-01
2.133774160732451741e-01
2.138860630722278777e-01
2.166836215666327614e-01
2.138860630722278777e-01
2.149033570701932849e-01
2.070193285859613375e-01
2.197355035605289830e-01
2.108341810783316284e-01
2.077822990844354067e-01
2.093082400813835176e-01
2.021871820956256394e-01
2.072736520854527031e-01
2.090539165818921796e-01
2.024415055951169773e-01
2.001525940996948250e-01
1.976093591047812792e-01
2.029501525940997086e-01
2.054933875890132267e-01
2.026958290946083430e-01
2.004069175991861629e-01
2.070193285859613375e-01
2.095625635808748832e-01
2.024415055951169773e-01
2.039674465920651159e-01
2.128687690742624705e-01
2.009155645981688665e-01
1.981180061037639828e-01
1.958290946083418027e-01
1.940488301119023262e-01
2.004069175991861629e-01
1.973550356052899413e-01
2.004069175991861629e-01
1.935401831129196226e-01
