1.000000000000000000e+00
9.020979020979020824e-01
8.731268731268730932e-01
8.469030969030969525e-01
8.376623376623376638e-01
8.361638361638361605e-01
8.264235764235764448e-01
8.101898101898101778e-01
7.987012987012986898e-01
7.962037962037962213e-01
7.774725274725274859e-01
7.752247752247751755e-01
7.634865134865135294e-01
7.470029970029969935e-01
7.692307692307692735e-01
7.317682317682318027e-01
7.350149850149849673e-01
7.297702297702297614e-01
7.277722277722277200e-01
7.152847152847152667e-01
7.070429570429570543e-01
6.868131868131868156e-01
7.082917082917082885e-01
6.925574425574425597e-01
6.848151848151847743e-01
6.758241758241758657e-01
6.708291708291708177e-01
6.573426573426572883e-01
6.538461538461538547e-01
6.573426573426572883e-01
6.715784215784216249e-01
6.481018981018981107e-01
6.403596403596403253e-01
6.401098901098900562e-01
6.281218781218781411e-01
6.316183816183815747e-01
6.321178821178821128e-01
6.183816183816184253e-01
6.263736263736263687e-01
6.071428571428570953e-01
6.146353646353646116e-01
6.146353646353646116e-01
6.048951048951048959e-01
6.006493506493506551e-01
5.846653346653346572e-01
5.849150849150849263e-01
5.694305694305694665e-01
5.716783216783216659e-01
5.724275724275724730e-01
5.609390609390609850e-01
5.659340659340659219e-01
5.659340659340659219e-01
5.634365634365634534e-01
5.477022977022977246e-01
5.621878121878122192e-01
5.427072927072926767e-01
5.464535464535464904e-01
5.439560439560439109e-01
5.317182817182817267e-01
5.247252747252747485e-01
5.242257742257742104e-01
5.329670329670329609e-01
5.202297702297702386e-01
5.144855144855144946e-01
5.272227772227772169e-01
5.187312687312687354e-01
4.997502497502497310e-01
4.987512487512487658e-01
5.084915084915084815e-01
5.002497502497502690e-01
4.960039960039960283e-01
5.007492507492506961e-01
4.872627372627372777e-01
4.717782217782217624e-01
4.837662337662337886e-01
4.745254745254744999e-01
4.780219780219780445e-01
4.675324675324675217e-01
4.665334665334665565e-01
4.660339660339660184e-01
4.610389610389610260e-01
4.700299700299700456e-01
4.637862137862137635e-01
4.498001998001998070e-01
4.555444555444555510e-01
4.490509490509490553e-01
4.537962037962037787e-01
4.577922077922078059e-01
4.365634365634365466e-01
4.333166833166833265e-01
4.348151848151848298e-01
4.378121878121878363e-01
4.365634365634365466e-01
4.348151848151848298e-01
4.328171828171828439e-01
4.368131868131868156e-01
4.295704295704295683e-01
4.280719280719280651e-01
4.213286713286713558e-01
4.233266733266733417e-01
4.233266733266733417e-01
4.198301698301698526e-01
4.265734265734265618e-01
4.163336663336663079e-01
4.120879120879120672e-01
4.115884115884115846e-01
4.133366633366633569e-01
4.123376623376623362e-01
4.058441558441558406e-01
3.936063936063936008e-01
4.068431568431568612e-01
4.030969030969031031e-01
4.058441558441558406e-01
3.998501498501498275e-01
3.866133866133866226e-01
3.951048951048951041e-01
3.941058941058940834e-01
3.916083916083916150e-01
3.931068931068931183e-01
3.801198801198801269e-01
3.753746253746253481e-01
3.741258741258741138e-01
3.806193806193806095e-01
3.748751248751248655e-01
3.798701298701298579e-01
3.766233766233766378e-01
3.723776223776223970e-01
3.673826173826174046e-01
3.641358641358641290e-01
3.676323676323676182e-01
3.671328671328671356e-01
3.611388611388611225e-01
3.506493506493506551e-01
3.681318681318681563e-01
3.646353646353646116e-01
3.541458541458541442e-01
3.551448551448551649e-01
3.676323676323676182e-01
3.513986013986014068e-01
3.416583416583416355e-01
3.526473526473526410e-01
3.469030969030968969e-01
3.474025974025973795e-01
3.506493506493506551e-01
3.451548451548451801e-01
3.471528471528471660e-01
3.394105894105894361e-01
3.376623376623376638e-01
3.364135864135864296e-01
3.419080919080919045e-01
3.406593406593406703e-01
3.349150849150849263e-01
3.316683316683316507e-01
3.339160839160839056e-01
3.296703296703296648e-01
3.264235764235764448e-01
3.384115884115884154e-01
3.311688311688311681e-01
3.304195804195804165e-01
3.244255744255744034e-01
3.221778221778222040e-01
3.189310689310689284e-01
3.211788211788211833e-01
3.146853146853146876e-01
3.171828171828171561e-01
3.191808191808191975e-01
3.164335664335664600e-01
3.116883116883116811e-01
3.094405594405594262e-01
3.184315684315684458e-01
3.121878121878121637e-01
3.191808191808191975e-01
2.977022977022977246e-01
3.186813186813186594e-01
3.076923076923077094e-01
2.957042957042956832e-01
3.014485514485514273e-01
3.094405594405594262e-01
3.076923076923077094e-01
2.997002997002997104e-01
3.031968031968031996e-01
3.031968031968031996e-01
2.917082917082917115e-01
2.887112887112887050e-01
2.867132867132867191e-01
2.879620379620379533e-01
2.907092907092906908e-01
2.837162837162837126e-01
2.827172827172826919e-01
2.884615384615384359e-01
2.912087912087912289e-01
2.889610389610389740e-01
2.852147852147852158e-01
2.782217782217782376e-01
2.829670329670329609e-01
2.719780219780219555e-01
2.779720279720279685e-01
2.699800199800199696e-01
2.764735264735264653e-01
2.759740259740259827e-01
2.757242757242757136e-01
2.824675324675324783e-01
2.817182817182817267e-01
2.727272727272727071e-01
2.724775224775224935e-01
2.807192807192807060e-01
2.744755244755244794e-01
2.822177822177822093e-01
2.714785214785214729e-01
2.692307692307692180e-01
2.732267732267732452e-01
2.797202797202797409e-01
2.647352647352647081e-01
2.749750249750249620e-01
2.667332667332667495e-01
2.609890109890110055e-01
2.624875124875125088e-01
2.639860139860140120e-01
2.694805194805194870e-01
2.652347652347652462e-01
2.534965034965034891e-01
2.529970029970030065e-01
2.629870129870129913e-01
2.549950049950049924e-01
2.609890109890110055e-01
2.624875124875125088e-01
2.609890109890110055e-01
2.522477522477522549e-01
2.517482517482517723e-01
2.512487512487512342e-01
2.500000000000000000e-01
2.487512487512487380e-01
2.572427572427572473e-01
2.549950049950049924e-01
2.554945054945054750e-01
2.559940059940060131e-01
2.539960039960039717e-01
2.482517482517482554e-01
2.544955044955045098e-01
2.442557442557442560e-01
2.442557442557442560e-01
2.417582417582417598e-01
2.450049950049950076e-01
2.425074925074925114e-01
2.357642357642357744e-01
2.380119880119880016e-01
2.327672327672327679e-01
2.385114885114885119e-01
2.380119880119880016e-01
2.292707292707292788e-01
2.407592407592407668e-01
2.335164835164835195e-01
2.212787212787212798e-01
2.285214785214785271e-01
2.345154845154845125e-01
2.157842157842157771e-01
2.197802197802197766e-01
2.325174825174825266e-01
2.277722277722277755e-01
2.280219780219780168e-01
2.232767232767232657e-01
2.280219780219780168e-01
2.255244755244755206e-01
2.317682317682317750e-01
2.252747252747252793e-01
2.242757242757242864e-01
2.222777222777222728e-01
2.197802197802197766e-01
2.180319680319680320e-01
2.225274725274725141e-01
2.217782217782217902e-01
2.205294705294705282e-01
2.190309690309690249e-01
2.217782217782217902e-01
2.155344655344655358e-01
2.167832167832167700e-01
2.160339660339660461e-01
2.180319680319680320e-01
2.127872127872127983e-01
2.075424575424575369e-01
2.135364635364635499e-01
2.077922077922078059e-01
2.112887112887112950e-01
2.132867132867132809e-01
2.090409590409590401e-01
2.052947052947052820e-01
2.110389610389610260e-01
2.050449550449550407e-01
2.112887112887112950e-01
2.020479520479520341e-01
2.012987012987013102e-01
2.050449550449550407e-01
2.015484515484515515e-01
1.933066933066933113e-01
1.985514485514485450e-01
2.042957042957042890e-01
1.970529470529470417e-01
2.022977022977023032e-01
2.002997002997002896e-01
2.005494505494505586e-01
2.002997002997002896e-01
1.970529470529470417e-01
1.968031968031968004e-01
1.925574425574425597e-01
1.943056943056943042e-01
1.900599400599400635e-01
1.875624375624375673e-01
1.918081918081918080e-01
1.945554445554445455e-01
1.983016983016983037e-01
1.898101898101898222e-01
1.913086913086912977e-01
1.985514485514485450e-01
1.888111888111888015e-01
1.920579420579420493e-01
1.880619380619380498e-01
1.913086913086912977e-01
1.830669330669330575e-01
1.863136863136863053e-01
1.853146853146853124e-01
1.858141858141858227e-01
1.778221778221778238e-01
1.885614385614385602e-01
1.855644355644355536e-01
1.850649350649350711e-01
1.810689310689310716e-01
1.783216783216783341e-01
1.808191808191808303e-01
1.795704295704295683e-01
1.840659340659340781e-01
1.783216783216783341e-01
1.780719280719280651e-01
1.755744255744255689e-01
1.728271728271728314e-01
1.668331668331668460e-01
1.735764235764235830e-01
1.818181818181818232e-01
1.795704295704295683e-01
1.800699300699300787e-01
1.798201798201798096e-01
1.690809190809190732e-01
1.745754245754245759e-01
1.728271728271728314e-01
1.708291708291708177e-01
1.740759240759240656e-01
1.725774225774225901e-01
1.695804195804195835e-01
1.698301698301698248e-01
1.673326673326673286e-01
1.718281718281718384e-01
1.735764235764235830e-01
1.673326673326673286e-01
1.680819180819180803e-01
1.763236763236763205e-01
1.705794205794205765e-01
1.710789210789210868e-01
1.633366633366633291e-01
1.655844155844155841e-01
1.653346653346653428e-01
1.668331668331668460e-01
1.678321678321678390e-01
1.683316683316683215e-01
1.618381618381618259e-01
1.665834165834165770e-01
1.638361638361638395e-01
1.610889110889111020e-01
1.573426573426573438e-01
1.578421578421578542e-01
1.578421578421578542e-01
1.520979020979021101e-01
1.653346653346653428e-01
1.578421578421578542e-01
1.558441558441558406e-01
1.613386613386613433e-01
1.535964035964035856e-01
1.538461538461538547e-01
1.563436563436563509e-01
1.493506493506493449e-01
1.515984015984015998e-01
1.488511488511488623e-01
1.510989010989010894e-01
1.588411588411588471e-01
1.483516483516483520e-01
1.503496503496503378e-01
1.535964035964035856e-01
1.518481518481518411e-01
1.528471528471528340e-01
1.570929070929071025e-01
1.451048951048951041e-01
1.461038961038960970e-01
1.548451548451548476e-01
1.431068931068931183e-01
1.500999000999000965e-01
1.520979020979021101e-01
1.491008991008991036e-01
1.496003996003996139e-01
1.505994005994006069e-01
1.473526473526473590e-01
1.518481518481518411e-01
1.451048951048951041e-01
1.476023976023976003e-01
