1.000000000000000000e+00
7.294350842418235725e-01
6.888007928642220223e-01
6.749256689791872654e-01
6.531219028741328536e-01
6.402378592666005952e-01
6.253716551040634508e-01
5.966303270564915495e-01
5.470763131813677349e-01
5.431119920713577409e-01
5.173439048562933351e-01
5.252725470763132121e-01
5.381565906838453595e-01
5.064420218037660737e-01
4.539147670961347636e-01
4.816650148662041664e-01
4.519326065411298221e-01
4.588701684836472006e-01
4.469772051536174406e-01
4.132804757185332134e-01
4.410307234886025607e-01
4.390485629335976192e-01
4.212091179385530348e-01
3.914767096134786906e-01
3.825569871159563706e-01
3.637264618434093433e-01
3.785926660059464877e-01
3.607532210109019033e-01
3.766105054509415462e-01
3.498513379583746419e-01
3.538156590683845248e-01
3.369672943508424390e-01
3.260654112983151776e-01
3.270564915758176205e-01
3.201189296333002976e-01
3.260654112983151776e-01
3.052527254707631532e-01
3.052527254707631532e-01
2.893954410307235103e-01
3.032705649157581562e-01
2.834489593657086304e-01
3.002973240832507162e-01
3.062438057482655962e-01
2.963330029732408333e-01
2.814667988107036889e-01
2.616451932606541075e-01
2.715559960356788705e-01
2.685827552031714305e-01
2.586719524281466676e-01
2.903865213082259533e-01
2.418235877106045539e-01
2.586719524281466676e-01
2.487611496531219046e-01
2.616451932606541075e-01
2.338949454905847325e-01
2.537165510406342861e-01
2.596630327056491661e-01
2.626362735381566060e-01
2.378592666005946432e-01
2.249752229930624403e-01
2.249752229930624403e-01
2.269573835480673818e-01
2.358771060455897017e-01
2.467789890981169354e-01
2.319127849355797910e-01
2.259663032705649111e-01
2.428146679881070247e-01
2.071357779980178282e-01
2.061446977205153575e-01
2.130822596630327082e-01
2.210109018830525296e-01
2.071357779980178282e-01
2.011892963330029760e-01
1.932606541129831546e-01
2.011892963330029760e-01
1.912784935579781853e-01
2.120911793855302374e-01
1.863230921704658039e-01
1.982160555004955360e-01
2.001982160555005053e-01
1.982160555004955360e-01
1.992071357779980068e-01
1.863230921704658039e-01
1.863230921704658039e-01
1.764122893954410409e-01
1.744301288404360717e-01
2.031714568880079175e-01
1.902874132804757146e-01
1.922695738354806838e-01
1.684836471754212195e-01
1.744301288404360717e-01
1.793855302279484532e-01
1.684836471754212195e-01
1.684836471754212195e-01
1.684836471754212195e-01
1.585728444003964288e-01
1.585728444003964288e-01
1.417244796828543152e-01
1.555996035678889888e-01
1.674925668979187210e-01
1.625371655104063395e-01
1.665014866204162503e-01
1.585728444003964288e-01
1.506442021803766074e-01
1.546085232903865181e-01
1.595639246778988996e-01
1.724479682854311302e-01
1.615460852329038688e-01
1.536174430128840473e-01
1.645193260654113088e-01
1.714568880079286317e-01
1.615460852329038688e-01
1.605550049554013980e-01
1.446977205153617552e-01
1.595639246778988996e-01
1.318136769078295245e-01
1.684836471754212195e-01
1.536174430128840473e-01
1.565906838453914873e-01
1.476709613478691674e-01
1.575817641228939581e-01
1.635282457879088103e-01
1.486620416253716659e-01
1.585728444003964288e-01
1.397423191278493459e-01
1.308225966303270538e-01
1.456888007928642259e-01
1.437066402378592567e-01
1.456888007928642259e-01
1.377601585728444045e-01
1.437066402378592567e-01
1.268582755203171430e-01
1.278493557978196138e-01
1.318136769078295245e-01
1.318136769078295245e-01
1.209117938553022770e-01
1.397423191278493459e-01
1.328047571853320230e-01
1.238850346878097169e-01
1.288404360753221123e-01
1.377601585728444045e-01
1.357779980178394352e-01
1.397423191278493459e-01
1.337958374628344937e-01
1.367690782953419337e-01
1.308225966303270538e-01
1.278493557978196138e-01
1.228939544103072323e-01
1.308225966303270538e-01
1.100099108027750294e-01
1.189296333002973216e-01
1.258671952428146723e-01
1.139742319127849401e-01
1.268582755203171430e-01
1.149653121902874109e-01
1.110009910802775002e-01
1.189296333002973216e-01
1.159563924677898955e-01
1.248761149653121877e-01
1.308225966303270538e-01
1.149653121902874109e-01
9.613478691774034190e-02
9.910802775024776801e-02
1.060455896927651187e-01
1.129831516352824555e-01
1.060455896927651187e-01
1.119920713577799848e-01
9.712586719524281265e-02
9.712586719524281265e-02
9.316154608523290193e-02
1.000991080277502526e-01
1.129831516352824555e-01
1.080277502477700741e-01
9.217046580773043118e-02
1.020812685827552080e-01
1.050545094152626341e-01
1.010901883052527234e-01
1.090188305252725448e-01
1.050545094152626341e-01
8.424182358771060974e-02
9.514370664023785729e-02
1.000991080277502526e-01
8.919722497522299121e-02
1.050545094152626341e-01
1.070366699702675894e-01
1.020812685827552080e-01
1.010901883052527234e-01
9.415262636273538654e-02
9.613478691774034190e-02
9.217046580773043118e-02
9.316154608523290193e-02
8.721506442021803585e-02
9.613478691774034190e-02
8.325074331020812513e-02
9.415262636273538654e-02
8.523290386521308049e-02
9.117938553022794657e-02
8.919722497522299121e-02
8.424182358771060974e-02
8.622398414271556510e-02
8.721506442021803585e-02
8.126858275520316977e-02
1.000991080277502526e-01
9.514370664023785729e-02
8.820614469772052046e-02
8.721506442021803585e-02
9.415262636273538654e-02
9.217046580773043118e-02
8.919722497522299121e-02
7.829534192269574366e-02
7.829534192269574366e-02
8.820614469772052046e-02
7.928642220019821441e-02
7.928642220019821441e-02
8.225966303270565438e-02
7.333994053518334832e-02
8.622398414271556510e-02
8.721506442021803585e-02
8.027750247770069902e-02
7.333994053518334832e-02
7.433102081268583294e-02
9.415262636273538654e-02
7.730426164519325904e-02
7.730426164519325904e-02
8.424182358771060974e-02
7.333994053518334832e-02
9.811694747274529727e-02
8.424182358771060974e-02
8.325074331020812513e-02
8.523290386521308049e-02
7.631318136769078830e-02
6.937561942517343760e-02
8.523290386521308049e-02
9.712586719524281265e-02
8.622398414271556510e-02
8.523290386521308049e-02
7.730426164519325904e-02
8.225966303270565438e-02
8.523290386521308049e-02
8.027750247770069902e-02
7.730426164519325904e-02
7.631318136769078830e-02
7.928642220019821441e-02
7.234886025768087758e-02
8.523290386521308049e-02
9.613478691774034190e-02
7.730426164519325904e-02
5.748265609514370544e-02
7.730426164519325904e-02
6.739345887016848224e-02
6.144697720515361616e-02
7.135777998017839296e-02
7.036669970267592222e-02
7.730426164519325904e-02
7.730426164519325904e-02
6.838453914767096686e-02
7.036669970267592222e-02
8.027750247770069902e-02
8.027750247770069902e-02
6.739345887016848224e-02
6.045589692765113848e-02
7.333994053518334832e-02
7.234886025768087758e-02
6.838453914767096686e-02
8.027750247770069902e-02
6.739345887016848224e-02
6.541129831516352688e-02
5.351833498513379472e-02
6.838453914767096686e-02
6.342913776015857152e-02
6.640237859266601150e-02
5.946481665014866080e-02
6.640237859266601150e-02
7.135777998017839296e-02
6.739345887016848224e-02
7.631318136769078830e-02
6.342913776015857152e-02
6.144697720515361616e-02
6.045589692765113848e-02
7.730426164519325904e-02
6.739345887016848224e-02
6.442021803766105614e-02
7.234886025768087758e-02
6.342913776015857152e-02
6.144697720515361616e-02
6.838453914767096686e-02
7.234886025768087758e-02
6.541129831516352688e-02
5.649157581764122776e-02
5.450941526263627240e-02
5.748265609514370544e-02
5.748265609514370544e-02
5.946481665014866080e-02
5.351833498513379472e-02
5.748265609514370544e-02
5.351833498513379472e-02
4.955401387512388400e-02
6.838453914767096686e-02
5.252725470763131704e-02
4.261645193260654024e-02
5.351833498513379472e-02
5.550049554013875008e-02
5.450941526263627240e-02
5.351833498513379472e-02
6.342913776015857152e-02
5.450941526263627240e-02
6.342913776015857152e-02
6.640237859266601150e-02
5.748265609514370544e-02
5.649157581764122776e-02
5.649157581764122776e-02
5.153617443012883936e-02
5.351833498513379472e-02
5.153617443012883936e-02
4.558969276511397328e-02
5.153617443012883936e-02
5.649157581764122776e-02
5.748265609514370544e-02
4.261645193260654024e-02
6.045589692765113848e-02
4.955401387512388400e-02
5.351833498513379472e-02
5.054509415262636168e-02
5.252725470763131704e-02
5.649157581764122776e-02
4.856293359762140632e-02
4.658077304261645096e-02
4.261645193260654024e-02
4.162537165510406256e-02
4.162537165510406256e-02
5.153617443012883936e-02
4.558969276511397328e-02
4.658077304261645096e-02
4.459861248761149560e-02
4.261645193260654024e-02
3.964321110009910720e-02
4.459861248761149560e-02
4.658077304261645096e-02
3.964321110009910720e-02
4.162537165510406256e-02
3.766105054509415184e-02
3.964321110009910720e-02
4.459861248761149560e-02
4.360753221010901792e-02
5.153617443012883936e-02
4.757185332011892864e-02
4.658077304261645096e-02
4.261645193260654024e-02
4.757185332011892864e-02
4.558969276511397328e-02
4.856293359762140632e-02
3.865213082259662952e-02
3.865213082259662952e-02
3.468780971258671880e-02
4.360753221010901792e-02
4.063429137760158488e-02
3.766105054509415184e-02
4.856293359762140632e-02
4.063429137760158488e-02
4.459861248761149560e-02
3.468780971258671880e-02
3.567888999008919648e-02
3.567888999008919648e-02
4.162537165510406256e-02
4.558969276511397328e-02
4.063429137760158488e-02
3.865213082259662952e-02
3.964321110009910720e-02
4.558969276511397328e-02
4.658077304261645096e-02
4.261645193260654024e-02
4.955401387512388400e-02
4.558969276511397328e-02
4.757185332011892864e-02
3.964321110009910720e-02
3.567888999008919648e-02
4.658077304261645096e-02
3.468780971258671880e-02
4.162537165510406256e-02
3.865213082259662952e-02
4.558969276511397328e-02
4.955401387512388400e-02
4.459861248761149560e-02
4.955401387512388400e-02
4.856293359762140632e-02
4.757185332011892864e-02
3.964321110009910720e-02
4.658077304261645096e-02
3.666997026759167416e-02
4.162537165510406256e-02
3.865213082259662952e-02
4.063429137760158488e-02
4.063429137760158488e-02
3.567888999008919648e-02
3.270564915758176344e-02
3.666997026759167416e-02
4.063429137760158488e-02
3.270564915758176344e-02
3.369672943508424112e-02
1.982160555004955360e-02
3.865213082259662952e-02
