1.000000000000000000e+00
8.010380622837369735e-01
7.906574394463667943e-01
7.681660899653979246e-01
7.698961937716263249e-01
7.975778546712802841e-01
7.889273356401383941e-01
7.681660899653979246e-01
7.231833910034601853e-01
7.352941176470588758e-01
7.456747404844290550e-01
7.179930795847750957e-01
7.162629757785466955e-01
7.612456747404844348e-01
6.989619377162630265e-01
7.058823529411765163e-01
7.439446366782006548e-01
7.214532871972317851e-01
7.128027681660900061e-01
6.903114186851211365e-01
7.006920415224913157e-01
6.851211072664359358e-01
7.058823529411765163e-01
6.937716262975778259e-01
7.058823529411765163e-01
6.937716262975778259e-01
6.955017301038062261e-01
6.366782006920415071e-01
6.487889273356400865e-01
6.557093425605536874e-01
6.730103806228373564e-01
6.574394463667819766e-01
6.678200692041522668e-01
6.695501730103806670e-01
6.141868512110726375e-01
6.020761245674740580e-01
6.228373702422145275e-01
6.418685121107265967e-01
6.349480968858131069e-01
6.089965397923875479e-01
6.159169550173010377e-01
5.986159169550172576e-01
6.141868512110726375e-01
5.847750865051902780e-01
5.951557093425605682e-01
6.280276816608996171e-01
5.968858131487889684e-01
6.055363321799307474e-01
6.038062283737024583e-01
6.055363321799307474e-01
5.847750865051902780e-01
6.314878892733564175e-01
6.124567474048442373e-01
5.934256055363321680e-01
6.159169550173010377e-01
6.332179930795848177e-01
6.072664359861591477e-01
5.778546712802767882e-01
5.709342560553632984e-01
5.951557093425605682e-01
6.020761245674740580e-01
6.141868512110726375e-01
6.003460207612456578e-01
5.986159169550172576e-01
5.899653979238754786e-01
6.003460207612456578e-01
5.622837370242214083e-01
5.692041522491348982e-01
5.415224913494809389e-01
5.640138408304498085e-01
5.692041522491348982e-01
5.778546712802767882e-01
5.709342560553632984e-01
5.570934256055363187e-01
5.605536332179931192e-01
5.536332179930796293e-01
5.380622837370242495e-01
5.536332179930796293e-01
5.484429065743944287e-01
5.467128027681661395e-01
5.536332179930796293e-01
5.363321799307958493e-01
5.397923875432526497e-01
5.363321799307958493e-01
5.449826989619377393e-01
5.397923875432526497e-01
5.415224913494809389e-01
5.570934256055363187e-01
5.397923875432526497e-01
5.484429065743944287e-01
5.363321799307958493e-01
5.640138408304498085e-01
5.588235294117647189e-01
5.449826989619377393e-01
5.467128027681661395e-01
5.346020761245674491e-01
5.397923875432526497e-01
5.328719723183390489e-01
5.207612456747404694e-01
5.276816608996539593e-01
5.363321799307958493e-01
5.224913494809688697e-01
5.086505190311418900e-01
5.328719723183390489e-01
5.190311418685120692e-01
5.259515570934255591e-01
5.276816608996539593e-01
5.121107266435985794e-01
4.809688581314878753e-01
5.017301038062284002e-01
5.103806228373702902e-01
5.207612456747404694e-01
4.775086505190311303e-01
5.103806228373702902e-01
4.965397923875432551e-01
5.017301038062284002e-01
5.017301038062284002e-01
5.051903114186850896e-01
4.671280276816608956e-01
5.138408304498269796e-01
5.051903114186850896e-01
4.878892733564013651e-01
4.844290657439446202e-01
4.861591695501730204e-01
4.844290657439446202e-01
4.861591695501730204e-01
4.965397923875432551e-01
4.826989619377162755e-01
4.775086505190311303e-01
4.809688581314878753e-01
4.792387543252595306e-01
4.740484429065743854e-01
5.051903114186850896e-01
4.844290657439446202e-01
4.809688581314878753e-01
4.982698961937715998e-01
4.948096885813148549e-01
4.982698961937715998e-01
4.723183391003460407e-01
4.757785467128027856e-01
4.671280276816608956e-01
4.359861591695501915e-01
4.515570934256055158e-01
4.671280276816608956e-01
4.636678200692041507e-01
4.740484429065743854e-01
4.723183391003460407e-01
4.480968858131487709e-01
4.809688581314878753e-01
4.878892733564013651e-01
4.757785467128027856e-01
4.705882352941176405e-01
4.498269896193771711e-01
4.446366782006920260e-01
4.567474048442906609e-01
4.290657439446367016e-01
4.446366782006920260e-01
4.532871972318339160e-01
4.446366782006920260e-01
4.532871972318339160e-01
4.498269896193771711e-01
4.515570934256055158e-01
4.619377162629758060e-01
4.307958477508650463e-01
4.342560553633217912e-01
4.377162629757785361e-01
4.256055363321799567e-01
4.204152249134948116e-01
4.273356401384083014e-01
4.238754325259515565e-01
4.152249134948096665e-01
4.411764705882352811e-01
4.186851211072664114e-01
4.152249134948096665e-01
4.273356401384083014e-01
4.238754325259515565e-01
4.342560553633217912e-01
4.342560553633217912e-01
4.273356401384083014e-01
4.290657439446367016e-01
4.186851211072664114e-01
4.394463667820069364e-01
4.134948096885813218e-01
4.169550173010380667e-01
4.273356401384083014e-01
4.065743944636678320e-01
3.910034602076124521e-01
4.065743944636678320e-01
4.238754325259515565e-01
4.186851211072664114e-01
4.204152249134948116e-01
3.858131487889273625e-01
3.996539792387543422e-01
4.048442906574394318e-01
4.325259515570934465e-01
4.065743944636678320e-01
4.100346020761245769e-01
4.152249134948096665e-01
4.065743944636678320e-01
3.927335640138408523e-01
3.996539792387543422e-01
4.083044982698961767e-01
3.927335640138408523e-01
3.961937716262975973e-01
4.083044982698961767e-01
4.031141868512110871e-01
3.961937716262975973e-01
3.754325259515570723e-01
3.840830449826989623e-01
4.186851211072664114e-01
3.910034602076124521e-01
3.892733564013841074e-01
3.892733564013841074e-01
3.858131487889273625e-01
3.771626297577854725e-01
3.961937716262975973e-01
4.048442906574394318e-01
4.083044982698961767e-01
4.256055363321799567e-01
4.083044982698961767e-01
3.944636678200691970e-01
3.979238754325259420e-01
3.979238754325259420e-01
4.204152249134948116e-01
3.858131487889273625e-01
4.204152249134948116e-01
3.788927335640138172e-01
3.961937716262975973e-01
3.806228373702422174e-01
3.858131487889273625e-01
3.910034602076124521e-01
3.823529411764705621e-01
3.944636678200691970e-01
3.667820069204152378e-01
3.927335640138408523e-01
3.823529411764705621e-01
3.702422145328719827e-01
3.564013840830450031e-01
3.858131487889273625e-01
3.875432525951557072e-01
3.737024221453287276e-01
3.477508650519031130e-01
3.806228373702422174e-01
3.961937716262975973e-01
3.771626297577854725e-01
3.892733564013841074e-01
3.615916955017300927e-01
3.806228373702422174e-01
3.927335640138408523e-01
3.754325259515570723e-01
3.858131487889273625e-01
3.840830449826989623e-01
3.858131487889273625e-01
3.633217993079584929e-01
3.823529411764705621e-01
3.598615916955017480e-01
3.788927335640138172e-01
3.754325259515570723e-01
3.633217993079584929e-01
3.667820069204152378e-01
3.598615916955017480e-01
3.754325259515570723e-01
3.546712802768166028e-01
3.494809688581315132e-01
3.598615916955017480e-01
3.754325259515570723e-01
3.806228373702422174e-01
3.598615916955017480e-01
3.615916955017300927e-01
3.667820069204152378e-01
3.581314878892733478e-01
3.564013840830450031e-01
3.494809688581315132e-01
3.546712802768166028e-01
3.650519031141868376e-01
3.615916955017300927e-01
3.512110726643598579e-01
3.304498269896193885e-01
3.512110726643598579e-01
3.529411764705882582e-01
3.598615916955017480e-01
3.512110726643598579e-01
3.529411764705882582e-01
3.598615916955017480e-01
3.529411764705882582e-01
3.719723183391003274e-01
3.581314878892733478e-01
3.442906574394463681e-01
3.512110726643598579e-01
3.408304498269896232e-01
3.633217993079584929e-01
3.356401384083044781e-01
3.391003460207612230e-01
3.425605536332179679e-01
3.442906574394463681e-01
3.581314878892733478e-01
3.477508650519031130e-01
3.581314878892733478e-01
3.529411764705882582e-01
3.494809688581315132e-01
3.477508650519031130e-01
3.529411764705882582e-01
3.217993079584774985e-01
3.633217993079584929e-01
3.287197231833909883e-01
3.391003460207612230e-01
3.633217993079584929e-01
3.598615916955017480e-01
3.425605536332179679e-01
3.373702422145328783e-01
3.477508650519031130e-01
3.356401384083044781e-01
3.321799307958477332e-01
3.391003460207612230e-01
3.235294117647058987e-01
3.096885813148789190e-01
3.235294117647058987e-01
3.373702422145328783e-01
3.425605536332179679e-01
3.131487889273356640e-01
3.183391003460207536e-01
3.425605536332179679e-01
3.148788927335640087e-01
3.200692041522491538e-01
3.304498269896193885e-01
3.183391003460207536e-01
3.200692041522491538e-01
3.252595155709342434e-01
3.235294117647058987e-01
3.131487889273356640e-01
3.339100346020761334e-01
3.252595155709342434e-01
3.235294117647058987e-01
3.287197231833909883e-01
3.339100346020761334e-01
3.183391003460207536e-01
3.148788927335640087e-01
3.373702422145328783e-01
3.408304498269896232e-01
3.373702422145328783e-01
3.235294117647058987e-01
3.235294117647058987e-01
3.287197231833909883e-01
3.200692041522491538e-01
3.391003460207612230e-01
3.304498269896193885e-01
3.252595155709342434e-01
3.252595155709342434e-01
3.304498269896193885e-01
3.269896193771626436e-01
3.235294117647058987e-01
3.166089965397924089e-01
3.200692041522491538e-01
3.408304498269896232e-01
3.252595155709342434e-01
3.321799307958477332e-01
3.235294117647058987e-01
3.287197231833909883e-01
3.114186851211072637e-01
3.356401384083044781e-01
3.183391003460207536e-01
3.079584775086505188e-01
3.252595155709342434e-01
3.166089965397924089e-01
3.304498269896193885e-01
3.166089965397924089e-01
3.166089965397924089e-01
2.993079584775086288e-01
3.200692041522491538e-01
3.287197231833909883e-01
3.114186851211072637e-01
3.200692041522491538e-01
3.183391003460207536e-01
3.235294117647058987e-01
3.062283737024221186e-01
3.114186851211072637e-01
3.131487889273356640e-01
3.027681660899653737e-01
3.096885813148789190e-01
3.131487889273356640e-01
3.321799307958477332e-01
3.096885813148789190e-01
3.217993079584774985e-01
3.321799307958477332e-01
3.166089965397924089e-01
3.027681660899653737e-01
3.062283737024221186e-01
3.062283737024221186e-01
3.096885813148789190e-01
3.062283737024221186e-01
3.010380622837370290e-01
3.131487889273356640e-01
3.183391003460207536e-01
3.114186851211072637e-01
3.062283737024221186e-01
3.217993079584774985e-01
3.131487889273356640e-01
3.010380622837370290e-01
3.027681660899653737e-01
3.131487889273356640e-01
3.010380622837370290e-01
