1.000000000000000000e+00
8.437500000000000000e-01
8.343749999999999778e-01
8.218750000000000222e-01
8.562499999999999556e-01
7.874999999999999778e-01
8.187499999999999778e-01
8.281250000000000000e-01
8.375000000000000222e-01
8.406249999999999556e-01
8.031249999999999778e-01
7.937499999999999556e-01
8.125000000000000000e-01
8.156250000000000444e-01
8.000000000000000444e-01
8.062500000000000222e-01
8.312500000000000444e-01
8.187499999999999778e-01
8.125000000000000000e-01
8.187499999999999778e-01
8.187499999999999778e-01
8.249999999999999556e-01
8.249999999999999556e-01
7.624999999999999556e-01
7.968750000000000000e-01
7.468749999999999556e-01
7.937499999999999556e-01
8.218750000000000222e-01
7.906250000000000222e-01
8.093749999999999556e-01
8.062500000000000222e-01
7.656250000000000000e-01
7.781249999999999556e-01
7.812500000000000000e-01
8.062500000000000222e-01
7.375000000000000444e-01
7.906250000000000222e-01
7.812500000000000000e-01
8.125000000000000000e-01
7.593750000000000222e-01
7.656250000000000000e-01
8.062500000000000222e-01
7.718749999999999778e-01
8.031249999999999778e-01
7.718749999999999778e-01
7.375000000000000444e-01
7.718749999999999778e-01
7.656250000000000000e-01
7.656250000000000000e-01
7.500000000000000000e-01
7.718749999999999778e-01
7.968750000000000000e-01
7.531250000000000444e-01
7.437500000000000222e-01
7.687500000000000444e-01
7.437500000000000222e-01
7.812500000000000000e-01
7.593750000000000222e-01
7.687500000000000444e-01
7.562499999999999778e-01
7.624999999999999556e-01
7.687500000000000444e-01
7.687500000000000444e-01
7.812500000000000000e-01
7.874999999999999778e-01
7.624999999999999556e-01
7.468749999999999556e-01
7.593750000000000222e-01
7.218750000000000444e-01
7.750000000000000222e-01
7.750000000000000222e-01
7.624999999999999556e-01
7.812500000000000000e-01
7.624999999999999556e-01
7.312499999999999556e-01
7.562499999999999778e-01
7.937499999999999556e-01
7.687500000000000444e-01
7.249999999999999778e-01
7.406249999999999778e-01
7.406249999999999778e-01
7.437500000000000222e-01
7.500000000000000000e-01
7.468749999999999556e-01
7.656250000000000000e-01
7.375000000000000444e-01
7.343750000000000000e-01
7.562499999999999778e-01
7.468749999999999556e-01
7.125000000000000222e-01
7.249999999999999778e-01
7.312499999999999556e-01
7.281250000000000222e-01
7.343750000000000000e-01
7.281250000000000222e-01
7.375000000000000444e-01
7.031250000000000000e-01
7.624999999999999556e-01
7.406249999999999778e-01
7.531250000000000444e-01
7.218750000000000444e-01
7.093749999999999778e-01
7.406249999999999778e-01
7.343750000000000000e-01
7.187500000000000000e-01
7.343750000000000000e-01
7.343750000000000000e-01
7.156249999999999556e-01
7.343750000000000000e-01
7.406249999999999778e-01
7.218750000000000444e-01
7.218750000000000444e-01
6.937499999999999778e-01
7.187500000000000000e-01
6.937499999999999778e-01
7.062500000000000444e-01
6.875000000000000000e-01
7.375000000000000444e-01
7.031250000000000000e-01
6.812500000000000222e-01
7.031250000000000000e-01
7.249999999999999778e-01
7.312499999999999556e-01
6.906250000000000444e-01
7.218750000000000444e-01
7.062500000000000444e-01
6.999999999999999556e-01
7.281250000000000222e-01
7.093749999999999778e-01
6.968750000000000222e-01
6.999999999999999556e-01
7.093749999999999778e-01
7.531250000000000444e-01
7.062500000000000444e-01
6.906250000000000444e-01
6.999999999999999556e-01
7.093749999999999778e-01
7.156249999999999556e-01
6.750000000000000444e-01
6.875000000000000000e-01
7.375000000000000444e-01
7.093749999999999778e-01
7.031250000000000000e-01
6.875000000000000000e-01
6.999999999999999556e-01
7.031250000000000000e-01
7.375000000000000444e-01
7.031250000000000000e-01
6.781249999999999778e-01
7.218750000000000444e-01
6.843749999999999556e-01
7.281250000000000222e-01
6.875000000000000000e-01
7.187500000000000000e-01
6.937499999999999778e-01
6.968750000000000222e-01
7.093749999999999778e-01
7.218750000000000444e-01
7.093749999999999778e-01
6.624999999999999778e-01
7.062500000000000444e-01
6.812500000000000222e-01
6.999999999999999556e-01
6.718750000000000000e-01
7.343750000000000000e-01
6.624999999999999778e-01
6.968750000000000222e-01
7.125000000000000222e-01
6.875000000000000000e-01
6.875000000000000000e-01
7.468749999999999556e-01
6.906250000000000444e-01
7.312499999999999556e-01
7.125000000000000222e-01
6.812500000000000222e-01
6.875000000000000000e-01
6.843749999999999556e-01
7.062500000000000444e-01
7.093749999999999778e-01
6.999999999999999556e-01
6.999999999999999556e-01
6.562500000000000000e-01
6.812500000000000222e-01
6.875000000000000000e-01
7.156249999999999556e-01
6.624999999999999778e-01
6.812500000000000222e-01
6.812500000000000222e-01
6.687499999999999556e-01
6.812500000000000222e-01
6.624999999999999778e-01
6.843749999999999556e-01
6.812500000000000222e-01
6.875000000000000000e-01
7.062500000000000444e-01
6.812500000000000222e-01
6.656250000000000222e-01
6.593750000000000444e-01
6.750000000000000444e-01
6.687499999999999556e-01
6.531249999999999556e-01
6.437500000000000444e-01
6.687499999999999556e-01
6.906250000000000444e-01
6.406250000000000000e-01
7.125000000000000222e-01
6.750000000000000444e-01
6.906250000000000444e-01
6.437500000000000444e-01
6.875000000000000000e-01
6.593750000000000444e-01
6.343750000000000222e-01
6.218749999999999556e-01
6.468749999999999778e-01
6.343750000000000222e-01
6.312499999999999778e-01
6.812500000000000222e-01
6.656250000000000222e-01
6.468749999999999778e-01
6.281250000000000444e-01
6.500000000000000222e-01
6.437500000000000444e-01
6.531249999999999556e-01
6.656250000000000222e-01
6.656250000000000222e-01
6.406250000000000000e-01
6.374999999999999556e-01
6.343750000000000222e-01
6.406250000000000000e-01
6.562500000000000000e-01
6.687499999999999556e-01
6.437500000000000444e-01
6.218749999999999556e-01
6.500000000000000222e-01
6.406250000000000000e-01
6.406250000000000000e-01
6.500000000000000222e-01
6.312499999999999778e-01
6.125000000000000444e-01
6.500000000000000222e-01
6.531249999999999556e-01
6.718750000000000000e-01
6.687499999999999556e-01
6.718750000000000000e-01
6.312499999999999778e-01
6.875000000000000000e-01
6.406250000000000000e-01
6.468749999999999778e-01
6.531249999999999556e-01
6.624999999999999778e-01
6.343750000000000222e-01
6.624999999999999778e-01
7.281250000000000222e-01
6.687499999999999556e-01
6.656250000000000222e-01
6.343750000000000222e-01
6.562500000000000000e-01
6.468749999999999778e-01
6.562500000000000000e-01
6.281250000000000444e-01
6.374999999999999556e-01
6.781249999999999778e-01
6.437500000000000444e-01
6.437500000000000444e-01
6.750000000000000444e-01
6.687499999999999556e-01
6.343750000000000222e-01
6.468749999999999778e-01
6.593750000000000444e-01
6.343750000000000222e-01
6.374999999999999556e-01
6.312499999999999778e-01
6.250000000000000000e-01
6.187500000000000222e-01
6.312499999999999778e-01
6.374999999999999556e-01
6.312499999999999778e-01
6.156249999999999778e-01
6.250000000000000000e-01
6.468749999999999778e-01
6.843749999999999556e-01
6.781249999999999778e-01
6.437500000000000444e-01
6.562500000000000000e-01
6.750000000000000444e-01
6.562500000000000000e-01
6.656250000000000222e-01
6.406250000000000000e-01
6.718750000000000000e-01
6.406250000000000000e-01
6.062499999999999556e-01
6.624999999999999778e-01
5.968750000000000444e-01
6.374999999999999556e-01
6.374999999999999556e-01
6.656250000000000222e-01
6.406250000000000000e-01
6.062499999999999556e-01
6.250000000000000000e-01
6.281250000000000444e-01
6.093750000000000000e-01
6.312499999999999778e-01
6.093750000000000000e-01
6.187500000000000222e-01
6.062499999999999556e-01
6.125000000000000444e-01
5.749999999999999556e-01
6.500000000000000222e-01
6.156249999999999778e-01
6.156249999999999778e-01
6.218749999999999556e-01
6.031250000000000222e-01
5.749999999999999556e-01
6.031250000000000222e-01
6.031250000000000222e-01
6.187500000000000222e-01
6.062499999999999556e-01
6.093750000000000000e-01
6.218749999999999556e-01
6.281250000000000444e-01
6.093750000000000000e-01
6.218749999999999556e-01
6.093750000000000000e-01
6.156249999999999778e-01
5.999999999999999778e-01
6.281250000000000444e-01
6.125000000000000444e-01
6.218749999999999556e-01
6.281250000000000444e-01
6.281250000000000444e-01
6.125000000000000444e-01
5.968750000000000444e-01
5.937500000000000000e-01
6.187500000000000222e-01
6.500000000000000222e-01
5.749999999999999556e-01
6.062499999999999556e-01
5.937500000000000000e-01
5.875000000000000222e-01
5.875000000000000222e-01
5.999999999999999778e-01
5.625000000000000000e-01
5.999999999999999778e-01
5.843749999999999778e-01
5.906249999999999556e-01
5.906249999999999556e-01
6.093750000000000000e-01
6.218749999999999556e-01
5.968750000000000444e-01
6.093750000000000000e-01
5.937500000000000000e-01
6.156249999999999778e-01
5.656250000000000444e-01
6.031250000000000222e-01
6.031250000000000222e-01
6.031250000000000222e-01
5.937500000000000000e-01
5.906249999999999556e-01
5.968750000000000444e-01
6.031250000000000222e-01
5.999999999999999778e-01
5.781250000000000000e-01
5.906249999999999556e-01
5.812500000000000444e-01
5.906249999999999556e-01
5.968750000000000444e-01
5.718750000000000222e-01
5.749999999999999556e-01
6.218749999999999556e-01
6.062499999999999556e-01
5.937500000000000000e-01
5.937500000000000000e-01
5.593749999999999556e-01
6.156249999999999778e-01
5.687499999999999778e-01
6.218749999999999556e-01
5.718750000000000222e-01
5.843749999999999778e-01
6.062499999999999556e-01
5.875000000000000222e-01
5.593749999999999556e-01
5.749999999999999556e-01
6.250000000000000000e-01
5.812500000000000444e-01
5.812500000000000444e-01
5.718750000000000222e-01
5.687499999999999778e-01
5.875000000000000222e-01
5.687499999999999778e-01
5.843749999999999778e-01
5.906249999999999556e-01
5.749999999999999556e-01
5.562500000000000222e-01
5.593749999999999556e-01
5.687499999999999778e-01
5.500000000000000444e-01
5.562500000000000222e-01
5.781250000000000000e-01
5.218749999999999778e-01
5.562500000000000222e-01
5.656250000000000444e-01
