1.000000000000000000e+00
8.499999999999999778e-01
7.128571428571428559e-01
6.628571428571428115e-01
6.542857142857142483e-01
6.257142857142856673e-01
5.842857142857142971e-01
5.914285714285714146e-01
5.957142857142857517e-01
5.999999999999999778e-01
5.628571428571428337e-01
4.885714285714285454e-01
4.857142857142857095e-01
5.242857142857142438e-01
4.785714285714285920e-01
4.485714285714285654e-01
4.442857142857142838e-01
4.271428571428571574e-01
4.242857142857142660e-01
4.400000000000000022e-01
4.099999999999999756e-01
3.814285714285714501e-01
3.771428571428571686e-01
3.571428571428571508e-01
3.714285714285714413e-01
3.242857142857142883e-01
3.485714285714285876e-01
3.328571428571428514e-01
3.314285714285714057e-01
3.228571428571428426e-01
3.042857142857142705e-01
3.228571428571428426e-01
3.114285714285714435e-01
2.657142857142857362e-01
2.671428571428571264e-01
2.542857142857142816e-01
2.585714285714285632e-01
2.757142857142856895e-01
2.600000000000000089e-01
2.685714285714285721e-01
2.357142857142857095e-01
2.457142857142857184e-01
2.285714285714285643e-01
2.242857142857142827e-01
2.028571428571428470e-01
1.971428571428571475e-01
2.042857142857142927e-01
1.914285714285714202e-01
2.028571428571428470e-01
1.942857142857142838e-01
2.271428571428571463e-01
1.871428571428571386e-01
2.014285714285714290e-01
1.885714285714285843e-01
1.828571428571428570e-01
1.985714285714285654e-01
1.985714285714285654e-01
2.014285714285714290e-01
1.757142857142857117e-01
1.900000000000000022e-01
1.714285714285714302e-01
1.657142857142857029e-01
1.885714285714285843e-01
1.671428571428571486e-01
1.700000000000000122e-01
1.571428571428571397e-01
1.657142857142857029e-01
1.657142857142857029e-01
1.600000000000000033e-01
1.671428571428571486e-01
1.771428571428571297e-01
1.514285714285714401e-01
1.385714285714285676e-01
1.499999999999999944e-01
1.628571428571428670e-01
1.557142857142857217e-01
1.342857142857142860e-01
1.628571428571428670e-01
1.499999999999999944e-01
1.428571428571428492e-01
1.471428571428571308e-01
1.414285714285714313e-01
1.600000000000000033e-01
1.499999999999999944e-01
1.357142857142857040e-01
1.414285714285714313e-01
1.285714285714285587e-01
1.314285714285714224e-01
1.271428571428571408e-01
1.242857142857142910e-01
9.571428571428571008e-02
1.057142857142857190e-01
1.000000000000000056e-01
1.242857142857142910e-01
1.214285714285714274e-01
1.042857142857142871e-01
1.142857142857142821e-01
1.128571428571428503e-01
1.014285714285714235e-01
1.228571428571428592e-01
1.171428571428571458e-01
9.714285714285714191e-02
1.057142857142857190e-01
9.857142857142857373e-02
1.028571428571428553e-01
1.114285714285714324e-01
1.199999999999999956e-01
1.142857142857142821e-01
1.300000000000000044e-01
1.042857142857142871e-01
1.042857142857142871e-01
1.185714285714285776e-01
9.714285714285714191e-02
1.185714285714285776e-01
1.057142857142857190e-01
1.014285714285714235e-01
1.142857142857142821e-01
1.000000000000000056e-01
1.000000000000000056e-01
9.142857142857142849e-02
8.999999999999999667e-02
1.000000000000000056e-01
8.285714285714285143e-02
8.142857142857143349e-02
7.285714285714285643e-02
8.285714285714285143e-02
7.428571428571428825e-02
8.428571428571428326e-02
7.714285714285713802e-02
8.000000000000000167e-02
8.285714285714285143e-02
5.999999999999999778e-02
7.714285714285713802e-02
6.571428571428571119e-02
6.714285714285714302e-02
6.714285714285714302e-02
6.142857142857142960e-02
5.142857142857142766e-02
6.857142857142857484e-02
6.428571428571427937e-02
7.142857142857142461e-02
7.285714285714285643e-02
6.857142857142857484e-02
5.857142857142857290e-02
7.142857142857142461e-02
6.142857142857142960e-02
6.285714285714286143e-02
5.999999999999999778e-02
6.857142857142857484e-02
7.000000000000000666e-02
6.428571428571427937e-02
4.714285714285714607e-02
4.571428571428571425e-02
4.571428571428571425e-02
5.714285714285714107e-02
6.714285714285714302e-02
5.428571428571428437e-02
5.999999999999999778e-02
5.571428571428571619e-02
5.428571428571428437e-02
6.285714285714286143e-02
6.142857142857142960e-02
6.142857142857142960e-02
6.428571428571427937e-02
7.428571428571428825e-02
7.000000000000000666e-02
6.142857142857142960e-02
6.285714285714286143e-02
4.714285714285714607e-02
4.857142857142857095e-02
5.999999999999999778e-02
7.000000000000000666e-02
4.714285714285714607e-02
5.000000000000000278e-02
5.571428571428571619e-02
4.857142857142857095e-02
5.000000000000000278e-02
4.142857142857142572e-02
4.857142857142857095e-02
3.857142857142856901e-02
3.714285714285714413e-02
5.142857142857142766e-02
3.285714285714285560e-02
4.428571428571428242e-02
3.714285714285714413e-02
3.857142857142856901e-02
3.857142857142856901e-02
4.285714285714285754e-02
4.000000000000000083e-02
4.000000000000000083e-02
2.999999999999999889e-02
3.571428571428571230e-02
4.000000000000000083e-02
3.714285714285714413e-02
3.714285714285714413e-02
3.142857142857143071e-02
2.857142857142857054e-02
4.142857142857142572e-02
3.857142857142856901e-02
3.857142857142856901e-02
3.142857142857143071e-02
4.000000000000000083e-02
2.142857142857142877e-02
4.285714285714285754e-02
4.571428571428571425e-02
3.428571428571428742e-02
3.571428571428571230e-02
2.714285714285714218e-02
3.571428571428571230e-02
3.428571428571428742e-02
4.000000000000000083e-02
3.428571428571428742e-02
4.142857142857142572e-02
4.000000000000000083e-02
3.285714285714285560e-02
2.714285714285714218e-02
3.428571428571428742e-02
3.285714285714285560e-02
2.714285714285714218e-02
2.999999999999999889e-02
4.571428571428571425e-02
3.428571428571428742e-02
3.142857142857143071e-02
3.142857142857143071e-02
3.285714285714285560e-02
3.571428571428571230e-02
4.142857142857142572e-02
3.714285714285714413e-02
3.142857142857143071e-02
3.857142857142856901e-02
3.428571428571428742e-02
2.857142857142857054e-02
3.571428571428571230e-02
1.857142857142857206e-02
2.571428571428571383e-02
2.428571428571428548e-02
2.857142857142857054e-02
2.857142857142857054e-02
3.285714285714285560e-02
2.714285714285714218e-02
2.571428571428571383e-02
2.428571428571428548e-02
3.428571428571428742e-02
3.428571428571428742e-02
2.571428571428571383e-02
2.571428571428571383e-02
2.714285714285714218e-02
2.285714285714285712e-02
1.857142857142857206e-02
2.428571428571428548e-02
2.142857142857142877e-02
2.428571428571428548e-02
2.571428571428571383e-02
2.571428571428571383e-02
2.285714285714285712e-02
2.857142857142857054e-02
2.571428571428571383e-02
2.714285714285714218e-02
2.000000000000000042e-02
1.428571428571428527e-02
3.285714285714285560e-02
1.857142857142857206e-02
2.428571428571428548e-02
2.428571428571428548e-02
2.428571428571428548e-02
2.142857142857142877e-02
2.714285714285714218e-02
2.428571428571428548e-02
2.714285714285714218e-02
2.428571428571428548e-02
2.142857142857142877e-02
2.571428571428571383e-02
1.857142857142857206e-02
2.428571428571428548e-02
2.000000000000000042e-02
1.285714285714285691e-02
1.857142857142857206e-02
2.714285714285714218e-02
2.142857142857142877e-02
2.428571428571428548e-02
2.285714285714285712e-02
1.857142857142857206e-02
2.142857142857142877e-02
1.571428571428571536e-02
8.571428571428571855e-03
2.000000000000000042e-02
1.428571428571428527e-02
1.428571428571428527e-02
2.428571428571428548e-02
2.285714285714285712e-02
1.857142857142857206e-02
1.714285714285714371e-02
1.428571428571428527e-02
1.428571428571428527e-02
1.428571428571428527e-02
1.285714285714285691e-02
1.571428571428571536e-02
1.857142857142857206e-02
1.714285714285714371e-02
7.142857142857142634e-03
1.142857142857142856e-02
8.571428571428571855e-03
8.571428571428571855e-03
1.142857142857142856e-02
7.142857142857142634e-03
4.285714285714285927e-03
1.142857142857142856e-02
1.285714285714285691e-02
1.142857142857142856e-02
7.142857142857142634e-03
1.142857142857142856e-02
1.142857142857142856e-02
7.142857142857142634e-03
7.142857142857142634e-03
1.142857142857142856e-02
1.285714285714285691e-02
1.285714285714285691e-02
2.857142857142857140e-03
7.142857142857142634e-03
7.142857142857142634e-03
1.000000000000000021e-02
1.000000000000000021e-02
1.142857142857142856e-02
8.571428571428571855e-03
5.714285714285714281e-03
8.571428571428571855e-03
8.571428571428571855e-03
8.571428571428571855e-03
1.428571428571428527e-02
1.142857142857142856e-02
7.142857142857142634e-03
7.142857142857142634e-03
1.000000000000000021e-02
1.000000000000000021e-02
7.142857142857142634e-03
8.571428571428571855e-03
7.142857142857142634e-03
5.714285714285714281e-03
5.714285714285714281e-03
8.571428571428571855e-03
8.571428571428571855e-03
7.142857142857142634e-03
7.142857142857142634e-03
7.142857142857142634e-03
4.285714285714285927e-03
8.571428571428571855e-03
5.714285714285714281e-03
1.000000000000000021e-02
4.285714285714285927e-03
5.714285714285714281e-03
7.142857142857142634e-03
8.571428571428571855e-03
1.285714285714285691e-02
7.142857142857142634e-03
8.571428571428571855e-03
8.571428571428571855e-03
8.571428571428571855e-03
1.142857142857142856e-02
1.285714285714285691e-02
8.571428571428571855e-03
1.714285714285714371e-02
1.142857142857142856e-02
1.000000000000000021e-02
1.142857142857142856e-02
1.857142857142857206e-02
1.285714285714285691e-02
1.285714285714285691e-02
8.571428571428571855e-03
1.142857142857142856e-02
7.142857142857142634e-03
7.142857142857142634e-03
5.714285714285714281e-03
1.142857142857142856e-02
5.714285714285714281e-03
1.142857142857142856e-02
1.142857142857142856e-02
8.571428571428571855e-03
5.714285714285714281e-03
1.000000000000000021e-02
8.571428571428571855e-03
4.285714285714285927e-03
7.142857142857142634e-03
8.571428571428571855e-03
7.142857142857142634e-03
5.714285714285714281e-03
8.571428571428571855e-03
4.285714285714285927e-03
7.142857142857142634e-03
5.714285714285714281e-03
5.714285714285714281e-03
7.142857142857142634e-03
5.714285714285714281e-03
1.285714285714285691e-02
1.142857142857142856e-02
8.571428571428571855e-03
5.714285714285714281e-03
7.142857142857142634e-03
5.714285714285714281e-03
5.714285714285714281e-03
4.285714285714285927e-03
5.714285714285714281e-03
