1.000000000000000000e+00
8.913308913308913839e-01
8.656898656898657229e-01
7.789987789987790068e-01
7.582417582417582125e-01
7.667887667887668401e-01
7.423687423687423959e-01
7.301587301587301182e-01
7.032967032967033516e-01
7.264957264957264682e-01
6.715506715506714963e-01
6.788766788766789073e-01
6.630036630036629797e-01
6.385836385836385354e-01
6.092796092796092244e-01
6.166056166056166354e-01
6.398046398046397520e-01
5.909645909645909745e-01
5.897435897435897578e-01
6.031746031746031411e-01
5.824175824175824578e-01
5.579975579975580136e-01
5.421245421245420859e-01
5.421245421245420859e-01
5.238095238095238360e-01
5.506715506715507136e-01
5.042735042735042583e-01
5.409035409035408692e-01
5.335775335775335693e-01
5.286935286935287026e-01
4.932844932844933084e-01
4.981684981684981750e-01
4.993894993894993917e-01
4.822954822954823029e-01
4.945054945054945250e-01
4.664224664224664307e-01
4.652014652014652141e-01
4.798534798534798695e-01
4.273504273504273310e-01
4.676434676434676474e-01
4.456654456654456919e-01
4.468864468864469086e-01
4.468864468864469086e-01
4.627594627594627807e-01
4.273504273504273310e-01
4.236874236874236810e-01
4.163614163614163810e-01
3.943833943833943700e-01
3.772893772893772812e-01
4.078144078144078088e-01
3.907203907203907201e-01
3.858363858363858534e-01
3.687423687423687646e-01
3.479853479853479703e-01
3.687423687423687646e-01
3.614163614163614091e-01
3.601953601953601924e-01
3.455433455433455370e-01
3.711843711843711979e-01
3.565323565323565425e-01
3.504273504273504036e-01
3.431013431013431036e-01
3.443223443223443203e-01
3.235653235653235815e-01
3.174603174603174427e-01
3.382173382173382370e-01
3.260073260073260148e-01
3.394383394383394537e-01
3.211233211233211482e-01
3.431013431013431036e-01
3.431013431013431036e-01
3.345543345543345315e-01
3.418803418803418870e-01
3.211233211233211482e-01
3.321123321123320982e-01
3.357753357753357482e-01
2.979242979242979206e-01
3.028083028083027872e-01
2.918192918192918373e-01
3.162393162393162260e-01
3.113553113553113594e-01
2.954822954822954872e-01
2.747252747252747485e-01
2.735042735042735318e-01
2.771672771672771818e-01
2.783882783882783984e-01
2.820512820512820484e-01
2.844932844932844818e-01
2.771672771672771818e-01
2.673992673992673930e-01
2.588522588522588763e-01
2.490842490842490875e-01
2.478632478632478708e-01
2.649572649572649596e-01
2.539682539682539542e-01
2.637362637362637430e-01
2.698412698412698263e-01
2.710622710622710430e-01
2.576312576312576041e-01
2.600732600732600930e-01
2.539682539682539542e-01
2.454212454212454098e-01
2.356532356532356487e-01
2.442002442002441931e-01
2.625152625152625263e-01
2.503052503052503042e-01
2.417582417582417598e-01
2.429792429792429764e-01
2.442002442002441931e-01
2.319902319902319987e-01
2.197802197802197766e-01
2.161172161172161266e-01
2.051282051282051211e-01
2.197802197802197766e-01
2.295482295482295376e-01
1.978021978021977934e-01
1.978021978021977934e-01
2.051282051282051211e-01
2.283272283272283210e-01
2.173382173382173432e-01
2.222222222222222099e-01
2.039072039072039044e-01
2.185592185592185599e-01
2.319902319902319987e-01
2.197802197802197766e-01
2.100122100122100155e-01
2.014652014652014711e-01
1.953601953601953600e-01
2.112332112332112322e-01
1.990231990231990100e-01
2.051282051282051211e-01
1.965811965811965767e-01
2.014652014652014711e-01
2.161172161172161266e-01
1.990231990231990100e-01
2.087912087912087988e-01
2.002442002442002544e-01
1.868131868131868156e-01
1.831501831501831379e-01
1.892551892551892490e-01
1.855921855921855990e-01
1.941391941391941434e-01
1.916971916971917100e-01
1.904761904761904656e-01
1.929181929181929267e-01
1.709401709401709435e-01
1.770451770451770546e-01
1.807081807081807046e-01
1.611721611721611824e-01
1.929181929181929267e-01
1.562881562881562880e-01
1.648351648351648324e-01
1.746031746031745935e-01
1.648351648351648324e-01
1.709401709401709435e-01
1.709401709401709435e-01
1.709401709401709435e-01
1.623931623931623991e-01
1.660561660561660491e-01
1.648351648351648324e-01
1.538461538461538547e-01
1.489621489621489603e-01
1.501831501831501769e-01
1.477411477411477436e-01
1.550671550671550714e-01
1.672771672771672657e-01
1.501831501831501769e-01
1.636141636141636158e-01
1.404151404151404159e-01
1.514041514041513936e-01
1.367521367521367659e-01
1.452991452991453103e-01
1.343101343101343048e-01
1.111111111111111049e-01
1.208791208791208799e-01
1.294261294261294382e-01
1.282051282051281937e-01
1.282051282051281937e-01
1.208791208791208799e-01
1.245421245421245438e-01
1.159951159951159994e-01
1.391941391941391992e-01
1.355311355311355215e-01
1.184371184371184327e-01
1.294261294261294382e-01
1.282051282051281937e-01
1.159951159951159994e-01
1.172161172161172160e-01
1.098901098901098883e-01
1.208791208791208799e-01
1.233211233211233271e-01
1.269841269841269771e-01
1.062271062271062244e-01
1.184371184371184327e-01
1.135531135531135521e-01
1.123321123321123355e-01
1.221001221001220965e-01
1.159951159951159994e-01
1.147741147741147688e-01
1.111111111111111049e-01
1.159951159951159994e-01
9.768009768009768001e-02
9.890109890109889668e-02
1.086691086691086716e-01
1.025641025641025605e-01
1.025641025641025605e-01
9.157509157509156894e-02
1.001221001221001272e-01
1.037851037851037911e-01
9.401709401709401615e-02
1.013431013431013439e-01
8.791208791208791895e-02
1.001221001221001272e-01
9.645909645909646335e-02
9.035409035409035228e-02
9.768009768009768001e-02
9.890109890109889668e-02
9.523809523809523281e-02
1.050061050061050077e-01
9.768009768009768001e-02
9.279609279609279948e-02
1.037851037851037911e-01
9.401709401709401615e-02
1.001221001221001272e-01
1.196581196581196632e-01
9.768009768009768001e-02
1.074481074481074550e-01
1.050061050061050077e-01
1.013431013431013439e-01
9.768009768009768001e-02
9.035409035409035228e-02
9.768009768009768001e-02
8.913308913308913561e-02
9.157509157509156894e-02
9.279609279609279948e-02
1.050061050061050077e-01
1.050061050061050077e-01
1.013431013431013439e-01
9.279609279609279948e-02
1.013431013431013439e-01
9.523809523809523281e-02
1.025641025641025605e-01
8.669108669108668841e-02
8.180708180708180788e-02
9.645909645909646335e-02
9.645909645909646335e-02
9.768009768009768001e-02
9.523809523809523281e-02
9.401709401709401615e-02
9.279609279609279948e-02
9.401709401709401615e-02
8.302808302808302454e-02
8.180708180708180788e-02
7.326007326007326348e-02
7.814407814407814401e-02
6.715506715506715241e-02
6.471306471306471908e-02
6.837606837606838295e-02
7.692307692307692735e-02
8.424908424908425508e-02
8.547008547008547175e-02
7.814407814407814401e-02
8.424908424908425508e-02
8.424908424908425508e-02
6.837606837606838295e-02
6.593406593406593574e-02
6.227106227106227188e-02
6.837606837606838295e-02
6.593406593406593574e-02
6.227106227106227188e-02
7.326007326007326348e-02
6.227106227106227188e-02
5.738705738705738441e-02
5.982905982905983161e-02
6.349206349206348854e-02
6.105006105006104827e-02
6.227106227106227188e-02
6.227106227106227188e-02
6.105006105006104827e-02
6.593406593406593574e-02
5.860805860805860801e-02
5.860805860805860801e-02
6.715506715506715241e-02
6.349206349206348854e-02
5.860805860805860801e-02
5.982905982905983161e-02
5.372405372405372748e-02
5.616605616605616774e-02
5.982905982905983161e-02
5.738705738705738441e-02
5.494505494505494414e-02
6.105006105006104827e-02
6.105006105006104827e-02
5.860805860805860801e-02
5.616605616605616774e-02
5.372405372405372748e-02
5.372405372405372748e-02
5.250305250305250387e-02
5.372405372405372748e-02
5.494505494505494414e-02
5.128205128205128027e-02
5.128205128205128027e-02
4.395604395604395948e-02
6.105006105006104827e-02
5.372405372405372748e-02
5.982905982905983161e-02
5.860805860805860801e-02
6.105006105006104827e-02
5.860805860805860801e-02
5.372405372405372748e-02
6.349206349206348854e-02
5.738705738705738441e-02
5.738705738705738441e-02
5.738705738705738441e-02
5.982905982905983161e-02
5.494505494505494414e-02
4.761904761904761640e-02
5.860805860805860801e-02
5.372405372405372748e-02
5.494505494505494414e-02
5.128205128205128027e-02
5.494505494505494414e-02
4.884004884004884001e-02
4.761904761904761640e-02
5.372405372405372748e-02
5.616605616605616774e-02
5.982905982905983161e-02
5.128205128205128027e-02
4.639804639804639974e-02
4.884004884004884001e-02
4.761904761904761640e-02
5.494505494505494414e-02
4.761904761904761640e-02
5.494505494505494414e-02
5.494505494505494414e-02
5.738705738705738441e-02
6.227106227106227188e-02
5.128205128205128027e-02
5.250305250305250387e-02
5.494505494505494414e-02
5.372405372405372748e-02
5.006105006105006361e-02
5.372405372405372748e-02
5.494505494505494414e-02
5.494505494505494414e-02
5.860805860805860801e-02
5.250305250305250387e-02
5.250305250305250387e-02
5.250305250305250387e-02
5.616605616605616774e-02
5.982905982905983161e-02
5.616605616605616774e-02
5.860805860805860801e-02
5.494505494505494414e-02
5.250305250305250387e-02
5.982905982905983161e-02
5.128205128205128027e-02
5.860805860805860801e-02
4.639804639804639974e-02
5.494505494505494414e-02
6.105006105006104827e-02
5.250305250305250387e-02
6.105006105006104827e-02
5.250305250305250387e-02
5.006105006105006361e-02
5.616605616605616774e-02
5.860805860805860801e-02
5.982905982905983161e-02
5.982905982905983161e-02
6.715506715506715241e-02
5.616605616605616774e-02
5.006105006105006361e-02
5.372405372405372748e-02
4.517704517704517614e-02
5.250305250305250387e-02
4.639804639804639974e-02
5.372405372405372748e-02
4.639804639804639974e-02
4.884004884004884001e-02
5.372405372405372748e-02
5.006105006105006361e-02
5.494505494505494414e-02
4.517704517704517614e-02
4.273504273504273587e-02
4.884004884004884001e-02
4.639804639804639974e-02
4.639804639804639974e-02
5.128205128205128027e-02
5.860805860805860801e-02
4.761904761904761640e-02
4.639804639804639974e-02
5.250305250305250387e-02
5.006105006105006361e-02
4.273504273504273587e-02
4.395604395604395948e-02
5.128205128205128027e-02
5.006105006105006361e-02
4.884004884004884001e-02
4.884004884004884001e-02
4.884004884004884001e-02
5.128205128205128027e-02
