1.000000000000000000e+00
8.495297805642633149e-01
8.275862068965517127e-01
7.586206896551723755e-01
7.492163009404388951e-01
7.147335423197491711e-01
7.053291536050156907e-01
6.645768025078370167e-01
6.739811912225704971e-01
6.990595611285266298e-01
6.551724137931034253e-01
6.583072100313479558e-01
6.363636363636363535e-01
6.708463949843259666e-01
6.457680250783699449e-01
5.924764890282131491e-01
6.018808777429467405e-01
6.081504702194356904e-01
5.736677115987460773e-01
6.081504702194356904e-01
5.360501567398119338e-01
5.924764890282131491e-01
5.360501567398119338e-01
5.454545454545454142e-01
5.423197492163009947e-01
5.360501567398119338e-01
5.203761755485893925e-01
5.015673981191222097e-01
5.391849529780564643e-01
5.266457680250783424e-01
4.545454545454545303e-01
5.109717868338558011e-01
5.141065830721003316e-01
4.702194357366771271e-01
5.015673981191222097e-01
4.670846394984325967e-01
4.702194357366771271e-01
4.921630094043887294e-01
4.827586206896551935e-01
4.952978056426332043e-01
4.733542319749216576e-01
4.514106583072100554e-01
4.420062695924764640e-01
4.420062695924764640e-01
4.231974921630093922e-01
4.012539184952977900e-01
4.075235109717868509e-01
4.545454545454545303e-01
4.545454545454545303e-01
4.200626959247649173e-01
4.326018808777429281e-01
4.137931034482758563e-01
3.730407523510971823e-01
4.294670846394984531e-01
3.918495297805642541e-01
3.981191222570533150e-01
4.388714733542319890e-01
4.137931034482758563e-01
3.887147335423197236e-01
3.761755485893417128e-01
3.699059561128526519e-01
3.573667711598745855e-01
3.761755485893417128e-01
3.510971786833855801e-01
3.416927899686520442e-01
3.291536050156739779e-01
3.699059561128526519e-01
3.667711598746081769e-01
3.699059561128526519e-01
3.605015673981191160e-01
3.385579937304075138e-01
3.416927899686520442e-01
3.699059561128526519e-01
3.416927899686520442e-01
3.354231974921629833e-01
3.479623824451410496e-01
3.416927899686520442e-01
3.542319749216301106e-01
3.166144200626959115e-01
3.166144200626959115e-01
3.134796238244514366e-01
3.134796238244514366e-01
3.416927899686520442e-01
3.416927899686520442e-01
3.197492163009404420e-01
3.009404388714733702e-01
3.354231974921629833e-01
3.166144200626959115e-01
3.385579937304075138e-01
2.884012539184953039e-01
3.040752351097178452e-01
2.727272727272727071e-01
2.978056426332288398e-01
2.664576802507837017e-01
3.040752351097178452e-01
2.789968652037617680e-01
2.978056426332288398e-01
3.009404388714733702e-01
2.884012539184953039e-01
2.695924764890282321e-01
2.445141065830720994e-01
2.633228840125391712e-01
2.476489028213166022e-01
2.852664576802507734e-01
2.852664576802507734e-01
2.695924764890282321e-01
2.946708463949843093e-01
2.539184952978056353e-01
2.852664576802507734e-01
2.570532915360501658e-01
2.695924764890282321e-01
2.445141065830720994e-01
2.727272727272727071e-01
2.131661442006269613e-01
2.351097178683385636e-01
3.009404388714733702e-01
2.351097178683385636e-01
2.382445141065830663e-01
2.257053291536050277e-01
2.382445141065830663e-01
2.382445141065830663e-01
2.225705329153604972e-01
2.507836990595611049e-01
2.100313479623824586e-01
2.382445141065830663e-01
2.319749216300940331e-01
2.225705329153604972e-01
2.006269592476488950e-01
2.006269592476488950e-01
1.943573667711598618e-01
2.068965517241379282e-01
2.037617554858934255e-01
1.786833855799372928e-01
2.225705329153604972e-01
1.818181818181818232e-01
2.194357366771159945e-01
2.131661442006269613e-01
2.225705329153604972e-01
2.037617554858934255e-01
1.661442006269592542e-01
2.068965517241379282e-01
1.849529780564263259e-01
2.163009404388714640e-01
2.068965517241379282e-01
2.225705329153604972e-01
2.006269592476488950e-01
1.755485893416927901e-01
2.194357366771159945e-01
1.786833855799372928e-01
1.849529780564263259e-01
1.818181818181818232e-01
1.912225705329153591e-01
2.006269592476488950e-01
1.880877742946708564e-01
1.974921630094043923e-01
1.755485893416927901e-01
1.786833855799372928e-01
1.755485893416927901e-01
2.037617554858934255e-01
2.006269592476488950e-01
2.068965517241379282e-01
1.974921630094043923e-01
2.037617554858934255e-01
1.786833855799372928e-01
1.849529780564263259e-01
1.912225705329153591e-01
1.818181818181818232e-01
1.786833855799372928e-01
1.849529780564263259e-01
1.880877742946708564e-01
1.724137931034482873e-01
1.818181818181818232e-01
1.755485893416927901e-01
1.724137931034482873e-01
1.692789968652037569e-01
1.786833855799372928e-01
1.912225705329153591e-01
2.194357366771159945e-01
2.006269592476488950e-01
1.786833855799372928e-01
1.786833855799372928e-01
2.068965517241379282e-01
1.661442006269592542e-01
1.724137931034482873e-01
1.786833855799372928e-01
1.630094043887147237e-01
1.379310344827586188e-01
1.786833855799372928e-01
1.504702194357366851e-01
1.818181818181818232e-01
1.661442006269592542e-01
1.504702194357366851e-01
1.504702194357366851e-01
1.316614420062695856e-01
1.504702194357366851e-01
1.661442006269592542e-01
1.661442006269592542e-01
1.849529780564263259e-01
1.724137931034482873e-01
1.504702194357366851e-01
1.630094043887147237e-01
1.442006269592476519e-01
1.379310344827586188e-01
1.473354231974921547e-01
1.536050156739811878e-01
1.536050156739811878e-01
1.661442006269592542e-01
1.410658307210031215e-01
1.567398119122257183e-01
1.285266457680250829e-01
1.285266457680250829e-01
1.442006269592476519e-01
1.379310344827586188e-01
1.504702194357366851e-01
1.567398119122257183e-01
1.630094043887147237e-01
1.818181818181818232e-01
1.630094043887147237e-01
1.630094043887147237e-01
1.410658307210031215e-01
1.410658307210031215e-01
1.536050156739811878e-01
1.692789968652037569e-01
1.536050156739811878e-01
1.504702194357366851e-01
1.473354231974921547e-01
1.567398119122257183e-01
1.473354231974921547e-01
1.285266457680250829e-01
1.567398119122257183e-01
1.598746081504702210e-01
1.692789968652037569e-01
1.818181818181818232e-01
1.347962382445141161e-01
1.473354231974921547e-01
1.442006269592476519e-01
1.536050156739811878e-01
1.442006269592476519e-01
1.379310344827586188e-01
1.410658307210031215e-01
1.536050156739811878e-01
1.567398119122257183e-01
1.536050156739811878e-01
1.316614420062695856e-01
1.347962382445141161e-01
1.410658307210031215e-01
1.410658307210031215e-01
1.504702194357366851e-01
1.473354231974921547e-01
1.379310344827586188e-01
1.222570532915360497e-01
1.253918495297805524e-01
1.379310344827586188e-01
1.285266457680250829e-01
1.442006269592476519e-01
1.536050156739811878e-01
1.536050156739811878e-01
1.567398119122257183e-01
1.347962382445141161e-01
1.567398119122257183e-01
1.379310344827586188e-01
1.410658307210031215e-01
1.410658307210031215e-01
1.347962382445141161e-01
1.347962382445141161e-01
1.316614420062695856e-01
1.191222570532915331e-01
1.191222570532915331e-01
1.191222570532915331e-01
1.285266457680250829e-01
9.717868338557993091e-02
1.097178683385579973e-01
1.285266457680250829e-01
1.003134796238244475e-01
1.128526645768025138e-01
1.128526645768025138e-01
1.097178683385579973e-01
1.347962382445141161e-01
1.285266457680250829e-01
1.128526645768025138e-01
1.065830721003134807e-01
1.159874608150470165e-01
1.097178683385579973e-01
1.065830721003134807e-01
1.003134796238244475e-01
1.191222570532915331e-01
1.222570532915360497e-01
1.159874608150470165e-01
1.222570532915360497e-01
1.159874608150470165e-01
1.159874608150470165e-01
1.253918495297805524e-01
1.191222570532915331e-01
1.316614420062695856e-01
1.097178683385579973e-01
1.316614420062695856e-01
8.463949843260187844e-02
1.253918495297805524e-01
1.316614420062695856e-01
1.159874608150470165e-01
1.034482758620689641e-01
1.065830721003134807e-01
1.128526645768025138e-01
1.034482758620689641e-01
9.404388714733542820e-02
9.404388714733542820e-02
1.003134796238244475e-01
1.222570532915360497e-01
1.034482758620689641e-01
9.404388714733542820e-02
9.404388714733542820e-02
1.003134796238244475e-01
1.065830721003134807e-01
1.222570532915360497e-01
9.404388714733542820e-02
1.128526645768025138e-01
1.159874608150470165e-01
1.097178683385579973e-01
1.222570532915360497e-01
1.034482758620689641e-01
1.003134796238244475e-01
1.222570532915360497e-01
1.097178683385579973e-01
1.065830721003134807e-01
1.034482758620689641e-01
9.717868338557993091e-02
1.128526645768025138e-01
8.777429467084639503e-02
1.159874608150470165e-01
1.097178683385579973e-01
1.003134796238244475e-01
1.065830721003134807e-01
9.404388714733542820e-02
1.128526645768025138e-01
1.191222570532915331e-01
1.003134796238244475e-01
8.777429467084639503e-02
8.777429467084639503e-02
1.065830721003134807e-01
1.159874608150470165e-01
9.717868338557993091e-02
9.404388714733542820e-02
8.463949843260187844e-02
8.777429467084639503e-02
1.003134796238244475e-01
1.065830721003134807e-01
8.777429467084639503e-02
7.523510971786834256e-02
9.404388714733542820e-02
1.034482758620689641e-01
9.717868338557993091e-02
9.717868338557993091e-02
8.150470219435736186e-02
9.404388714733542820e-02
8.777429467084639503e-02
8.777429467084639503e-02
9.404388714733542820e-02
1.034482758620689641e-01
1.003134796238244475e-01
1.065830721003134807e-01
9.090909090909091161e-02
9.404388714733542820e-02
1.034482758620689641e-01
8.463949843260187844e-02
9.717868338557993091e-02
1.065830721003134807e-01
1.034482758620689641e-01
1.034482758620689641e-01
1.034482758620689641e-01
9.404388714733542820e-02
1.034482758620689641e-01
1.097178683385579973e-01
1.065830721003134807e-01
1.128526645768025138e-01
9.090909090909091161e-02
8.150470219435736186e-02
8.777429467084639503e-02
8.463949843260187844e-02
8.777429467084639503e-02
8.463949843260187844e-02
9.090909090909091161e-02
8.150470219435736186e-02
8.777429467084639503e-02
7.836990595611285915e-02
6.896551724137930939e-02
9.090909090909091161e-02
7.836990595611285915e-02
7.210031347962382597e-02
1.128526645768025138e-01
9.090909090909091161e-02
7.836990595611285915e-02
8.777429467084639503e-02
7.210031347962382597e-02
9.090909090909091161e-02
9.404388714733542820e-02
1.003134796238244475e-01
8.150470219435736186e-02
7.836990595611285915e-02
8.150470219435736186e-02
8.150470219435736186e-02
6.896551724137930939e-02
