1.000000000000000000e+00
8.556933483652762185e-01
8.105975197294250645e-01
8.151071025930101133e-01
8.320180383314543793e-01
7.790304396843291679e-01
8.072153325817361669e-01
7.339346110484780139e-01
7.181510710259301211e-01
6.989853438556933307e-01
7.181510710259301211e-01
6.662908680947012829e-01
6.764374295377677537e-01
6.662908680947012829e-01
6.516347237880496523e-01
6.685456595264938073e-01
6.403607666290868083e-01
6.054114994363021252e-01
5.941375422773393922e-01
6.020293122886133386e-01
6.133032694475760715e-01
5.975197294250281788e-01
5.467869222096956028e-01
5.783540022547913884e-01
5.772266065388951262e-01
5.636978579481397578e-01
5.603156708004509712e-01
5.434047350620068162e-01
5.591882750845547090e-01
5.479143179255918650e-01
5.276211950394588124e-01
4.847801578354002383e-01
4.971815107102592890e-01
4.983089064261556067e-01
4.825253664036076584e-01
4.689966178128522900e-01
4.746335963923337120e-01
4.780157835400225541e-01
4.543404735062006594e-01
4.329199549041713446e-01
4.374295377677565044e-01
4.284103720405862403e-01
4.193912063134160317e-01
4.216459977452085561e-01
4.081172491544531877e-01
4.227733934611048738e-01
4.148816234498308719e-01
3.889515219842164528e-01
4.002254791431792413e-01
3.900789177001127150e-01
3.754227733934610844e-01
3.720405862457722423e-01
3.461104847801578233e-01
3.393461104847801391e-01
3.573844419391206118e-01
3.788049605411499265e-01
3.540022547914317697e-01
3.382187147688838769e-01
3.404735062006764568e-01
3.382187147688838769e-01
3.077790304396843535e-01
3.427282976324689812e-01
3.314543404735061927e-01
3.370913190529876147e-01
3.179255918827508243e-01
3.201803833145434042e-01
3.100338218714768779e-01
3.066516347237880358e-01
3.122886133032694578e-01
2.863585118376550387e-01
2.919954904171364052e-01
2.987598647125140894e-01
2.717023675310034081e-01
2.818489289740698789e-01
2.897406989853438808e-01
2.807215332581736167e-01
2.852311161217587210e-01
2.795941375422773545e-01
2.638105975197294062e-01
2.581736189402480397e-01
2.468996617812852234e-01
2.638105975197294062e-01
2.570462232243517220e-01
2.739571589627959325e-01
2.570462232243517220e-01
2.367531003382187249e-01
2.435174746335963814e-01
2.457722660653889613e-01
2.401352874859075670e-01
2.390078917700112771e-01
2.547914317925591976e-01
2.423900789177001192e-01
2.390078917700112771e-01
2.198421645997745144e-01
2.311161217587373307e-01
2.063134160090191738e-01
2.198421645997745144e-01
2.006764374295377795e-01
2.187147688838782522e-01
2.187147688838782522e-01
2.018038331454340417e-01
2.142051860202931202e-01
2.096956031567080159e-01
2.006764374295377795e-01
2.085682074408117259e-01
1.905298759864712532e-01
1.950394588500563575e-01
1.905298759864712532e-01
1.972942502818489374e-01
1.679819616685456485e-01
1.905298759864712532e-01
1.916572717023675432e-01
1.657271702367530963e-01
1.815107102593010169e-01
1.792559188275084647e-01
1.657271702367530963e-01
1.634723788049605442e-01
1.679819616685456485e-01
1.634723788049605442e-01
1.691093573844419384e-01
1.544532130777903078e-01
1.679819616685456485e-01
1.612175873731679920e-01
1.724915445321307805e-01
1.521984216459977557e-01
1.634723788049605442e-01
1.600901916572717021e-01
1.499436302142051758e-01
1.499436302142051758e-01
1.713641488162344906e-01
1.668545659526493863e-01
1.488162344983089136e-01
1.443066516347237815e-01
1.544532130777903078e-01
1.375422773393460973e-01
1.431792559188275193e-01
1.521984216459977557e-01
1.555806087936865978e-01
1.533258173618940179e-01
1.420518602029312294e-01
1.341600901916572830e-01
1.330326944757609930e-01
1.364148816234498351e-01
1.341600901916572830e-01
1.273957158962795988e-01
1.420518602029312294e-01
1.364148816234498351e-01
1.330326944757609930e-01
1.307779030439684409e-01
1.262683201803833088e-01
1.364148816234498351e-01
1.195039458850056385e-01
1.149943630214205204e-01
1.161217587373167964e-01
1.251409244644870467e-01
1.206313416009019146e-01
1.251409244644870467e-01
1.104847801578354022e-01
1.217587373167981907e-01
1.138669673055242443e-01
1.025930101465614419e-01
1.183765501691093625e-01
1.228861330326944806e-01
1.138669673055242443e-01
1.409244644870349394e-01
1.093573844419391261e-01
1.104847801578354022e-01
1.296505073280721509e-01
1.251409244644870467e-01
1.059751972942502840e-01
1.093573844419391261e-01
1.116121758737316783e-01
1.059751972942502840e-01
1.149943630214205204e-01
1.082299887260428362e-01
1.161217587373167964e-01
1.071025930101465601e-01
1.059751972942502840e-01
1.195039458850056385e-01
1.127395715896279543e-01
1.161217587373167964e-01
1.048478015783540079e-01
1.172491544532130725e-01
9.921082299887259981e-02
1.048478015783540079e-01
9.921082299887259981e-02
9.695603156708004766e-02
1.003382187147688898e-01
9.131905298759865341e-02
8.906426155580608739e-02
9.019165727170236346e-02
1.025930101465614419e-01
9.470124013528748164e-02
1.014656144306651658e-01
9.808342728297632374e-02
9.921082299887259981e-02
8.680947012401353524e-02
8.568207440811724529e-02
8.906426155580608739e-02
9.808342728297632374e-02
9.357384441939120556e-02
9.470124013528748164e-02
9.357384441939120556e-02
9.921082299887259981e-02
9.019165727170236346e-02
9.019165727170236346e-02
9.921082299887259981e-02
9.808342728297632374e-02
9.470124013528748164e-02
8.680947012401353524e-02
9.357384441939120556e-02
8.906426155580608739e-02
8.568207440811724529e-02
8.004509582863585104e-02
7.666290868094700894e-02
8.455467869222096922e-02
8.004509582863585104e-02
7.553551296505073287e-02
7.102593010146561470e-02
7.215332581736189077e-02
6.651634723788049652e-02
7.102593010146561470e-02
7.666290868094700894e-02
6.877113866967304867e-02
7.102593010146561470e-02
6.877113866967304867e-02
6.426155580608793050e-02
6.651634723788049652e-02
6.313416009019165442e-02
7.328072153325816684e-02
6.087936865839909534e-02
7.553551296505073287e-02
5.749718151071026018e-02
6.538895152198422045e-02
6.087936865839909534e-02
6.313416009019165442e-02
6.989853438556933862e-02
6.877113866967304867e-02
6.651634723788049652e-02
5.749718151071026018e-02
5.975197294250281926e-02
5.975197294250281926e-02
5.073280721533258292e-02
5.975197294250281926e-02
5.411499436302141808e-02
4.735062006764374082e-02
5.862457722660653625e-02
4.396843291995490566e-02
5.186020293122885899e-02
5.862457722660653625e-02
5.073280721533258292e-02
5.073280721533258292e-02
5.073280721533258292e-02
5.298759864712514200e-02
4.284103720405862264e-02
4.058624577226606356e-02
4.847801578354002383e-02
4.509582863585118173e-02
3.833145434047350447e-02
4.847801578354002383e-02
5.298759864712514200e-02
4.622322435174746474e-02
4.509582863585118173e-02
4.396843291995490566e-02
4.509582863585118173e-02
4.396843291995490566e-02
5.186020293122885899e-02
4.171364148816234657e-02
5.524239007891770109e-02
4.960541149943629990e-02
4.735062006764374082e-02
4.058624577226606356e-02
4.284103720405862264e-02
4.847801578354002383e-02
4.509582863585118173e-02
4.171364148816234657e-02
4.847801578354002383e-02
3.945885005636978748e-02
4.284103720405862264e-02
3.607666290868094539e-02
4.622322435174746474e-02
4.509582863585118173e-02
4.396843291995490566e-02
3.494926719278466931e-02
3.720405862457722840e-02
4.735062006764374082e-02
4.171364148816234657e-02
4.960541149943629990e-02
4.509582863585118173e-02
4.396843291995490566e-02
4.847801578354002383e-02
4.058624577226606356e-02
4.960541149943629990e-02
3.833145434047350447e-02
3.720405862457722840e-02
4.847801578354002383e-02
4.960541149943629990e-02
4.622322435174746474e-02
4.735062006764374082e-02
3.607666290868094539e-02
3.607666290868094539e-02
4.396843291995490566e-02
4.284103720405862264e-02
4.284103720405862264e-02
3.720405862457722840e-02
4.396843291995490566e-02
3.720405862457722840e-02
3.720405862457722840e-02
4.058624577226606356e-02
4.396843291995490566e-02
3.720405862457722840e-02
3.833145434047350447e-02
3.494926719278466931e-02
4.284103720405862264e-02
4.396843291995490566e-02
4.284103720405862264e-02
4.284103720405862264e-02
4.171364148816234657e-02
3.720405862457722840e-02
3.607666290868094539e-02
3.269447576099211022e-02
2.818489289740698858e-02
3.833145434047350447e-02
3.382187147688838630e-02
4.284103720405862264e-02
4.396843291995490566e-02
3.607666290868094539e-02
3.945885005636978748e-02
4.058624577226606356e-02
4.396843291995490566e-02
3.269447576099211022e-02
4.058624577226606356e-02
4.509582863585118173e-02
3.382187147688838630e-02
3.607666290868094539e-02
3.156708004509582721e-02
3.833145434047350447e-02
2.818489289740698858e-02
3.720405862457722840e-02
4.058624577226606356e-02
3.494926719278466931e-02
3.043968432919954767e-02
3.720405862457722840e-02
3.945885005636978748e-02
2.705749718151070904e-02
3.043968432919954767e-02
2.593010146561442950e-02
2.705749718151070904e-02
3.043968432919954767e-02
3.043968432919954767e-02
2.480270574971814995e-02
2.818489289740698858e-02
2.367531003382187041e-02
3.156708004509582721e-02
2.367531003382187041e-02
2.705749718151070904e-02
4.058624577226606356e-02
3.043968432919954767e-02
3.833145434047350447e-02
3.156708004509582721e-02
3.043968432919954767e-02
3.043968432919954767e-02
2.818489289740698858e-02
3.833145434047350447e-02
3.494926719278466931e-02
3.720405862457722840e-02
3.382187147688838630e-02
2.931228861330326813e-02
3.494926719278466931e-02
2.818489289740698858e-02
4.171364148816234657e-02
3.720405862457722840e-02
3.043968432919954767e-02
2.593010146561442950e-02
3.833145434047350447e-02
2.931228861330326813e-02
2.931228861330326813e-02
3.494926719278466931e-02
3.156708004509582721e-02
3.607666290868094539e-02
3.156708004509582721e-02
3.269447576099211022e-02
3.156708004509582721e-02
2.818489289740698858e-02
3.156708004509582721e-02
2.593010146561442950e-02
2.254791431792559087e-02
2.367531003382187041e-02
3.382187147688838630e-02
4.284103720405862264e-02
3.156708004509582721e-02
3.494926719278466931e-02
2.818489289740698858e-02
3.720405862457722840e-02
3.494926719278466931e-02
2.818489289740698858e-02
3.945885005636978748e-02
3.494926719278466931e-02
3.833145434047350447e-02
2.931228861330326813e-02
3.720405862457722840e-02
