1.000000000000000000e+00
9.208633093525180335e-01
8.369304556354916214e-01
8.824940047961630230e-01
8.225419664268585063e-01
8.513189448441247364e-01
8.681055155875300189e-01
8.752997601918465209e-01
7.913669064748201087e-01
8.009592326139088891e-01
7.961630695443645545e-01
7.697841726618704916e-01
7.577937649880095439e-01
7.913669064748201087e-01
7.218225419664268117e-01
7.194244604316546443e-01
7.098321342925659749e-01
7.122302158273381423e-01
6.978417266187050272e-01
7.434052757793765398e-01
6.858513189448440794e-01
6.738609112709832427e-01
7.122302158273381423e-01
7.386091127098320941e-01
7.170263788968824770e-01
6.594724220623501276e-01
6.450839328537170125e-01
6.450839328537170125e-01
6.474820143884891799e-01
5.899280575539568305e-01
5.923261390887289979e-01
6.258992805755395628e-01
5.731414868105515481e-01
6.498800959232613472e-01
6.043165467625899456e-01
6.139088729016786150e-01
6.258992805755395628e-01
6.043165467625899456e-01
5.683453237410072134e-01
5.659472422062350461e-01
6.139088729016786150e-01
6.019184652278177783e-01
5.563549160671462657e-01
6.091127098321342803e-01
6.139088729016786150e-01
5.803357314148680501e-01
6.187050359712230607e-01
5.635491606714628787e-01
5.779376498800958828e-01
5.131894484412470314e-01
5.395683453237409832e-01
5.611510791366906004e-01
5.611510791366906004e-01
5.419664268585131506e-01
5.923261390887289979e-01
5.179856115107913661e-01
5.347721822541966485e-01
5.659472422062350461e-01
5.539568345323740983e-01
5.443645083932853179e-01
5.731414868105515481e-01
5.635491606714628787e-01
5.467625899280575963e-01
5.539568345323740983e-01
5.443645083932853179e-01
5.467625899280575963e-01
5.227817745803357008e-01
5.275779376498801465e-01
4.868105515587530241e-01
5.107913669064748641e-01
5.347721822541966485e-01
5.299760191846523139e-01
5.227817745803357008e-01
5.107913669064748641e-01
5.155875299760191988e-01
5.539568345323740983e-01
5.035971223021582510e-01
5.107913669064748641e-01
5.107913669064748641e-01
5.011990407673860837e-01
5.203836930455635335e-01
4.988009592326139163e-01
5.443645083932853179e-01
5.179856115107913661e-01
5.131894484412470314e-01
4.796163069544364665e-01
5.275779376498801465e-01
4.748201438848920763e-01
4.988009592326139163e-01
4.364508393285371768e-01
4.700239808153477417e-01
4.604316546762590168e-01
4.988009592326139163e-01
4.580335731414867939e-01
4.868105515587530241e-01
4.652278177458033515e-01
4.316546762589927866e-01
4.484412470023980690e-01
4.460431654676259017e-01
4.340527577937650094e-01
4.172661870503597270e-01
4.340527577937650094e-01
4.532374100719424592e-01
4.532374100719424592e-01
4.148681055155875042e-01
4.172661870503597270e-01
4.364508393285371768e-01
4.244604316546762846e-01
4.268585131894484519e-01
4.052757793764987793e-01
4.076738609112710021e-01
4.316546762589927866e-01
3.908872901678657197e-01
4.148681055155875042e-01
4.460431654676259017e-01
4.292565947242206192e-01
4.100719424460431695e-01
4.364508393285371768e-01
4.268585131894484519e-01
3.980815347721822772e-01
4.220623501199040617e-01
3.932853717026378870e-01
3.597122302158273222e-01
4.004796163069544446e-01
3.908872901678657197e-01
4.052757793764987793e-01
3.836930455635491621e-01
3.525179856115107646e-01
4.460431654676259017e-01
3.477218225419664299e-01
3.764988009592326046e-01
3.717026378896882699e-01
3.597122302158273222e-01
3.309352517985611475e-01
3.237410071942445899e-01
3.405275779376498724e-01
3.285371702637889801e-01
2.949640287769784153e-01
3.213429256594724226e-01
3.213429256594724226e-01
2.997601918465228055e-01
3.213429256594724226e-01
3.333333333333333148e-01
3.021582733812949728e-01
3.237410071942445899e-01
2.925659472422062479e-01
2.901678657074340251e-01
2.997601918465228055e-01
2.901678657074340251e-01
3.093525179856115304e-01
2.925659472422062479e-01
3.333333333333333148e-01
3.117505995203836977e-01
3.141486810551558650e-01
2.925659472422062479e-01
3.165467625899280324e-01
2.973621103117505826e-01
3.309352517985611475e-01
3.261390887290168128e-01
3.669064748201438797e-01
3.117505995203836977e-01
3.141486810551558650e-01
3.213429256594724226e-01
3.525179856115107646e-01
3.285371702637889801e-01
3.285371702637889801e-01
3.165467625899280324e-01
3.381294964028777050e-01
3.141486810551558650e-01
3.429256594724220397e-01
3.285371702637889801e-01
3.309352517985611475e-01
3.237410071942445899e-01
3.357314148681055377e-01
3.093525179856115304e-01
3.117505995203836977e-01
3.165467625899280324e-01
3.069544364508393075e-01
3.093525179856115304e-01
2.853717026378896904e-01
3.117505995203836977e-01
3.021582733812949728e-01
3.237410071942445899e-01
3.093525179856115304e-01
3.045563549160671402e-01
3.117505995203836977e-01
3.045563549160671402e-01
3.261390887290168128e-01
2.997601918465228055e-01
3.333333333333333148e-01
3.069544364508393075e-01
3.477218225419664299e-01
3.333333333333333148e-01
2.997601918465228055e-01
3.093525179856115304e-01
3.021582733812949728e-01
2.901678657074340251e-01
3.069544364508393075e-01
2.877697841726618577e-01
3.021582733812949728e-01
2.973621103117505826e-01
3.093525179856115304e-01
3.261390887290168128e-01
3.405275779376498724e-01
2.949640287769784153e-01
3.357314148681055377e-01
2.805755395683453002e-01
2.997601918465228055e-01
3.117505995203836977e-01
2.733812949640287981e-01
2.733812949640287981e-01
2.781774580335731328e-01
2.637889688249400733e-01
3.165467625899280324e-01
3.093525179856115304e-01
2.877697841726618577e-01
2.781774580335731328e-01
2.733812949640287981e-01
2.757793764988009655e-01
2.949640287769784153e-01
2.997601918465228055e-01
2.997601918465228055e-01
2.973621103117505826e-01
2.877697841726618577e-01
2.973621103117505826e-01
2.757793764988009655e-01
2.661870503597122406e-01
2.853717026378896904e-01
2.877697841726618577e-01
2.685851318944844079e-01
2.829736211031175230e-01
2.709832134292565753e-01
2.685851318944844079e-01
2.685851318944844079e-01
2.517985611510791255e-01
2.470023980815347631e-01
2.541966426858512929e-01
2.470023980815347631e-01
2.637889688249400733e-01
2.038369304556355011e-01
2.374100719424460382e-01
2.302158273381295084e-01
2.494004796163069582e-01
2.422062350119904006e-01
2.422062350119904006e-01
2.326139088729016757e-01
2.398081534772182333e-01
2.182254196642685884e-01
2.206235011990407557e-01
2.326139088729016757e-01
2.302158273381295084e-01
2.134292565947242259e-01
2.182254196642685884e-01
2.062350119904076684e-01
2.134292565947242259e-01
2.182254196642685884e-01
1.942446043165467762e-01
2.254196642685851182e-01
2.254196642685851182e-01
2.158273381294963933e-01
2.422062350119904006e-01
2.062350119904076684e-01
2.302158273381295084e-01
2.230215827338129508e-01
2.230215827338129508e-01
2.062350119904076684e-01
2.086330935251798635e-01
2.422062350119904006e-01
2.350119904076738708e-01
2.206235011990407557e-01
2.350119904076738708e-01
2.134292565947242259e-01
2.302158273381295084e-01
2.230215827338129508e-01
1.822541966426858562e-01
2.182254196642685884e-01
2.086330935251798635e-01
2.230215827338129508e-01
2.062350119904076684e-01
2.038369304556355011e-01
1.966426858513189435e-01
1.966426858513189435e-01
2.110311750599520308e-01
1.966426858513189435e-01
1.894484412470023860e-01
1.798561151079136611e-01
1.918465227817745811e-01
1.846522781774580235e-01
1.678657074340527688e-01
1.990407673860911386e-01
1.990407673860911386e-01
1.918465227817745811e-01
2.134292565947242259e-01
2.086330935251798635e-01
2.110311750599520308e-01
1.942446043165467762e-01
2.014388489208633060e-01
1.870503597122302186e-01
1.822541966426858562e-01
1.990407673860911386e-01
1.750599520383692986e-01
1.846522781774580235e-01
1.774580335731414937e-01
1.750599520383692986e-01
2.014388489208633060e-01
1.798561151079136611e-01
1.822541966426858562e-01
2.014388489208633060e-01
1.822541966426858562e-01
1.750599520383692986e-01
1.918465227817745811e-01
1.894484412470023860e-01
1.702637889688249362e-01
1.750599520383692986e-01
1.918465227817745811e-01
1.990407673860911386e-01
1.750599520383692986e-01
1.846522781774580235e-01
1.870503597122302186e-01
2.038369304556355011e-01
1.990407673860911386e-01
1.870503597122302186e-01
1.846522781774580235e-01
1.678657074340527688e-01
1.798561151079136611e-01
1.702637889688249362e-01
1.654676258992805737e-01
1.678657074340527688e-01
1.630695443645084064e-01
1.702637889688249362e-01
1.534772182254196538e-01
1.678657074340527688e-01
1.750599520383692986e-01
1.750599520383692986e-01
1.702637889688249362e-01
1.558752997601918489e-01
1.510791366906474864e-01
1.558752997601918489e-01
1.750599520383692986e-01
1.918465227817745811e-01
1.534772182254196538e-01
1.702637889688249362e-01
1.678657074340527688e-01
1.750599520383692986e-01
1.702637889688249362e-01
1.750599520383692986e-01
1.966426858513189435e-01
1.510791366906474864e-01
1.846522781774580235e-01
1.582733812949640162e-01
1.678657074340527688e-01
1.678657074340527688e-01
1.606714628297362113e-01
1.798561151079136611e-01
1.606714628297362113e-01
1.678657074340527688e-01
1.606714628297362113e-01
1.582733812949640162e-01
1.822541966426858562e-01
1.702637889688249362e-01
1.726618705035971313e-01
1.630695443645084064e-01
1.654676258992805737e-01
1.702637889688249362e-01
1.486810551558752913e-01
1.678657074340527688e-01
1.846522781774580235e-01
1.726618705035971313e-01
1.774580335731414937e-01
1.678657074340527688e-01
1.894484412470023860e-01
1.702637889688249362e-01
1.846522781774580235e-01
1.414868105515587615e-01
1.798561151079136611e-01
1.606714628297362113e-01
1.702637889688249362e-01
1.846522781774580235e-01
1.534772182254196538e-01
1.534772182254196538e-01
1.606714628297362113e-01
1.678657074340527688e-01
1.534772182254196538e-01
1.630695443645084064e-01
1.606714628297362113e-01
1.654676258992805737e-01
1.462829736211031240e-01
1.606714628297362113e-01
1.750599520383692986e-01
1.534772182254196538e-01
1.582733812949640162e-01
1.486810551558752913e-01
1.486810551558752913e-01
1.462829736211031240e-01
1.654676258992805737e-01
1.486810551558752913e-01
1.486810551558752913e-01
1.702637889688249362e-01
1.438848920863309289e-01
1.438848920863309289e-01
1.390887290167865664e-01
