1.000000000000000000e+00
7.482837528604119326e-01
7.231121281464530925e-01
6.956521739130434590e-01
6.773455377574371106e-01
6.430205949656750963e-01
6.338672768878718111e-01
5.858123569794050356e-01
5.720823798627002743e-01
5.423340961098398472e-01
5.446224256292906407e-01
5.537757437070938149e-01
5.354691075514874665e-01
5.034324942791762458e-01
4.736842105263157632e-01
4.347826086956521618e-01
4.713958810068649696e-01
4.508009153318077722e-01
4.393592677345537489e-01
3.935926773455377670e-01
3.867276887871853308e-01
4.691075514874141761e-01
4.187643020594965515e-01
3.935926773455377670e-01
3.935926773455377670e-01
3.867276887871853308e-01
3.958810068649885605e-01
3.432494279176201424e-01
3.661327231121281334e-01
3.661327231121281334e-01
3.592677345537757527e-01
3.432494279176201424e-01
2.974828375286041049e-01
2.883295194508009307e-01
3.226544622425629449e-01
3.043478260869565410e-01
3.203661327231121514e-01
2.814645308924484945e-01
3.157894736842105088e-01
3.203661327231121514e-01
2.929061784897025178e-01
2.974828375286041049e-01
2.631578947368420907e-01
2.608695652173912971e-01
2.585812356979405036e-01
2.608695652173912971e-01
2.814645308924484945e-01
2.608695652173912971e-01
2.173913043478260809e-01
2.540045766590389165e-01
2.105263157894736725e-01
2.425629290617848932e-01
2.471395881006865081e-01
2.540045766590389165e-01
2.059496567505720854e-01
1.990846681922196770e-01
2.151029748283752874e-01
2.334096109839816913e-01
2.105263157894736725e-01
2.173913043478260809e-01
2.082379862700228790e-01
2.196796338672768745e-01
2.059496567505720854e-01
2.105263157894736725e-01
1.967963386727688835e-01
1.876430205949656815e-01
2.013729977116704706e-01
2.059496567505720854e-01
1.945080091533180899e-01
2.082379862700228790e-01
1.784897025171624796e-01
1.716247139588100712e-01
1.807780320366132731e-01
1.693363844393592776e-01
1.830663615560640667e-01
1.739130434782608647e-01
1.762013729977116583e-01
1.556064073226544608e-01
1.624713958810068692e-01
1.624713958810068692e-01
1.578947368421052544e-01
1.716247139588100712e-01
1.510297482837528737e-01
1.853546910755148880e-01
1.716247139588100712e-01
1.670480549199084563e-01
1.487414187643020524e-01
1.533180778032036673e-01
1.350114416475972634e-01
1.762013729977116583e-01
1.830663615560640667e-01
1.441647597254004654e-01
1.647597254004576628e-01
1.739130434782608647e-01
1.670480549199084563e-01
1.670480549199084563e-01
1.487414187643020524e-01
1.281464530892448550e-01
1.167048054919908456e-01
1.144164759725400521e-01
1.350114416475972634e-01
1.441647597254004654e-01
1.189931350114416531e-01
1.304347826086956486e-01
1.212814645308924466e-01
1.189931350114416531e-01
1.304347826086956486e-01
1.144164759725400521e-01
1.167048054919908456e-01
9.382151029748284077e-02
9.382151029748284077e-02
1.075514874141876437e-01
1.075514874141876437e-01
7.780320366132723042e-02
1.006864988558352353e-01
1.075514874141876437e-01
1.075514874141876437e-01
1.395881006864988505e-01
1.189931350114416531e-01
1.144164759725400521e-01
1.029748283752860427e-01
1.075514874141876437e-01
1.212814645308924466e-01
8.695652173913043237e-02
1.006864988558352353e-01
9.839816933638444174e-02
8.237986270022883140e-02
7.551487414187643687e-02
8.466819221967963882e-02
8.695652173913043237e-02
8.237986270022883140e-02
8.009153318077803785e-02
8.924485125858123979e-02
1.098398169336384372e-01
8.924485125858123979e-02
9.153318077803203334e-02
1.029748283752860427e-01
1.167048054919908456e-01
1.098398169336384372e-01
1.006864988558352353e-01
1.144164759725400521e-01
8.466819221967963882e-02
8.695652173913043237e-02
8.237986270022883140e-02
1.075514874141876437e-01
9.610983981693363432e-02
8.924485125858123979e-02
8.695652173913043237e-02
9.153318077803203334e-02
9.153318077803203334e-02
9.610983981693363432e-02
8.924485125858123979e-02
8.009153318077803785e-02
9.153318077803203334e-02
7.551487414187643687e-02
8.237986270022883140e-02
8.466819221967963882e-02
8.237986270022883140e-02
7.322654462242562945e-02
7.093821510297482202e-02
8.009153318077803785e-02
8.924485125858123979e-02
8.237986270022883140e-02
6.407322654462242750e-02
8.466819221967963882e-02
9.382151029748284077e-02
8.237986270022883140e-02
8.695652173913043237e-02
8.695652173913043237e-02
6.178489702517162702e-02
7.551487414187643687e-02
7.093821510297482202e-02
7.322654462242562945e-02
1.029748283752860427e-01
8.237986270022883140e-02
7.093821510297482202e-02
7.322654462242562945e-02
8.695652173913043237e-02
8.924485125858123979e-02
7.551487414187643687e-02
6.636155606407322105e-02
6.864988558352402848e-02
6.864988558352402848e-02
6.407322654462242750e-02
6.636155606407322105e-02
5.491990846681921862e-02
5.491990846681921862e-02
6.407322654462242750e-02
6.178489702517162702e-02
5.949656750572082653e-02
6.636155606407322105e-02
7.093821510297482202e-02
7.322654462242562945e-02
7.551487414187643687e-02
8.695652173913043237e-02
8.009153318077803785e-02
6.178489702517162702e-02
6.407322654462242750e-02
7.551487414187643687e-02
5.491990846681921862e-02
7.322654462242562945e-02
5.491990846681921862e-02
6.407322654462242750e-02
5.949656750572082653e-02
5.491990846681921862e-02
6.178489702517162702e-02
7.093821510297482202e-02
8.009153318077803785e-02
6.864988558352402848e-02
5.491990846681921862e-02
6.864988558352402848e-02
7.093821510297482202e-02
7.093821510297482202e-02
5.720823798627002604e-02
5.720823798627002604e-02
5.491990846681921862e-02
5.491990846681921862e-02
6.178489702517162702e-02
5.263157894736841813e-02
5.034324942791761764e-02
3.661327231121281472e-02
3.890160183066361521e-02
5.034324942791761764e-02
3.890160183066361521e-02
4.347826086956521618e-02
4.118993135011441570e-02
4.118993135011441570e-02
3.890160183066361521e-02
4.805491990846681716e-02
5.491990846681921862e-02
4.347826086956521618e-02
3.890160183066361521e-02
4.347826086956521618e-02
4.118993135011441570e-02
4.347826086956521618e-02
5.720823798627002604e-02
4.347826086956521618e-02
5.491990846681921862e-02
5.263157894736841813e-02
4.576659038901601667e-02
4.118993135011441570e-02
4.576659038901601667e-02
2.517162471395880882e-02
3.203661327231121375e-02
4.805491990846681716e-02
4.118993135011441570e-02
4.805491990846681716e-02
4.805491990846681716e-02
4.118993135011441570e-02
3.432494279176201424e-02
3.661327231121281472e-02
3.432494279176201424e-02
4.118993135011441570e-02
4.118993135011441570e-02
3.661327231121281472e-02
3.661327231121281472e-02
5.034324942791761764e-02
4.805491990846681716e-02
5.263157894736841813e-02
5.263157894736841813e-02
4.118993135011441570e-02
3.661327231121281472e-02
4.805491990846681716e-02
4.118993135011441570e-02
4.576659038901601667e-02
4.118993135011441570e-02
3.661327231121281472e-02
4.805491990846681716e-02
2.974828375286041326e-02
3.890160183066361521e-02
3.890160183066361521e-02
3.203661327231121375e-02
3.432494279176201424e-02
3.432494279176201424e-02
4.576659038901601667e-02
4.576659038901601667e-02
4.118993135011441570e-02
4.805491990846681716e-02
4.118993135011441570e-02
4.576659038901601667e-02
3.203661327231121375e-02
4.805491990846681716e-02
4.118993135011441570e-02
3.890160183066361521e-02
3.890160183066361521e-02
4.805491990846681716e-02
3.203661327231121375e-02
2.974828375286041326e-02
4.347826086956521618e-02
5.949656750572082653e-02
5.034324942791761764e-02
4.576659038901601667e-02
5.949656750572082653e-02
5.263157894736841813e-02
4.347826086956521618e-02
4.576659038901601667e-02
4.576659038901601667e-02
3.890160183066361521e-02
3.432494279176201424e-02
3.432494279176201424e-02
2.745995423340960931e-02
3.661327231121281472e-02
3.432494279176201424e-02
3.661327231121281472e-02
4.118993135011441570e-02
4.347826086956521618e-02
4.805491990846681716e-02
3.890160183066361521e-02
4.347826086956521618e-02
3.432494279176201424e-02
3.661327231121281472e-02
3.432494279176201424e-02
4.118993135011441570e-02
4.118993135011441570e-02
3.432494279176201424e-02
2.974828375286041326e-02
2.745995423340960931e-02
2.745995423340960931e-02
2.517162471395880882e-02
3.661327231121281472e-02
2.745995423340960931e-02
2.517162471395880882e-02
3.203661327231121375e-02
2.974828375286041326e-02
3.432494279176201424e-02
3.432494279176201424e-02
2.517162471395880882e-02
2.517162471395880882e-02
2.288329519450800834e-02
1.601830663615560688e-02
2.745995423340960931e-02
2.517162471395880882e-02
2.059496567505720785e-02
2.974828375286041326e-02
3.203661327231121375e-02
3.203661327231121375e-02
4.118993135011441570e-02
3.203661327231121375e-02
2.974828375286041326e-02
3.432494279176201424e-02
2.288329519450800834e-02
3.203661327231121375e-02
3.432494279176201424e-02
3.432494279176201424e-02
3.432494279176201424e-02
2.288329519450800834e-02
2.059496567505720785e-02
2.288329519450800834e-02
2.288329519450800834e-02
2.745995423340960931e-02
2.974828375286041326e-02
2.288329519450800834e-02
2.745995423340960931e-02
1.601830663615560688e-02
2.517162471395880882e-02
2.745995423340960931e-02
1.601830663615560688e-02
2.059496567505720785e-02
2.745995423340960931e-02
2.288329519450800834e-02
3.203661327231121375e-02
2.288329519450800834e-02
2.974828375286041326e-02
1.830663615560640736e-02
2.517162471395880882e-02
2.974828375286041326e-02
2.974828375286041326e-02
2.974828375286041326e-02
2.974828375286041326e-02
2.974828375286041326e-02
2.745995423340960931e-02
1.830663615560640736e-02
2.745995423340960931e-02
2.745995423340960931e-02
2.974828375286041326e-02
2.745995423340960931e-02
2.517162471395880882e-02
1.830663615560640736e-02
3.203661327231121375e-02
2.059496567505720785e-02
2.745995423340960931e-02
2.517162471395880882e-02
1.830663615560640736e-02
2.517162471395880882e-02
2.288329519450800834e-02
2.059496567505720785e-02
2.974828375286041326e-02
2.745995423340960931e-02
4.118993135011441570e-02
4.805491990846681716e-02
2.745995423340960931e-02
2.517162471395880882e-02
4.118993135011441570e-02
3.890160183066361521e-02
2.517162471395880882e-02
2.288329519450800834e-02
3.203661327231121375e-02
2.745995423340960931e-02
2.059496567505720785e-02
2.745995423340960931e-02
3.203661327231121375e-02
