1.000000000000000000e+00
8.458445040214477295e-01
8.163538873994637957e-01
7.935656836461125740e-01
7.225201072386059353e-01
7.426273458445040720e-01
7.104557640750670533e-01
7.171581769436997655e-01
6.903485254691689166e-01
6.997319034852547137e-01
6.823056300268096619e-01
6.568364611260053554e-01
6.635388739946380676e-01
6.219839142091152517e-01
6.045576407506701999e-01
6.380697050938337611e-01
5.831099195710456318e-01
5.898123324396782330e-01
5.670241286863271224e-01
5.375335120643431885e-01
5.495978552278820706e-01
5.160857908847185094e-01
5.294906166219839339e-01
4.798927613941018633e-01
5.013404825737265424e-01
5.053619302949061698e-01
4.624664879356568115e-01
4.906166219839142029e-01
4.973190348525469151e-01
4.611260053619302690e-01
4.785522788203753208e-01
4.450402144772118151e-01
4.450402144772118151e-01
4.168900804289544237e-01
4.289544235924933058e-01
4.343163538873994756e-01
4.651474530831098964e-01
4.343163538873994756e-01
4.195710455764075086e-01
3.873994638069704899e-01
4.034852546916889993e-01
3.967828418230562870e-01
4.075067024128686266e-01
4.168900804289544237e-01
4.034852546916889993e-01
3.646112600536193238e-01
3.954423592493297446e-01
3.592493297587131540e-01
3.739946380697051209e-01
3.672922252010724087e-01
3.471849865951742720e-01
3.351206434316353899e-01
3.391420911528150173e-01
3.364611260053619324e-01
3.485254691689008144e-01
3.364611260053619324e-01
3.230563002680965079e-01
3.284182305630026777e-01
3.297587131367292201e-01
3.176943699731903381e-01
3.337801608579088475e-01
2.962466487935656589e-01
3.069705093833779985e-01
3.123324396782841683e-01
3.123324396782841683e-01
3.042895442359249136e-01
3.042895442359249136e-01
3.096514745308310834e-01
2.788203753351206626e-01
3.083109919571045410e-01
3.190348525469168806e-01
3.136729222520107108e-01
3.069705093833779985e-01
2.841823056300268324e-01
2.815013404825737475e-01
2.949061662198391165e-01
2.654155495978552382e-01
2.600536193029490684e-01
2.761394101876675777e-01
2.560321715817694410e-01
2.412868632707774741e-01
2.439678284182305590e-01
2.319034852546916770e-01
2.372654155495978467e-01
2.399463806970509316e-01
2.815013404825737475e-01
2.627345844504021533e-01
2.520107238605898137e-01
2.466487935656836439e-01
2.680965147453083230e-01
2.533512064343163561e-01
2.600536193029490684e-01
2.506702412868632712e-01
2.546916890080428986e-01
2.520107238605898137e-01
2.439678284182305590e-01
2.386058981233243892e-01
2.198391420911528227e-01
2.412868632707774741e-01
2.198391420911528227e-01
2.292225201072385921e-01
1.997319034852546860e-01
1.970509383378016011e-01
2.077747989276139406e-01
2.064343163538873982e-01
2.131367292225201104e-01
1.890080428954423464e-01
1.715817694369973223e-01
1.997319034852546860e-01
1.849865951742627468e-01
1.983914209115281435e-01
1.769436997319034921e-01
1.689008042895442374e-01
1.702412868632707799e-01
1.809651474530831194e-01
1.715817694369973223e-01
1.916890080428954313e-01
1.849865951742627468e-01
1.809651474530831194e-01
1.957104557640750586e-01
1.849865951742627468e-01
1.836461126005362043e-01
1.876675603217158039e-01
1.970509383378016011e-01
1.916890080428954313e-01
1.769436997319034921e-01
1.863270777479892892e-01
1.863270777479892892e-01
1.796246648793565770e-01
1.957104557640750586e-01
1.809651474530831194e-01
1.796246648793565770e-01
1.809651474530831194e-01
1.581769436997318978e-01
1.729222520107238648e-01
1.742627345844504072e-01
1.729222520107238648e-01
1.648793565683646101e-01
1.756032171581769497e-01
1.702412868632707799e-01
1.648793565683646101e-01
1.621983914209115252e-01
1.648793565683646101e-01
1.662198391420911525e-01
1.621983914209115252e-01
1.501340482573726431e-01
1.528150134048257280e-01
1.501340482573726431e-01
1.621983914209115252e-01
1.621983914209115252e-01
1.635388739946380676e-01
1.608579088471849827e-01
1.380697050938337889e-01
1.394101876675603313e-01
1.514745308310991856e-01
1.313672922252010766e-01
1.487935656836461007e-01
1.380697050938337889e-01
1.528150134048257280e-01
1.313672922252010766e-01
1.313672922252010766e-01
1.300268096514745342e-01
1.193029490616621946e-01
1.233243967828418219e-01
1.166219839142091097e-01
1.126005361930294962e-01
1.152815013404825673e-01
1.085790884718498689e-01
1.112600536193029538e-01
1.166219839142091097e-01
1.166219839142091097e-01
1.273458445040214493e-01
1.273458445040214493e-01
1.367292225201072464e-01
1.152815013404825673e-01
1.058981233243967840e-01
1.058981233243967840e-01
1.005361930294906142e-01
1.139410187667560387e-01
1.126005361930294962e-01
1.246648793565683644e-01
1.152815013404825673e-01
1.112600536193029538e-01
1.193029490616621946e-01
1.166219839142091097e-01
1.032171581769436991e-01
1.139410187667560387e-01
1.179624664879356521e-01
1.152815013404825673e-01
1.018766756032171567e-01
1.045576407506702415e-01
9.785522788203752931e-02
9.517426273458444441e-02
1.032171581769436991e-01
9.249329758713137339e-02
8.713136729222520360e-02
1.045576407506702415e-01
9.651474530831098686e-02
1.099195710455764113e-01
9.919571045576407176e-02
9.249329758713137339e-02
1.193029490616621946e-01
1.045576407506702415e-01
9.785522788203752931e-02
9.651474530831098686e-02
1.018766756032171567e-01
1.018766756032171567e-01
9.785522788203752931e-02
9.517426273458444441e-02
1.058981233243967840e-01
9.249329758713137339e-02
8.981233243967828850e-02
8.042895442359249136e-02
9.651474530831098686e-02
1.152815013404825673e-01
1.005361930294906142e-01
1.005361930294906142e-01
9.919571045576407176e-02
1.018766756032171567e-01
1.045576407506702415e-01
1.018766756032171567e-01
9.919571045576407176e-02
1.166219839142091097e-01
1.045576407506702415e-01
1.099195710455764113e-01
1.139410187667560387e-01
9.785522788203752931e-02
1.099195710455764113e-01
1.032171581769436991e-01
9.249329758713137339e-02
9.115281501340483095e-02
9.249329758713137339e-02
9.517426273458444441e-02
8.579088471849866115e-02
7.774798927613940647e-02
1.099195710455764113e-01
9.785522788203752931e-02
1.139410187667560387e-01
1.018766756032171567e-01
1.085790884718498689e-01
1.045576407506702415e-01
1.193029490616621946e-01
1.152815013404825673e-01
1.126005361930294962e-01
9.919571045576407176e-02
1.032171581769436991e-01
9.249329758713137339e-02
1.058981233243967840e-01
9.919571045576407176e-02
1.219839142091152795e-01
1.032171581769436991e-01
1.099195710455764113e-01
1.018766756032171567e-01
1.058981233243967840e-01
8.981233243967828850e-02
9.115281501340483095e-02
1.032171581769436991e-01
8.445040214477211871e-02
1.018766756032171567e-01
9.383378016085790196e-02
9.383378016085790196e-02
9.517426273458444441e-02
7.640750670241286402e-02
9.383378016085790196e-02
8.713136729222520360e-02
8.579088471849866115e-02
8.042895442359249136e-02
8.579088471849866115e-02
7.640750670241286402e-02
7.640750670241286402e-02
7.104557640750670811e-02
7.640750670241286402e-02
9.249329758713137339e-02
8.713136729222520360e-02
7.908847184986594891e-02
8.445040214477211871e-02
6.836461126005362321e-02
7.774798927613940647e-02
7.640750670241286402e-02
7.104557640750670811e-02
7.908847184986594891e-02
8.176943699731903381e-02
7.774798927613940647e-02
7.640750670241286402e-02
8.042895442359249136e-02
7.640750670241286402e-02
6.970509383378016566e-02
8.310991957104557626e-02
8.310991957104557626e-02
8.042895442359249136e-02
6.970509383378016566e-02
7.506702412868632157e-02
7.774798927613940647e-02
8.310991957104557626e-02
8.310991957104557626e-02
7.908847184986594891e-02
7.774798927613940647e-02
7.104557640750670811e-02
6.300268096514745342e-02
7.104557640750670811e-02
7.104557640750670811e-02
6.166219839142091097e-02
6.702412868632708076e-02
6.836461126005362321e-02
5.898123324396782607e-02
6.300268096514745342e-02
6.836461126005362321e-02
7.640750670241286402e-02
6.032171581769436852e-02
7.104557640750670811e-02
6.970509383378016566e-02
6.970509383378016566e-02
6.970509383378016566e-02
7.104557640750670811e-02
6.166219839142091097e-02
6.970509383378016566e-02
5.630026809651474812e-02
6.434316353887399587e-02
6.434316353887399587e-02
7.774798927613940647e-02
7.372654155495977912e-02
6.836461126005362321e-02
7.372654155495977912e-02
7.506702412868632157e-02
4.825737265415549343e-02
7.104557640750670811e-02
8.176943699731903381e-02
6.836461126005362321e-02
5.764075067024128363e-02
5.630026809651474812e-02
5.495978552278820567e-02
6.434316353887399587e-02
6.836461126005362321e-02
6.300268096514745342e-02
5.630026809651474812e-02
6.032171581769436852e-02
7.104557640750670811e-02
6.702412868632708076e-02
6.300268096514745342e-02
5.630026809651474812e-02
6.568364611260053831e-02
7.372654155495977912e-02
7.640750670241286402e-02
6.434316353887399587e-02
8.042895442359249136e-02
6.836461126005362321e-02
6.032171581769436852e-02
6.836461126005362321e-02
6.568364611260053831e-02
6.300268096514745342e-02
6.836461126005362321e-02
5.227882037533512077e-02
6.702412868632708076e-02
4.557640750670241547e-02
4.959785522788203588e-02
4.959785522788203588e-02
6.166219839142091097e-02
5.361930294906166322e-02
5.495978552278820567e-02
4.691689008042895098e-02
4.557640750670241547e-02
4.825737265415549343e-02
4.557640750670241547e-02
4.825737265415549343e-02
5.495978552278820567e-02
5.361930294906166322e-02
4.825737265415549343e-02
4.423592493297587303e-02
5.361930294906166322e-02
4.959785522788203588e-02
5.093833780160857833e-02
4.423592493297587303e-02
4.155495978552278813e-02
5.227882037533512077e-02
5.898123324396782607e-02
5.361930294906166322e-02
5.630026809651474812e-02
5.227882037533512077e-02
5.495978552278820567e-02
5.764075067024128363e-02
4.691689008042895098e-02
4.691689008042895098e-02
5.093833780160857833e-02
5.495978552278820567e-02
4.021447721179624568e-02
4.423592493297587303e-02
4.825737265415549343e-02
3.753351206434316079e-02
4.825737265415549343e-02
3.753351206434316079e-02
4.825737265415549343e-02
4.423592493297587303e-02
5.093833780160857833e-02
4.959785522788203588e-02
4.289544235924933058e-02
4.021447721179624568e-02
3.887399463806970323e-02
4.423592493297587303e-02
3.217158176943699793e-02
3.887399463806970323e-02
3.887399463806970323e-02
