1.000000000000000000e+00
8.526740665993945978e-01
8.698284561049445252e-01
8.244197780020181554e-01
8.012108980827447047e-01
7.679112008072653817e-01
7.820383451059536029e-01
7.457114026236124626e-01
7.618567103935418583e-01
7.265388496468213608e-01
7.214934409687184802e-01
6.922300706357215061e-01
6.730575176589304043e-01
6.781029263370332849e-01
6.488395560040363108e-01
6.367305751765892641e-01
6.256306760847628601e-01
6.276488395560040345e-01
6.135216952573158133e-01
5.943491422805247115e-01
5.913218970736630054e-01
6.215943491422805112e-01
5.913218970736630054e-01
5.640766902119072057e-01
5.862764883955600137e-01
5.580221997981836823e-01
5.741675075681129670e-01
5.620585267406660313e-01
5.489404641775983418e-01
5.327951564076690572e-01
5.015136226034309086e-01
5.267406659939455338e-01
4.934409687184662108e-01
5.287588294651867082e-01
4.914228052472250363e-01
4.843592330978809257e-01
4.702320887991927600e-01
4.439959636730574921e-01
4.813319878910191640e-01
4.328960645812310881e-01
4.540867810292633644e-01
4.480322906155398410e-01
4.540867810292633644e-01
4.349142280524722626e-01
4.127144298688193991e-01
4.036326942482341140e-01
4.006054490413723523e-01
3.905146316851664801e-01
3.915237134207870673e-01
3.834510595358224250e-01
3.925327951564076545e-01
3.884964682139253056e-01
3.975782038345105907e-01
3.864783047426841311e-01
3.703329969727547910e-01
3.723511604439959655e-01
3.874873864783047184e-01
3.773965691220989016e-01
3.773965691220989016e-01
3.652875882946518549e-01
3.642785065590312676e-01
3.440968718466195786e-01
3.451059535822401658e-01
3.370332996972754680e-01
3.481331987891019275e-01
3.572149344096871570e-01
3.289606458123107702e-01
3.451059535822401658e-01
3.350151362260342935e-01
3.229061553985873023e-01
3.229061553985873023e-01
3.249243188698284768e-01
2.956609485368315027e-01
3.279515640766902385e-01
3.087790110998990811e-01
3.178607467204843662e-01
2.976791120080726771e-01
3.087790110998990811e-01
3.107971745711402556e-01
3.027245206861755578e-01
2.986881937436932644e-01
2.966700302724520899e-01
2.996972754793138516e-01
2.845610494450050432e-01
2.774974772956609326e-01
2.785065590312815198e-01
2.714429868819374092e-01
2.774974772956609326e-01
2.674066599394551158e-01
2.653884964682139413e-01
2.704339051463168775e-01
2.774974772956609326e-01
2.744702320887991709e-01
2.724520686175579964e-01
2.663975782038345286e-01
2.482341069626639862e-01
2.512613521695257202e-01
2.542885973763874818e-01
2.492431886982845735e-01
2.522704339051463074e-01
2.361251261352169395e-01
2.401614530776992884e-01
2.613521695257315924e-01
2.330978809283552056e-01
2.391523713420787012e-01
2.482341069626639862e-01
2.341069626639757928e-01
2.300706357214934439e-01
2.280524722502522694e-01
2.240161453077699205e-01
2.098890010090817271e-01
2.058526740665994059e-01
1.987891019172552953e-01
2.149344096871846632e-01
2.078708375378405526e-01
2.078708375378405526e-01
2.028254288597376442e-01
2.008072653884964698e-01
2.119071644803229015e-01
1.937436932391523592e-01
1.907164480322906253e-01
1.917255297679112125e-01
1.957618567103935336e-01
1.907164480322906253e-01
1.856710393541876891e-01
1.886982845610494508e-01
1.876892028254288636e-01
1.866801210898082763e-01
1.886982845610494508e-01
1.765893037336024318e-01
1.826437941473259274e-01
1.685166498486377340e-01
1.765893037336024318e-01
1.675075681130171468e-01
1.675075681130171468e-01
1.816347124117053402e-01
1.876892028254288636e-01
1.765893037336024318e-01
1.685166498486377340e-01
1.745711402623612574e-01
1.836528758829465147e-01
1.654894046417759723e-01
1.654894046417759723e-01
1.836528758829465147e-01
1.513622603430877789e-01
1.765893037336024318e-01
1.594349142280524767e-01
1.604439959636730639e-01
1.644803229061553851e-01
1.664984863773965595e-01
1.654894046417759723e-01
1.725529767911200829e-01
1.654894046417759723e-01
1.644803229061553851e-01
1.654894046417759723e-01
1.685166498486377340e-01
1.523713420787083661e-01
1.584258324924318895e-01
1.614530776992936512e-01
1.675075681130171468e-01
1.634712411705348256e-01
1.634712411705348256e-01
1.675075681130171468e-01
1.483350151362260450e-01
1.493440968718466322e-01
1.463168516649848705e-01
1.372351160443995854e-01
1.442986881937436960e-01
1.362260343087789982e-01
1.513622603430877789e-01
1.463168516649848705e-01
1.553985872855701278e-01
1.453077699293642833e-01
1.533804238143289533e-01
1.533804238143289533e-01
1.453077699293642833e-01
1.281533804238143281e-01
1.392532795156407599e-01
1.301715438950555026e-01
1.281533804238143281e-01
1.301715438950555026e-01
1.372351160443995854e-01
1.362260343087789982e-01
1.402623612512613471e-01
1.331987891019172643e-01
1.180625630676084697e-01
1.220988900100908187e-01
1.241170534813319931e-01
1.271442986881937409e-01
1.140262361251261347e-01
1.220988900100908187e-01
1.241170534813319931e-01
1.422805247225025216e-01
1.352169525731584387e-01
1.130171543895055475e-01
1.200807265388496442e-01
1.160443995963673092e-01
1.321897073662966771e-01
1.301715438950555026e-01
1.069626639757820380e-01
1.241170534813319931e-01
1.251261352169525665e-01
1.150353178607467219e-01
1.241170534813319931e-01
1.261352169525731537e-01
1.220988900100908187e-01
1.220988900100908187e-01
1.231079717457114059e-01
1.180625630676084697e-01
1.140262361251261347e-01
1.241170534813319931e-01
1.150353178607467219e-01
1.130171543895055475e-01
1.049445005045408635e-01
1.140262361251261347e-01
1.079717457114026252e-01
1.049445005045408635e-01
9.485368314833501902e-02
9.989909182643794128e-02
1.099899091826437997e-01
1.019172552976791157e-01
1.049445005045408635e-01
1.069626639757820380e-01
9.586276488395560624e-02
9.384460141271443179e-02
9.989909182643794128e-02
1.009081735620585285e-01
8.678102926337033507e-02
9.889001009081735405e-02
1.099899091826437997e-01
1.029263370332997030e-01
1.059535822401614508e-01
1.049445005045408635e-01
9.889001009081735405e-02
9.485368314833501902e-02
1.009081735620585285e-01
9.586276488395560624e-02
9.485368314833501902e-02
8.980827447023208288e-02
9.182643794147325733e-02
8.980827447023208288e-02
9.182643794147325733e-02
9.081735620585267010e-02
7.971745711402623835e-02
9.182643794147325733e-02
9.485368314833501902e-02
9.788092835519676682e-02
8.678102926337033507e-02
7.265388496468214163e-02
8.678102926337033507e-02
8.375378405650857339e-02
8.678102926337033507e-02
7.265388496468214163e-02
7.769929364278506390e-02
8.274470232088798616e-02
9.081735620585267010e-02
8.173562058526741281e-02
8.779011099899092230e-02
9.081735620585267010e-02
8.476286579212916061e-02
8.274470232088798616e-02
9.384460141271443179e-02
8.274470232088798616e-02
8.980827447023208288e-02
9.384460141271443179e-02
9.182643794147325733e-02
8.476286579212916061e-02
9.182643794147325733e-02
7.467204843592331609e-02
8.476286579212916061e-02
7.870837537840565112e-02
8.476286579212916061e-02
7.769929364278506390e-02
8.072653884964682558e-02
7.870837537840565112e-02
8.375378405650857339e-02
7.366296670030272886e-02
6.962663975782037995e-02
8.476286579212916061e-02
8.072653884964682558e-02
8.879919273461150953e-02
7.366296670030272886e-02
7.265388496468214163e-02
7.769929364278506390e-02
9.283551967709384456e-02
8.577194752774974784e-02
7.669021190716447667e-02
7.971745711402623835e-02
6.760847628657921937e-02
7.669021190716447667e-02
7.669021190716447667e-02
7.467204843592331609e-02
6.760847628657921937e-02
6.054490413723511572e-02
6.861755802219979272e-02
7.870837537840565112e-02
6.861755802219979272e-02
7.063572149344096718e-02
7.366296670030272886e-02
7.164480322906155441e-02
7.164480322906155441e-02
7.467204843592331609e-02
7.164480322906155441e-02
6.861755802219979272e-02
7.063572149344096718e-02
6.861755802219979272e-02
7.467204843592331609e-02
7.769929364278506390e-02
6.962663975782037995e-02
7.467204843592331609e-02
6.054490413723511572e-02
5.953582240161452849e-02
5.953582240161452849e-02
7.164480322906155441e-02
6.962663975782037995e-02
6.458123107971745769e-02
6.659939455095863214e-02
7.063572149344096718e-02
5.953582240161452849e-02
7.265388496468214163e-02
6.054490413723511572e-02
5.751765893037336097e-02
5.953582240161452849e-02
6.054490413723511572e-02
7.063572149344096718e-02
6.760847628657921937e-02
6.155398587285570294e-02
5.348133198789101900e-02
6.054490413723511572e-02
6.256306760847628323e-02
6.256306760847628323e-02
5.751765893037336097e-02
5.751765893037336097e-02
6.155398587285570294e-02
6.458123107971745769e-02
5.953582240161452849e-02
6.760847628657921937e-02
5.549949545913218651e-02
6.054490413723511572e-02
5.650857719475277374e-02
6.659939455095863214e-02
6.760847628657921937e-02
5.953582240161452849e-02
5.650857719475277374e-02
5.650857719475277374e-02
5.751765893037336097e-02
5.953582240161452849e-02
5.953582240161452849e-02
5.650857719475277374e-02
5.650857719475277374e-02
6.256306760847628323e-02
5.953582240161452849e-02
5.348133198789101900e-02
5.650857719475277374e-02
5.549949545913218651e-02
4.742684157416750951e-02
6.256306760847628323e-02
5.751765893037336097e-02
5.449041372351160623e-02
6.054490413723511572e-02
5.650857719475277374e-02
6.054490413723511572e-02
6.962663975782037995e-02
5.247225025227043177e-02
5.751765893037336097e-02
5.751765893037336097e-02
5.146316851664985148e-02
5.146316851664985148e-02
5.348133198789101900e-02
5.146316851664985148e-02
5.449041372351160623e-02
4.641775983854692228e-02
5.449041372351160623e-02
4.036326942482341279e-02
4.641775983854692228e-02
4.742684157416750951e-02
5.146316851664985148e-02
4.439959636730575476e-02
3.834510595358223833e-02
5.146316851664985148e-02
4.843592330978808980e-02
4.641775983854692228e-02
4.540867810292633505e-02
4.944500504540867702e-02
4.540867810292633505e-02
4.641775983854692228e-02
4.339051463168516753e-02
3.935418768920282556e-02
4.238143289606458031e-02
3.935418768920282556e-02
3.935418768920282556e-02
3.834510595358223833e-02
4.540867810292633505e-02
4.439959636730575476e-02
5.146316851664985148e-02
4.339051463168516753e-02
4.641775983854692228e-02
3.935418768920282556e-02
4.641775983854692228e-02
4.238143289606458031e-02
4.036326942482341279e-02
