1.000000000000000000e+00
7.800762112139357773e-01
7.544910179640718084e-01
7.163854109961894645e-01
6.848121937942297510e-01
6.777354382144801237e-01
6.222101252041372099e-01
6.396298312465976688e-01
6.015242242787153248e-01
5.857376156777354126e-01
5.617855198693522123e-01
5.476320087098530687e-01
5.394665215024496696e-01
5.410996189439303272e-01
5.106151333696243855e-01
4.991834512792596712e-01
4.757757212847033013e-01
4.665215024496461860e-01
4.697876973326075012e-01
4.425694066412629302e-01
4.246053347849755299e-01
4.115405552531301026e-01
4.235166031573217027e-01
4.235166031573217027e-01
4.120849210669569884e-01
3.962983124659771317e-01
3.897659227000544457e-01
3.718018508437669900e-01
3.739793140990745890e-01
3.772455089820359042e-01
3.674469243331519031e-01
3.739793140990745890e-01
3.728905824714208173e-01
3.565596080566140191e-01
3.385955362003266189e-01
3.522046815459989322e-01
3.309744148067501612e-01
3.440391943385955331e-01
3.353293413173652482e-01
3.309744148067501612e-01
3.293413173652694481e-01
3.195427327163853914e-01
3.266194882961350188e-01
3.015786608600979912e-01
3.244420250408274198e-01
3.108328796951551620e-01
2.885138813282525638e-01
3.086554164398475630e-01
3.010342950462711054e-01
2.863364180729450204e-01
2.738160043549265343e-01
2.765378334240609637e-01
2.808927599346761061e-01
2.661948829613500211e-01
2.645617855198693635e-01
2.645617855198693635e-01
2.645617855198693635e-01
2.580293957539466776e-01
2.514970059880239361e-01
2.465977136635819356e-01
2.612955906369079928e-01
2.591181273816004493e-01
2.504082743603701644e-01
2.547632008709853069e-01
2.395209580838323360e-01
2.340772999455634218e-01
2.340772999455634218e-01
2.433315187806205648e-01
2.264561785519869364e-01
2.155688622754491079e-01
2.226456178551986798e-01
2.226456178551986798e-01
2.144801306477953085e-01
2.378878606423516506e-01
2.242787152966793651e-01
2.074033750680457366e-01
2.030484485574305942e-01
1.992378878606423653e-01
2.025040827436037083e-01
2.063146434403919371e-01
1.861731083287969379e-01
1.785519869352204803e-01
1.807294501905280237e-01
1.812738160043549374e-01
1.801850843767011379e-01
1.888949373979314228e-01
1.807294501905280237e-01
1.780076211213935666e-01
1.823625476320087091e-01
1.752857920522591095e-01
1.763745236799129090e-01
1.796407185628742520e-01
1.731083287969515383e-01
1.654872074033750806e-01
1.714752313554708807e-01
1.649428415895481670e-01
1.611322808927599382e-01
1.665759390310288524e-01
1.692977681001633095e-01
1.703864997278170812e-01
1.741970604246053378e-01
1.692977681001633095e-01
1.545998911268372245e-01
1.584104518236254810e-01
1.676646706586826241e-01
1.654872074033750806e-01
1.513336962438758815e-01
1.622210125204137099e-01
1.622210125204137099e-01
1.594991834512792528e-01
1.458900381056069673e-01
1.415351115949918248e-01
1.437125748502993960e-01
1.502449646162221097e-01
1.529667936853565668e-01
1.437125748502993960e-01
1.491562329885683102e-01
1.453456722917800814e-01
1.404463799673380531e-01
1.377245508982035960e-01
1.437125748502993960e-01
1.437125748502993960e-01
1.317365269461077959e-01
1.442569406641262819e-01
1.355470876428960247e-01
1.393576483396842813e-01
1.371801850843767101e-01
1.344583560152422530e-01
1.203048448557430539e-01
1.290146978769733388e-01
1.208492106695699536e-01
1.246597713663581963e-01
1.393576483396842813e-01
1.355470876428960247e-01
1.333696243875884535e-01
1.284703320631464252e-01
1.360914534567229106e-01
1.126837234621665823e-01
1.224823081110506251e-01
1.197604790419161680e-01
1.105062602068590111e-01
1.164942841589548111e-01
1.132280892759934682e-01
1.192161132280892821e-01
1.148611867174741397e-01
1.181273816004354965e-01
1.023407729994556398e-01
1.077844311377245540e-01
1.028851388132825256e-01
1.115949918345127967e-01
1.148611867174741397e-01
9.907457811649428292e-02
1.110506260206858969e-01
1.148611867174741397e-01
1.154055525313010394e-01
1.066956995100707684e-01
1.105062602068590111e-01
1.012520413718018542e-01
1.012520413718018542e-01
9.689711486118671169e-02
9.853021230266739705e-02
9.308655416439846897e-02
9.853021230266739705e-02
9.798584648884049730e-02
1.077844311377245540e-01
9.308655416439846897e-02
1.039738704409363113e-01
9.526401741970604020e-02
1.007076755579749544e-01
9.036472509526401187e-02
8.764289602612955477e-02
9.853021230266739705e-02
9.744148067501361143e-02
9.145345672291779748e-02
9.145345672291779748e-02
9.199782253674469723e-02
9.853021230266739705e-02
8.982035928143712600e-02
9.308655416439846897e-02
8.927599346761024013e-02
8.709853021230266890e-02
9.090909090909091161e-02
8.383233532934131205e-02
7.838867719107239784e-02
7.566684812193794074e-02
8.219923788786064056e-02
8.492106695699509766e-02
7.838867719107239784e-02
8.002177463255306933e-02
8.600979858464888328e-02
8.219923788786064056e-02
8.437670114316821179e-02
7.512248230811105487e-02
7.675557974959172636e-02
7.022318998366902654e-02
7.022318998366902654e-02
7.675557974959172636e-02
8.165487207403375469e-02
7.131192161132281215e-02
8.328796951551442618e-02
8.764289602612955477e-02
7.621121393576484049e-02
7.675557974959172636e-02
7.348938486663036951e-02
8.002177463255306933e-02
7.947740881872618346e-02
7.185628742514969802e-02
6.369080021774632672e-02
7.729994556341861223e-02
7.240065323897659777e-02
6.750136091453456944e-02
7.457811649428415512e-02
7.022318998366902654e-02
7.240065323897659777e-02
7.131192161132281215e-02
6.151333696243875548e-02
6.695699510070766969e-02
7.348938486663036951e-02
7.240065323897659777e-02
6.750136091453456944e-02
5.824714207947740557e-02
6.151333696243875548e-02
5.824714207947740557e-02
5.988023952095808400e-02
6.260206859009254110e-02
6.314643440391942697e-02
6.205770277626564829e-02
6.586826347305389795e-02
6.151333696243875548e-02
6.532389765922699820e-02
6.096897114861186961e-02
6.586826347305389795e-02
5.770277626565051970e-02
6.695699510070766969e-02
6.096897114861186961e-02
5.715841045182362690e-02
6.205770277626564829e-02
6.586826347305389795e-02
6.260206859009254110e-02
5.334784975503538418e-02
5.715841045182362690e-02
5.606967882416984128e-02
5.824714207947740557e-02
5.117038649972781988e-02
5.606967882416984128e-02
5.552531301034294847e-02
5.443658138268916979e-02
5.879150789330429838e-02
5.334784975503538418e-02
5.225911812738159856e-02
5.280348394120849137e-02
5.280348394120849137e-02
5.117038649972781988e-02
5.715841045182362690e-02
5.171475231355470575e-02
4.899292324442024865e-02
4.627109417528579155e-02
4.844855743059335584e-02
5.008165487207403427e-02
5.062602068590092708e-02
5.334784975503538418e-02
4.899292324442024865e-02
5.334784975503538418e-02
4.518236254763200593e-02
4.899292324442024865e-02
4.572672836145889874e-02
5.171475231355470575e-02
4.844855743059335584e-02
4.681545998911268436e-02
4.627109417528579155e-02
4.354926510615133445e-02
4.463799673380512006e-02
4.300489929232444164e-02
4.246053347849754883e-02
4.790419161676646997e-02
4.354926510615133445e-02
4.191616766467065602e-02
4.191616766467065602e-02
3.864997278170930611e-02
4.246053347849754883e-02
3.864997278170930611e-02
4.300489929232444164e-02
4.082743603701687735e-02
4.137180185084377015e-02
4.028307022318998454e-02
4.790419161676646997e-02
4.844855743059335584e-02
4.463799673380512006e-02
4.191616766467065602e-02
3.810560696788242024e-02
4.300489929232444164e-02
4.137180185084377015e-02
4.246053347849754883e-02
4.082743603701687735e-02
4.409363091997822726e-02
4.354926510615133445e-02
4.191616766467065602e-02
3.864997278170930611e-02
4.137180185084377015e-02
3.701687534022863463e-02
4.300489929232444164e-02
4.191616766467065602e-02
4.028307022318998454e-02
4.463799673380512006e-02
4.082743603701687735e-02
4.246053347849754883e-02
4.191616766467065602e-02
3.647250952640174182e-02
4.028307022318998454e-02
3.810560696788242024e-02
3.266194882961349910e-02
4.082743603701687735e-02
3.810560696788242024e-02
3.320631464344039191e-02
3.756124115405552744e-02
4.246053347849754883e-02
3.375068045726728472e-02
3.810560696788242024e-02
4.354926510615133445e-02
3.701687534022863463e-02
3.919433859553619892e-02
3.266194882961349910e-02
3.919433859553619892e-02
3.483941208492107033e-02
3.375068045726728472e-02
3.375068045726728472e-02
3.701687534022863463e-02
3.538377789874795620e-02
4.028307022318998454e-02
3.483941208492107033e-02
3.375068045726728472e-02
3.919433859553619892e-02
4.409363091997822726e-02
3.973870440936309173e-02
3.701687534022863463e-02
3.375068045726728472e-02
3.810560696788242024e-02
3.375068045726728472e-02
2.994011976047904200e-02
3.102885138813282415e-02
3.375068045726728472e-02
3.756124115405552744e-02
3.211758301578660629e-02
3.211758301578660629e-02
2.994011976047904200e-02
3.102885138813282415e-02
3.048448557430593481e-02
2.449646162221012433e-02
3.048448557430593481e-02
3.102885138813282415e-02
2.667392487751769209e-02
3.320631464344039191e-02
2.939575394665214919e-02
2.721829069134458490e-02
3.048448557430593481e-02
2.830702231899836704e-02
3.538377789874795620e-02
2.776265650517147424e-02
2.558519324986390994e-02
2.721829069134458490e-02
3.320631464344039191e-02
2.830702231899836704e-02
3.102885138813282415e-02
2.885138813282525985e-02
2.939575394665214919e-02
2.612955906369079928e-02
3.048448557430593481e-02
2.885138813282525985e-02
3.048448557430593481e-02
2.558519324986390994e-02
2.885138813282525985e-02
3.102885138813282415e-02
2.667392487751769209e-02
2.177463255307566722e-02
2.558519324986390994e-02
2.123026673924877442e-02
2.504082743603701713e-02
3.157321720195971348e-02
2.504082743603701713e-02
3.102885138813282415e-02
2.612955906369079928e-02
2.177463255307566722e-02
2.667392487751769209e-02
2.177463255307566722e-02
2.885138813282525985e-02
2.939575394665214919e-02
2.776265650517147424e-02
3.102885138813282415e-02
3.211758301578660629e-02
3.157321720195971348e-02
2.830702231899836704e-02
2.885138813282525985e-02
2.721829069134458490e-02
2.994011976047904200e-02
2.885138813282525985e-02
3.157321720195971348e-02
2.885138813282525985e-02
2.885138813282525985e-02
3.157321720195971348e-02
3.320631464344039191e-02
3.320631464344039191e-02
