1.000000000000000000e+00
8.164062500000000000e-01
7.638494318181817677e-01
7.457386363636363535e-01
7.262073863636363535e-01
6.999289772727272929e-01
6.889204545454545858e-01
6.619318181818182323e-01
6.416903409090909394e-01
6.235795454545454142e-01
6.178977272727272929e-01
5.969460227272727071e-01
5.944602272727272929e-01
5.649857954545454142e-01
5.585937500000000000e-01
5.571732954545454142e-01
5.511363636363636465e-01
5.387073863636363535e-01
5.362215909090909394e-01
5.248579545454545858e-01
5.010653409090909394e-01
4.893465909090908839e-01
4.833096590909091161e-01
4.758522727272727071e-01
4.651988636363636465e-01
4.531250000000000000e-01
4.559659090909091161e-01
4.392755681818181768e-01
4.293323863636363535e-01
4.325284090909091161e-01
4.218750000000000000e-01
4.112215909090908839e-01
4.101562500000000000e-01
4.158380681818181768e-01
4.119318181818181768e-01
3.941761363636363535e-01
3.895596590909091161e-01
3.881392045454545303e-01
3.870738636363636465e-01
3.746448863636363535e-01
3.725142045454545303e-01
3.590198863636363535e-01
3.583096590909091161e-01
3.387784090909091161e-01
3.359375000000000000e-01
3.341619318181818232e-01
3.384232954545454697e-01
3.142755681818181768e-01
3.267045454545454697e-01
3.227982954545454697e-01
3.149857954545454697e-01
3.167613636363636465e-01
3.167613636363636465e-01
3.089488636363636465e-01
3.018465909090908839e-01
2.993607954545454697e-01
2.855113636363636465e-01
2.876420454545454697e-01
2.801846590909091161e-01
2.649147727272727071e-01
2.894176136363636465e-01
2.677556818181818232e-01
2.610085227272727071e-01
2.666903409090908839e-01
2.645596590909091161e-01
2.585227272727272929e-01
2.464488636363636465e-01
2.428977272727272652e-01
2.446732954545454419e-01
2.556818181818181768e-01
2.464488636363636465e-01
2.475142045454545581e-01
2.510653409090908839e-01
2.397017045454545581e-01
2.453835227272727348e-01
2.340198863636363535e-01
2.279829545454545581e-01
2.237215909090909116e-01
2.265625000000000000e-01
2.318892045454545581e-01
2.159090909090909116e-01
2.240767045454545581e-01
2.198153409090909116e-01
2.120028409090909116e-01
2.112926136363636465e-01
2.127130681818181768e-01
2.205255681818181768e-01
2.049005681818181768e-01
2.013494318181818232e-01
1.974431818181818232e-01
1.946022727272727348e-01
1.967329545454545581e-01
1.889204545454545581e-01
2.134232954545454419e-01
1.963778409090909116e-01
1.977982954545454419e-01
1.828835227272727348e-01
1.821732954545454419e-01
1.846590909090909116e-01
1.860795454545454419e-01
1.793323863636363535e-01
1.715198863636363535e-01
1.846590909090909116e-01
1.697443181818181768e-01
1.807528409090909116e-01
1.736505681818181768e-01
1.679687500000000000e-01
1.672585227272727348e-01
1.732954545454545581e-01
1.740056818181818232e-01
1.715198863636363535e-01
1.661931818181818232e-01
1.605113636363636465e-01
1.704545454545454419e-01
1.647727272727272652e-01
1.647727272727272652e-01
1.704545454545454419e-01
1.693892045454545581e-01
1.576704545454545581e-01
1.537642045454545581e-01
1.569602272727272652e-01
1.580255681818181768e-01
1.558948863636363535e-01
1.704545454545454419e-01
1.640625000000000000e-01
1.679687500000000000e-01
1.647727272727272652e-01
1.587357954545454419e-01
1.526988636363636465e-01
1.537642045454545581e-01
1.516335227272727348e-01
1.537642045454545581e-01
1.455965909090909116e-01
1.356534090909090884e-01
1.406250000000000000e-01
1.328125000000000000e-01
1.345880681818181768e-01
1.289062500000000000e-01
1.285511363636363535e-01
1.381392045454545581e-01
1.370738636363636465e-01
1.338778409090909116e-01
1.388494318181818232e-01
1.292613636363636465e-01
1.281960227272727348e-01
1.264204545454545581e-01
1.232244318181818232e-01
1.257102272727272652e-01
1.235795454545454558e-01
1.349431818181818232e-01
1.313920454545454419e-01
1.281960227272727348e-01
1.242897727272727210e-01
1.367187500000000000e-01
1.210937500000000000e-01
1.331676136363636465e-01
1.292613636363636465e-01
1.218039772727272790e-01
1.150568181818181768e-01
1.225142045454545442e-01
1.171875000000000000e-01
1.104403409090909116e-01
1.143465909090909116e-01
1.122159090909090884e-01
1.147017045454545442e-01
1.150568181818181768e-01
1.115056818181818232e-01
1.214488636363636326e-01
1.161221590909090884e-01
1.122159090909090884e-01
1.107954545454545442e-01
1.168323863636363674e-01
1.036931818181818232e-01
1.075994318181818232e-01
1.104403409090909116e-01
1.107954545454545442e-01
9.943181818181817677e-02
1.044034090909090884e-01
9.907670454545454419e-02
1.008522727272727210e-01
9.943181818181817677e-02
1.004971590909090884e-01
9.730113636363636742e-02
9.197443181818182323e-02
9.836647727272727904e-02
9.552556818181817677e-02
1.044034090909090884e-01
1.022727272727272790e-01
1.068892045454545442e-01
1.022727272727272790e-01
1.015625000000000000e-01
1.065340909090909116e-01
9.588068181818182323e-02
9.907670454545454419e-02
9.410511363636363258e-02
9.659090909090908839e-02
1.004971590909090884e-01
9.481534090909091161e-02
9.623579545454545581e-02
8.984375000000000000e-02
8.629261363636363258e-02
8.877840909090908839e-02
8.309659090909091161e-02
8.806818181818182323e-02
9.268465909090908839e-02
8.522727272727272096e-02
8.771306818181817677e-02
9.019886363636363258e-02
8.593750000000000000e-02
8.309659090909091161e-02
8.700284090909091161e-02
8.984375000000000000e-02
8.842329545454545581e-02
7.990056818181817677e-02
8.309659090909091161e-02
8.025568181818182323e-02
7.599431818181817677e-02
8.487215909090908839e-02
7.954545454545454419e-02
8.451704545454545581e-02
7.705965909090908839e-02
7.350852272727272096e-02
8.096590909090908839e-02
7.990056818181817677e-02
7.279829545454545581e-02
7.776988636363636742e-02
7.244318181818182323e-02
7.990056818181817677e-02
7.883522727272727904e-02
7.563920454545454419e-02
7.954545454545454419e-02
8.167613636363636742e-02
7.528409090909091161e-02
7.563920454545454419e-02
8.274147727272727904e-02
7.350852272727272096e-02
6.960227272727272096e-02
7.741477272727272096e-02
7.883522727272727904e-02
7.741477272727272096e-02
7.528409090909091161e-02
7.919034090909091161e-02
8.096590909090908839e-02
8.416193181818182323e-02
7.919034090909091161e-02
7.954545454545454419e-02
7.848011363636363258e-02
8.096590909090908839e-02
7.173295454545454419e-02
7.670454545454545581e-02
7.776988636363636742e-02
7.386363636363636742e-02
7.386363636363636742e-02
8.096590909090908839e-02
7.066761363636363258e-02
7.315340909090908839e-02
7.208806818181817677e-02
7.492897727272727904e-02
7.031250000000000000e-02
7.350852272727272096e-02
7.492897727272727904e-02
7.208806818181817677e-02
7.066761363636363258e-02
6.995738636363636742e-02
6.640625000000000000e-02
6.356534090909091161e-02
6.250000000000000000e-02
6.534090909090908839e-02
6.782670454545454419e-02
6.534090909090908839e-02
6.321022727272727904e-02
5.894886363636363952e-02
6.782670454545454419e-02
6.640625000000000000e-02
7.031250000000000000e-02
6.392045454545454419e-02
6.392045454545454419e-02
6.250000000000000000e-02
6.498579545454545581e-02
6.782670454545454419e-02
6.534090909090908839e-02
6.356534090909091161e-02
7.031250000000000000e-02
6.214488636363636048e-02
6.285511363636363258e-02
6.001420454545454419e-02
6.463068181818182323e-02
6.534090909090908839e-02
6.001420454545454419e-02
6.072443181818181629e-02
6.143465909090908839e-02
5.965909090909091161e-02
5.717329545454545581e-02
5.823863636363636048e-02
6.285511363636363258e-02
6.285511363636363258e-02
6.321022727272727904e-02
5.823863636363636048e-02
5.610795454545454419e-02
5.575284090909091161e-02
5.575284090909091161e-02
5.468750000000000000e-02
5.433238636363636048e-02
5.752840909090908839e-02
6.285511363636363258e-02
5.717329545454545581e-02
4.865056818181818371e-02
5.468750000000000000e-02
5.894886363636363952e-02
5.504261363636363952e-02
5.788352272727272790e-02
4.971590909090908839e-02
5.078125000000000000e-02
4.723011363636363952e-02
5.220170454545454419e-02
5.291193181818181629e-02
4.794034090909091161e-02
5.184659090909091161e-02
5.113636363636363952e-02
5.326704545454545581e-02
5.859375000000000000e-02
5.433238636363636048e-02
4.900568181818181629e-02
5.007102272727272790e-02
4.687500000000000000e-02
4.794034090909091161e-02
5.113636363636363952e-02
5.007102272727272790e-02
4.794034090909091161e-02
4.651988636363636048e-02
5.113636363636363952e-02
4.758522727272727210e-02
4.865056818181818371e-02
4.723011363636363952e-02
4.580965909090908839e-02
5.539772727272727210e-02
4.971590909090908839e-02
4.794034090909091161e-02
4.794034090909091161e-02
4.971590909090908839e-02
5.113636363636363952e-02
5.007102272727272790e-02
5.042613636363636048e-02
4.545454545454545581e-02
5.468750000000000000e-02
5.184659090909091161e-02
4.687500000000000000e-02
4.936079545454545581e-02
5.149147727272727210e-02
5.042613636363636048e-02
4.829545454545454419e-02
5.220170454545454419e-02
5.078125000000000000e-02
4.119318181818181629e-02
4.651988636363636048e-02
4.723011363636363952e-02
4.403409090909091161e-02
4.723011363636363952e-02
4.509943181818181629e-02
4.580965909090908839e-02
4.367897727272727210e-02
4.083806818181818371e-02
4.438920454545454419e-02
4.723011363636363952e-02
4.651988636363636048e-02
4.083806818181818371e-02
4.261363636363636048e-02
4.580965909090908839e-02
4.367897727272727210e-02
4.296875000000000000e-02
4.296875000000000000e-02
4.900568181818181629e-02
4.474431818181818371e-02
4.545454545454545581e-02
4.545454545454545581e-02
3.799715909090908839e-02
3.870738636363636048e-02
3.693181818181818371e-02
3.764204545454545581e-02
3.941761363636363952e-02
4.545454545454545581e-02
4.509943181818181629e-02
3.941761363636363952e-02
4.296875000000000000e-02
3.515625000000000000e-02
3.622159090909091161e-02
3.728693181818181629e-02
3.302556818181818371e-02
3.941761363636363952e-02
3.338068181818181629e-02
3.480113636363636048e-02
3.622159090909091161e-02
3.728693181818181629e-02
3.906250000000000000e-02
3.515625000000000000e-02
3.693181818181818371e-02
3.728693181818181629e-02
3.515625000000000000e-02
3.515625000000000000e-02
3.196022727272727210e-02
3.444602272727272790e-02
