1.000000000000000000e+00
6.621621621621621712e-01
6.621621621621621712e-01
6.587837837837837718e-01
6.722972972972972583e-01
6.317567567567567988e-01
6.418918918918918859e-01
6.148648648648649129e-01
6.081081081081081141e-01
5.641891891891891442e-01
5.777027027027027417e-01
5.675675675675675436e-01
6.081081081081081141e-01
6.250000000000000000e-01
5.878378378378378288e-01
6.418918918918918859e-01
5.304054054054053724e-01
5.168918918918918859e-01
5.000000000000000000e-01
5.304054054054053724e-01
5.135135135135134865e-01
4.729729729729729715e-01
5.168918918918918859e-01
5.000000000000000000e-01
4.695945945945945721e-01
4.695945945945945721e-01
5.000000000000000000e-01
4.898648648648648574e-01
4.290540540540540571e-01
4.898648648648648574e-01
4.324324324324324564e-01
4.087837837837837718e-01
4.527027027027026862e-01
4.527027027027026862e-01
4.155405405405405150e-01
4.493243243243243423e-01
4.391891891891891997e-01
3.952702702702702853e-01
4.560810810810810856e-01
4.054054054054054279e-01
4.256756756756756577e-01
4.493243243243243423e-01
3.885135135135134865e-01
4.256756756756756577e-01
3.952702702702702853e-01
3.952702702702702853e-01
4.054054054054054279e-01
3.986486486486486291e-01
4.054054054054054279e-01
4.054054054054054279e-01
3.716216216216216006e-01
3.614864864864865135e-01
3.783783783783783994e-01
3.918918918918918859e-01
4.054054054054054279e-01
3.750000000000000000e-01
3.445945945945945721e-01
3.682432432432432567e-01
3.479729729729729715e-01
3.378378378378378288e-01
3.885135135135134865e-01
3.310810810810810856e-01
3.479729729729729715e-01
3.040540540540540571e-01
3.547297297297297147e-01
3.141891891891891997e-01
3.310810810810810856e-01
3.277027027027026862e-01
3.006756756756756577e-01
3.310810810810810856e-01
3.648648648648648574e-01
3.040540540540540571e-01
3.479729729729729715e-01
3.378378378378378288e-01
2.871621621621621712e-01
3.310810810810810856e-01
3.310810810810810856e-01
3.648648648648648574e-01
3.513513513513513709e-01
3.513513513513513709e-01
3.412162162162162282e-01
3.108108108108108003e-01
3.412162162162162282e-01
3.074324324324324564e-01
3.209459459459459429e-01
3.378378378378378288e-01
3.513513513513513709e-01
3.243243243243243423e-01
3.040540540540540571e-01
2.939189189189189144e-01
2.837837837837837718e-01
2.635135135135134865e-01
3.040540540540540571e-01
2.837837837837837718e-01
3.108108108108108003e-01
2.939189189189189144e-01
2.804054054054054279e-01
2.939189189189189144e-01
2.736486486486486291e-01
2.601351351351351426e-01
2.466216216216216284e-01
2.837837837837837718e-01
2.871621621621621712e-01
2.905405405405405150e-01
2.195945945945945998e-01
2.331081081081081141e-01
2.398648648648648574e-01
2.364864864864864857e-01
2.297297297297297425e-01
2.702702702702702853e-01
2.094594594594594572e-01
2.466216216216216284e-01
2.466216216216216284e-01
2.263513513513513431e-01
2.094594594594594572e-01
2.466216216216216284e-01
2.364864864864864857e-01
2.297297297297297425e-01
2.398648648648648574e-01
2.060810810810810856e-01
2.635135135135134865e-01
1.993243243243243146e-01
2.162162162162162282e-01
1.722972972972972860e-01
1.993243243243243146e-01
1.790540540540540571e-01
1.790540540540540571e-01
2.027027027027027140e-01
1.925675675675675713e-01
1.959459459459459429e-01
2.094594594594594572e-01
2.094594594594594572e-01
1.824324324324324287e-01
1.993243243243243146e-01
1.959459459459459429e-01
1.959459459459459429e-01
1.858108108108108003e-01
1.959459459459459429e-01
1.858108108108108003e-01
1.655405405405405428e-01
2.162162162162162282e-01
1.790540540540540571e-01
1.891891891891891997e-01
1.858108108108108003e-01
1.891891891891891997e-01
1.891891891891891997e-01
2.060810810810810856e-01
1.722972972972972860e-01
1.891891891891891997e-01
1.959459459459459429e-01
1.858108108108108003e-01
1.756756756756756854e-01
1.655405405405405428e-01
1.587837837837837718e-01
1.554054054054054002e-01
1.756756756756756854e-01
1.621621621621621712e-01
1.722972972972972860e-01
1.722972972972972860e-01
1.520270270270270285e-01
1.790540540540540571e-01
1.858108108108108003e-01
1.621621621621621712e-01
1.655405405405405428e-01
1.486486486486486569e-01
1.621621621621621712e-01
1.520270270270270285e-01
1.520270270270270285e-01
1.283783783783783716e-01
1.554054054054054002e-01
1.385135135135135143e-01
1.452702702702702575e-01
1.216216216216216284e-01
1.385135135135135143e-01
1.250000000000000000e-01
1.351351351351351426e-01
1.587837837837837718e-01
1.385135135135135143e-01
1.554054054054054002e-01
1.486486486486486569e-01
1.385135135135135143e-01
1.452702702702702575e-01
1.385135135135135143e-01
1.621621621621621712e-01
1.452702702702702575e-01
1.554054054054054002e-01
1.385135135135135143e-01
1.722972972972972860e-01
1.689189189189189144e-01
1.351351351351351426e-01
1.216216216216216284e-01
1.520270270270270285e-01
1.520270270270270285e-01
1.317567567567567433e-01
1.351351351351351426e-01
1.452702702702702575e-01
1.418918918918918859e-01
1.520270270270270285e-01
1.418918918918918859e-01
1.351351351351351426e-01
1.317567567567567433e-01
1.283783783783783716e-01
1.216216216216216284e-01
1.216216216216216284e-01
1.047297297297297286e-01
1.182432432432432429e-01
1.013513513513513570e-01
1.216216216216216284e-01
1.047297297297297286e-01
1.148648648648648712e-01
1.216216216216216284e-01
1.148648648648648712e-01
1.283783783783783716e-01
1.148648648648648712e-01
1.148648648648648712e-01
1.216216216216216284e-01
1.013513513513513570e-01
1.317567567567567433e-01
1.283783783783783716e-01
1.317567567567567433e-01
1.216216216216216284e-01
1.520270270270270285e-01
1.250000000000000000e-01
1.385135135135135143e-01
1.081081081081081141e-01
1.216216216216216284e-01
1.250000000000000000e-01
1.216216216216216284e-01
1.216216216216216284e-01
1.013513513513513570e-01
1.081081081081081141e-01
1.114864864864864857e-01
8.445945945945945721e-02
9.459459459459459985e-02
9.121621621621621434e-02
9.797297297297297147e-02
7.094594594594594295e-02
8.108108108108108558e-02
1.081081081081081141e-01
7.770270270270270008e-02
1.047297297297297286e-01
1.047297297297297286e-01
1.148648648648648712e-01
9.121621621621621434e-02
1.148648648648648712e-01
1.283783783783783716e-01
1.216216216216216284e-01
1.081081081081081141e-01
1.114864864864864857e-01
1.182432432432432429e-01
1.047297297297297286e-01
9.121621621621621434e-02
9.459459459459459985e-02
9.797297297297297147e-02
8.783783783783784271e-02
7.770270270270270008e-02
7.432432432432432845e-02
8.445945945945945721e-02
8.108108108108108558e-02
1.013513513513513570e-01
7.094594594594594295e-02
8.445945945945945721e-02
9.459459459459459985e-02
8.108108108108108558e-02
9.121621621621621434e-02
1.081081081081081141e-01
8.445945945945945721e-02
8.108108108108108558e-02
9.797297297297297147e-02
7.094594594594594295e-02
1.114864864864864857e-01
7.432432432432432845e-02
7.094594594594594295e-02
8.783783783783784271e-02
9.797297297297297147e-02
1.013513513513513570e-01
8.108108108108108558e-02
1.114864864864864857e-01
1.047297297297297286e-01
1.013513513513513570e-01
1.013513513513513570e-01
9.797297297297297147e-02
8.783783783783784271e-02
8.783783783783784271e-02
8.108108108108108558e-02
8.783783783783784271e-02
1.081081081081081141e-01
8.783783783783784271e-02
9.121621621621621434e-02
9.797297297297297147e-02
9.121621621621621434e-02
1.114864864864864857e-01
1.047297297297297286e-01
8.445945945945945721e-02
6.418918918918918581e-02
7.432432432432432845e-02
8.445945945945945721e-02
1.081081081081081141e-01
8.783783783783784271e-02
1.047297297297297286e-01
9.121621621621621434e-02
1.114864864864864857e-01
8.108108108108108558e-02
9.121621621621621434e-02
6.756756756756757132e-02
9.797297297297297147e-02
1.148648648648648712e-01
8.783783783783784271e-02
9.121621621621621434e-02
6.418918918918918581e-02
8.783783783783784271e-02
7.432432432432432845e-02
8.445945945945945721e-02
1.013513513513513570e-01
8.445945945945945721e-02
1.114864864864864857e-01
8.445945945945945721e-02
7.094594594594594295e-02
8.783783783783784271e-02
7.094594594594594295e-02
4.729729729729729992e-02
6.418918918918918581e-02
8.445945945945945721e-02
9.121621621621621434e-02
7.094594594594594295e-02
7.770270270270270008e-02
9.121621621621621434e-02
7.094594594594594295e-02
7.094594594594594295e-02
6.756756756756757132e-02
7.770270270270270008e-02
6.756756756756757132e-02
7.094594594594594295e-02
8.445945945945945721e-02
8.783783783783784271e-02
9.121621621621621434e-02
7.770270270270270008e-02
6.756756756756757132e-02
6.081081081081081419e-02
5.067567567567567849e-02
5.743243243243243562e-02
5.743243243243243562e-02
5.405405405405405705e-02
5.743243243243243562e-02
5.405405405405405705e-02
5.067567567567567849e-02
7.770270270270270008e-02
7.094594594594594295e-02
5.067567567567567849e-02
5.067567567567567849e-02
7.094594594594594295e-02
4.729729729729729992e-02
8.108108108108108558e-02
6.418918918918918581e-02
6.081081081081081419e-02
6.418918918918918581e-02
7.770270270270270008e-02
7.094594594594594295e-02
7.094594594594594295e-02
8.108108108108108558e-02
6.756756756756757132e-02
7.432432432432432845e-02
6.418918918918918581e-02
7.770270270270270008e-02
6.756756756756757132e-02
5.743243243243243562e-02
8.445945945945945721e-02
6.756756756756757132e-02
6.418918918918918581e-02
7.770270270270270008e-02
8.445945945945945721e-02
7.094594594594594295e-02
8.783783783783784271e-02
7.770270270270270008e-02
7.094594594594594295e-02
8.108108108108108558e-02
6.418918918918918581e-02
6.418918918918918581e-02
7.432432432432432845e-02
8.108108108108108558e-02
8.445945945945945721e-02
8.445945945945945721e-02
9.459459459459459985e-02
7.770270270270270008e-02
9.121621621621621434e-02
9.797297297297297147e-02
7.094594594594594295e-02
6.756756756756757132e-02
6.418918918918918581e-02
6.081081081081081419e-02
6.418918918918918581e-02
6.081081081081081419e-02
7.770270270270270008e-02
8.108108108108108558e-02
6.756756756756757132e-02
6.756756756756757132e-02
9.121621621621621434e-02
7.770270270270270008e-02
9.121621621621621434e-02
8.783783783783784271e-02
7.432432432432432845e-02
