1.000000000000000000e+00
6.825396825396825573e-01
5.476190476190476719e-01
5.873015873015873245e-01
6.190476190476190688e-01
6.428571428571429047e-01
5.476190476190476719e-01
6.190476190476190688e-01
5.634920634920634885e-01
6.746031746031746490e-01
6.031746031746031411e-01
5.714285714285713969e-01
5.555555555555555802e-01
5.476190476190476719e-01
5.000000000000000000e-01
6.349206349206348854e-01
5.873015873015873245e-01
6.111111111111111605e-01
4.920634920634920362e-01
5.476190476190476719e-01
5.793650793650794162e-01
5.238095238095238360e-01
5.714285714285713969e-01
4.761904761904761640e-01
5.238095238095238360e-01
6.031746031746031411e-01
6.587301587301587213e-01
5.238095238095238360e-01
5.158730158730159276e-01
5.000000000000000000e-01
4.444444444444444198e-01
5.317460317460317443e-01
4.761904761904761640e-01
5.714285714285713969e-01
5.238095238095238360e-01
5.873015873015873245e-01
4.920634920634920362e-01
5.634920634920634885e-01
4.841269841269841279e-01
5.952380952380952328e-01
5.238095238095238360e-01
5.714285714285713969e-01
5.555555555555555802e-01
5.476190476190476719e-01
4.603174603174602919e-01
5.555555555555555802e-01
4.682539682539682557e-01
4.523809523809523836e-01
5.238095238095238360e-01
4.444444444444444198e-01
4.365079365079365115e-01
5.793650793650794162e-01
5.317460317460317443e-01
4.920634920634920362e-01
5.873015873015873245e-01
4.841269841269841279e-01
5.793650793650794162e-01
4.841269841269841279e-01
5.317460317460317443e-01
6.031746031746031411e-01
4.920634920634920362e-01
5.000000000000000000e-01
4.682539682539682557e-01
5.158730158730159276e-01
5.793650793650794162e-01
5.079365079365079083e-01
5.317460317460317443e-01
5.238095238095238360e-01
5.634920634920634885e-01
5.079365079365079083e-01
5.238095238095238360e-01
4.761904761904761640e-01
4.682539682539682557e-01
4.841269841269841279e-01
5.158730158730159276e-01
5.000000000000000000e-01
5.793650793650794162e-01
5.000000000000000000e-01
4.126984126984126755e-01
5.079365079365079083e-01
4.126984126984126755e-01
4.047619047619047672e-01
4.761904761904761640e-01
4.761904761904761640e-01
4.761904761904761640e-01
5.396825396825396526e-01
4.523809523809523836e-01
5.317460317460317443e-01
4.920634920634920362e-01
5.079365079365079083e-01
4.603174603174602919e-01
3.968253968253968034e-01
5.396825396825396526e-01
5.158730158730159276e-01
4.603174603174602919e-01
4.444444444444444198e-01
4.206349206349206393e-01
4.523809523809523836e-01
4.841269841269841279e-01
4.444444444444444198e-01
4.365079365079365115e-01
4.523809523809523836e-01
3.730158730158730229e-01
5.238095238095238360e-01
4.761904761904761640e-01
5.158730158730159276e-01
5.079365079365079083e-01
4.126984126984126755e-01
5.476190476190476719e-01
5.396825396825396526e-01
4.206349206349206393e-01
4.047619047619047672e-01
4.126984126984126755e-01
4.682539682539682557e-01
5.000000000000000000e-01
4.206349206349206393e-01
4.761904761904761640e-01
3.571428571428571508e-01
5.317460317460317443e-01
4.841269841269841279e-01
5.634920634920634885e-01
4.444444444444444198e-01
4.920634920634920362e-01
4.603174603174602919e-01
4.206349206349206393e-01
3.571428571428571508e-01
4.603174603174602919e-01
4.206349206349206393e-01
3.730158730158730229e-01
4.365079365079365115e-01
4.920634920634920362e-01
3.333333333333333148e-01
4.841269841269841279e-01
4.682539682539682557e-01
4.841269841269841279e-01
4.682539682539682557e-01
4.206349206349206393e-01
4.047619047619047672e-01
4.365079365079365115e-01
4.365079365079365115e-01
4.523809523809523836e-01
4.841269841269841279e-01
4.444444444444444198e-01
5.396825396825396526e-01
5.396825396825396526e-01
4.523809523809523836e-01
4.126984126984126755e-01
4.603174603174602919e-01
4.761904761904761640e-01
4.365079365079365115e-01
4.523809523809523836e-01
4.841269841269841279e-01
4.523809523809523836e-01
4.682539682539682557e-01
4.603174603174602919e-01
4.841269841269841279e-01
4.682539682539682557e-01
5.079365079365079083e-01
4.920634920634920362e-01
4.523809523809523836e-01
5.000000000000000000e-01
4.761904761904761640e-01
4.682539682539682557e-01
4.920634920634920362e-01
4.603174603174602919e-01
5.000000000000000000e-01
4.523809523809523836e-01
5.158730158730159276e-01
4.603174603174602919e-01
5.317460317460317443e-01
5.396825396825396526e-01
3.730158730158730229e-01
4.841269841269841279e-01
3.968253968253968034e-01
4.444444444444444198e-01
4.682539682539682557e-01
5.317460317460317443e-01
4.682539682539682557e-01
5.079365079365079083e-01
4.761904761904761640e-01
5.158730158730159276e-01
5.158730158730159276e-01
4.285714285714285476e-01
5.000000000000000000e-01
4.523809523809523836e-01
3.888888888888888951e-01
4.444444444444444198e-01
4.365079365079365115e-01
5.634920634920634885e-01
4.603174603174602919e-01
4.206349206349206393e-01
4.523809523809523836e-01
4.841269841269841279e-01
5.000000000000000000e-01
4.841269841269841279e-01
4.761904761904761640e-01
4.444444444444444198e-01
4.523809523809523836e-01
5.158730158730159276e-01
4.682539682539682557e-01
4.841269841269841279e-01
5.396825396825396526e-01
3.809523809523809312e-01
4.761904761904761640e-01
4.761904761904761640e-01
4.841269841269841279e-01
5.317460317460317443e-01
4.285714285714285476e-01
5.158730158730159276e-01
4.285714285714285476e-01
4.285714285714285476e-01
4.285714285714285476e-01
4.920634920634920362e-01
5.952380952380952328e-01
5.634920634920634885e-01
5.634920634920634885e-01
4.523809523809523836e-01
5.158730158730159276e-01
4.603174603174602919e-01
4.603174603174602919e-01
5.317460317460317443e-01
4.603174603174602919e-01
5.793650793650794162e-01
5.555555555555555802e-01
5.555555555555555802e-01
4.761904761904761640e-01
4.920634920634920362e-01
5.158730158730159276e-01
5.000000000000000000e-01
4.444444444444444198e-01
4.682539682539682557e-01
5.714285714285713969e-01
4.047619047619047672e-01
4.603174603174602919e-01
3.809523809523809312e-01
3.650793650793650591e-01
4.920634920634920362e-01
4.444444444444444198e-01
5.079365079365079083e-01
3.571428571428571508e-01
4.682539682539682557e-01
5.238095238095238360e-01
5.079365079365079083e-01
4.285714285714285476e-01
3.888888888888888951e-01
4.682539682539682557e-01
4.523809523809523836e-01
4.206349206349206393e-01
3.492063492063491870e-01
4.206349206349206393e-01
5.238095238095238360e-01
4.761904761904761640e-01
4.841269841269841279e-01
4.206349206349206393e-01
4.682539682539682557e-01
4.444444444444444198e-01
3.650793650793650591e-01
5.873015873015873245e-01
5.158730158730159276e-01
5.158730158730159276e-01
4.682539682539682557e-01
4.920634920634920362e-01
4.920634920634920362e-01
4.206349206349206393e-01
4.523809523809523836e-01
4.365079365079365115e-01
3.888888888888888951e-01
3.253968253968254065e-01
4.444444444444444198e-01
4.682539682539682557e-01
4.206349206349206393e-01
5.000000000000000000e-01
5.238095238095238360e-01
3.650793650793650591e-01
3.888888888888888951e-01
5.000000000000000000e-01
4.603174603174602919e-01
6.190476190476190688e-01
5.000000000000000000e-01
5.634920634920634885e-01
4.603174603174602919e-01
4.285714285714285476e-01
4.365079365079365115e-01
5.079365079365079083e-01
5.238095238095238360e-01
5.158730158730159276e-01
5.555555555555555802e-01
5.238095238095238360e-01
4.523809523809523836e-01
4.444444444444444198e-01
4.047619047619047672e-01
5.238095238095238360e-01
4.841269841269841279e-01
3.730158730158730229e-01
4.603174603174602919e-01
4.841269841269841279e-01
4.126984126984126755e-01
4.841269841269841279e-01
4.365079365079365115e-01
3.968253968253968034e-01
4.841269841269841279e-01
3.809523809523809312e-01
5.158730158730159276e-01
4.206349206349206393e-01
4.523809523809523836e-01
4.523809523809523836e-01
4.841269841269841279e-01
4.206349206349206393e-01
4.206349206349206393e-01
4.365079365079365115e-01
4.365079365079365115e-01
4.523809523809523836e-01
3.809523809523809312e-01
5.000000000000000000e-01
4.206349206349206393e-01
4.206349206349206393e-01
4.126984126984126755e-01
5.555555555555555802e-01
3.809523809523809312e-01
3.888888888888888951e-01
4.444444444444444198e-01
4.365079365079365115e-01
4.365079365079365115e-01
4.841269841269841279e-01
4.523809523809523836e-01
4.841269841269841279e-01
4.920634920634920362e-01
4.444444444444444198e-01
4.920634920634920362e-01
3.888888888888888951e-01
3.968253968253968034e-01
3.650793650793650591e-01
4.206349206349206393e-01
4.682539682539682557e-01
4.841269841269841279e-01
4.603174603174602919e-01
4.523809523809523836e-01
3.571428571428571508e-01
4.682539682539682557e-01
4.761904761904761640e-01
4.126984126984126755e-01
3.571428571428571508e-01
3.730158730158730229e-01
4.365079365079365115e-01
3.968253968253968034e-01
3.809523809523809312e-01
4.047619047619047672e-01
3.809523809523809312e-01
4.285714285714285476e-01
4.365079365079365115e-01
3.809523809523809312e-01
3.571428571428571508e-01
4.761904761904761640e-01
4.841269841269841279e-01
3.968253968253968034e-01
4.682539682539682557e-01
4.682539682539682557e-01
4.841269841269841279e-01
3.809523809523809312e-01
3.253968253968254065e-01
4.841269841269841279e-01
3.650793650793650591e-01
4.603174603174602919e-01
3.730158730158730229e-01
3.809523809523809312e-01
4.285714285714285476e-01
3.174603174603174427e-01
4.365079365079365115e-01
4.523809523809523836e-01
4.126984126984126755e-01
4.365079365079365115e-01
4.682539682539682557e-01
3.492063492063491870e-01
3.571428571428571508e-01
4.206349206349206393e-01
3.968253968253968034e-01
4.126984126984126755e-01
4.523809523809523836e-01
4.444444444444444198e-01
3.730158730158730229e-01
4.603174603174602919e-01
3.253968253968254065e-01
4.285714285714285476e-01
3.730158730158730229e-01
3.809523809523809312e-01
3.730158730158730229e-01
3.888888888888888951e-01
3.650793650793650591e-01
4.365079365079365115e-01
5.079365079365079083e-01
4.126984126984126755e-01
4.523809523809523836e-01
4.365079365079365115e-01
4.444444444444444198e-01
4.523809523809523836e-01
3.968253968253968034e-01
4.444444444444444198e-01
4.603174603174602919e-01
4.682539682539682557e-01
4.603174603174602919e-01
4.206349206349206393e-01
