1.000000000000000000e+00
7.324840764331209675e-01
7.181528662420382236e-01
6.576433121019108485e-01
6.321656050955414274e-01
6.480891719745223156e-01
5.843949044585987629e-01
6.082802547770700397e-01
5.509554140127388422e-01
6.226114649681528945e-01
5.684713375796178747e-01
5.541401273885350198e-01
5.398089171974522760e-01
5.573248407643311975e-01
5.318471337579617764e-01
5.191082802547770658e-01
4.920382165605095559e-01
5.015923566878981443e-01
5.000000000000000000e-01
4.729299363057324901e-01
4.792993630573248454e-01
5.015923566878981443e-01
4.554140127388535131e-01
4.538216560509554243e-01
4.028662420382165821e-01
4.267515923566879144e-01
4.044585987261146709e-01
4.156050955414012926e-01
3.996815286624204044e-01
3.917197452229299603e-01
3.996815286624204044e-01
4.060509554140127597e-01
3.757961783439490722e-01
3.980891719745223156e-01
3.869426751592356939e-01
3.710191082802547502e-01
4.076433121019108485e-01
3.710191082802547502e-01
3.917197452229299603e-01
3.805732484076433386e-01
3.773885350318471610e-01
3.550955414012738620e-01
3.726114649681528390e-01
3.710191082802547502e-01
3.343949044585987074e-01
3.535031847133757732e-01
3.439490445859872403e-01
3.232484076433120856e-01
3.105095541401273751e-01
2.802547770700636875e-01
3.009554140127388422e-01
3.328025477707006186e-01
3.248407643312101745e-01
2.961783439490445757e-01
3.296178343949044409e-01
3.312101910828025297e-01
2.914012738853503093e-01
3.041401273885350198e-01
2.977707006369426646e-01
3.359872611464967962e-01
2.882165605095541316e-01
2.786624203821655987e-01
2.914012738853503093e-01
2.627388535031847105e-01
2.898089171974522205e-01
2.961783439490445757e-01
2.802547770700636875e-01
2.484076433121019112e-01
2.786624203821655987e-01
2.929936305732483981e-01
2.722929936305732435e-01
2.500000000000000000e-01
2.611464968152866217e-01
2.786624203821655987e-01
2.611464968152866217e-01
2.738853503184713323e-01
2.675159235668789770e-01
2.420382165605095559e-01
2.547770700636942665e-01
2.292993630573248454e-01
2.500000000000000000e-01
2.659235668789808882e-01
2.738853503184713323e-01
2.308917197452229342e-01
2.468152866242038224e-01
2.420382165605095559e-01
2.484076433121019112e-01
2.436305732484076447e-01
2.579617834394904441e-01
2.356687898089172006e-01
2.547770700636942665e-01
2.372611464968152895e-01
2.468152866242038224e-01
2.340764331210191118e-01
2.117834394904458684e-01
2.181528662420382236e-01
2.308917197452229342e-01
2.117834394904458684e-01
2.484076433121019112e-01
2.436305732484076447e-01
2.356687898089172006e-01
2.356687898089172006e-01
2.245222929936305789e-01
2.181528662420382236e-01
2.340764331210191118e-01
2.070063694267516019e-01
1.878980891719745361e-01
2.022292993630573354e-01
1.926751592356688025e-01
1.958598726114649802e-01
1.990445859872611578e-01
2.101910828025477795e-01
1.783439490445859754e-01
2.038216560509554243e-01
1.863057324840764195e-01
1.783439490445859754e-01
2.022292993630573354e-01
1.958598726114649802e-01
1.703821656050955313e-01
1.799363057324840642e-01
1.831210191082802419e-01
1.719745222929936201e-01
1.831210191082802419e-01
1.799363057324840642e-01
1.799363057324840642e-01
1.703821656050955313e-01
1.878980891719745361e-01
1.608280254777069984e-01
1.496815286624203767e-01
1.640127388535031761e-01
1.640127388535031761e-01
1.624203821656050872e-01
1.799363057324840642e-01
1.894904458598726249e-01
1.719745222929936201e-01
1.719745222929936201e-01
1.512738853503184655e-01
1.592356687898089096e-01
1.671974522292993537e-01
1.592356687898089096e-01
1.640127388535031761e-01
1.449044585987261102e-01
1.464968152866241990e-01
1.687898089171974425e-01
1.496815286624203767e-01
1.433121019108280214e-01
1.640127388535031761e-01
1.337579617834394885e-01
1.353503184713375773e-01
1.242038216560509556e-01
1.257961783439490444e-01
1.321656050955413997e-01
1.560509554140127320e-01
1.273885350318471332e-01
1.449044585987261102e-01
1.210191082802547780e-01
1.385350318471337550e-01
1.401273885350318438e-01
1.337579617834394885e-01
1.417197452229299326e-01
1.433121019108280214e-01
1.560509554140127320e-01
1.369426751592356661e-01
1.242038216560509556e-01
1.433121019108280214e-01
1.433121019108280214e-01
1.624203821656050872e-01
1.480891719745222879e-01
1.305732484076433109e-01
1.162420382165605115e-01
1.289808917197452220e-01
1.050955414012738898e-01
1.146496815286624227e-01
1.242038216560509556e-01
1.321656050955413997e-01
1.162420382165605115e-01
1.114649681528662450e-01
1.305732484076433109e-01
1.273885350318471332e-01
1.321656050955413997e-01
1.210191082802547780e-01
1.050955414012738898e-01
1.385350318471337550e-01
1.162420382165605115e-01
1.257961783439490444e-01
1.194267515923566891e-01
1.210191082802547780e-01
1.369426751592356661e-01
1.353503184713375773e-01
1.162420382165605115e-01
1.273885350318471332e-01
1.050955414012738898e-01
1.098726114649681562e-01
1.194267515923566891e-01
9.872611464968153450e-02
9.394904458598726804e-02
9.713375796178344568e-02
1.194267515923566891e-01
9.872611464968153450e-02
1.114649681528662450e-01
8.917197452229298771e-02
9.076433121019107653e-02
1.226114649681528668e-01
1.003184713375796233e-01
1.146496815286624227e-01
1.082802547770700674e-01
1.035031847133758010e-01
1.178343949044586003e-01
1.050955414012738898e-01
1.146496815286624227e-01
1.050955414012738898e-01
1.130573248407643339e-01
9.076433121019107653e-02
1.178343949044586003e-01
1.098726114649681562e-01
8.757961783439489889e-02
1.019108280254777121e-01
1.082802547770700674e-01
1.066878980891719786e-01
9.394904458598726804e-02
9.872611464968153450e-02
1.035031847133758010e-01
1.019108280254777121e-01
1.082802547770700674e-01
1.019108280254777121e-01
1.082802547770700674e-01
1.050955414012738898e-01
9.713375796178344568e-02
1.194267515923566891e-01
9.394904458598726804e-02
1.019108280254777121e-01
1.130573248407643339e-01
1.146496815286624227e-01
9.713375796178344568e-02
1.003184713375796233e-01
1.050955414012738898e-01
1.035031847133758010e-01
1.098726114649681562e-01
1.050955414012738898e-01
8.917197452229298771e-02
9.235668789808916535e-02
9.554140127388535686e-02
9.076433121019107653e-02
8.439490445859872125e-02
9.713375796178344568e-02
9.394904458598726804e-02
7.802547770700636598e-02
9.235668789808916535e-02
9.394904458598726804e-02
9.554140127388535686e-02
8.757961783439489889e-02
9.076433121019107653e-02
8.757961783439489889e-02
9.554140127388535686e-02
7.802547770700636598e-02
7.961783439490445480e-02
8.439490445859872125e-02
9.076433121019107653e-02
8.917197452229298771e-02
1.035031847133758010e-01
9.235668789808916535e-02
9.076433121019107653e-02
7.802547770700636598e-02
9.554140127388535686e-02
8.439490445859872125e-02
8.280254777070063243e-02
7.802547770700636598e-02
8.439490445859872125e-02
8.121019108280254362e-02
6.528662420382165543e-02
8.917197452229298771e-02
7.484076433121018834e-02
8.757961783439489889e-02
7.643312101910827716e-02
7.324840764331209952e-02
7.165605095541401071e-02
9.076433121019107653e-02
8.280254777070063243e-02
1.035031847133758010e-01
8.280254777070063243e-02
8.121019108280254362e-02
8.439490445859872125e-02
7.006369426751592189e-02
8.280254777070063243e-02
7.961783439490445480e-02
8.598726114649681007e-02
7.643312101910827716e-02
8.439490445859872125e-02
1.019108280254777121e-01
8.280254777070063243e-02
8.598726114649681007e-02
7.802547770700636598e-02
7.961783439490445480e-02
1.003184713375796233e-01
8.280254777070063243e-02
9.076433121019107653e-02
9.713375796178344568e-02
8.757961783439489889e-02
8.917197452229298771e-02
8.121019108280254362e-02
8.121019108280254362e-02
8.598726114649681007e-02
9.235668789808916535e-02
8.598726114649681007e-02
8.917197452229298771e-02
8.439490445859872125e-02
6.210191082802547780e-02
7.643312101910827716e-02
7.165605095541401071e-02
8.598726114649681007e-02
7.324840764331209952e-02
6.369426751592356661e-02
7.643312101910827716e-02
6.847133757961783307e-02
7.006369426751592189e-02
6.687898089171974425e-02
8.280254777070063243e-02
6.210191082802547780e-02
7.484076433121018834e-02
6.369426751592356661e-02
6.687898089171974425e-02
7.484076433121018834e-02
9.235668789808916535e-02
7.643312101910827716e-02
5.254777070063694488e-02
7.324840764331209952e-02
4.936305732484076725e-02
7.961783439490445480e-02
7.324840764331209952e-02
7.006369426751592189e-02
7.006369426751592189e-02
7.643312101910827716e-02
7.484076433121018834e-02
8.757961783439489889e-02
6.528662420382165543e-02
7.802547770700636598e-02
6.528662420382165543e-02
7.165605095541401071e-02
7.643312101910827716e-02
7.165605095541401071e-02
6.847133757961783307e-02
8.121019108280254362e-02
6.050955414012738898e-02
6.369426751592356661e-02
5.254777070063694488e-02
4.299363057324840504e-02
4.936305732484076725e-02
4.777070063694267843e-02
3.980891719745222740e-02
5.095541401273885607e-02
4.617834394904458267e-02
5.414012738853503370e-02
4.777070063694267843e-02
4.936305732484076725e-02
5.254777070063694488e-02
4.936305732484076725e-02
5.732484076433121134e-02
5.732484076433121134e-02
5.414012738853503370e-02
4.936305732484076725e-02
5.573248407643312252e-02
6.210191082802547780e-02
5.414012738853503370e-02
5.414012738853503370e-02
4.617834394904458267e-02
4.936305732484076725e-02
4.458598726114649385e-02
4.458598726114649385e-02
3.980891719745222740e-02
4.617834394904458267e-02
4.936305732484076725e-02
5.891719745222930016e-02
4.458598726114649385e-02
4.617834394904458267e-02
4.299363057324840504e-02
4.936305732484076725e-02
4.617834394904458267e-02
5.095541401273885607e-02
4.936305732484076725e-02
5.414012738853503370e-02
3.503184713375796094e-02
5.414012738853503370e-02
4.777070063694267843e-02
5.414012738853503370e-02
5.254777070063694488e-02
6.050955414012738898e-02
6.369426751592356661e-02
5.891719745222930016e-02
4.936305732484076725e-02
5.095541401273885607e-02
4.458598726114649385e-02
4.617834394904458267e-02
5.732484076433121134e-02
4.140127388535031622e-02
4.936305732484076725e-02
5.891719745222930016e-02
6.369426751592356661e-02
4.617834394904458267e-02
3.980891719745222740e-02
5.095541401273885607e-02
4.617834394904458267e-02
