1.000000000000000000e+00
8.563270213405470566e-01
8.139464983468590598e-01
7.920048091373609322e-01
7.805831079050195020e-01
7.781785392245266220e-01
7.616471295461376689e-01
7.400060114217011931e-01
7.363991584009618174e-01
7.195671776375113238e-01
6.997294860234445357e-01
7.204688908926961677e-01
6.699729486023444647e-01
6.570483919446948873e-01
6.558461076044485027e-01
6.324015629696423391e-01
6.360084159903817147e-01
6.381124135858130542e-01
6.194770063119927617e-01
6.179741508866847255e-01
6.375112714156898619e-01
6.245867147580402845e-01
5.906221821460775345e-01
6.158701532912533860e-01
5.957318905921250574e-01
5.782987676585512604e-01
5.933273219116320663e-01
5.752930568079350770e-01
5.647730688307784908e-01
5.626690712353471513e-01
5.644724977457168391e-01
5.611662158100391151e-01
5.250976856026450257e-01
5.386233844304177953e-01
5.256988277727682179e-01
5.404268109407874832e-01
5.305079651337540891e-01
5.076645626690712287e-01
5.022542831379621653e-01
5.145776976254884394e-01
4.920348662458671751e-01
4.992485722873459819e-01
4.890291553952509918e-01
4.986474301172227341e-01
4.727983168019236349e-01
4.688908926961226076e-01
4.755034565674782221e-01
4.764051698226630660e-01
4.610760444845206085e-01
4.740006011421701304e-01
4.730988878869852865e-01
4.649834685903216358e-01
4.574691914637811774e-01
4.535617673579801501e-01
4.508566275924256184e-01
4.430417793808235638e-01
4.376314998497144448e-01
4.364292155094680048e-01
4.283137962128043541e-01
4.295160805530507941e-01
4.289149383829275464e-01
4.307183648932972897e-01
4.340246468289750692e-01
4.084761045987376216e-01
4.244063721070033268e-01
4.099789600240457133e-01
4.090772467688608138e-01
4.072738202584911260e-01
4.057709648331830343e-01
4.060715359182446860e-01
4.048692515779981904e-01
3.955515479410880442e-01
3.967538322813345397e-01
3.886384129846708890e-01
3.931469792605951086e-01
3.811241358581304306e-01
3.955515479410880442e-01
3.760144274120829633e-01
3.841298467087466140e-01
3.651938683498647253e-01
3.624887285843101936e-01
3.651938683498647253e-01
3.597835888187556619e-01
3.597835888187556619e-01
3.609858731590021019e-01
3.712052900510970921e-01
3.510670273519687634e-01
3.504658851818455156e-01
3.429516080553050572e-01
3.408476104598737733e-01
3.384430417793808377e-01
3.456567478208596444e-01
3.534715960324616990e-01
3.546738803727081391e-01
3.453561767357979928e-01
3.333333333333333148e-01
3.339344755034565626e-01
3.390441839495040854e-01
3.330327622482717187e-01
3.363390441839494982e-01
3.321310489930868748e-01
3.297264803125939392e-01
3.261196272918545080e-01
3.297264803125939392e-01
3.333333333333333148e-01
3.152990682296363256e-01
3.080853621881575188e-01
3.137962128043282339e-01
3.222122031860534808e-01
3.107905019537120506e-01
2.951608055305079414e-01
3.056807935076645832e-01
3.041779380823564916e-01
3.044785091674180877e-01
2.966636609558160331e-01
3.005710850616170604e-01
2.846408175533513552e-01
3.023745115719867482e-01
3.023745115719867482e-01
2.879470994890291347e-01
2.939585211902615014e-01
2.966636609558160331e-01
2.894499549143372263e-01
2.831379621280432635e-01
2.840396753832281074e-01
2.882476705740907863e-01
2.798316801923654840e-01
2.816351067027351718e-01
2.861436729786594468e-01
2.747219717463180166e-01
2.693116922152088977e-01
2.774271115118725484e-01
2.726179741508866772e-01
2.777276825969342000e-01
2.792305380222422362e-01
2.864442440637210430e-01
2.678088367899008060e-01
2.759242560865644567e-01
2.693116922152088977e-01
2.747219717463180166e-01
2.648031259392846226e-01
2.599939885782987514e-01
2.750225428313796128e-01
2.684099789600240538e-01
2.660054102795311182e-01
2.702134054703937416e-01
2.732191163210099250e-01
2.681094078749624021e-01
2.705139765554553377e-01
2.584911331529906597e-01
2.620979861737300909e-01
2.482717162608956973e-01
2.578899909828674675e-01
2.479711451758340734e-01
2.524797114517583485e-01
2.515779981965735046e-01
2.494740006011421651e-01
2.536819957920047885e-01
2.491734295160805412e-01
2.434625788999098261e-01
2.392545837090472027e-01
2.467688608355876057e-01
2.446648632401562939e-01
2.491734295160805412e-01
2.419597234746017345e-01
2.509768560264502568e-01
2.338443041779380838e-01
2.371505861136158633e-01
2.362488728584310194e-01
2.350465885181845516e-01
2.383528704538623311e-01
2.254283137962128092e-01
2.362488728584310194e-01
2.356477306883077716e-01
2.299368800721370565e-01
2.371505861136158633e-01
2.323414487526299921e-01
2.341448752629997077e-01
2.407574391343552667e-01
2.266305981364592770e-01
2.221220318605350297e-01
2.176134655846107546e-01
2.173128944995491307e-01
2.070934776074541683e-01
2.143071836489329751e-01
2.137060414788097273e-01
2.094980462879471039e-01
2.088969041178238562e-01
2.058911932672077005e-01
2.025849113315298933e-01
2.116020438833784156e-01
2.025849113315298933e-01
2.001803426510369577e-01
2.107003306281935717e-01
2.028854824165915172e-01
2.076946197775773884e-01
2.016831980763450494e-01
2.064923354373309206e-01
2.004809137360985816e-01
2.013826269912834255e-01
1.992786293958521138e-01
2.097986173730087278e-01
1.992786293958521138e-01
1.926660655244965548e-01
1.989780583107904899e-01
1.881574992485722797e-01
1.995792004809137377e-01
1.944694920348662426e-01
1.983769161406672699e-01
1.944694920348662426e-01
1.983769161406672699e-01
1.917643522693116831e-01
1.902614968440036192e-01
1.977757739705440221e-01
1.848512173128945002e-01
1.890592125037571514e-01
1.842500751427712524e-01
1.905620679290652153e-01
1.884580703336339036e-01
1.791403666967237851e-01
1.830477908025247846e-01
1.788397956116621612e-01
1.848512173128945002e-01
1.782386534415389134e-01
1.707243763149985105e-01
1.839495040577096563e-01
1.803426510369702529e-01
1.767357980162308495e-01
1.818455064622783168e-01
1.758340847610459778e-01
1.674180943793207033e-01
1.827472197174631885e-01
1.767357980162308495e-01
1.686203787195671711e-01
1.779380823564773173e-01
1.770363691012924456e-01
1.644123835287045476e-01
1.746318004207995100e-01
1.731289449954914461e-01
1.773369401863540695e-01
1.716260895701833544e-01
1.698226630598136389e-01
1.770363691012924456e-01
1.662158100390742355e-01
1.716260895701833544e-01
1.701232341448752627e-01
1.743312293357379139e-01
1.617072437631499882e-01
1.587015329125338048e-01
1.659152389540126116e-01
1.608055305079651442e-01
1.523895401262398419e-01
1.737300871656146661e-01
1.590021039975954287e-01
1.614066726780883643e-01
1.577998196573489609e-01
1.611061015930267404e-01
1.587015329125338048e-01
1.593026750826570526e-01
1.599038172527802726e-01
1.605049594229035204e-01
1.596032461677186765e-01
1.556958220619176492e-01
1.565975353171024931e-01
1.599038172527802726e-01
1.547941088067328053e-01
1.602043883378418965e-01
1.499849714457469063e-01
1.502855425308085302e-01
1.508866847009317780e-01
1.460775473399459068e-01
1.502855425308085302e-01
1.421701232341448795e-01
1.475804027652539707e-01
1.448752629996994390e-01
1.445746919146378151e-01
1.427712654042680995e-01
1.424706943192065034e-01
1.499849714457469063e-01
1.391644123835286961e-01
1.442741208295761912e-01
1.532912533814247136e-01
1.469792605951307507e-01
1.397655545536519439e-01
1.448752629996994390e-01
1.418695521490832556e-01
1.400661256387135678e-01
1.466786895100691268e-01
1.412684099789600356e-01
1.514878268710549980e-01
1.460775473399459068e-01
1.460775473399459068e-01
1.529906822963630897e-01
1.469792605951307507e-01
1.481815449353772185e-01
1.454764051698226590e-01
1.463781184250075029e-01
1.370604147880973844e-01
1.433724075743913473e-01
1.385632702134054761e-01
1.406672678088367878e-01
1.436729786594529712e-01
1.454764051698226590e-01
1.358581304478509166e-01
1.331529906822963571e-01
1.376615569582206322e-01
1.388638412984671000e-01
1.412684099789600356e-01
1.388638412984671000e-01
1.388638412984671000e-01
1.343552750225428249e-01
1.358581304478509166e-01
1.280432822362488621e-01
1.310489930868650454e-01
1.343552750225428249e-01
1.388638412984671000e-01
1.343552750225428249e-01
1.382626991283438522e-01
1.376615569582206322e-01
1.403666967237751639e-01
1.409678388938984117e-01
1.370604147880973844e-01
1.436729786594529712e-01
1.328524195972347333e-01
1.307484220018034216e-01
1.316501352569882655e-01
1.265404268109407981e-01
1.250375713856327065e-01
1.364592726179741644e-01
1.331529906822963571e-01
1.247370003005710826e-01
1.226330027051397709e-01
1.280432822362488621e-01
1.274421400661256421e-01
1.226330027051397709e-01
1.211301472798316792e-01
1.319507063420498894e-01
1.256387135557559265e-01
1.238352870453862387e-01
1.223324316200781470e-01
1.286444244063721098e-01
1.265404268109407981e-01
1.265404268109407981e-01
1.286444244063721098e-01
1.223324316200781470e-01
1.253381424706943303e-01
1.190261496844003675e-01
1.202284340246468353e-01
1.250375713856327065e-01
1.184250075142771197e-01
1.244364292155094726e-01
1.199278629395852114e-01
1.160204388337841841e-01
1.181244364292155097e-01
1.115118725578599368e-01
1.172227231740306519e-01
1.148181544935377163e-01
1.190261496844003675e-01
1.250375713856327065e-01
1.106101593026750790e-01
1.157198677487225741e-01
1.118124436429215468e-01
1.169221520889690419e-01
1.265404268109407981e-01
1.172227231740306519e-01
1.142170123234144824e-01
1.169221520889690419e-01
1.130147279831680146e-01
1.106101593026750790e-01
1.039975954313195061e-01
1.145175834084761063e-01
1.103095882176134690e-01
1.100090171325518451e-01
1.061015930267508317e-01
1.139164412383528724e-01
1.070033062819356756e-01
1.091073038773670012e-01
1.067027351968740656e-01
1.097084460474902351e-01
1.000901713255184788e-01
1.015930267508265705e-01
1.085061617072437673e-01
1.067027351968740656e-01
1.055004508566275978e-01
1.058010219416892078e-01
1.094078749624286112e-01
1.039975954313195061e-01
1.091073038773670012e-01
1.073038773669972995e-01
1.027953110910730383e-01
1.006913134956417127e-01
9.588217613465584155e-02
1.064021641118124417e-01
1.064021641118124417e-01
1.003907424105801027e-01
1.042981665163811300e-01
1.018935978358881944e-01
1.018935978358881944e-01
9.978960024045686883e-02
9.768560264502554324e-02
1.027953110910730383e-01
