1.000000000000000000e+00
6.923076923076922906e-01
6.769230769230769607e-01
6.153846153846154188e-01
6.048076923076922684e-01
5.884615384615384803e-01
5.519230769230769607e-01
4.894230769230769051e-01
4.855769230769230727e-01
4.384615384615384581e-01
4.576923076923076761e-01
4.413461538461538325e-01
4.403846153846153744e-01
4.201923076923076983e-01
4.076923076923076872e-01
3.865384615384615530e-01
3.711538461538461675e-01
3.624999999999999889e-01
3.990384615384615641e-01
3.663461538461538214e-01
3.490384615384615197e-01
3.346153846153845923e-01
3.615384615384615308e-01
3.432692307692307709e-01
3.134615384615384581e-01
3.442307692307692291e-01
3.038461538461538214e-01
3.057692307692307931e-01
2.778846153846153966e-01
2.701923076923076761e-01
2.730769230769230504e-01
2.423076923076923073e-01
2.346153846153846145e-01
2.365384615384615308e-01
2.374999999999999889e-01
2.423076923076923073e-01
2.557692307692307487e-01
2.336538461538461564e-01
2.403846153846153910e-01
2.173076923076923128e-01
2.192307692307692291e-01
2.048076923076923017e-01
2.288461538461538380e-01
2.250000000000000056e-01
2.019230769230769273e-01
2.000000000000000111e-01
1.884615384615384581e-01
1.971153846153846090e-01
1.817307692307692235e-01
1.701923076923076983e-01
1.826923076923076816e-01
1.817307692307692235e-01
1.413461538461538436e-01
1.432692307692307598e-01
1.567307692307692291e-01
1.711538461538461564e-01
1.605769230769230893e-01
1.548076923076923128e-01
1.567307692307692291e-01
1.615384615384615474e-01
1.730769230769230727e-01
1.653846153846153799e-01
1.538461538461538547e-01
1.384615384615384692e-01
1.653846153846153799e-01
1.567307692307692291e-01
1.288461538461538325e-01
1.576923076923076872e-01
1.471153846153846201e-01
1.490384615384615363e-01
1.442307692307692180e-01
1.519230769230769107e-01
1.499999999999999944e-01
1.432692307692307598e-01
1.461538461538461620e-01
1.490384615384615363e-01
1.278846153846153744e-01
1.240384615384615419e-01
1.298076923076923184e-01
1.278846153846153744e-01
1.394230769230769273e-01
1.355769230769230671e-01
1.451923076923077038e-01
1.365384615384615252e-01
1.278846153846153744e-01
1.288461538461538325e-01
1.240384615384615419e-01
1.250000000000000000e-01
1.173076923076923073e-01
1.230769230769230838e-01
1.163461538461538491e-01
1.259615384615384581e-01
1.173076923076923073e-01
1.028846153846153799e-01
1.076923076923076983e-01
1.019230769230769218e-01
9.903846153846153355e-02
1.163461538461538491e-01
1.163461538461538491e-01
1.028846153846153799e-01
1.144230769230769190e-01
1.192307692307692374e-01
1.144230769230769190e-01
1.240384615384615419e-01
1.038461538461538519e-01
1.230769230769230838e-01
9.134615384615384082e-02
1.211538461538461536e-01
1.009615384615384637e-01
1.019230769230769218e-01
9.423076923076922906e-02
9.230769230769231282e-02
9.807692307692307543e-02
8.846153846153846645e-02
8.653846153846153633e-02
8.749999999999999445e-02
7.884615384615384359e-02
9.230769230769231282e-02
9.423076923076922906e-02
9.134615384615384082e-02
1.000000000000000056e-01
9.615384615384615918e-02
9.134615384615384082e-02
8.269230769230768996e-02
7.403846153846153910e-02
8.557692307692307820e-02
8.557692307692307820e-02
9.134615384615384082e-02
7.307692307692308098e-02
7.211538461538460898e-02
7.499999999999999722e-02
7.884615384615384359e-02
6.250000000000000000e-02
6.826923076923076261e-02
6.634615384615384637e-02
6.153846153846154188e-02
6.923076923076923461e-02
7.692307692307692735e-02
6.442307692307691624e-02
7.596153846153845535e-02
7.403846153846153910e-02
7.211538461538460898e-02
6.826923076923076261e-02
7.307692307692308098e-02
8.269230769230768996e-02
6.634615384615384637e-02
6.634615384615384637e-02
7.692307692307692735e-02
7.019230769230769273e-02
6.730769230769230449e-02
6.250000000000000000e-02
7.211538461538460898e-02
7.788461538461538547e-02
7.019230769230769273e-02
6.826923076923076261e-02
6.442307692307691624e-02
7.019230769230769273e-02
4.615384615384615641e-02
7.019230769230769273e-02
6.923076923076923461e-02
7.307692307692308098e-02
7.788461538461538547e-02
6.826923076923076261e-02
6.538461538461538824e-02
7.692307692307692735e-02
6.538461538461538824e-02
5.961538461538461869e-02
6.730769230769230449e-02
6.538461538461538824e-02
7.307692307692308098e-02
6.730769230769230449e-02
7.499999999999999722e-02
6.153846153846154188e-02
5.865384615384615363e-02
8.365384615384614808e-02
6.730769230769230449e-02
6.442307692307691624e-02
7.980769230769230171e-02
8.076923076923077371e-02
6.826923076923076261e-02
6.057692307692307682e-02
6.442307692307691624e-02
5.673076923076923045e-02
6.538461538461538824e-02
5.576923076923077233e-02
5.576923076923077233e-02
5.769230769230769551e-02
5.576923076923077233e-02
5.384615384615384914e-02
6.442307692307691624e-02
6.153846153846154188e-02
6.346153846153845812e-02
7.499999999999999722e-02
5.769230769230769551e-02
5.961538461538461869e-02
5.769230769230769551e-02
5.576923076923077233e-02
5.576923076923077233e-02
6.153846153846154188e-02
6.153846153846154188e-02
5.384615384615384914e-02
6.346153846153845812e-02
5.480769230769230727e-02
5.192307692307692596e-02
5.384615384615384914e-02
6.057692307692307682e-02
6.250000000000000000e-02
4.326923076923076816e-02
6.250000000000000000e-02
5.288461538461538408e-02
5.384615384615384914e-02
5.673076923076923045e-02
6.442307692307691624e-02
6.826923076923076261e-02
5.865384615384615363e-02
6.250000000000000000e-02
5.384615384615384914e-02
5.384615384615384914e-02
5.576923076923077233e-02
5.480769230769230727e-02
5.096153846153846090e-02
5.384615384615384914e-02
5.769230769230769551e-02
5.192307692307692596e-02
5.769230769230769551e-02
5.288461538461538408e-02
5.480769230769230727e-02
6.250000000000000000e-02
6.057692307692307682e-02
6.538461538461538824e-02
5.288461538461538408e-02
5.865384615384615363e-02
6.153846153846154188e-02
5.384615384615384914e-02
5.096153846153846090e-02
6.923076923076923461e-02
4.903846153846153771e-02
6.250000000000000000e-02
5.865384615384615363e-02
4.615384615384615641e-02
5.288461538461538408e-02
5.000000000000000278e-02
4.326923076923076816e-02
5.673076923076923045e-02
5.384615384615384914e-02
5.961538461538461869e-02
5.096153846153846090e-02
5.096153846153846090e-02
5.192307692307692596e-02
4.903846153846153771e-02
6.057692307692307682e-02
4.711538461538461453e-02
4.807692307692307959e-02
4.711538461538461453e-02
5.096153846153846090e-02
4.615384615384615641e-02
4.423076923076923322e-02
4.615384615384615641e-02
5.673076923076923045e-02
5.576923076923077233e-02
4.711538461538461453e-02
5.288461538461538408e-02
5.961538461538461869e-02
4.711538461538461453e-02
5.865384615384615363e-02
5.384615384615384914e-02
4.230769230769231004e-02
4.423076923076923322e-02
5.096153846153846090e-02
4.807692307692307959e-02
4.615384615384615641e-02
5.384615384615384914e-02
4.519230769230769135e-02
5.192307692307692596e-02
4.423076923076923322e-02
4.423076923076923322e-02
4.903846153846153771e-02
4.519230769230769135e-02
4.326923076923076816e-02
4.711538461538461453e-02
4.134615384615384498e-02
4.230769230769231004e-02
4.038461538461538686e-02
4.326923076923076816e-02
4.519230769230769135e-02
4.326923076923076816e-02
4.807692307692307959e-02
3.942307692307692180e-02
3.749999999999999861e-02
3.846153846153846367e-02
3.461538461538461731e-02
4.230769230769231004e-02
4.519230769230769135e-02
5.288461538461538408e-02
4.519230769230769135e-02
5.192307692307692596e-02
5.288461538461538408e-02
5.000000000000000278e-02
3.942307692307692180e-02
3.557692307692307543e-02
5.480769230769230727e-02
4.807692307692307959e-02
4.807692307692307959e-02
5.384615384615384914e-02
5.576923076923077233e-02
5.961538461538461869e-02
5.673076923076923045e-02
5.288461538461538408e-02
5.576923076923077233e-02
4.423076923076923322e-02
5.096153846153846090e-02
3.653846153846154049e-02
4.230769230769231004e-02
4.519230769230769135e-02
3.846153846153846367e-02
4.326923076923076816e-02
4.038461538461538686e-02
3.749999999999999861e-02
4.038461538461538686e-02
4.615384615384615641e-02
4.807692307692307959e-02
3.942307692307692180e-02
4.326923076923076816e-02
4.134615384615384498e-02
4.423076923076923322e-02
3.749999999999999861e-02
5.865384615384615363e-02
3.942307692307692180e-02
5.096153846153846090e-02
5.096153846153846090e-02
4.615384615384615641e-02
4.519230769230769135e-02
4.230769230769231004e-02
5.096153846153846090e-02
5.192307692307692596e-02
4.326923076923076816e-02
5.096153846153846090e-02
4.038461538461538686e-02
3.076923076923077094e-02
4.807692307692307959e-02
3.653846153846154049e-02
3.173076923076922906e-02
5.192307692307692596e-02
4.230769230769231004e-02
4.807692307692307959e-02
4.134615384615384498e-02
5.480769230769230727e-02
3.749999999999999861e-02
4.326923076923076816e-02
4.711538461538461453e-02
4.615384615384615641e-02
3.846153846153846367e-02
4.615384615384615641e-02
4.038461538461538686e-02
4.326923076923076816e-02
3.461538461538461731e-02
4.423076923076923322e-02
4.423076923076923322e-02
4.134615384615384498e-02
2.980769230769230935e-02
4.423076923076923322e-02
3.173076923076922906e-02
4.326923076923076816e-02
4.711538461538461453e-02
4.711538461538461453e-02
4.519230769230769135e-02
4.230769230769231004e-02
5.384615384615384914e-02
4.711538461538461453e-02
5.000000000000000278e-02
4.230769230769231004e-02
3.942307692307692180e-02
3.557692307692307543e-02
4.903846153846153771e-02
3.749999999999999861e-02
4.519230769230769135e-02
4.423076923076923322e-02
5.961538461538461869e-02
4.326923076923076816e-02
5.288461538461538408e-02
5.000000000000000278e-02
4.711538461538461453e-02
4.519230769230769135e-02
4.134615384615384498e-02
4.711538461538461453e-02
4.519230769230769135e-02
4.326923076923076816e-02
4.615384615384615641e-02
5.000000000000000278e-02
4.903846153846153771e-02
4.038461538461538686e-02
4.423076923076923322e-02
4.326923076923076816e-02
4.423076923076923322e-02
4.519230769230769135e-02
4.134615384615384498e-02
4.038461538461538686e-02
3.846153846153846367e-02
4.903846153846153771e-02
3.269230769230769412e-02
3.461538461538461731e-02
