1.000000000000000000e+00
8.794681402175790197e-01
8.513210153686755488e-01
8.268002072180969941e-01
8.098773959592471261e-01
8.043515800379900105e-01
7.931272664479364076e-01
7.855292695562079430e-01
7.644620963564151550e-01
7.582455534450008861e-01
7.489207390778794826e-01
7.378691072353652514e-01
7.242272491797616674e-01
7.121395268520117616e-01
6.952167155931617826e-01
6.883094456915903603e-01
6.910723536522189736e-01
6.720773614228976456e-01
6.608530478328440427e-01
6.499740977378690721e-01
6.536004144361940993e-01
6.556725954066655593e-01
6.390951476428941014e-01
6.271801070626834562e-01
6.242445173545155823e-01
6.292522880331549162e-01
6.064582973579693004e-01
6.030046624071835337e-01
5.907442583318943674e-01
5.876359868761872329e-01
5.924710758072871952e-01
5.815921257123122246e-01
5.719219478501121889e-01
5.575893628043515626e-01
5.662234501813158127e-01
5.530996373683301215e-01
5.373855983422551885e-01
5.311690554308409196e-01
5.311690554308409196e-01
5.211535140735624738e-01
5.294422379554480917e-01
5.254705577620445434e-01
5.116560179589016988e-01
5.083750647556553037e-01
5.073389742704196292e-01
4.988775686409946397e-01
4.933517527197375241e-01
4.845449835952339579e-01
4.942151614574339380e-01
4.700397168019340155e-01
4.848903470903125346e-01
4.741840787428768800e-01
4.664134001036090438e-01
4.557071317561733892e-01
4.538076325332412453e-01
4.563978587463304870e-01
4.450008634087376791e-01
4.560524952512519659e-01
4.474184078742876602e-01
4.375755482645484196e-01
4.432740459333448513e-01
4.349853220514591778e-01
4.272146434121913416e-01
4.296321878777413228e-01
4.194439647729235054e-01
4.213434639958556494e-01
4.178898290450699382e-01
4.077016059402521209e-01
4.037299257468485725e-01
4.101191504058021020e-01
4.025211535140735819e-01
3.945777931272664296e-01
3.923329304092557646e-01
3.895700224486272067e-01
3.864617509929200723e-01
3.766188913831807761e-01
3.854256605076843423e-01
3.762735278881022549e-01
3.752374374028665249e-01
3.671213952685201121e-01
3.686755309963736793e-01
3.650492142980487076e-01
3.742013469176307949e-01
3.567604904161630341e-01
3.550336729407701508e-01
3.552063546883094669e-01
3.512346744949058630e-01
3.491624935244344585e-01
3.420825418753237757e-01
3.463995855638059007e-01
3.431186323605595057e-01
3.374201346917630739e-01
3.417371783802451990e-01
3.415644966327059384e-01
3.372474529442238134e-01
3.410464513900880457e-01
3.310309100328095444e-01
3.241236401312381221e-01
3.303401830426523911e-01
3.253324123640131127e-01
3.213607321706095643e-01
3.242963218787774382e-01
3.191158694525988437e-01
3.255050941115524288e-01
3.175617337247452765e-01
3.046106026592989013e-01
3.165256432395096020e-01
3.096183733379381797e-01
3.091003280953203425e-01
3.061647383871524686e-01
2.996028319806596230e-01
2.956311517872560746e-01
2.997755137281989390e-01
2.971852875151096418e-01
2.868243826627525639e-01
2.968399240200310651e-01
2.920048350889311028e-01
2.906233811086167962e-01
2.888965636332239684e-01
2.942496978069418234e-01
2.880331548955275545e-01
2.868243826627525639e-01
2.749093420825418632e-01
2.745639785874632866e-01
2.728371611120704587e-01
2.745639785874632866e-01
2.800897945087204022e-01
2.781902952857883138e-01
2.733552063546882960e-01
2.683474356760490176e-01
2.757727508202382771e-01
2.707649801415990543e-01
2.688654809186669103e-01
2.686927991711275943e-01
2.657572094629597759e-01
2.650664824728026225e-01
2.661025729580383525e-01
2.616128475220169114e-01
2.531514418925919774e-01
2.484890347090312479e-01
2.533241236401312380e-01
2.522880331548955080e-01
2.448627180107062762e-01
2.476256259713348340e-01
2.400276290796062861e-01
2.431359005353134206e-01
2.377827663615955656e-01
2.433085822828527089e-01
2.424451735451562673e-01
2.388188568468312956e-01
2.393369020894491328e-01
2.334657226731134405e-01
2.367466758763598633e-01
2.329476774304956033e-01
2.341564496632705938e-01
2.263857710240027576e-01
2.322569504403384499e-01
2.265584527715420460e-01
2.260404075289241810e-01
2.272491797616991993e-01
2.246589535486099021e-01
2.243135900535313532e-01
2.281125884993956132e-01
2.193058193748920748e-01
2.174063201519599309e-01
2.187877741322742098e-01
2.205145916076670654e-01
2.156795026765670753e-01
2.115351407356242386e-01
2.115351407356242386e-01
2.186150923847349214e-01
2.118805042307028152e-01
2.122258677257813919e-01
2.067000518045242485e-01
2.127439129683992292e-01
2.104990502503885363e-01
2.096356415126920947e-01
1.994474184078742773e-01
1.961664652046278823e-01
1.991020549127957284e-01
1.963391469521671429e-01
2.039371438438956907e-01
1.949576929718528640e-01
2.015195993783457096e-01
2.013469176308064212e-01
1.934035572439992967e-01
1.966845104472457195e-01
1.951303747193921523e-01
1.966845104472457195e-01
1.887411500604386227e-01
1.920221032636850178e-01
1.861509238473493255e-01
1.845967881194957583e-01
1.875323778276636044e-01
1.892591953030564600e-01
1.897772405456743250e-01
1.795890174408565076e-01
1.830426523916421910e-01
1.797616991883957960e-01
1.775168364703850754e-01
1.844241063719564977e-01
1.849421516145743349e-01
1.768261094802279498e-01
1.804524261785529216e-01
1.804524261785529216e-01
1.737178380245208154e-01
1.723363840442065364e-01
1.754446554999136709e-01
1.744085650146779409e-01
1.735451562769815270e-01
1.716456570540493831e-01
1.676739768606458347e-01
1.699188395786565275e-01
1.757900189949922198e-01
1.656017958901744025e-01
1.695734760835779786e-01
1.662925228803315558e-01
1.656017958901744025e-01
1.638749784147815469e-01
1.640476601623208353e-01
1.671559316180279697e-01
1.638749784147815469e-01
1.590398894836815846e-01
1.586945259886030080e-01
1.559316180279744501e-01
1.585218442410637196e-01
1.543774823001208829e-01
1.578311172509065663e-01
1.517872560870316134e-01
1.523053013296494507e-01
1.509238473493351718e-01
1.505784838542565951e-01
1.526506648247280273e-01
1.498877568640994695e-01
1.500604386116387579e-01
1.452253496805387678e-01
1.543774823001208829e-01
1.524779830771887390e-01
1.455707131756173445e-01
1.495423933690208929e-01
1.464341219133137584e-01
1.490243481264030279e-01
1.514418925919530368e-01
1.455707131756173445e-01
1.498877568640994695e-01
1.436712139526852006e-01
1.424624417199102100e-01
1.512692108444137484e-01
1.462614401657744700e-01
1.476428941460887490e-01
1.476428941460887490e-01
1.422897599723709217e-01
1.462614401657744700e-01
1.388361250215852105e-01
1.469521671559316234e-01
1.374546710412709316e-01
1.428078052149887867e-01
1.452253496805387678e-01
1.448799861854601911e-01
1.396995337592816522e-01
1.462614401657744700e-01
1.378000345363495083e-01
1.426351234674494983e-01
1.386634432740459222e-01
1.317561733724745276e-01
1.312381281298566627e-01
1.378000345363495083e-01
1.302020376446209604e-01
1.336556725954066716e-01
1.341737178380245088e-01
1.302020376446209604e-01
1.396995337592816522e-01
1.291659471593852582e-01
1.398722155068209405e-01
1.289932654118459698e-01
1.319288551200138160e-01
1.312381281298566627e-01
1.251942669659816820e-01
1.276118114315316909e-01
1.226040407528924125e-01
1.264030391987567004e-01
1.286479019167673932e-01
1.312381281298566627e-01
1.298566741495423837e-01
1.312381281298566627e-01
1.279571749266102676e-01
1.341737178380245088e-01
1.338283543429459599e-01
1.296839924020030954e-01
1.264030391987567004e-01
1.315834916249352393e-01
1.307200828872388254e-01
1.267484026938352493e-01
1.334829908478673832e-01
1.279571749266102676e-01
1.276118114315316909e-01
1.257123122085995470e-01
1.298566741495423837e-01
1.255396304610602587e-01
1.307200828872388254e-01
1.262303574512174120e-01
1.253669487135209704e-01
1.260576757036781237e-01
1.283025384216888165e-01
1.279571749266102676e-01
1.224313590053531381e-01
1.267484026938352493e-01
1.234674494905888403e-01
1.257123122085995470e-01
1.258849939561388354e-01
1.267484026938352493e-01
1.279571749266102676e-01
1.220859955102745614e-01
1.227767225004317009e-01
1.255396304610602587e-01
1.175962700742531480e-01
1.198411327922638547e-01
1.250215852184424214e-01
1.210499050250388592e-01
1.194957692971852919e-01
1.177689518217924364e-01
1.137972716283888741e-01
1.174235883267138597e-01
1.151787256087031669e-01
1.193230875496460036e-01
1.198411327922638547e-01
1.165601795890174458e-01
1.186323605594888642e-01
1.162148160939388691e-01
1.163874978414781575e-01
1.137972716283888741e-01
1.150060438611638786e-01
1.170782248316352969e-01
1.132792263857710230e-01
1.148333621136245902e-01
1.099982731825246141e-01
1.151787256087031669e-01
1.127611811431531719e-01
1.096529096874460374e-01
1.125884993956138835e-01
1.093075461923674607e-01
1.117250906579174557e-01
1.086168192022103213e-01
1.094802279399067491e-01
1.072353652218960424e-01
1.084441374546710468e-01
1.080987739595924702e-01
1.056812294940424751e-01
1.065446382317389029e-01
1.065446382317389029e-01
1.042997755137281962e-01
1.072353652218960424e-01
1.037817302711103451e-01
1.082714557071317585e-01
1.056812294940424751e-01
1.055085477465032007e-01
1.086168192022103213e-01
1.044724572612674846e-01
1.027456397858746290e-01
1.030910032809532056e-01
1.015368675530996384e-01
9.860127784493179226e-02
1.042997755137281962e-01
9.894664134001035505e-02
1.039544120186496334e-01
1.001554135727853595e-01
1.022275945432567779e-01
9.808323260231394114e-02
1.015368675530996384e-01
9.687446036953893669e-02
1.022275945432567779e-01
9.963736833016749450e-02
1.005007770678639223e-01
1.022275945432567779e-01
1.017095493006389267e-01
9.566568813676394611e-02
9.013987221550681661e-02
9.549300638922465778e-02
9.704714211707822502e-02
9.376618891383180221e-02
9.428423415644966721e-02
9.307546192367466276e-02
9.221205318597824885e-02
9.031255396304610494e-02
8.996719046796754216e-02
9.307546192367466276e-02
9.290278017613538830e-02
9.048523571058539328e-02
8.927646347781038882e-02
8.806769124503539825e-02
8.979450872042825382e-02
8.875841823519253770e-02
8.703160075979969601e-02
9.031255396304610494e-02
8.875841823519253770e-02
9.013987221550681661e-02
8.979450872042825382e-02
9.031255396304610494e-02
9.428423415644966721e-02
9.324814367121395109e-02
9.566568813676394611e-02
