1.000000000000000000e+00
8.352660300136425242e-01
7.595497953615280018e-01
7.496589358799454761e-01
7.302182810368349486e-01
6.927012278308322113e-01
6.701909959072305245e-01
6.531377899045019975e-01
6.180081855388812606e-01
5.927694406548431605e-01
5.879945429740791596e-01
5.607094133697134719e-01
5.661664392905866316e-01
5.364938608458390545e-01
5.306957708049113709e-01
5.068212824010913664e-01
5.010231923601636828e-01
4.853342428376534734e-01
4.880627557980900533e-01
4.624829467939972627e-01
4.461118690313778945e-01
4.522510231923601576e-01
4.242837653478854221e-01
4.092769440654843160e-01
4.113233287858117371e-01
3.983628922237380521e-01
4.085948158253751572e-01
4.065484311050477362e-01
3.867667121418826848e-01
3.925648021828103684e-01
3.724420190995907376e-01
3.741473396998635792e-01
3.659618008185538951e-01
3.649386084583901568e-01
3.502728512960436302e-01
3.608458390177353148e-01
3.396998635743520012e-01
3.141200545702592106e-01
3.148021828103683695e-01
3.100272851296043686e-01
3.008185538881309462e-01
3.042291950886766849e-01
3.049113233287857883e-01
2.858117326057298957e-01
2.957025920873124214e-01
2.776261937244202116e-01
2.881991814461118961e-01
2.847885402455661574e-01
2.868349249658935785e-01
2.803547066848567360e-01
2.830832196452933158e-01
2.772851296043656322e-01
2.622783083219645262e-01
2.585266030013642635e-01
2.575034106412005253e-01
2.370395634379263428e-01
2.592087312414734224e-01
2.404502046384720260e-01
2.295361527967257897e-01
2.404502046384720260e-01
2.298772169167803414e-01
2.322646657571623419e-01
2.363574351978171839e-01
2.257844474761254994e-01
2.230559345156889473e-01
1.940654843110504735e-01
2.172578444747612636e-01
2.162346521145975531e-01
2.189631650750341052e-01
2.032742155525238681e-01
1.978171896316507639e-01
1.909959072305593419e-01
1.944065484311050529e-01
1.889495225102319209e-01
1.920190995907230525e-01
1.964529331514324739e-01
1.879263301500682104e-01
1.817871759890859473e-01
1.903137789904502108e-01
1.763301500682128153e-01
1.804229195088676574e-01
1.872442019099590793e-01
1.736016371077762632e-01
1.667803547066848691e-01
1.725784447476125527e-01
1.657571623465211585e-01
1.684856753069577107e-01
1.674624829467940001e-01
1.742837653478853943e-01
1.555252387448840257e-01
1.524556616643928941e-01
1.463165075034106311e-01
1.476807639836289210e-01
1.476807639836289210e-01
1.521145975443383425e-01
1.524556616643928941e-01
1.558663028649386051e-01
1.452933151432469205e-01
1.435879945429740789e-01
1.425648021828103684e-01
1.449522510231923689e-01
1.412005457025920785e-01
1.360845839017735259e-01
1.326739427012278427e-01
1.354024556616643948e-01
1.296043656207367112e-01
1.343792633015006843e-01
1.384720327421555264e-01
1.282401091405184212e-01
1.251705320600272897e-01
1.336971350613915532e-01
1.306275579809004217e-01
1.227830832196452893e-01
1.255115961800818691e-01
1.190313778990450266e-01
1.203956343792633027e-01
1.278990450204638418e-01
1.367667121418826848e-01
1.214188267394270132e-01
1.227830832196452893e-01
1.186903137789904472e-01
1.265347885402455796e-01
1.145975443383356052e-01
1.200545702592087371e-01
1.111869031377899081e-01
1.200545702592087371e-01
1.084583901773533421e-01
1.098226466575716181e-01
1.163028649386084606e-01
1.009549795361528030e-01
1.050477489768076450e-01
1.087994542974079076e-01
1.033424283765347895e-01
9.754433833560709199e-02
9.549795361527967097e-02
1.016371077762619340e-01
9.788540245566165754e-02
9.481582537517052600e-02
1.002728512960436580e-01
9.754433833560709199e-02
8.969986357435197344e-02
9.481582537517052600e-02
8.594815825375171081e-02
8.458390177353342088e-02
9.004092769440655286e-02
8.833560709413369738e-02
8.151432469304228934e-02
9.072305593451568395e-02
9.208731241473397389e-02
8.049113233287857883e-02
8.833560709413369738e-02
8.628922237380627636e-02
7.980900409276943386e-02
8.424283765347885533e-02
8.390177353342428979e-02
8.015006821282401328e-02
8.526603001364256584e-02
7.776261937244201283e-02
8.594815825375171081e-02
7.503410641200546072e-02
8.015006821282401328e-02
8.424283765347885533e-02
8.015006821282401328e-02
8.151432469304228934e-02
6.718963165075034216e-02
7.469304229195088130e-02
8.356070941336971036e-02
8.185538881309686876e-02
8.083219645293315825e-02
7.639836289222373678e-02
8.287858117326057927e-02
7.435197817189631575e-02
7.537517053206002626e-02
7.605729877216917123e-02
7.298772169167803969e-02
6.650750341064119719e-02
7.401091405184175021e-02
6.718963165075034216e-02
6.684856753069577662e-02
6.684856753069577662e-02
6.991814461118690815e-02
6.855388813096861822e-02
6.548431105047748668e-02
6.889495225102319764e-02
7.469304229195088130e-02
6.787175989085948713e-02
6.616643929058663165e-02
6.821282401091405267e-02
6.957708049113232873e-02
6.889495225102319764e-02
6.139154160982264463e-02
6.821282401091405267e-02
7.025920873124147370e-02
5.559345156889495404e-02
6.480218281036835559e-02
6.241473396998635514e-02
6.377899045020464508e-02
6.582537517053206610e-02
6.446111869031377617e-02
6.889495225102319764e-02
6.343792633015006566e-02
5.900409276944065806e-02
5.457025920873124353e-02
5.354706684856753302e-02
6.343792633015006566e-02
5.661664392905866455e-02
5.695770804911323010e-02
5.422919508867667104e-02
5.422919508867667104e-02
4.638472032742155249e-02
6.036834924965893412e-02
5.047748976807640148e-02
5.013642564802182899e-02
4.843110504774897351e-02
5.729877216916780258e-02
5.525238744884038156e-02
6.377899045020464508e-02
6.036834924965893412e-02
6.446111869031377617e-02
5.729877216916780258e-02
5.900409276944065806e-02
5.457025920873124353e-02
5.661664392905866455e-02
5.320600272851296053e-02
4.945429740791269096e-02
4.945429740791269096e-02
4.263301500682128292e-02
4.570259208731241446e-02
5.047748976807640148e-02
4.843110504774897351e-02
4.774897680763983548e-02
4.399727148703956592e-02
5.013642564802182899e-02
4.263301500682128292e-02
4.263301500682128292e-02
4.297407912687585541e-02
4.263301500682128292e-02
4.399727148703956592e-02
3.990450204638471693e-02
4.024556616643928941e-02
4.058663028649386190e-02
4.331514324693042095e-02
4.399727148703956592e-02
4.195088676671214489e-02
4.433833560709413146e-02
4.092769440654843438e-02
3.512960436562073685e-02
3.751705320600273036e-02
4.024556616643928941e-02
3.888130968622100642e-02
4.365620736698499343e-02
4.058663028649386190e-02
4.092769440654843438e-02
4.058663028649386190e-02
3.990450204638471693e-02
3.444747612551159882e-02
4.092769440654843438e-02
3.956343792633015138e-02
3.922237380627557890e-02
4.297407912687585541e-02
3.990450204638471693e-02
4.365620736698499343e-02
4.570259208731241446e-02
4.433833560709413146e-02
3.888130968622100642e-02
4.092769440654843438e-02
4.160982264665757241e-02
4.058663028649386190e-02
3.717598908594815788e-02
4.058663028649386190e-02
4.229195088676671044e-02
4.126875852660299993e-02
3.751705320600273036e-02
3.410641200545702634e-02
3.308321964529331582e-02
4.058663028649386190e-02
3.615279672578444736e-02
4.058663028649386190e-02
3.478854024556616437e-02
3.206002728512960531e-02
3.478854024556616437e-02
3.103683492496589480e-02
3.444747612551159882e-02
3.376534788540245385e-02
3.649386084583901985e-02
3.410641200545702634e-02
3.342428376534788831e-02
3.649386084583901985e-02
3.308321964529331582e-02
3.308321964529331582e-02
3.717598908594815788e-02
3.615279672578444736e-02
3.547066848567530933e-02
3.751705320600273036e-02
4.229195088676671044e-02
3.888130968622100642e-02
3.240109140518417780e-02
3.240109140518417780e-02
3.444747612551159882e-02
3.581173260572987488e-02
3.069577080491132232e-02
3.001364256480218429e-02
3.103683492496589480e-02
3.137789904502046728e-02
3.206002728512960531e-02
2.728512960436562176e-02
3.001364256480218429e-02
3.001364256480218429e-02
3.103683492496589480e-02
3.342428376534788831e-02
3.410641200545702634e-02
3.649386084583901985e-02
3.103683492496589480e-02
3.206002728512960531e-02
3.444747612551159882e-02
3.240109140518417780e-02
3.308321964529331582e-02
2.762619372442019078e-02
2.762619372442019078e-02
2.967257844474761180e-02
2.660300136425648027e-02
3.137789904502046728e-02
3.478854024556616437e-02
3.683492496589358539e-02
3.035470668485675330e-02
3.171896316507503283e-02
3.240109140518417780e-02
3.240109140518417780e-02
3.103683492496589480e-02
3.035470668485675330e-02
3.171896316507503283e-02
3.171896316507503283e-02
3.137789904502046728e-02
3.410641200545702634e-02
2.933151432469304279e-02
3.137789904502046728e-02
3.512960436562073685e-02
2.933151432469304279e-02
3.206002728512960531e-02
2.660300136425648027e-02
2.353342428376534873e-02
2.694406548431104928e-02
2.353342428376534873e-02
2.489768076398362825e-02
2.660300136425648027e-02
2.557980900409276975e-02
2.251023192360163822e-02
2.523874488403820074e-02
2.557980900409276975e-02
2.216916780354706573e-02
2.864938608458390129e-02
2.455661664392905924e-02
2.489768076398362825e-02
2.728512960436562176e-02
2.592087312414733877e-02
3.001364256480218429e-02
2.728512960436562176e-02
2.762619372442019078e-02
3.137789904502046728e-02
2.762619372442019078e-02
2.387448840381991774e-02
2.557980900409276975e-02
2.421555252387448676e-02
2.489768076398362825e-02
2.694406548431104928e-02
2.353342428376534873e-02
2.489768076398362825e-02
2.489768076398362825e-02
2.319236016371077624e-02
2.353342428376534873e-02
2.387448840381991774e-02
2.319236016371077624e-02
2.455661664392905924e-02
2.148703956343792770e-02
2.694406548431104928e-02
2.114597544338335522e-02
2.148703956343792770e-02
2.012278308321964471e-02
2.046384720327421719e-02
2.216916780354706573e-02
2.012278308321964471e-02
2.319236016371077624e-02
2.012278308321964471e-02
1.637107776261937167e-02
2.114597544338335522e-02
2.353342428376534873e-02
2.489768076398362825e-02
2.182810368349249672e-02
2.319236016371077624e-02
2.216916780354706573e-02
2.353342428376534873e-02
1.875852660300136518e-02
1.875852660300136518e-02
2.080491132332878620e-02
2.182810368349249672e-02
2.182810368349249672e-02
2.489768076398362825e-02
2.148703956343792770e-02
2.523874488403820074e-02
2.216916780354706573e-02
2.046384720327421719e-02
