1.000000000000000000e+00
8.247222222222222454e-01
7.777777777777777901e-01
7.608333333333333615e-01
7.177777777777777368e-01
7.063888888888888440e-01
6.855555555555555847e-01
6.772222222222221699e-01
6.602777777777777413e-01
6.263888888888888840e-01
6.163888888888888751e-01
6.063888888888888662e-01
5.844444444444444331e-01
5.811111111111111338e-01
5.705555555555555935e-01
5.463888888888889239e-01
5.511111111111111072e-01
5.400000000000000355e-01
5.283333333333333215e-01
5.294444444444444953e-01
5.055555555555555358e-01
4.941666666666666430e-01
4.947222222222222299e-01
4.669444444444444398e-01
4.736111111111110938e-01
4.611111111111111382e-01
4.525000000000000133e-01
4.333333333333333481e-01
4.411111111111111205e-01
4.186111111111111005e-01
4.311111111111111116e-01
4.233333333333333393e-01
4.141666666666666829e-01
3.936111111111111338e-01
3.944444444444444309e-01
4.008333333333333193e-01
3.961111111111111360e-01
3.855555555555555403e-01
3.855555555555555403e-01
3.719444444444444664e-01
3.830555555555555380e-01
3.858333333333333059e-01
3.630555555555555758e-01
3.616666666666666918e-01
3.455555555555555602e-01
3.466666666666666785e-01
3.508333333333333304e-01
3.316666666666666652e-01
3.433333333333333237e-01
3.266666666666666607e-01
3.297222222222222499e-01
3.294444444444444287e-01
3.219444444444444220e-01
3.044444444444444620e-01
3.127777777777777657e-01
3.147222222222222365e-01
3.086111111111111138e-01
2.916666666666666852e-01
3.044444444444444620e-01
3.036111111111111094e-01
2.891666666666666829e-01
2.872222222222222121e-01
2.800000000000000266e-01
2.763888888888889062e-01
2.838888888888889128e-01
2.780555555555555558e-01
2.766666666666666718e-01
2.858333333333333282e-01
2.708333333333333148e-01
2.638888888888888951e-01
2.644444444444444264e-01
2.622222222222222454e-01
2.600000000000000089e-01
2.527777777777777679e-01
2.541666666666666519e-01
2.558333333333333570e-01
2.616666666666666585e-01
2.552777777777777701e-01
2.525000000000000022e-01
2.469444444444444386e-01
2.411111111111111094e-01
2.380555555555555480e-01
2.438888888888888773e-01
2.441666666666666707e-01
2.333333333333333370e-01
2.399999999999999911e-01
2.349999999999999867e-01
2.436111111111111116e-01
2.302777777777777757e-01
2.208333333333333259e-01
2.280555555555555669e-01
2.327777777777777779e-01
2.266666666666666552e-01
2.219444444444444442e-01
2.202777777777777668e-01
2.119444444444444353e-01
2.208333333333333259e-01
2.225000000000000033e-01
2.149999999999999967e-01
2.124999999999999944e-01
2.152777777777777901e-01
2.133333333333333470e-01
2.130555555555555536e-01
2.108333333333333448e-01
2.061111111111111061e-01
2.063888888888888995e-01
2.058333333333333404e-01
2.049999999999999878e-01
2.041666666666666630e-01
2.091666666666666674e-01
1.933333333333333293e-01
1.997222222222222177e-01
1.947222222222222132e-01
1.936111111111111227e-01
1.977777777777777746e-01
1.911111111111111205e-01
1.933333333333333293e-01
1.977777777777777746e-01
1.866666666666666752e-01
1.897222222222222088e-01
1.827777777777777890e-01
1.830555555555555547e-01
1.763888888888889006e-01
1.880555555555555591e-01
1.791666666666666685e-01
1.783333333333333437e-01
1.852777777777777912e-01
1.808333333333333459e-01
1.763888888888889006e-01
1.772222222222222254e-01
1.752777777777777823e-01
1.808333333333333459e-01
1.694444444444444531e-01
1.733333333333333393e-01
1.711111111111111027e-01
1.702777777777777779e-01
1.702777777777777779e-01
1.708333333333333370e-01
1.697222222222222188e-01
1.702777777777777779e-01
1.719444444444444553e-01
1.611111111111111216e-01
1.652777777777777735e-01
1.658333333333333326e-01
1.638888888888888895e-01
1.663888888888888917e-01
1.605555555555555625e-01
1.638888888888888895e-01
1.555555555555555580e-01
1.480555555555555514e-01
1.491666666666666696e-01
1.474999999999999922e-01
1.499999999999999944e-01
1.452777777777777835e-01
1.522222222222222310e-01
1.430555555555555469e-01
1.488888888888888762e-01
1.497222222222222288e-01
1.480555555555555514e-01
1.444444444444444309e-01
1.419444444444444564e-01
1.408333333333333381e-01
1.463888888888889017e-01
1.447222222222222243e-01
1.444444444444444309e-01
1.363888888888888928e-01
1.424999999999999878e-01
1.438888888888888995e-01
1.363888888888888928e-01
1.283333333333333270e-01
1.258333333333333248e-01
1.363888888888888928e-01
1.311111111111111227e-01
1.341666666666666563e-01
1.372222222222222177e-01
1.297222222222222110e-01
1.327777777777777724e-01
1.325000000000000067e-01
1.341666666666666563e-01
1.322222222222222132e-01
1.372222222222222177e-01
1.361111111111110994e-01
1.344444444444444497e-01
1.275000000000000022e-01
1.322222222222222132e-01
1.388888888888888951e-01
1.341666666666666563e-01
1.272222222222222088e-01
1.258333333333333248e-01
1.252777777777777657e-01
1.255555555555555591e-01
1.250000000000000000e-01
1.238888888888888956e-01
1.202777777777777751e-01
1.177777777777777729e-01
1.186111111111111116e-01
1.194444444444444503e-01
1.191666666666666707e-01
1.180555555555555525e-01
1.183333333333333320e-01
1.197222222222222160e-01
1.188888888888888912e-01
1.194444444444444503e-01
1.205555555555555547e-01
1.188888888888888912e-01
1.180555555555555525e-01
1.186111111111111116e-01
1.166666666666666685e-01
1.152777777777777846e-01
1.127777777777777823e-01
1.133333333333333276e-01
1.102777777777777801e-01
1.227777777777777773e-01
1.122222222222222232e-01
1.063888888888888939e-01
1.094444444444444414e-01
1.174999999999999933e-01
1.083333333333333370e-01
1.049999999999999961e-01
1.058333333333333348e-01
1.119444444444444436e-01
1.113888888888888845e-01
1.077777777777777779e-01
1.024999999999999939e-01
1.030555555555555530e-01
1.133333333333333276e-01
1.005555555555555508e-01
9.916666666666666685e-02
1.002777777777777712e-01
1.052777777777777757e-01
1.038888888888888917e-01
1.083333333333333370e-01
1.036111111111111122e-01
1.097222222222222210e-01
1.063888888888888939e-01
1.066666666666666735e-01
1.024999999999999939e-01
1.038888888888888917e-01
9.972222222222222598e-02
9.527777777777778068e-02
1.011111111111111099e-01
9.333333333333333759e-02
9.055555555555555580e-02
9.111111111111111494e-02
9.194444444444443976e-02
9.583333333333333981e-02
9.583333333333333981e-02
9.027777777777777624e-02
9.111111111111111494e-02
8.777777777777777402e-02
9.194444444444443976e-02
8.611111111111111049e-02
9.111111111111111494e-02
9.083333333333333537e-02
8.722222222222222876e-02
9.333333333333333759e-02
9.249999999999999889e-02
9.555555555555556024e-02
8.666666666666666963e-02
8.749999999999999445e-02
9.500000000000000111e-02
8.500000000000000611e-02
8.749999999999999445e-02
8.888888888888889228e-02
8.861111111111111271e-02
8.749999999999999445e-02
8.805555555555555358e-02
8.111111111111110605e-02
8.388888888888888784e-02
8.333333333333332871e-02
8.138888888888888562e-02
8.694444444444444919e-02
8.694444444444444919e-02
8.277777777777778345e-02
8.111111111111110605e-02
8.194444444444444475e-02
8.111111111111110605e-02
8.333333333333332871e-02
8.277777777777778345e-02
8.388888888888888784e-02
8.416666666666666741e-02
8.472222222222222654e-02
8.194444444444444475e-02
7.916666666666666297e-02
8.222222222222222432e-02
8.166666666666666519e-02
8.027777777777778123e-02
7.611111111111111549e-02
7.777777777777777901e-02
7.694444444444444031e-02
7.388888888888889284e-02
7.888888888888888340e-02
7.722222222222221988e-02
7.249999999999999500e-02
7.833333333333333814e-02
8.000000000000000167e-02
7.638888888888889506e-02
7.472222222222221766e-02
6.916666666666666796e-02
7.249999999999999500e-02
6.916666666666666796e-02
7.472222222222221766e-02
7.249999999999999500e-02
7.111111111111111105e-02
6.805555555555554970e-02
7.555555555555555636e-02
7.361111111111111327e-02
6.833333333333332926e-02
6.972222222222222709e-02
7.194444444444444975e-02
6.916666666666666796e-02
7.000000000000000666e-02
7.111111111111111105e-02
7.222222222222221544e-02
7.472222222222221766e-02
6.750000000000000444e-02
6.694444444444444531e-02
7.166666666666667018e-02
7.249999999999999500e-02
7.111111111111111105e-02
6.750000000000000444e-02
6.888888888888888840e-02
6.805555555555554970e-02
6.944444444444444753e-02
6.777777777777778401e-02
6.694444444444444531e-02
6.666666666666666574e-02
6.944444444444444753e-02
6.611111111111110661e-02
6.750000000000000444e-02
6.944444444444444753e-02
6.666666666666666574e-02
6.722222222222222487e-02
7.083333333333333148e-02
6.805555555555554970e-02
6.833333333333332926e-02
6.861111111111110883e-02
7.055555555555555192e-02
6.916666666666666796e-02
6.805555555555554970e-02
6.361111111111110439e-02
6.333333333333333870e-02
6.111111111111110911e-02
6.611111111111110661e-02
6.666666666666666574e-02
6.527777777777778179e-02
6.055555555555555691e-02
6.500000000000000222e-02
7.027777777777777235e-02
6.638888888888888618e-02
6.527777777777778179e-02
6.333333333333333870e-02
6.638888888888888618e-02
6.583333333333332704e-02
5.999999999999999778e-02
6.500000000000000222e-02
6.166666666666666824e-02
6.333333333333333870e-02
6.361111111111110439e-02
6.166666666666666824e-02
6.222222222222222043e-02
5.999999999999999778e-02
6.333333333333333870e-02
6.194444444444444781e-02
6.416666666666666352e-02
6.250000000000000000e-02
6.472222222222222265e-02
6.083333333333333648e-02
6.555555555555556135e-02
6.583333333333332704e-02
5.972222222222222515e-02
6.250000000000000000e-02
5.638888888888889117e-02
5.833333333333333426e-02
5.666666666666666380e-02
6.111111111111110911e-02
5.750000000000000250e-02
5.750000000000000250e-02
5.527777777777777984e-02
5.916666666666666602e-02
5.916666666666666602e-02
5.750000000000000250e-02
5.611111111111111160e-02
5.333333333333333676e-02
5.611111111111111160e-02
5.527777777777777984e-02
5.111111111111111410e-02
5.166666666666666630e-02
5.000000000000000278e-02
4.777777777777778012e-02
4.972222222222222321e-02
4.944444444444444364e-02
4.750000000000000056e-02
4.944444444444444364e-02
5.138888888888888673e-02
4.944444444444444364e-02
5.055555555555555497e-02
5.083333333333333454e-02
4.861111111111111188e-02
5.194444444444444586e-02
4.888888888888889145e-02
