1.000000000000000000e+00
8.674844505874222955e-01
8.546993780234969362e-01
8.260193503800967729e-01
8.139253628196267965e-01
7.869730476848652012e-01
7.783344851416724719e-01
7.557014512785072968e-01
7.446440912232205056e-01
7.392881824464409002e-01
7.328956461644782205e-01
7.227021423635107134e-01
7.061161022805805265e-01
7.080165860400828848e-01
6.905666897028334139e-01
6.879751209398755618e-01
6.746717346233587209e-01
6.615411195577055592e-01
6.368348306841741246e-01
6.240497581202487654e-01
6.273324118866621113e-01
6.205943331029716292e-01
6.129923980649619741e-01
6.104008293020041220e-01
5.962335867311678861e-01
5.962335867311678861e-01
5.832757429163787366e-01
5.736005528680027110e-01
5.601243953006219689e-01
5.528680027643400052e-01
5.516586040082930298e-01
5.333448514167242749e-01
5.414651002073255226e-01
5.343814789219073491e-01
5.160677263303385942e-01
5.050103662750518030e-01
5.117484450587421740e-01
5.101935038009675072e-01
5.122667588113337667e-01
5.036281962681409263e-01
4.917069799585349066e-01
4.892881824464409002e-01
4.702833448514167070e-01
4.842778161713890972e-01
4.737387698686938431e-01
4.752937111264685655e-01
4.689011748445058858e-01
4.606081548030407924e-01
4.528334485141672361e-01
4.495507947477540012e-01
4.550794747753973968e-01
4.450587422252937353e-01
4.322736696613683760e-01
4.331375259156876045e-01
4.371112646855563333e-01
4.263994471319972335e-01
4.212163096060815293e-01
4.174153420870767017e-01
4.203524533517622452e-01
4.063579820317899105e-01
3.965100207325500947e-01
3.894263994471319767e-01
3.861437456807187418e-01
3.913268832066343905e-01
3.776779543883897472e-01
3.828610919143054514e-01
3.671389080856945486e-01
3.733586731167933825e-01
3.740497581202487654e-01
3.616102280580511530e-01
3.604008293020041220e-01
3.576364892881824242e-01
3.604008293020041220e-01
3.429509329647546512e-01
3.424326192121631141e-01
3.445058742225293735e-01
3.500345542501727691e-01
3.331029716655148354e-01
3.363856254319281258e-01
3.346579129232895577e-01
3.344851416724257120e-01
3.312024879060124216e-01
3.251554941257774889e-01
3.220456116102280442e-01
3.220456116102280442e-01
3.187629578438148092e-01
3.222183828610918899e-01
3.149619903248099262e-01
3.101243953006219689e-01
3.163441603317208028e-01
3.073600552868002711e-01
3.028680027643400052e-01
2.983759502418797394e-01
3.009675190048375915e-01
2.978576364892882022e-01
2.919834139599170597e-01
2.937111264685556278e-01
2.963026952315134799e-01
2.961299239806496342e-01
2.971665514858327639e-01
2.864547339322736641e-01
2.823082239115411451e-01
2.807532826537664228e-01
2.743607463718037431e-01
2.721147201105735824e-01
2.734968901174844591e-01
2.772978576364892866e-01
2.695231513476157303e-01
2.691776088458880389e-01
2.679682100898410635e-01
2.669315825846579338e-01
2.627850725639253593e-01
2.615756738078783838e-01
2.655494125777470571e-01
2.593296475466482232e-01
2.567380787836903711e-01
2.470628887353144565e-01
2.437802349689011661e-01
2.379060124395300513e-01
2.472356599861783022e-01
2.441257774706288852e-01
2.370421561852107672e-01
2.417069799585349066e-01
2.344505874222529429e-01
2.406703524533517491e-01
2.327228749136143748e-01
2.335867311679336589e-01
2.280580511402902633e-01
2.289219073946095473e-01
2.304768486523842419e-01
2.268486523842432601e-01
2.292674498963372387e-01
2.266758811333794144e-01
2.237387698686938431e-01
2.154457498272287497e-01
2.138908085694540551e-01
2.147546648237733113e-01
2.211472011057360187e-01
2.142363510711817465e-01
2.128541810642708976e-01
2.112992398064962030e-01
2.104353835521769189e-01
2.050794747753973690e-01
2.057705597788528074e-01
2.054250172771250882e-01
1.981686247408431245e-01
1.979958534899792788e-01
2.017968210089841063e-01
1.957498272287491459e-01
1.950587422252937075e-01
1.992052522460262542e-01
2.004146510020732574e-01
1.938493434692467043e-01
1.872840359364201790e-01
1.902211472011057225e-01
1.890117484450587471e-01
1.914305459571527257e-01
1.865929509329647684e-01
1.845196959225984812e-01
1.859018659295093301e-01
1.753628196268141037e-01
1.796821008984104961e-01
1.796821008984104961e-01
1.760539046302695143e-01
1.751900483759502303e-01
1.748445058742225389e-01
1.763994471319972335e-01
1.755355908776779494e-01
1.698341395991707081e-01
1.701796821008983995e-01
1.694885970974429890e-01
1.693158258465791155e-01
1.653420870767104423e-01
1.679336558396682666e-01
1.703524533517622730e-01
1.668970283344851369e-01
1.653420870767104423e-01
1.643054595715272848e-01
1.646510020732550039e-01
1.613683483068417412e-01
1.596406357982031732e-01
1.560124395300621913e-01
1.572218382861091945e-01
1.601589495507947380e-01
1.565307532826537562e-01
1.535936420179682127e-01
1.579129232895646051e-01
1.516931582584657989e-01
1.482377332411886628e-01
1.551485832757429073e-01
1.586040082930200434e-01
1.520387007601934903e-01
1.516931582584657989e-01
1.542847270214236233e-01
1.484105044920525363e-01
1.529025570145127744e-01
1.518659295093296446e-01
1.485832757429163820e-01
1.489288182446441011e-01
1.454733932273669650e-01
1.463372494816862490e-01
1.446095369730476810e-01
1.387353144436765662e-01
1.492743607463717925e-01
1.456461644782308107e-01
1.408085694540428534e-01
1.399447131997235694e-01
1.319972356599861674e-01
1.370076019350379981e-01
1.385625431928127205e-01
1.330338631651693249e-01
1.328610919143054514e-01
1.356254319281271492e-01
1.354526606772633035e-01
1.364892881824464332e-01
1.357982031789910227e-01
1.364892881824464332e-01
1.352798894263994578e-01
1.364892881824464332e-01
1.332066344160331706e-01
1.338977194194886089e-01
1.376986869384934364e-01
1.309606081548030376e-01
1.357982031789910227e-01
1.304422944022114728e-01
1.300967519004837536e-01
1.325155494125777600e-01
1.290601243953006239e-01
1.287145818935729047e-01
1.307878369039391919e-01
1.268140981340704909e-01
1.230131306150656495e-01
1.233586731167933687e-01
1.202487906012439517e-01
1.243953006219764984e-01
1.231859018659295091e-01
1.186938493434692432e-01
1.226675881133379442e-01
1.233586731167933687e-01
1.161022805805114050e-01
1.129923980649619880e-01
1.166205943331029699e-01
1.212854181064270953e-01
1.205943331029716709e-01
1.148928818244644157e-01
1.116102280580511391e-01
1.195577055977885272e-01
1.176572218382861135e-01
1.178299930891499592e-01
1.148928818244644157e-01
1.202487906012439517e-01
1.259502418797512069e-01
1.199032480995162464e-01
1.171389080856945347e-01
1.104008293020041498e-01
1.131651693158258476e-01
1.124740843123704231e-01
1.117829993089149987e-01
1.129923980649619880e-01
1.060815480304077435e-01
1.119557705597788583e-01
1.123013130615065636e-01
1.124740843123704231e-01
1.121285418106427040e-01
1.117829993089149987e-01
1.098825155494125710e-01
1.124740843123704231e-01
1.040082930200414701e-01
1.034899792674498914e-01
1.050449205252245999e-01
1.072909467864547328e-01
1.095369730476848658e-01
1.098825155494125710e-01
1.078092605390462977e-01
1.040082930200414701e-01
1.045266067726330350e-01
1.055632342778161648e-01
1.029716655148583265e-01
1.033172080165860457e-01
1.026261230131306212e-01
1.000345542501727691e-01
9.882515549412577982e-02
1.026261230131306212e-01
9.951624049758120427e-02
9.692467173462335217e-02
1.026261230131306212e-01
9.588804422944022243e-02
9.934346924671734469e-02
1.005528680027643340e-01
9.692467173462335217e-02
9.692467173462335217e-02
9.675190048375950647e-02
9.433310297166551395e-02
1.022805805114029021e-01
9.796129923980649579e-02
9.830684174153421495e-02
1.045266067726330350e-01
1.014167242570836180e-01
9.692467173462335217e-02
9.433310297166551395e-02
9.986178299930890956e-02
9.035936420179682682e-02
9.295093296475466504e-02
9.640635798203178730e-02
9.606081548030408201e-02
9.467864547339323311e-02
9.018659295093296724e-02
8.949550794747754279e-02
9.122322045611609698e-02
9.329647546648238421e-02
9.260539046302694588e-02
9.035936420179682682e-02
8.690393918451969069e-02
8.742225293711126943e-02
8.880442294402211834e-02
8.517622667588113650e-02
9.156876295784381614e-02
8.621285418106426623e-02
8.690393918451969069e-02
8.552176917760884178e-02
8.362128541810642801e-02
8.500345542501727691e-02
8.621285418106426623e-02
8.949550794747754279e-02
8.500345542501727691e-02
8.483068417415341733e-02
8.914996544574982362e-02
8.759502418797511514e-02
8.604008293020042053e-02
8.673116793365584498e-02
8.759502418797511514e-02
8.465791292328955775e-02
8.189357290946785994e-02
8.621285418106426623e-02
8.517622667588113650e-02
8.828610919143053959e-02
8.655839668279198540e-02
8.500345542501727691e-02
8.707671043538355027e-02
8.310297166551486314e-02
8.275742916378714398e-02
8.275742916378714398e-02
8.500345542501727691e-02
8.517622667588113650e-02
8.120248790601243549e-02
8.310297166551486314e-02
8.206634416033171953e-02
8.258465791292328440e-02
8.120248790601243549e-02
7.964754664823772701e-02
8.172080165860401424e-02
8.293020041465100356e-02
8.448514167242571204e-02
8.137525915687629507e-02
7.895646164478230256e-02
8.085694540428473021e-02
8.258465791292328440e-02
8.206634416033171953e-02
8.033863165169315146e-02
7.809260539046303240e-02
7.791983413959917282e-02
7.809260539046303240e-02
7.740152038700760795e-02
7.688320663441602920e-02
7.653766413268832391e-02
7.567380787836903988e-02
7.100898410504491443e-02
7.636489288182446433e-02
7.187284035936419846e-02
7.152729785763649317e-02
6.910850034554250065e-02
7.152729785763649317e-02
7.187284035936419846e-02
7.135452660677263359e-02
6.772633033863165175e-02
7.360055286800276653e-02
6.997235659986178469e-02
7.170006910850033888e-02
7.187284035936419846e-02
6.945404284727021982e-02
7.446440912232205056e-02
7.118175535590877401e-02
7.204561161022805804e-02
7.239115411195577721e-02
6.876295784381479537e-02
6.859018659295093578e-02
7.187284035936419846e-02
7.273669661368348249e-02
6.962681409813406552e-02
6.876295784381479537e-02
6.859018659295093578e-02
6.686247408431236772e-02
6.893572909467864107e-02
6.807187284035937092e-02
6.565307532826537840e-02
6.357982031789910504e-02
6.548030407740151881e-02
6.789910158949551133e-02
6.444367657221838908e-02
6.167933655839668433e-02
6.444367657221838908e-02
