1.000000000000000000e+00
7.988217967599411384e-01
7.272459499263622673e-01
6.795287187039764643e-01
6.736377025036819344e-01
6.488954344624447979e-01
6.085419734904270461e-01
5.864506627393225591e-01
5.528718703976436277e-01
5.475699558173785508e-01
5.125184094256258760e-01
5.104565537555227905e-01
4.977908689248895513e-01
4.701030927835051498e-01
4.718703976435935088e-01
4.424153166421207484e-01
4.365243004418262185e-01
4.447717231222385603e-01
4.173784977908689409e-01
4.088365243004418170e-01
4.000000000000000222e-01
3.938144329896907103e-01
3.790868924889543301e-01
3.620029455081001379e-01
3.537555228276877961e-01
3.531664212076583431e-01
3.487481590574373902e-01
3.434462444771723133e-01
3.301914580265095656e-01
3.184094256259204503e-01
3.231222385861561297e-01
3.228276877761414032e-01
3.163475699558173648e-01
3.039764359351987966e-01
2.927835051546391898e-01
2.833578792341678865e-01
2.848306332842415189e-01
2.930780559646539163e-01
2.892488954344624719e-01
2.692194403534609592e-01
2.662739322533136943e-01
2.683357879234167798e-01
2.536082474226803996e-01
2.571428571428571175e-01
2.580265095729013525e-01
2.432989690721649445e-01
2.533136966126656731e-01
2.374079528718703869e-01
2.306332842415316775e-01
2.294550810014727438e-01
2.303387334315169233e-01
2.232695139911634874e-01
2.238586156111929404e-01
2.220913107511045537e-01
2.164948453608247503e-01
2.058910162002945410e-01
2.106038291605301926e-01
2.085419734904271072e-01
2.017673048600883701e-01
1.955817378497790859e-01
1.867452135493372634e-01
1.891016200294550753e-01
1.932253313696612740e-01
1.811487481590574322e-01
1.946980854197349065e-01
1.799705449189985262e-01
1.832106038291605177e-01
1.755522827687776011e-01
1.740795287187039686e-01
1.826215022091310647e-01
1.734904270986745156e-01
1.696612665684830712e-01
1.675994108983799580e-01
1.649484536082474195e-01
1.652430044182621460e-01
1.643593519882179665e-01
1.687776141384388917e-01
1.622974963181148811e-01
1.634756995581737871e-01
1.511045655375552188e-01
1.366715758468335651e-01
1.472754050073637744e-01
1.375552282768777723e-01
1.425625920471281227e-01
1.472754050073637744e-01
1.455081001472754154e-01
1.351988217967599326e-01
1.346097201767304796e-01
1.354933726067746591e-01
1.284241531664211955e-01
1.237113402061855716e-01
1.234167893961708451e-01
1.189985272459499199e-01
1.237113402061855716e-01
1.243004418262150246e-01
1.216494845360824723e-01
1.269513991163475630e-01
1.296023564064801292e-01
1.272459499263622895e-01
1.281296023564064690e-01
1.184094256259204669e-01
1.195876288659793868e-01
1.175257731958762875e-01
1.172312223858615610e-01
1.169366715758468345e-01
1.237113402061855716e-01
1.163475699558173815e-01
1.119293078055964702e-01
1.078055964653902854e-01
9.779086892488954297e-02
1.039764359351988271e-01
9.720176730486008998e-02
9.867452135493372245e-02
1.004418262150220953e-01
9.572901325478645751e-02
9.366715758468335817e-02
9.366715758468335817e-02
9.926362297496317544e-02
9.366715758468335817e-02
1.016200294550810013e-01
9.749631811487481647e-02
1.027982326951399072e-01
9.779086892488954297e-02
9.337260677466863168e-02
8.983799705449189987e-02
9.455081001472753766e-02
8.895434462444772039e-02
8.836524300441826740e-02
8.924889543446244689e-02
9.278350515463917869e-02
9.543446244477171714e-02
9.337260677466863168e-02
9.013254786450662637e-02
8.453608247422680910e-02
9.307805596465390519e-02
9.513991163475699064e-02
8.188512518409425678e-02
8.895434462444772039e-02
8.041237113402062431e-02
8.394698085419734224e-02
8.306332842415316275e-02
8.306332842415316275e-02
7.687776141384389250e-02
8.129602356406480379e-02
7.982326951399115744e-02
8.365243004418261574e-02
7.687776141384389250e-02
7.776141384388807198e-02
7.452135493372606667e-02
7.658321060382916601e-02
7.746686303387334549e-02
8.011782032400589781e-02
7.569955817378497265e-02
7.422680412371134018e-02
7.746686303387334549e-02
7.452135493372606667e-02
7.658321060382916601e-02
7.952871870397643095e-02
7.540500736377024615e-02
6.627393225331369708e-02
7.128129602356406136e-02
7.245949926362298121e-02
6.980854197349042889e-02
7.275405007363770771e-02
6.804123711340205605e-02
7.304860088365243420e-02
6.450662739322533812e-02
7.452135493372606667e-02
6.774668630338732955e-02
6.980854197349042889e-02
6.539027982326951760e-02
6.745213549337260306e-02
6.627393225331369708e-02
6.509572901325479111e-02
5.949926362297495996e-02
6.627393225331369708e-02
6.067746686303387288e-02
5.743740795287186757e-02
5.684830633284241458e-02
5.449189985272459569e-02
5.891016200294550698e-02
5.684830633284241458e-02
5.567010309278350860e-02
5.449189985272459569e-02
5.537555228276877517e-02
5.301914580265095628e-02
5.655375552282768808e-02
5.567010309278350860e-02
5.360824742268040927e-02
5.625920471281296159e-02
5.802650957290132749e-02
5.920471281296023347e-02
5.714285714285714107e-02
5.861561119293078048e-02
5.184094256259205030e-02
5.449189985272459569e-02
5.007363770250368440e-02
4.977908689248895097e-02
4.918998527245949798e-02
4.536082474226803968e-02
5.125184094256259038e-02
4.712812960235640558e-02
4.624447717231222610e-02
4.653902798232695259e-02
4.506627393225331318e-02
4.889543446244477148e-02
4.536082474226803968e-02
5.036818851251841089e-02
4.477172312223858669e-02
4.948453608247422447e-02
5.007363770250368440e-02
4.241531664212076780e-02
4.447717231222386020e-02
4.742268041237113207e-02
4.801178203240059200e-02
4.241531664212076780e-02
4.388807069219440027e-02
4.771723122238585857e-02
4.565537555228276617e-02
5.125184094256259038e-02
4.683357879234167909e-02
4.447717231222386020e-02
4.270986745213549429e-02
4.329896907216494728e-02
3.976435935198821547e-02
3.770250368188512308e-02
4.094256259204712839e-02
4.624447717231222610e-02
4.594992636229749960e-02
3.888070692194403599e-02
3.917525773195876249e-02
3.534609720176730419e-02
3.799705449189984957e-02
4.005891016200294891e-02
3.888070692194403599e-02
3.829160530191458300e-02
3.888070692194403599e-02
3.357879234167893828e-02
3.269513991163475880e-02
3.357879234167893828e-02
3.210603829160529887e-02
3.593519882179675717e-02
3.475699558173785120e-02
3.534609720176730419e-02
3.269513991163475880e-02
3.593519882179675717e-02
3.357879234167893828e-02
3.593519882179675717e-02
3.357879234167893828e-02
3.298969072164948529e-02
3.593519882179675717e-02
3.298969072164948529e-02
3.416789396170839127e-02
3.711340206185567009e-02
3.652430044182621710e-02
3.357879234167893828e-02
3.770250368188512308e-02
3.711340206185567009e-02
3.505154639175257769e-02
3.622974963181149061e-02
3.652430044182621710e-02
3.976435935198821547e-02
3.357879234167893828e-02
3.181148748159057238e-02
3.122238586156111939e-02
3.269513991163475880e-02
3.357879234167893828e-02
3.151693667157584589e-02
3.416789396170839127e-02
3.181148748159057238e-02
3.416789396170839127e-02
3.475699558173785120e-02
3.770250368188512308e-02
3.446244477172312470e-02
3.770250368188512308e-02
3.269513991163475880e-02
3.357879234167893828e-02
3.240058910162003231e-02
3.181148748159057238e-02
3.357879234167893828e-02
3.505154639175257769e-02
3.033873343151693644e-02
3.387334315169366478e-02
2.857142857142857054e-02
3.269513991163475880e-02
2.886597938144330050e-02
3.033873343151693644e-02
3.033873343151693644e-02
3.240058910162003231e-02
3.033873343151693644e-02
3.181148748159057238e-02
2.650957290132547814e-02
2.974963181148747998e-02
3.033873343151693644e-02
2.709867452135493460e-02
3.122238586156111939e-02
2.974963181148747998e-02
3.033873343151693644e-02
3.092783505154639290e-02
3.004418262150220995e-02
3.151693667157584589e-02
2.886597938144330050e-02
2.974963181148747998e-02
2.916053019145802699e-02
2.592047128129602515e-02
2.680412371134020463e-02
2.680412371134020463e-02
2.503681885125184220e-02
2.857142857142857054e-02
2.650957290132547814e-02
2.768777614138438758e-02
2.650957290132547814e-02
2.680412371134020463e-02
2.768777614138438758e-02
2.385861561119292928e-02
2.768777614138438758e-02
2.798232695139911755e-02
2.886597938144330050e-02
2.886597938144330050e-02
2.533136966126656869e-02
2.533136966126656869e-02
2.356406480117820279e-02
2.415316642120765925e-02
2.650957290132547814e-02
2.385861561119292928e-02
2.326951399116347630e-02
2.179675994108983689e-02
2.592047128129602515e-02
2.061855670103092744e-02
2.032400589101620095e-02
1.973490427098674449e-02
1.826215022091310855e-02
2.326951399116347630e-02
2.415316642120765925e-02
2.356406480117820279e-02
2.179675994108983689e-02
2.209131075110456685e-02
2.002945508100147445e-02
2.268041237113401984e-02
1.914580265095729150e-02
2.091310751104565394e-02
1.944035346097201800e-02
2.150220913107511039e-02
2.268041237113401984e-02
2.150220913107511039e-02
1.885125184094256154e-02
2.150220913107511039e-02
2.209131075110456685e-02
2.474226804123711224e-02
2.356406480117820279e-02
2.238586156111929334e-02
2.503681885125184220e-02
2.150220913107511039e-02
2.268041237113401984e-02
2.444771723122238574e-02
1.944035346097201800e-02
2.032400589101620095e-02
2.120765832106038390e-02
2.091310751104565394e-02
2.297496318114874980e-02
2.091310751104565394e-02
2.297496318114874980e-02
2.415316642120765925e-02
2.297496318114874980e-02
1.767304860088365209e-02
2.032400589101620095e-02
1.944035346097201800e-02
2.209131075110456685e-02
1.855670103092783504e-02
2.120765832106038390e-02
2.002945508100147445e-02
1.737849779086892560e-02
1.914580265095729150e-02
1.767304860088365209e-02
1.855670103092783504e-02
1.944035346097201800e-02
1.796759941089837859e-02
1.855670103092783504e-02
1.944035346097201800e-02
1.413843888070692202e-02
1.531664212076583147e-02
1.767304860088365209e-02
1.678939617083946914e-02
1.678939617083946914e-02
1.737849779086892560e-02
1.413843888070692202e-02
1.826215022091310855e-02
1.620029455081001615e-02
1.678939617083946914e-02
1.678939617083946914e-02
1.796759941089837859e-02
1.885125184094256154e-02
1.472754050073637674e-02
1.708394698085419564e-02
1.796759941089837859e-02
2.120765832106038390e-02
1.708394698085419564e-02
1.855670103092783504e-02
1.649484536082474265e-02
1.649484536082474265e-02
1.737849779086892560e-02
