1.000000000000000000e+00
9.154110494316679558e-01
8.945281522601110646e-01
8.844832143801215629e-01
8.667724028548771109e-01
8.334655035685963886e-01
8.255352894528151797e-01
8.263283108643932895e-01
8.321438012159662057e-01
8.234205656886068869e-01
8.038593708696801787e-01
7.998942638117896298e-01
7.951361353423208600e-01
7.893206449907480549e-01
7.618292360560401377e-01
7.835051546391752497e-01
7.689664287602432369e-01
7.501982553528945274e-01
7.322231033571239278e-01
7.488765530002643445e-01
7.417393602960613563e-01
7.443827650013217223e-01
7.282579962992333789e-01
7.301083795929156350e-01
7.145122918318794758e-01
7.232355273592386835e-01
6.925720327782183272e-01
7.108115252445149634e-01
7.086968014803066707e-01
6.899286280729579612e-01
6.854348400740153391e-01
6.904573090140100344e-01
6.745968807824478386e-01
6.695744118424530322e-01
6.616441977266719343e-01
6.534496431403647998e-01
6.611155167856198611e-01
6.441977266719535189e-01
6.494845360824742508e-01
6.346814697330160904e-01
6.394395982024847491e-01
6.198784033835580409e-01
6.190853819719799311e-01
6.214644462067142605e-01
6.135342320909331626e-01
6.082474226804123196e-01
6.103621464446207234e-01
5.876288659793814650e-01
6.016389109172614047e-01
5.982024848004229289e-01
5.804916732751784769e-01
5.815490351572826233e-01
5.754692043351836706e-01
5.611948189267776943e-01
5.699180544541369020e-01
5.693893735130848288e-01
5.482421358710019010e-01
5.514142215173143402e-01
5.561723499867829990e-01
5.614591593973037309e-01
5.403119217552206921e-01
5.577583928099392185e-01
5.418979645783769117e-01
5.384615384615384359e-01
5.347607718741739236e-01
5.318530266983875210e-01
5.223367697594502035e-01
5.189003436426117277e-01
5.302669838752313014e-01
5.159925984668253252e-01
5.186360031720856911e-01
5.151995770552471043e-01
4.985461274121067987e-01
5.056833201163097868e-01
5.075337034099920430e-01
4.969600845889505791e-01
4.972244250594766157e-01
4.953740417657943595e-01
4.914089347079037551e-01
4.882368490615913159e-01
4.929949775310600302e-01
4.837430610626486938e-01
4.855934443563309499e-01
4.797779540047581448e-01
4.990748083531588719e-01
4.731694422416071744e-01
4.739624636531852842e-01
4.604810996563573622e-01
4.713190589479249182e-01
4.631245043616177837e-01
4.565159925984668132e-01
4.628601638910917471e-01
4.610097805974094909e-01
4.464710547184774225e-01
4.591593973037271792e-01
4.567803330689928498e-01
4.369547977795400495e-01
4.469997356595294957e-01
4.406555643669045619e-01
4.247951361353423105e-01
4.409199048374305985e-01
4.335183716627015738e-01
4.213587100185038348e-01
4.200370076658736518e-01
4.195083267248215786e-01
4.171292624900872492e-01
4.179222839016653590e-01
4.068199841395717664e-01
4.163362410785091394e-01
4.150145387258789564e-01
4.115781126090404252e-01
4.007401533174729247e-01
4.086703674332540226e-01
3.973037272006343934e-01
4.031192175522072541e-01
4.068199841395717664e-01
3.930742796722178078e-01
3.854084060269627465e-01
3.843510441448586001e-01
3.798572561459159225e-01
3.774781919111815931e-01
3.753634681469733003e-01
3.817076394395981787e-01
3.743061062648691539e-01
3.758921490880253735e-01
3.748347872059212271e-01
3.695479777954004952e-01
3.669045730901400737e-01
3.650541897964578175e-01
3.655828707375098907e-01
3.637324874438276345e-01
3.629394660322495247e-01
3.624107850911974515e-01
3.523658472112080609e-01
3.454929949775310538e-01
3.486650806238434930e-01
3.491937615648955662e-01
3.587100185038329392e-01
3.558022733280465366e-01
3.478720592122653832e-01
3.465503568596352002e-01
3.396775046259582487e-01
3.404705260375363585e-01
3.446999735659529440e-01
3.341263547449114246e-01
3.441712926249008708e-01
3.298969072164948391e-01
3.298969072164948391e-01
3.314829500396510586e-01
3.314829500396510586e-01
3.169442241607189903e-01
3.224953740417658143e-01
3.275178429817605097e-01
3.195876288659793563e-01
3.248744382765001437e-01
3.087496695744118558e-01
3.127147766323024047e-01
3.137721385144065511e-01
3.201163098070314295e-01
3.161512027491408805e-01
3.135077980438805145e-01
3.071636267512556362e-01
3.055775839280994166e-01
3.087496695744118558e-01
3.092783505154639290e-01
3.047845625165213068e-01
3.010837959291567389e-01
3.045202220459952147e-01
3.106000528680941120e-01
3.061062648691514898e-01
3.010837959291567389e-01
3.082209886333597826e-01
2.994977531060005194e-01
3.002907745175786292e-01
3.016124768702088121e-01
3.029341792228389951e-01
3.055775839280994166e-01
2.836373248744382680e-01
2.891884747554850921e-01
3.013481363996827755e-01
2.928892413428496044e-01
2.883954533439069268e-01
2.920962199312714946e-01
2.881311128733808902e-01
2.902458366375892385e-01
2.786148559344435727e-01
2.746497488765530237e-01
2.820512820512820484e-01
2.849590272270684510e-01
2.881311128733808902e-01
2.897171556965371653e-01
2.833729844039122314e-01
2.812582606397039386e-01
2.786148559344435727e-01
2.725350251123446754e-01
2.709489822891884558e-01
2.709489822891884558e-01
2.656621728786677239e-01
2.727993655828707120e-01
2.659265133491937605e-01
2.765001321702352799e-01
2.772931535818133897e-01
2.712133227597144924e-01
2.669838752312979069e-01
2.817869415807560118e-01
2.778218345228654629e-01
2.743854084060269871e-01
2.746497488765530237e-01
2.704203013481363826e-01
2.688342585249801631e-01
2.733280465239227852e-01
2.653978324081416873e-01
2.537668517049960215e-01
2.630187681734073579e-01
2.677768966428760167e-01
2.688342585249801631e-01
2.585249801744647358e-01
2.606397039386730285e-01
2.603753634681469920e-01
2.572032778218344973e-01
2.616970658207771749e-01
2.601110229976209554e-01
2.593180015860428456e-01
2.561459159397303509e-01
2.524451493523658385e-01
2.463653185302669968e-01
2.505947660586835823e-01
2.521808088818398019e-01
2.545598731165741313e-01
2.429288924134284933e-01
2.453079566481628226e-01
2.397568067671160541e-01
2.476870208828971798e-01
2.455722971186888592e-01
2.429288924134284933e-01
2.389637853555379443e-01
2.421358710018503835e-01
2.408141686492202005e-01
2.357916997092254774e-01
2.360560401797515140e-01
2.416071900607983103e-01
2.418715305313243469e-01
2.394924662965900175e-01
2.336769759450171846e-01
2.389637853555379443e-01
2.342056568860692578e-01
2.310335712397568186e-01
2.371134020618556604e-01
2.376420830029077336e-01
2.315622521808088918e-01
2.363203806502775506e-01
2.357916997092254774e-01
2.365847211208035872e-01
2.302405498281786811e-01
2.252180808881839857e-01
2.307692307692307820e-01
2.262754427702881321e-01
2.384351044144858711e-01
2.379064234734337702e-01
2.281258260639703883e-01
2.225746761829235920e-01
2.275971451229183151e-01
2.159661644197726771e-01
2.233676975945017296e-01
2.212529738302934090e-01
2.194025905366111528e-01
2.233676975945017296e-01
2.186095691250330431e-01
2.220459952418715188e-01
2.133227597145122834e-01
2.167591858313507869e-01
2.215173143008194456e-01
2.254824213587100223e-01
2.183452286545070065e-01
2.204599524187152992e-01
2.188739095955590797e-01
2.196669310071371894e-01
2.146444620671424663e-01
2.141157811260903931e-01
2.133227597145122834e-01
2.151731430081945673e-01
2.186095691250330431e-01
2.159661644197726771e-01
2.120010573618821004e-01
2.027491408934707917e-01
2.080359503039915514e-01
2.149088025376685307e-01
2.117367168913560638e-01
1.982553528945281418e-01
2.067142479513613407e-01
2.011630980703145721e-01
1.987840338355802150e-01
2.016917790113666453e-01
1.993127147766323159e-01
1.932328839545334465e-01
2.003700766587364623e-01
1.993127147766323159e-01
1.948189267776896660e-01
1.993127147766323159e-01
1.977266719534760686e-01
1.942902458366375928e-01
1.942902458366375928e-01
1.932328839545334465e-01
1.868887126619085404e-01
1.850383293682262842e-01
1.876817340734866502e-01
1.948189267776896660e-01
1.871530531324345770e-01
1.837166270155961012e-01
1.802802008987575977e-01
1.786941580756013781e-01
1.813375627808617441e-01
1.850383293682262842e-01
1.860956912503304306e-01
1.900607983082209795e-01
1.890034364261168331e-01
1.890034364261168331e-01
1.784298176050753415e-01
1.765794343113930853e-01
1.866243721913825038e-01
1.792228390166534513e-01
1.816019032513877807e-01
1.749933914882368380e-01
1.784298176050753415e-01
1.813375627808617441e-01
1.808088818398096709e-01
1.749933914882368380e-01
1.876817340734866502e-01
1.831879460745440003e-01
1.715569653713983622e-01
1.704996034892942158e-01
1.765794343113930853e-01
1.755220724292889112e-01
1.712926249008723256e-01
1.747290510177108014e-01
1.747290510177108014e-01
1.726143272535025086e-01
1.697065820777161060e-01
1.657414750198255293e-01
1.699709225482421426e-01
1.720856463124504354e-01
1.755220724292889112e-01
1.731430081945545818e-01
1.599259846682526964e-01
1.734073486650806184e-01
1.718213058419243988e-01
1.691779011366640328e-01
1.654771345492994927e-01
1.707639439598202524e-01
1.702352630187681792e-01
1.715569653713983622e-01
1.649484536082474195e-01
1.683848797250859231e-01
1.652127940787734561e-01
1.694422416071900694e-01
1.702352630187681792e-01
1.736716891356066550e-01
1.686492201956119596e-01
1.636267512556172365e-01
1.636267512556172365e-01
1.623050489029870536e-01
1.657414750198255293e-01
1.744647105471847648e-01
1.699709225482421426e-01
1.712926249008723256e-01
1.683848797250859231e-01
1.638910917261432731e-01
1.662701559608776025e-01
1.665344964314036391e-01
1.689135606661379962e-01
1.646841131377213829e-01
1.583399418450964768e-01
1.641554321966693097e-01
1.570182394924662939e-01
1.593973037272006232e-01
1.636267512556172365e-01
1.559608776103621475e-01
1.596616441977266598e-01
1.601903251387787608e-01
1.612476870208829072e-01
1.567538990219402573e-01
1.620407084324610170e-01
1.570182394924662939e-01
1.636267512556172365e-01
1.535818133756278181e-01
1.546391752577319645e-01
1.549035157282580011e-01
1.538461538461538547e-01
1.514670896114194976e-01
1.570182394924662939e-01
1.586042823156225134e-01
1.496167063177372414e-01
1.527887919640497083e-01
1.556965371398361109e-01
1.535818133756278181e-01
1.554321966693100743e-01
1.522601110229976074e-01
1.559608776103621475e-01
1.514670896114194976e-01
1.522601110229976074e-01
1.549035157282580011e-01
