1.000000000000000000e+00
8.452821965569841112e-01
8.162998474613205602e-01
7.836129875789932253e-01
7.589888864676399560e-01
7.483111789060797880e-01
7.315319241664850480e-01
7.101765090433646010e-01
6.988450642841577132e-01
6.816299847461320116e-01
6.705164523861407710e-01
6.617999564175202076e-01
6.600566572237960283e-01
6.513401612551754649e-01
6.295489213336238343e-01
6.269339725430377319e-01
6.060143822183482465e-01
5.905426018740466132e-01
5.724558727391588775e-01
5.663543255611244165e-01
5.600348659838745302e-01
5.456526476356504674e-01
5.388973632599695085e-01
5.299629548921334088e-01
5.234255829156678752e-01
5.142732621486162392e-01
5.059925909784266373e-01
5.049030289823490669e-01
5.035955545870559602e-01
4.926999346262802559e-01
4.918282850294181663e-01
4.815864022662889599e-01
4.656787971235563095e-01
4.689474831117890763e-01
4.508607539769012851e-01
4.580518631510133165e-01
4.510786663761168214e-01
4.491174547831771613e-01
4.316844628459359234e-01
4.266724776639790884e-01
4.299411636522117997e-01
4.266724776639790884e-01
4.144693833079102219e-01
4.286336892569186929e-01
3.992155153628241249e-01
4.024842013510568917e-01
3.946393549792983069e-01
3.922423185879276297e-01
3.900631945957724889e-01
3.883198954020483651e-01
3.782959250381346950e-01
3.802571366310742995e-01
3.748093266506864474e-01
3.684898670734365056e-01
3.575942471126606903e-01
3.575942471126606903e-01
3.626062322946175809e-01
3.606450207016779208e-01
3.399433427762039717e-01
3.416866419699280955e-01
3.475702767487470202e-01
3.395075179777729546e-01
3.366746567879712604e-01
3.443015907605142534e-01
3.255611244279799643e-01
3.338417955981695107e-01
3.222924384397471975e-01
3.222924384397471975e-01
3.124863804750490082e-01
3.098714316844628502e-01
3.168446284593593454e-01
3.020265853127042655e-01
3.005011985181956780e-01
2.915667901503595782e-01
2.854652429723251172e-01
2.828502941817389593e-01
2.835040313793855127e-01
2.784920461974286221e-01
2.795816081935061925e-01
2.832861189801699764e-01
2.745696230115493575e-01
2.632381782523425806e-01
2.601874046633253501e-01
2.593157550664632605e-01
2.562649814774460855e-01
2.713009370233166462e-01
2.543037698845064254e-01
2.475484855088254388e-01
2.495096971017650989e-01
2.503813466986271608e-01
2.499455219001961159e-01
2.418827631292220504e-01
2.405752887339289714e-01
2.414469383307910333e-01
2.351274787535410637e-01
2.359991283504031256e-01
2.342558291566790019e-01
2.270647199825669982e-01
2.251035083896273659e-01
2.266288951841359811e-01
2.209631728045325649e-01
2.194377860100239774e-01
2.205273480061015479e-01
2.163870124210067469e-01
2.168228372194377918e-01
2.176944868162998536e-01
2.098496404445412966e-01
2.067988668555240661e-01
2.070167792547396024e-01
1.963390716931793512e-01
1.959032468947483063e-01
1.917629113096535332e-01
1.869688385269121789e-01
1.913270865112224883e-01
1.869688385269121789e-01
1.871867509261276874e-01
1.945957724994552274e-01
1.837001525386794398e-01
1.889300501198518112e-01
1.906733493135759350e-01
1.847897145347570380e-01
1.869688385269121789e-01
1.782523425582915599e-01
1.773806929614294980e-01
1.701895837873174944e-01
1.686641969928088791e-01
1.738940945739812505e-01
1.721507953802571267e-01
1.695358465896709410e-01
1.653955110045761678e-01
1.656134234037916764e-01
1.632163870124209992e-01
1.640880366092830611e-01
1.632163870124209992e-01
1.575506646328176108e-01
1.632163870124209992e-01
1.623447374155589373e-01
1.584223142296796727e-01
1.588581390281106898e-01
1.577685770320331193e-01
1.516670298539986861e-01
1.483983438657659748e-01
1.488341686641969919e-01
1.483983438657659748e-01
1.401176726955763729e-01
1.429505338853780672e-01
1.464371322728263147e-01
1.353235999128350464e-01
1.418609718893004967e-01
1.403355850947918815e-01
1.385922859010677577e-01
1.418609718893004967e-01
1.351056875136195379e-01
1.342340379167574760e-01
1.361952495096971083e-01
1.307474395293092284e-01
1.329265635214643693e-01
1.340161255175419397e-01
1.327086511222488607e-01
1.242100675528437503e-01
1.270429287426454446e-01
1.174547831771627776e-01
1.191980823708869014e-01
1.237742427544127194e-01
1.205055567661799942e-01
1.196339071693179323e-01
1.220309435606886095e-01
1.226846807583351490e-01
1.231205055567661799e-01
1.194159947701024238e-01
1.200697319677489633e-01
1.218130311614730871e-01
1.187622575724558704e-01
1.224667683591196404e-01
1.181085203748093310e-01
1.165831335803007157e-01
1.120069731967748977e-01
1.109174112006973134e-01
1.124427979952059287e-01
1.089561996077576811e-01
1.144040095881455610e-01
1.093920244061887120e-01
1.043800392242318631e-01
1.139681847897145300e-01
1.093920244061887120e-01
1.019830028328611859e-01
1.061233384179559869e-01
1.030725648289387703e-01
1.022009152320767084e-01
1.037263020265853097e-01
9.784266724776639890e-02
9.544563085639573563e-02
9.522771845718021322e-02
1.013292656352146465e-01
9.958596644149052268e-02
1.043800392242318631e-01
1.065591632163870178e-01
9.936805404227500027e-02
9.915014164305949174e-02
1.002397036391370622e-01
8.999782087600784186e-02
1.000217912399215536e-01
9.239485726737851901e-02
9.544563085639573563e-02
9.980387884070603122e-02
9.566354325561124416e-02
8.956199607757681092e-02
1.011113532359991241e-01
9.239485726737851901e-02
9.544563085639573563e-02
9.152320767051645711e-02
9.152320767051645711e-02
9.544563085639573563e-02
9.152320767051645711e-02
9.152320767051645711e-02
9.566354325561124416e-02
8.956199607757681092e-02
9.500980605796470468e-02
9.435606886031815133e-02
9.500980605796470468e-02
9.631728045325778365e-02
9.675310525168881459e-02
9.718893005011984554e-02
9.065155807365439522e-02
9.195903246894748806e-02
9.239485726737851901e-02
8.694704728699062524e-02
9.174112006973196565e-02
9.130529527130093470e-02
8.760078448463717860e-02
8.672913488777511670e-02
8.847243408149924049e-02
8.106341250817171440e-02
8.346044889954237767e-02
8.215297450424929870e-02
8.651122248855959429e-02
7.953802571366311303e-02
8.760078448463717860e-02
8.237088690346480724e-02
8.563957289169753240e-02
8.672913488777511670e-02
8.738287208542165618e-02
8.542166049248202386e-02
8.781869688385268713e-02
8.258879930268031577e-02
8.171714970581826776e-02
8.455001089561996197e-02
8.585748529091305481e-02
8.520374809326650145e-02
8.869034648071474902e-02
8.280671170189583818e-02
8.585748529091305481e-02
8.542166049248202386e-02
8.411418609718893102e-02
8.302462410111134672e-02
7.953802571366311303e-02
8.716495968620614765e-02
8.149923730660274535e-02
8.346044889954237767e-02
7.888428851601655967e-02
8.302462410111134672e-02
8.542166049248202386e-02
8.258879930268031577e-02
8.128132490738723681e-02
8.215297450424929870e-02
7.932011331444759061e-02
7.692307692307692735e-02
7.103944214425800263e-02
7.517977772935280356e-02
7.561560252778383451e-02
6.798866855524079988e-02
6.951405534974940126e-02
7.409021573327521926e-02
6.994988014818043220e-02
7.016779254739594074e-02
6.559163216387012274e-02
6.406624536936152137e-02
6.668119415994770705e-02
6.886031815210284790e-02
6.798866855524079988e-02
6.515580736543909179e-02
6.711701895837873799e-02
6.646328176073218463e-02
6.602745696230115369e-02
6.341250817171496801e-02
6.406624536936152137e-02
6.363042057093049042e-02
6.341250817171496801e-02
6.428415776857702990e-02
6.210503377642187517e-02
6.166920897799084422e-02
6.210503377642187517e-02
6.341250817171496801e-02
6.384833297014599895e-02
6.123338417955982022e-02
5.665722379603399528e-02
6.341250817171496801e-02
6.166920897799084422e-02
5.905426018740466548e-02
6.123338417955982022e-02
5.469601220309435602e-02
5.600348659838744886e-02
5.774678579211157264e-02
6.014382218348224285e-02
5.513183700152538697e-02
5.382436260623229413e-02
5.556766179995641791e-02
5.382436260623229413e-02
5.186315101329265487e-02
5.055567661799956203e-02
5.360645020701677865e-02
5.011985181956853108e-02
5.011985181956853108e-02
5.317062540858574771e-02
5.142732621486162392e-02
5.186315101329265487e-02
5.033776421878404655e-02
5.011985181956853108e-02
4.750490302898235234e-02
5.208106341250817034e-02
5.077358901721507750e-02
5.077358901721507750e-02
5.011985181956853108e-02
5.578557419917193338e-02
4.706907823055132140e-02
5.229897581172368581e-02
5.295271300937023223e-02
4.968402702113750014e-02
5.011985181956853108e-02
4.728699062976683687e-02
5.055567661799956203e-02
5.120941381564610845e-02
5.534974940074090244e-02
4.597951623447374403e-02
4.619742863368925950e-02
4.837655262584440730e-02
4.990193942035301561e-02
5.164523861407713939e-02
4.903028982349095372e-02
4.685116583133580592e-02
4.706907823055132140e-02
5.120941381564610845e-02
5.229897581172368581e-02
4.837655262584440730e-02
4.990193942035301561e-02
4.837655262584440730e-02
4.815864022662889182e-02
4.881237742427543824e-02
4.837655262584440730e-02
4.663325343212029045e-02
4.750490302898235234e-02
4.641534103290477498e-02
4.859446502505992277e-02
4.401830464153410477e-02
4.510786663761168214e-02
4.467204183918065119e-02
4.968402702113750014e-02
4.859446502505992277e-02
4.903028982349095372e-02
4.554369143604271308e-02
4.794072782741338329e-02
4.423621704074962024e-02
4.292874264545652740e-02
4.358247984310307382e-02
4.619742863368925950e-02
4.750490302898235234e-02
4.140335585094791909e-02
4.314665504467204288e-02
4.423621704074962024e-02
4.183918064937895004e-02
4.271083024624101193e-02
4.380039224231858930e-02
3.966005665722379531e-02
3.966005665722379531e-02
4.750490302898235234e-02
4.249291784702549646e-02
3.987796905643931078e-02
3.922423185879276436e-02
4.292874264545652740e-02
4.118544345173240362e-02
4.336456744388755835e-02
4.183918064937895004e-02
4.140335585094791909e-02
3.726302026585312510e-02
3.944214425800827983e-02
3.944214425800827983e-02
4.096753105251688815e-02
3.726302026585312510e-02
4.096753105251688815e-02
3.857049466114621794e-02
3.857049466114621794e-02
3.922423185879276436e-02
4.249291784702549646e-02
4.249291784702549646e-02
3.726302026585312510e-02
3.726302026585312510e-02
3.835258226193070247e-02
3.966005665722379531e-02
3.660928306820657868e-02
3.486598387448245490e-02
4.009588145565482625e-02
