1.000000000000000000e+00
9.374772809887313985e-01
8.909487459105779328e-01
8.949472918938568000e-01
8.913122500908760015e-01
8.785896037804434844e-01
8.804071246819338281e-01
8.687749909123955172e-01
8.469647400945110594e-01
8.418756815703380969e-01
8.295165394402035375e-01
8.142493638676844281e-01
7.997091966557615672e-01
8.153398764085787453e-01
8.066157760814249844e-01
8.189749182115594328e-01
7.862595419847328015e-01
7.880770628862231453e-01
7.622682660850599312e-01
7.789894583787713156e-01
7.571792075608869688e-01
7.535441657579061703e-01
7.659033078880407297e-01
7.608142493638676562e-01
7.640857869865503860e-01
7.459105779716467266e-01
7.360959651035986484e-01
7.339149400218102359e-01
7.230098146128680625e-01
7.102871683024354343e-01
6.932024718284259812e-01
6.993820428934932609e-01
6.924754634678298437e-01
6.928389676481279125e-01
6.866593965830607438e-01
6.964740094511087110e-01
6.870229007633588125e-01
6.808433296982915328e-01
6.739367502726281156e-01
6.852053798618683578e-01
6.688476917484551532e-01
6.779352962559069828e-01
6.753907669938203906e-01
6.677571792075608359e-01
6.484914576517629703e-01
6.412213740458014843e-01
6.510359869138495625e-01
6.266812068338786235e-01
6.288622319156670359e-01
6.154125772446382703e-01
6.255906942929844172e-01
6.306797528171573797e-01
6.146855688840421328e-01
6.146855688840421328e-01
6.245001817520901000e-01
6.066884769174845093e-01
5.997818974918212032e-01
6.103235187204653078e-01
6.074154852780806468e-01
6.015994183933115469e-01
5.885132679025808500e-01
6.001454016721192719e-01
5.830607051981098188e-01
5.892402762631769875e-01
5.943293347873500609e-01
5.765176299527444703e-01
5.892402762631769875e-01
5.881497637222827812e-01
5.688840421664849156e-01
5.572519083969466047e-01
5.710650672482733281e-01
5.703380588876771906e-01
5.550708833151580812e-01
5.398037077426390828e-01
5.608869501999272922e-01
5.528898582333696687e-01
5.597964376590330859e-01
5.372591784805524906e-01
5.249000363504180422e-01
5.299890948745910046e-01
5.328971283169756656e-01
5.259905488913122484e-01
5.394402035623410141e-01
5.299890948745910046e-01
5.383496910214466968e-01
5.187204652853507625e-01
5.205379861868411062e-01
5.252635405307161109e-01
5.328971283169756656e-01
5.139949109414758688e-01
5.045438022537259704e-01
5.056343147946201766e-01
5.052708106143221078e-01
4.947291893856779477e-01
4.907306434023991359e-01
4.798255179934569070e-01
4.838240639767357187e-01
4.870956015994183930e-01
4.914576517629952734e-01
4.874591057797164617e-01
4.776444929116684945e-01
4.801890221737549758e-01
4.798255179934569070e-01
4.881861141403125992e-01
4.631043256997455226e-01
4.805525263540530445e-01
4.772809887313704258e-01
4.707379134860050773e-01
4.594692838967648352e-01
4.656488549618320594e-01
4.601962922573609727e-01
4.547437295528898860e-01
4.551072337331879547e-01
4.587422755361686422e-01
4.656488549618320594e-01
4.529262086513994867e-01
4.485641584878226062e-01
4.496546710287168125e-01
4.452926208651399320e-01
4.431115957833515195e-01
4.416575790621591890e-01
4.336604870956016211e-01
4.085786986550345445e-01
4.289349327517266719e-01
4.234823700472555297e-01
4.365685205379861711e-01
4.322064703744092906e-01
4.274809160305343414e-01
4.340239912758996899e-01
4.296619411123228094e-01
4.249363867684478602e-01
4.067611777535441453e-01
4.180298073427844430e-01
4.034896401308615266e-01
4.125772446383133563e-01
4.227553616866593922e-01
4.060341693929480078e-01
3.838604143947655367e-01
3.940385314431115726e-01
4.034896401308615266e-01
3.962195565249000406e-01
4.031261359505634578e-01
3.969465648854961781e-01
3.867684478371501422e-01
3.987640857869865774e-01
3.845874227553616742e-01
3.889494729189385547e-01
3.889494729189385547e-01
3.842239185750636055e-01
3.831334060341693992e-01
3.794983642311886562e-01
3.842239185750636055e-01
3.809523809523809312e-01
3.751363140676117758e-01
3.682297346419483586e-01
3.769538349691021195e-01
3.725917848055252390e-01
3.784078516902944500e-01
3.667757179207560836e-01
3.885859687386404859e-01
3.645946928389676711e-01
3.573246092330061852e-01
3.675027262813522211e-01
3.645946928389676711e-01
3.576881134133042539e-01
3.558705925118139102e-01
3.453289712831697500e-01
3.565976008724100477e-01
3.518720465285350985e-01
3.565976008724100477e-01
3.613231552162849969e-01
3.500545256270446992e-01
3.511450381679389054e-01
3.435114503816794063e-01
3.518720465285350985e-01
3.380588876772082640e-01
3.438749545619774750e-01
3.525990548891312359e-01
3.453289712831697500e-01
3.289712831697564344e-01
3.406034169392948008e-01
3.402399127589967320e-01
3.395129043984005945e-01
3.380588876772082640e-01
3.286077789894583656e-01
3.329698291530352461e-01
3.315158124318429711e-01
3.373318793166121266e-01
3.293347873500545031e-01
3.355143584151217828e-01
3.362413667757179203e-01
3.296982915303525719e-01
3.217011995637950039e-01
3.158851326790257930e-01
3.206106870229007422e-01
3.162486368593238617e-01
3.293347873500545031e-01
3.264267539076699531e-01
3.304252998909487649e-01
3.275172664485641594e-01
3.278807706288622281e-01
3.311523082515449024e-01
3.253362413667756914e-01
3.253362413667756914e-01
3.158851326790257930e-01
3.224282079243911414e-01
3.042529989094874820e-01
3.024354780079970828e-01
3.129770992366412430e-01
3.104325699745547062e-01
2.988004362050163398e-01
3.027989821882951516e-01
2.948018902217375281e-01
3.107960741548527750e-01
3.049800072700836195e-01
2.958924027626317899e-01
2.929843693202471844e-01
2.911668484187568406e-01
2.980734278444202023e-01
3.013449654671028766e-01
3.064340239912758945e-01
2.962559069429298586e-01
3.013449654671028766e-01
3.089785532533624313e-01
2.973464194838240648e-01
2.937113776808433219e-01
2.988004362050163398e-01
2.998909487459106016e-01
2.991639403853144086e-01
2.918938567793529781e-01
2.897128316975645101e-01
2.875318066157760977e-01
2.878953107960741664e-01
2.835332606324972859e-01
2.929843693202471844e-01
2.809887313704107492e-01
2.878953107960741664e-01
2.809887313704107492e-01
2.929843693202471844e-01
2.697201017811705070e-01
2.900763358778625789e-01
2.733551435841511945e-01
2.806252271901126805e-01
2.697201017811705070e-01
2.842602689930934234e-01
2.653580516175936266e-01
2.726281352235550570e-01
2.628135223555070898e-01
2.755361686659396625e-01
2.838967648127953547e-01
2.671755725190839703e-01
2.722646310432569883e-01
2.726281352235550570e-01
2.668120683387859016e-01
2.762631770265358000e-01
2.591784805525263469e-01
2.708106143220647133e-01
2.686295892402762453e-01
2.653580516175936266e-01
2.526354053071610539e-01
2.679025808796801078e-01
2.642675390766993648e-01
2.639040348964012961e-01
2.668120683387859016e-01
2.620865139949109524e-01
2.642675390766993648e-01
2.566339512904398656e-01
2.675390766993820391e-01
2.668120683387859016e-01
2.613595056343148149e-01
2.573609596510360031e-01
2.468193384223918707e-01
2.486368593238822144e-01
2.599054889131224844e-01
2.497273718647764484e-01
2.500908760450745172e-01
2.504543802253725859e-01
2.497273718647764484e-01
2.508178844056706547e-01
2.511813885859687234e-01
2.399127589967284535e-01
2.355507088331515730e-01
2.537259178480552602e-01
2.431842966194111277e-01
2.417302798982188250e-01
2.257360959651036059e-01
2.402762631770265223e-01
2.308251544892766238e-01
2.337331879316612016e-01
2.457288258814976367e-01
2.410032715376226875e-01
2.333696837513631328e-01
2.399127589967284535e-01
2.297346419483824176e-01
2.322791712104689266e-01
2.315521628498727613e-01
2.326426753907669953e-01
2.297346419483824176e-01
2.300981461286804863e-01
2.344601962922573668e-01
2.300981461286804863e-01
2.297346419483824176e-01
2.293711377680843211e-01
2.319156670301708578e-01
2.348237004725554355e-01
2.355507088331515730e-01
2.355507088331515730e-01
2.311886586695746926e-01
2.268266085059978121e-01
2.311886586695746926e-01
2.268266085059978121e-01
2.297346419483824176e-01
2.304616503089785551e-01
2.184660123591421199e-01
2.268266085059978121e-01
2.275536168665939774e-01
2.239185750636132344e-01
2.206470374409305601e-01
2.250090876045074406e-01
2.195565249000363539e-01
2.202835332606324914e-01
2.191930207197382852e-01
2.239185750636132344e-01
2.151944747364594734e-01
2.195565249000363539e-01
2.224645583424209316e-01
2.202835332606324914e-01
2.177390039985459824e-01
2.181025081788440512e-01
2.206470374409305601e-01
2.184660123591421199e-01
2.159214830970556109e-01
2.162849872773536797e-01
2.079243911304979875e-01
2.210105416212286567e-01
2.166484914576517762e-01
2.210105416212286567e-01
2.141039621955652394e-01
2.159214830970556109e-01
2.126499454743729645e-01
2.031988367866230383e-01
2.097419120319883590e-01
2.104689203925845242e-01
2.166484914576517762e-01
2.101054162122864277e-01
2.061068702290076438e-01
2.079243911304979875e-01
2.039258451472192035e-01
2.071973827699018500e-01
2.079243911304979875e-01
2.039258451472192035e-01
2.079243911304979875e-01
2.082878953107960840e-01
2.093784078516902902e-01
2.031988367866230383e-01
2.086513994910941527e-01
2.057433660487095473e-01
2.024718284260269008e-01
2.111959287531806617e-01
1.973827699018538828e-01
1.988367866230461578e-01
1.962922573609596488e-01
2.031988367866230383e-01
1.977462740821519516e-01
1.955652490003635113e-01
1.959287531806615801e-01
2.039258451472192035e-01
1.973827699018538828e-01
2.017448200654307633e-01
1.959287531806615801e-01
1.904761904761904656e-01
2.046528535078153410e-01
1.995637949836423231e-01
1.886586695747001219e-01
2.021083242457288320e-01
2.013813158851326668e-01
1.977462740821519516e-01
2.002908033442384605e-01
1.962922573609596488e-01
1.988367866230461578e-01
1.966557615412577176e-01
1.952017448200654426e-01
1.897491821155943281e-01
1.948382406397673461e-01
1.933842239185750711e-01
1.981097782624500203e-01
1.853871319520174477e-01
1.890221737549981906e-01
1.893856779352962594e-01
1.908396946564885621e-01
1.875681570338058879e-01
1.868411486732097504e-01
1.839331152308251449e-01
1.966557615412577176e-01
1.882951653944020254e-01
1.799345692475463332e-01
1.810250817884405672e-01
1.868411486732097504e-01
1.861141403126135851e-01
1.839331152308251449e-01
1.882951653944020254e-01
