1.000000000000000000e+00
7.969791203909373234e-01
7.365615282096845684e-01
6.985784095957352502e-01
6.914704575744113901e-01
6.459351399378053804e-01
6.328298533984895169e-01
6.088405153265215031e-01
5.826299422478897760e-01
5.724122612172367619e-01
5.493114171479343000e-01
5.235450910706352934e-01
5.068858285206574443e-01
4.986672589960017832e-01
4.900044424700133461e-01
4.897823189693469303e-01
4.575744113727232554e-01
4.471346068414038255e-01
4.369169258107507559e-01
4.233673922701021719e-01
4.138160817414482384e-01
4.102621057307863084e-01
4.029320302087960881e-01
3.844957796534873573e-01
3.880497556641492873e-01
3.829409151488227248e-01
3.636161705908484976e-01
3.676143936028432035e-01
3.622834295868502807e-01
3.465126610395379836e-01
3.418480675255441970e-01
3.382940915148822669e-01
3.267436694802310360e-01
3.322967569968902635e-01
3.085295424255886099e-01
3.123056419369169001e-01
3.114171479342514592e-01
2.972012438916037391e-01
2.954242558862727464e-01
2.863171923589515888e-01
2.814304753442914420e-01
2.807641048422923058e-01
2.698800533096401555e-01
2.621057307863172148e-01
2.574411372723234281e-01
2.736561528209684457e-01
2.581075077743225088e-01
2.569968902709906522e-01
2.463349622390048899e-01
2.401155042203465262e-01
2.381163927143491732e-01
2.474455797423367465e-01
2.254553531763660579e-01
2.254553531763660579e-01
2.187916481563749460e-01
2.156819191470457642e-01
2.130164371390493028e-01
2.016881386050644043e-01
2.119058196357174462e-01
1.948023100844069322e-01
2.019102621057307922e-01
2.045757441137272259e-01
1.963571745890715370e-01
1.981341625944024742e-01
1.930253220790759672e-01
1.901377165704131456e-01
1.921368280764104708e-01
1.856952465570857469e-01
1.836961350510883939e-01
1.765881830297645616e-01
1.790315415370946350e-01
1.756996890270990652e-01
1.768103065304309218e-01
1.697023545091070618e-01
1.781430475344291386e-01
1.721457130164371352e-01
1.697023545091070618e-01
1.694802310084407015e-01
1.634828964904486981e-01
1.568191914704575862e-01
1.541537094624611248e-01
1.534873389604620164e-01
1.503776099511328346e-01
1.554864504664593416e-01
1.468236339404709045e-01
1.403820524211461529e-01
1.457130164371390479e-01
1.474900044424700130e-01
1.537094624611283766e-01
1.403820524211461529e-01
1.421590404264771179e-01
1.401599289204797927e-01
1.410484229231452613e-01
1.317192358951577158e-01
1.361617059084851145e-01
1.337183474011550410e-01
1.334962239004886808e-01
1.326077298978231844e-01
1.332741003998222928e-01
1.323856063971568242e-01
1.279431363838293978e-01
1.250555308751666039e-01
1.301643713904931110e-01
1.248334073745002160e-01
1.226121723678365166e-01
1.212794313638382998e-01
1.201688138605064432e-01
1.112838738338516181e-01
1.163927143491781391e-01
1.239449133718347335e-01
1.175033318525099957e-01
1.128387383385162090e-01
1.157263438471790307e-01
1.066192803198578454e-01
1.083962683251888104e-01
1.103953798311861356e-01
1.123944913371834747e-01
1.059529098178587231e-01
1.063971568191914713e-01
1.055086628165259888e-01
1.088405153265215447e-01
1.077298978231896881e-01
9.884495779653487690e-02
1.003998223011994678e-01
9.795646379386939440e-02
9.395824078187471617e-02
9.840071079520212871e-02
9.351399378054198186e-02
9.240337627721012526e-02
9.329187027987560776e-02
9.506885828520657278e-02
9.173700577521101684e-02
8.818302976454908682e-02
8.818302976454908682e-02
8.618391825855176158e-02
9.262549977787649935e-02
8.751665926254997840e-02
8.773878276321635250e-02
8.907152376721456932e-02
8.240781874722345746e-02
8.573967125721901339e-02
8.884940026654819523e-02
8.218569524655708336e-02
8.218569524655708336e-02
9.062638827187916024e-02
8.773878276321635250e-02
8.573967125721901339e-02
8.729453576188360431e-02
8.307418924922256587e-02
8.351843625055531406e-02
8.440693025322079657e-02
8.329631274988893996e-02
8.351843625055531406e-02
7.974233673922700993e-02
8.329631274988893996e-02
7.618836072856507990e-02
8.196357174589070926e-02
7.796534873389604492e-02
7.952021323856063584e-02
7.507774322523322330e-02
7.596623722789870581e-02
7.596623722789870581e-02
7.663260772989782810e-02
7.463349622390048899e-02
7.529986672589959740e-02
7.441137272323411489e-02
6.885828520657485963e-02
7.196801421590404146e-02
6.908040870724121985e-02
7.107952021323855896e-02
6.530430919591292960e-02
7.152376721457130715e-02
6.885828520657485963e-02
6.463793869391382119e-02
7.152376721457130715e-02
6.752554420257662893e-02
6.996890270990670235e-02
6.441581519324744709e-02
6.663705019991114642e-02
6.508218569524655550e-02
6.419369169258107299e-02
6.108396268325189116e-02
6.175033318525099957e-02
5.775211017325632828e-02
5.419813416259440519e-02
5.997334517992003455e-02
5.908485117725455205e-02
5.797423367392270238e-02
5.553087516659262896e-02
5.464238116392714645e-02
5.619724566859173737e-02
5.841848067525544363e-02
5.419813416259440519e-02
5.397601066192803110e-02
5.752998667258996113e-02
5.752998667258996113e-02
5.486450466459351361e-02
5.464238116392714645e-02
5.464238116392714645e-02
5.553087516659262896e-02
4.531319413593958012e-02
4.620168813860506263e-02
5.330964015992892269e-02
5.197689915593069893e-02
4.975566414926699266e-02
4.709018214127054514e-02
4.753442914260328639e-02
4.775655264326966049e-02
5.019991115059973391e-02
5.064415815193247516e-02
5.308751665926254859e-02
4.731230564193691923e-02
4.797867614393602764e-02
4.797867614393602764e-02
4.620168813860506263e-02
4.486894713460683887e-02
4.642381163927143672e-02
4.442470013327409761e-02
4.797867614393602764e-02
4.886717014660151015e-02
4.975566414926699266e-02
5.153265215459795767e-02
4.731230564193691923e-02
4.242558862727676544e-02
4.375832963127498920e-02
4.620168813860506263e-02
4.375832963127498920e-02
4.597956463793869547e-02
4.553531763660595422e-02
4.442470013327409761e-02
4.375832963127498920e-02
4.353620613060861511e-02
4.264771212794313954e-02
4.220346512661039828e-02
4.309195912927588079e-02
4.420257663260773046e-02
4.087072412261217452e-02
3.798311861394935290e-02
4.242558862727676544e-02
4.131497112394491578e-02
3.487338960462017107e-02
3.731674811195024449e-02
3.820524211461572700e-02
4.264771212794313954e-02
3.687250111061750324e-02
3.864948911594846825e-02
3.887161261661483541e-02
3.665037760995113608e-02
3.620613060861839483e-02
3.776099511328298575e-02
3.376277210128831446e-02
3.709462461128387040e-02
3.976010661928031792e-02
3.465126610395379697e-02
3.864948911594846825e-02
3.331852509995557321e-02
3.531763660595291232e-02
3.442914260328742981e-02
3.398489560195468856e-02
3.598400710795202073e-02
3.465126610395379697e-02
3.620613060861839483e-02
3.887161261661483541e-02
3.576188360728565357e-02
3.509551310528653822e-02
3.842736561528209416e-02
3.309640159928920605e-02
3.509551310528653822e-02
3.442914260328742981e-02
3.398489560195468856e-02
3.154153709462460820e-02
3.442914260328742981e-02
3.354064860062194731e-02
3.553976010661927948e-02
3.087516659262549978e-02
3.509551310528653822e-02
3.331852509995557321e-02
2.998667258996001728e-02
3.509551310528653822e-02
2.954242558862727602e-02
3.154153709462460820e-02
3.220790759662372355e-02
2.843180808529542289e-02
3.020879609062638790e-02
3.176366059529098229e-02
3.309640159928920605e-02
2.887605508662816414e-02
2.732119058196357322e-02
2.976454908929364665e-02
3.043091959129275853e-02
3.243003109729009070e-02
3.198578409595734945e-02
3.109729009329187041e-02
2.909817858729453477e-02
3.198578409595734945e-02
2.932030208796090540e-02
2.998667258996001728e-02
2.976454908929364665e-02
2.998667258996001728e-02
3.020879609062638790e-02
2.732119058196357322e-02
3.020879609062638790e-02
2.754331408262994385e-02
2.954242558862727602e-02
2.976454908929364665e-02
2.532207907596623758e-02
3.131941359395824104e-02
3.376277210128831446e-02
3.131941359395824104e-02
3.176366059529098229e-02
2.798756108396268164e-02
2.687694358063083197e-02
3.020879609062638790e-02
2.954242558862727602e-02
2.843180808529542289e-02
2.776543758329631448e-02
2.998667258996001728e-02
2.998667258996001728e-02
2.998667258996001728e-02
2.554420257663260821e-02
2.820968458462905226e-02
2.598844957796534946e-02
2.643269657929809072e-02
2.487783207463349633e-02
2.487783207463349633e-02
2.687694358063083197e-02
2.421146157263438445e-02
2.843180808529542289e-02
2.643269657929809072e-02
2.532207907596623758e-02
2.665482007996446134e-02
2.332296756996890194e-02
2.509995557529986696e-02
2.287872056863616069e-02
2.576632607729897884e-02
2.310084406930253131e-02
2.376721457130164319e-02
2.132385606397156977e-02
2.199022656597067818e-02
2.487783207463349633e-02
2.199022656597067818e-02
2.265659706796979006e-02
2.310084406930253131e-02
2.332296756996890194e-02
2.154597956463794040e-02
2.398933807196801382e-02
2.132385606397156977e-02
1.976899155930697538e-02
1.754775655264326911e-02
2.421146157263438445e-02
2.310084406930253131e-02
2.021323856063971663e-02
2.376721457130164319e-02
2.465570857396712570e-02
2.043536206130608726e-02
1.865837405597512225e-02
2.554420257663260821e-02
2.154597956463794040e-02
2.199022656597067818e-02
1.999111505997334601e-02
2.043536206130608726e-02
1.954686805864060475e-02
1.999111505997334601e-02
2.132385606397156977e-02
2.265659706796979006e-02
2.087960906263882851e-02
2.132385606397156977e-02
1.976899155930697538e-02
1.999111505997334601e-02
1.888049755664149287e-02
1.865837405597512225e-02
1.732563305197689849e-02
1.754775655264326911e-02
1.888049755664149287e-02
1.821412705464238099e-02
1.776988005330963974e-02
1.910262105730786350e-02
1.710350955131052786e-02
1.843625055530875162e-02
1.776988005330963974e-02
1.732563305197689849e-02
1.799200355397601037e-02
1.954686805864060475e-02
1.799200355397601037e-02
1.776988005330963974e-02
1.466015104398045270e-02
1.510439804531319395e-02
1.554864504664593521e-02
1.732563305197689849e-02
1.510439804531319395e-02
1.332741003998223067e-02
1.599289204797867472e-02
1.532652154597956458e-02
1.466015104398045270e-02
1.665926254997778660e-02
1.821412705464238099e-02
1.510439804531319395e-02
1.554864504664593521e-02
1.466015104398045270e-02
1.421590404264771144e-02
1.466015104398045270e-02
