1.000000000000000000e+00
8.934579439252336996e-01
8.591900311526480261e-01
8.401246105919003559e-01
8.257943925233645066e-01
8.083489096573208688e-01
7.847975077881620409e-01
7.624922118380061953e-01
7.580062305295950376e-01
7.525233644859813387e-01
7.385669781931464284e-01
7.261059190031152744e-01
7.141433021806853354e-01
7.072897196261682673e-01
7.008099688473520272e-01
6.866043613707165649e-01
6.780062305295949665e-01
6.655451713395638125e-01
6.626791277258566870e-01
6.565732087227413860e-01
6.444859813084111710e-01
6.338940809968847123e-01
6.376323987538941029e-01
6.203115264797507411e-01
6.205607476635514042e-01
6.102180685358254975e-01
6.047352024922117986e-01
5.963862928348909742e-01
5.935202492211838488e-01
5.960124610591900352e-01
5.916510903426791534e-01
5.685981308411215407e-01
5.773208722741433041e-01
5.680996884735202146e-01
5.631152647975078418e-01
5.480373831775701143e-01
5.415576323987538743e-01
5.429283489096573545e-01
5.328348909657321109e-01
5.188785046728972006e-01
5.193769470404984157e-01
5.173831775700934443e-01
5.091588785046728960e-01
5.070404984423676487e-01
5.099065420560747741e-01
4.872274143302180449e-01
4.836137071651090413e-01
4.801246105919003138e-01
4.712772585669782188e-01
4.762616822429906471e-01
4.679127725856697673e-01
4.529595015576323713e-01
4.532087227414330344e-01
4.483489096573208821e-01
4.537071651090342495e-01
4.484735202492211581e-01
4.402492211838006098e-01
4.307788161993769682e-01
4.424922118380062441e-01
4.305295950155763052e-01
4.290342679127726044e-01
4.196884735202492389e-01
4.208099688473520006e-01
4.163239875389407874e-01
4.117133956386292981e-01
4.105919003115264809e-01
4.043613707165109039e-01
4.042367601246105724e-01
3.962616822429906316e-01
4.011214953271027839e-01
3.874143302180685366e-01
3.927725856697819040e-01
3.840498442367601406e-01
3.865420560747663825e-01
3.833021806853582625e-01
3.816822429906542302e-01
3.801869158878504740e-01
3.737071651090342894e-01
3.671028037383177733e-01
3.677258566978193199e-01
3.556386292834891050e-01
3.567601246105919222e-01
3.618691588785046820e-01
3.511526479750778917e-01
3.553894080996884974e-01
3.456697819314641928e-01
3.426791277258566804e-01
3.400623052959501624e-01
3.381931464174454671e-01
3.365732087227414349e-01
3.383177570093457986e-01
3.285981308411214941e-01
3.239875389408099493e-01
3.206230529595015533e-01
3.147663551401869153e-01
3.285981308411214941e-01
3.228660436137071876e-01
3.122741433021806734e-01
3.158878504672897325e-01
3.167601246105918866e-01
3.067912772585669745e-01
3.112772585669781877e-01
2.995638629283489118e-01
3.021806853582554298e-01
2.998130841121495194e-01
2.930841121495327273e-01
2.943302180685358205e-01
3.005607476635513975e-01
2.873520249221183653e-01
2.890965732087227291e-01
2.776323987538940608e-01
2.806230529595015732e-01
2.772585669781931217e-01
2.720249221183800858e-01
2.738940809968847256e-01
2.750155763239875428e-01
2.756386292834890894e-01
2.709034267912772687e-01
2.691588785046729049e-01
2.696573208722741199e-01
2.647975077881619677e-01
2.651713395638629067e-01
2.616822429906541791e-01
2.578193146417445680e-01
2.529595015576324157e-01
2.512149532710280520e-01
2.480996884735202357e-01
2.468535825545171425e-01
2.484735202492211747e-01
2.500934579439252348e-01
2.468535825545171425e-01
2.419937694704049902e-01
2.406230529595015655e-01
2.383800623052959589e-01
2.406230529595015655e-01
2.393769470404984445e-01
2.363862928348909598e-01
2.289096573208722618e-01
2.269158878504672905e-01
2.269158878504672905e-01
2.291588785046728971e-01
2.296573208722741399e-01
2.233021806853582591e-01
2.259190031152648048e-01
2.221806853582554420e-01
2.215576323987538954e-01
2.194392523364485925e-01
2.281619937694704114e-01
2.180685358255451678e-01
2.087227414330218023e-01
2.134579439252336508e-01
2.122118380062305298e-01
2.129595015576324080e-01
2.099688473520249232e-01
2.133333333333333470e-01
2.137071651090342583e-01
2.057320872274143175e-01
2.064797507788161957e-01
2.021183800623052862e-01
2.039875389408099815e-01
2.046105919003115281e-01
2.061059190031152566e-01
2.057320872274143175e-01
2.034890965732087109e-01
2.037383177570093462e-01
2.032398753894081034e-01
2.000000000000000111e-01
1.952647975077881626e-01
1.919003115264797388e-01
1.986292834890965864e-01
1.925233644859813131e-01
1.956386292834891016e-01
1.942679127725856769e-01
1.926479750778816169e-01
1.910280373831775569e-01
1.872897196261682218e-01
1.884112149532710390e-01
1.926479750778816169e-01
1.887850467289719503e-01
1.849221183800623114e-01
1.801869158878504629e-01
1.875389408099688571e-01
1.849221183800623114e-01
1.844236760124610686e-01
1.846728971962616761e-01
1.788161993769470381e-01
1.784423676012460991e-01
1.793146417445482810e-01
1.758255451713395534e-01
1.763239875389407962e-01
1.771962616822429781e-01
1.710903426791277326e-01
1.747040498442367640e-01
1.705919003115264898e-01
1.734579439252336430e-01
1.654828660436137022e-01
1.700934579439252470e-01
1.692211838006230651e-01
1.656074766355140060e-01
1.638629283489096700e-01
1.611214953271027928e-01
1.587538940809968824e-01
1.606230529595015499e-01
1.617445482866043671e-01
1.619937694704049747e-01
1.593769470404984290e-01
1.588785046728971861e-01
1.608722741433021852e-01
1.551401869158878510e-01
1.511526479750778806e-01
1.530218068535825482e-01
1.522741433021806978e-01
1.497819314641744559e-01
1.494080996884735169e-01
1.555140186915887901e-01
1.440498442367601217e-01
1.533956386292834873e-01
1.462928348909657283e-01
1.431775700934579398e-01
1.467912772585669712e-01
1.440498442367601217e-01
1.444236760124610608e-01
1.454205607476635465e-01
1.449221183800623036e-01
1.446728971962616961e-01
1.457943925233644855e-01
1.509034267912772453e-01
1.454205607476635465e-01
1.436760124610591827e-01
1.461682242990654246e-01
1.411838006230529685e-01
1.394392523364486047e-01
1.419314641744548189e-01
1.380685358255451800e-01
1.376947040498442409e-01
1.333333333333333315e-01
1.314641744548286639e-01
1.340809968847352096e-01
1.350778816199376953e-01
1.353271028037383306e-01
1.342056074766355134e-01
1.322118380062305421e-01
1.292211838006230573e-01
1.319626168224299068e-01
1.277258566978193011e-01
1.276012461059189973e-01
1.307165109034267858e-01
1.247352024922118441e-01
1.256074766355140260e-01
1.254828660436136945e-01
1.268535825545171469e-01
1.278504672897196326e-01
1.246105919003115264e-01
1.257320872274143297e-01
1.251090342679127831e-01
1.259813084112149650e-01
1.262305295950155726e-01
1.199999999999999956e-01
1.171339563862928285e-01
1.204984423676012523e-01
1.155140186915887823e-01
1.181308411214953280e-01
1.163862928348909642e-01
1.145171339563862967e-01
1.178816199376947066e-01
1.158878504672897214e-01
1.206230529595015560e-01
1.165109034267912819e-01
1.160124610591900252e-01
1.175077881619937675e-01
1.100311526479750834e-01
1.121495327102803724e-01
1.131464174454828719e-01
1.131464174454828719e-01
1.105295950155763263e-01
1.112772585669781905e-01
1.116510903426791296e-01
1.109034267912772653e-01
1.089096573208722801e-01
1.125233644859813115e-01
1.132710280373831757e-01
1.121495327102803724e-01
1.119003115264797510e-01
1.080373831775700982e-01
1.076635514018691592e-01
1.072897196261682201e-01
1.059190031152647954e-01
1.062928348909657345e-01
1.076635514018691592e-01
1.052959501557632349e-01
1.057943925233644916e-01
1.076635514018691592e-01
1.051713395638629311e-01
1.020560747663551426e-01
1.072897196261682201e-01
1.009345794392523393e-01
1.009345794392523393e-01
1.006853582554517179e-01
1.024299065420560817e-01
1.018068535825545212e-01
1.026791277258567031e-01
9.919003115264797554e-02
9.495327102803738373e-02
9.732087227414330799e-02
1.003115264797507789e-01
1.013084112149532645e-01
1.001869158878504612e-01
1.006853582554517179e-01
9.632398753894080845e-02
1.000623052959501574e-01
9.657320872274142987e-02
9.507788161993770137e-02
9.183800623052959522e-02
9.570093457943924797e-02
8.996884735202492767e-02
9.644859813084112610e-02
9.395638629283488419e-02
9.096573208722741333e-02
9.146417445482865616e-02
9.345794392523364136e-02
8.884735202492212436e-02
9.221183800623053428e-02
8.735202492211838199e-02
8.897196261682242813e-02
8.760124610591900340e-02
8.735202492211838199e-02
9.021806853582554908e-02
9.258566978193145947e-02
8.809968847352024623e-02
9.158878504672897380e-02
8.785046728971962482e-02
8.797507788161994247e-02
9.158878504672897380e-02
8.560747663551401820e-02
8.797507788161994247e-02
8.647975077881620010e-02
8.348909657320872924e-02
8.697819314641744293e-02
8.585669781931463962e-02
8.211838006230529063e-02
8.087227414330218356e-02
8.386292834890965442e-02
8.074766355140186591e-02
8.286604361370716876e-02
7.850467289719625930e-02
8.274143302180685111e-02
7.937694704049844119e-02
8.062305295950156214e-02
8.274143302180685111e-02
8.249221183800622970e-02
8.062305295950156214e-02
8.236760124610592593e-02
7.912772585669781977e-02
7.937694704049844119e-02
8.037383177570094073e-02
7.763239875389407740e-02
7.713395638629283457e-02
7.788161993769469882e-02
7.813084112149532023e-02
7.825545171339563788e-02
7.613707165109034891e-02
7.838006230529595553e-02
7.389408099688472842e-02
8.012461059190030543e-02
7.464174454828660654e-02
7.277258566978192511e-02
7.376947040498442465e-02
7.277258566978192511e-02
7.314641744548286417e-02
7.426791277258566748e-02
7.389408099688472842e-02
7.352024922118380323e-02
7.314641744548286417e-02
6.953271028037383283e-02
6.990654205607477190e-02
7.140186915887850039e-02
6.965732087227413660e-02
7.190031152647975710e-02
6.928348909657321142e-02
7.165109034267912180e-02
6.953271028037383283e-02
6.928348909657321142e-02
6.591900311526480150e-02
6.554517133956386243e-02
6.853582554517133330e-02
6.404984423676012006e-02
6.679127725856698339e-02
6.479750778816199819e-02
6.965732087227413660e-02
6.467289719626168054e-02
6.741433021806852999e-02
6.716510903426790857e-02
6.504672897196261960e-02
6.579439252336448385e-02
6.728971962616822622e-02
6.579439252336448385e-02
6.604361370716510526e-02
6.654205607476636197e-02
6.429906542056074148e-02
6.292834890965731676e-02
6.492211838006230196e-02
