1.000000000000000000e+00
7.380248373743346635e-01
6.510940272028385989e-01
6.664695446481372354e-01
6.227084565345949452e-01
5.895919574216440529e-01
5.623891188645772088e-01
5.600236546422235895e-01
5.168539325842697041e-01
5.251330573625073717e-01
4.849201655824955659e-01
4.955647545830869083e-01
4.849201655824955659e-01
4.612655233589592063e-01
4.506209343583678084e-01
4.482554701360141891e-01
4.358367829686575767e-01
4.299231224127735285e-01
4.583086930810171267e-01
4.127735068007096220e-01
3.897102306327616672e-01
3.630987581312832835e-01
3.867534003548196431e-01
3.897102306327616672e-01
3.684210526315789269e-01
3.601419278533412038e-01
3.424009461856889480e-01
3.441750443524541625e-01
3.293908929627439308e-01
3.311649911295091453e-01
3.329390892962744153e-01
3.270254287403903115e-01
3.193376700177409933e-01
3.140153755174452943e-01
3.051448846836191664e-01
3.110585452395032702e-01
2.915434654050857444e-01
2.820816085156712116e-01
2.690715552927261944e-01
2.850384387936132358e-01
2.602010644589000665e-01
2.625665286812536858e-01
2.566528681253695821e-01
2.613837965700768762e-01
2.383205204021289214e-01
2.353636901241868695e-01
2.359550561797752743e-01
2.436428149024245926e-01
2.377291543465405166e-01
2.424600827912477830e-01
2.371377882909521118e-01
2.436428149024245926e-01
2.371377882909521118e-01
2.359550561797752743e-01
2.371377882909521118e-01
2.300413956238911983e-01
2.164399763453577763e-01
2.111176818450621051e-01
2.016558249556475446e-01
1.992903607332938976e-01
2.016558249556475446e-01
1.933767001774098215e-01
1.862803075103489081e-01
1.768184506209343476e-01
2.087522176227084580e-01
1.862803075103489081e-01
1.833234772324068562e-01
1.661738616203430052e-01
1.661738616203430052e-01
1.791839148432879947e-01
1.667652276759314101e-01
1.596688350088704966e-01
1.602602010644589015e-01
1.655824955647545726e-01
1.632170313424009533e-01
1.590774689532820918e-01
1.431105854523950227e-01
1.395623891188645660e-01
1.371969248965109467e-01
1.437019515079834553e-01
1.448846836191602649e-01
1.472501478415138843e-01
1.348314606741572996e-01
1.437019515079834553e-01
1.377882909520993515e-01
1.283264340626847910e-01
1.306918982850384381e-01
1.318746303962152477e-01
1.295091661738616284e-01
1.348314606741572996e-01
1.253696037847427669e-01
1.277350680070963862e-01
1.230041395623891198e-01
1.289178001182732236e-01
1.164991129509166112e-01
1.235955056179775247e-01
1.170904790065050299e-01
1.159077468953282064e-01
1.247782377291543482e-01
1.011235955056179747e-01
1.170904790065050299e-01
1.052631578947368363e-01
1.076286221170904833e-01
1.159077468953282064e-01
1.076286221170904833e-01
1.194559432288586631e-01
1.164991129509166112e-01
1.188645771732702583e-01
1.046717918391484314e-01
1.099940863394441165e-01
1.111768184506209400e-01
1.017149615612063934e-01
1.028976936723832031e-01
1.076286221170904833e-01
1.064458900059136598e-01
1.052631578947368363e-01
1.040804257835600266e-01
9.934949733885274636e-02
1.028976936723832031e-01
9.520993494973388482e-02
9.520993494973388482e-02
8.752217622708456657e-02
9.107037256061502328e-02
7.806031933767001996e-02
8.101714961561205797e-02
9.166173861620342811e-02
8.101714961561205797e-02
7.924305144884682961e-02
7.924305144884682961e-02
8.160851567120047667e-02
7.806031933767001996e-02
7.214665878178593006e-02
7.983441750443524831e-02
7.983441750443524831e-02
7.451212300413956324e-02
8.397397989355410985e-02
7.687758722649319643e-02
7.628622117090479160e-02
7.983441750443524831e-02
7.155529272619751135e-02
6.800709639266705464e-02
6.445890005913661180e-02
6.623299822590184016e-02
6.386753400354819310e-02
6.623299822590184016e-02
6.800709639266705464e-02
7.096392667060910653e-02
6.268480189237138345e-02
6.209343583678297168e-02
6.623299822590184016e-02
7.392075694855115842e-02
6.150206978119455992e-02
6.031933767001774332e-02
6.209343583678297168e-02
5.558840922531047002e-02
6.209343583678297168e-02
6.918982850384387817e-02
6.209343583678297168e-02
5.972797161442933156e-02
6.445890005913661180e-02
5.913660555884091979e-02
5.499704316972205825e-02
5.499704316972205825e-02
5.972797161442933156e-02
6.564163217031342146e-02
6.327616794795978827e-02
6.386753400354819310e-02
6.031933767001774332e-02
5.972797161442933156e-02
5.972797161442933156e-02
5.558840922531047002e-02
5.677114133648728661e-02
5.499704316972205825e-02
5.677114133648728661e-02
5.381431105854524166e-02
5.736250739207569144e-02
6.209343583678297168e-02
5.322294500295682990e-02
5.558840922531047002e-02
5.617977528089887485e-02
5.263157894736841813e-02
5.499704316972205825e-02
5.263157894736841813e-02
6.445890005913661180e-02
5.736250739207569144e-02
6.031933767001774332e-02
5.263157894736841813e-02
5.736250739207569144e-02
5.854523950325251497e-02
5.144884683619160154e-02
5.499704316972205825e-02
4.553518628030751164e-02
5.085748078060319671e-02
5.144884683619160154e-02
4.908338261383796836e-02
5.263157894736841813e-02
5.026611472501478495e-02
5.204021289178001330e-02
4.967474866942637318e-02
4.612655233589591647e-02
5.144884683619160154e-02
4.790065050266114483e-02
4.139562389118864316e-02
5.322294500295682990e-02
4.257835600236546669e-02
4.376108811354228328e-02
3.784742755765819339e-02
4.435245416913069505e-02
4.139562389118864316e-02
4.790065050266114483e-02
4.671791839148432823e-02
4.671791839148432823e-02
4.494382022471909988e-02
4.139562389118864316e-02
4.730928444707274000e-02
4.494382022471909988e-02
4.671791839148432823e-02
3.784742755765819339e-02
4.553518628030751164e-02
3.489059727971614150e-02
3.903015966883500998e-02
3.607332939089296503e-02
3.843879361324659821e-02
3.607332939089296503e-02
3.784742755765819339e-02
3.962152572442341480e-02
4.080425783560023834e-02
4.021289178001182657e-02
3.429923122412773667e-02
3.311649911295092008e-02
3.193376700177409655e-02
3.134240094618569172e-02
4.257835600236546669e-02
3.784742755765819339e-02
3.666469544648136986e-02
3.429923122412773667e-02
3.607332939089296503e-02
3.548196333530455326e-02
3.311649911295092008e-02
3.843879361324659821e-02
3.193376700177409655e-02
3.193376700177409655e-02
3.311649911295092008e-02
4.080425783560023834e-02
3.134240094618569172e-02
3.370786516853932491e-02
3.666469544648136986e-02
3.252513305736250832e-02
3.666469544648136986e-02
3.784742755765819339e-02
3.370786516853932491e-02
3.843879361324659821e-02
3.607332939089296503e-02
3.607332939089296503e-02
3.725606150206978162e-02
3.489059727971614150e-02
3.607332939089296503e-02
3.607332939089296503e-02
3.784742755765819339e-02
3.607332939089296503e-02
3.075103489059727996e-02
3.666469544648136986e-02
3.429923122412773667e-02
3.548196333530455326e-02
3.075103489059727996e-02
3.193376700177409655e-02
3.015966883500887166e-02
3.252513305736250832e-02
3.548196333530455326e-02
2.897693672383205160e-02
2.779420461265523501e-02
3.015966883500887166e-02
3.075103489059727996e-02
3.784742755765819339e-02
3.548196333530455326e-02
3.075103489059727996e-02
3.015966883500887166e-02
3.134240094618569172e-02
2.483737433471318659e-02
2.838557066824364331e-02
3.015966883500887166e-02
2.720283855706682324e-02
3.193376700177409655e-02
2.602010644589000665e-02
2.661147250147841495e-02
2.424600827912477830e-02
2.602010644589000665e-02
2.306327616794795823e-02
2.306327616794795823e-02
2.542874039030159836e-02
2.365464222353637000e-02
3.015966883500887166e-02
2.661147250147841495e-02
2.897693672383205160e-02
2.542874039030159836e-02
2.128917800118273335e-02
2.483737433471318659e-02
2.779420461265523501e-02
2.365464222353637000e-02
2.188054405677114164e-02
2.542874039030159836e-02
2.483737433471318659e-02
2.838557066824364331e-02
2.779420461265523501e-02
2.897693672383205160e-02
2.720283855706682324e-02
2.602010644589000665e-02
2.602010644589000665e-02
2.602010644589000665e-02
2.838557066824364331e-02
2.602010644589000665e-02
2.365464222353637000e-02
2.661147250147841495e-02
2.128917800118273335e-02
2.365464222353637000e-02
2.897693672383205160e-02
2.483737433471318659e-02
2.128917800118273335e-02
2.069781194559432158e-02
2.069781194559432158e-02
1.774098166765227663e-02
2.188054405677114164e-02
2.483737433471318659e-02
2.306327616794795823e-02
2.069781194559432158e-02
2.247191011235954994e-02
1.833234772324068493e-02
2.365464222353637000e-02
2.128917800118273335e-02
2.069781194559432158e-02
2.010644589000591329e-02
2.188054405677114164e-02
2.188054405677114164e-02
1.537551744529863998e-02
2.069781194559432158e-02
1.774098166765227663e-02
2.069781194559432158e-02
2.010644589000591329e-02
2.010644589000591329e-02
2.306327616794795823e-02
2.188054405677114164e-02
2.010644589000591329e-02
1.892371377882909669e-02
2.010644589000591329e-02
2.069781194559432158e-02
1.774098166765227663e-02
1.774098166765227663e-02
1.714961561206386834e-02
1.478415138971022995e-02
1.360141927853341162e-02
2.188054405677114164e-02
1.892371377882909669e-02
1.951507983441750499e-02
2.188054405677114164e-02
2.010644589000591329e-02
1.892371377882909669e-02
2.069781194559432158e-02
1.951507983441750499e-02
1.714961561206386834e-02
2.188054405677114164e-02
1.892371377882909669e-02
2.069781194559432158e-02
1.951507983441750499e-02
1.655824955647546004e-02
1.833234772324068493e-02
2.306327616794795823e-02
1.419278533412182165e-02
2.128917800118273335e-02
1.714961561206386834e-02
1.714961561206386834e-02
1.241868716735659330e-02
1.596688350088704828e-02
1.774098166765227663e-02
1.714961561206386834e-02
1.478415138971022995e-02
1.596688350088704828e-02
1.596688350088704828e-02
1.951507983441750499e-02
2.069781194559432158e-02
1.655824955647546004e-02
1.537551744529863998e-02
1.774098166765227663e-02
1.478415138971022995e-02
1.596688350088704828e-02
1.478415138971022995e-02
1.301005322294500333e-02
1.951507983441750499e-02
1.478415138971022995e-02
1.360141927853341162e-02
1.537551744529863998e-02
1.774098166765227663e-02
1.655824955647546004e-02
1.419278533412182165e-02
1.419278533412182165e-02
1.537551744529863998e-02
1.537551744529863998e-02
1.241868716735659330e-02
1.241868716735659330e-02
1.301005322294500333e-02
1.182732111176818500e-02
1.714961561206386834e-02
