1.000000000000000000e+00
7.895433487756452484e-01
7.425545996029119244e-01
7.041694242223692779e-01
6.925876902713434813e-01
6.399735274652548211e-01
6.158173395102580772e-01
5.999338186631369974e-01
5.741230972865651871e-01
5.542686962276638374e-01
5.549305095962938639e-01
5.473196558570483372e-01
5.251489080079417837e-01
5.145598941098610268e-01
4.811383189940436900e-01
4.966909331568497565e-01
4.788219722038385417e-01
4.791528788881535550e-01
4.506949040370615278e-01
4.447385837193911229e-01
4.513567174056916098e-01
4.295168762409000696e-01
4.341495698213103660e-01
4.103242885506287463e-01
4.007279947054930291e-01
4.119788219722038125e-01
3.845135671740569361e-01
3.828590337524818143e-01
3.894771674387822458e-01
3.679682329583057743e-01
3.639973527465255043e-01
3.577101257445400306e-01
3.540701522170747739e-01
3.395102581072137471e-01
3.411647915287888688e-01
3.405029781601588423e-01
3.421575115817339641e-01
3.226340172071475720e-01
3.180013236267372756e-01
3.186631369953673021e-01
3.127068166776968972e-01
3.087359364659166272e-01
3.017868960953011270e-01
3.004632693580410185e-01
3.070814030443415055e-01
2.991396426207809656e-01
2.994705493050959788e-01
2.842488418266048700e-01
2.865651886168100737e-01
2.925215089344804786e-01
2.868960953011250870e-01
2.812706816677696953e-01
2.753143613500992903e-01
2.749834546657842216e-01
2.667107875579086684e-01
2.528127068166777236e-01
2.637326273990734382e-01
2.624090006618133852e-01
2.508272667107875331e-01
2.518199867637326284e-01
2.587690271343481285e-01
2.495036399735274524e-01
2.402382528127068040e-01
2.528127068166777236e-01
2.455327597617471824e-01
2.544672402382527898e-01
2.313037723362011966e-01
2.405691594970218450e-01
2.425545996029119800e-01
2.279947054930509531e-01
2.150893448047650480e-01
2.233620119126406289e-01
2.134348113831899540e-01
2.121111846459298456e-01
2.150893448047650480e-01
2.236929185969556699e-01
2.279947054930509531e-01
2.197220383851753722e-01
2.183984116479152915e-01
2.183984116479152915e-01
2.144275314361350215e-01
2.157511581733951023e-01
2.197220383851753722e-01
2.058239576439443996e-01
2.088021178027796299e-01
1.975512905360688187e-01
1.978821972203838597e-01
1.922567835870284680e-01
1.945731303772336163e-01
2.031767041694242104e-01
1.899404367968232921e-01
1.978821972203838597e-01
1.925876902713434813e-01
1.962276637988087380e-01
1.876240900066181438e-01
1.912640635340834006e-01
1.823295830575777654e-01
1.710787557908669820e-01
1.783587028457974955e-01
1.800132362673725894e-01
1.935804103242885488e-01
1.839841164791528871e-01
1.932495036399735355e-01
1.813368630046326979e-01
1.826604897418927786e-01
1.853077432164129679e-01
1.839841164791528871e-01
1.846459298477829136e-01
1.770350761085373870e-01
1.810059563203176569e-01
1.727332892124421038e-01
1.667769688947716711e-01
1.863004632693580354e-01
1.598279285241561987e-01
1.724023825281270628e-01
1.651224354731965493e-01
1.624751819986763601e-01
1.707478491065519410e-01
1.644606221045665229e-01
1.700860357379219145e-01
1.644606221045665229e-01
1.585043017868960902e-01
1.637988087359364686e-01
1.578424884182660359e-01
1.482461945731303743e-01
1.624751819986763601e-01
1.542025148908008070e-01
1.551952349437458745e-01
1.465916611515552526e-01
1.545334215751158202e-01
1.538716082064857660e-01
1.499007279947054960e-01
1.538716082064857660e-01
1.465916611515552526e-01
1.426207809397749826e-01
1.465916611515552526e-01
1.432825943084050369e-01
1.462607544672402393e-01
1.499007279947054960e-01
1.489080079417604285e-01
1.459298477829252261e-01
1.396426207809397801e-01
1.419589675711449284e-01
1.366644606221045777e-01
1.356717405691595102e-01
1.369953673064195909e-01
1.412971542025149019e-01
1.363335539377895367e-01
1.350099272005294559e-01
1.293845135671740643e-01
1.320317670416942535e-01
1.330244870946393210e-01
1.426207809397749826e-01
1.273990734612839293e-01
1.350099272005294559e-01
1.320317670416942535e-01
1.240900066181336858e-01
1.273990734612839293e-01
1.280608868299139558e-01
1.234281932495036455e-01
1.317008603573792125e-01
1.273990734612839293e-01
1.257445400397088076e-01
1.320317670416942535e-01
1.197882197220383887e-01
1.336863004632693475e-01
1.240900066181336858e-01
1.187954996690933213e-01
1.201191264063534020e-01
1.181336863004632670e-01
1.128391793514229025e-01
1.194573130377233616e-01
1.217736598279285237e-01
1.230972865651886183e-01
1.164791528788881592e-01
1.158173395102581049e-01
1.244209133024487129e-01
1.154864328259430778e-01
1.267372600926538750e-01
1.158173395102581049e-01
1.240900066181336858e-01
1.240900066181336858e-01
1.154864328259430778e-01
1.164791528788881592e-01
1.101919258769027132e-01
1.115155526141628078e-01
1.138318994043679699e-01
1.178027796161482399e-01
1.154864328259430778e-01
1.118464592984778350e-01
1.131700860357379157e-01
1.191264063534083345e-01
1.115155526141628078e-01
1.141628060886829971e-01
1.118464592984778350e-01
1.214427531436134966e-01
1.148246194573130374e-01
1.148246194573130374e-01
1.048974189278623487e-01
1.171409662475181995e-01
1.091992058239576457e-01
9.894109861019192986e-02
1.082064857710125783e-01
1.101919258769027132e-01
1.072137657180675108e-01
1.088682991396426186e-01
9.960291197882197023e-02
1.048974189278623487e-01
1.088682991396426186e-01
1.012574454003970920e-01
1.042356055592322944e-01
1.039046988749172673e-01
1.131700860357379157e-01
1.025810721376571866e-01
1.088682991396426186e-01
1.108537392455327536e-01
9.861019192587690274e-02
1.078755790866975511e-01
1.062210456651224294e-01
1.039046988749172673e-01
1.015883520847121052e-01
1.032428855062872269e-01
9.298477829252151106e-02
9.927200529450694311e-02
1.009265387160820648e-01
9.430840502978160567e-02
9.761747187293183525e-02
1.039046988749172673e-01
9.463931171409661891e-02
9.463931171409661891e-02
1.012574454003970920e-01
1.002647253474520245e-01
9.794837855724686237e-02
9.861019192587690274e-02
9.993381866313699735e-02
8.669755129053606513e-02
8.769027134348113262e-02
9.629384513567174064e-02
8.603573792190602476e-02
9.066843150231634896e-02
9.232296492389145681e-02
9.629384513567174064e-02
9.364659166115155142e-02
9.463931171409661891e-02
8.967571144937128147e-02
9.960291197882197023e-02
9.497021839841164603e-02
9.960291197882197023e-02
9.199205823957644357e-02
9.000661813368629471e-02
9.662475181998676776e-02
9.232296492389145681e-02
9.530112508272667315e-02
9.563203176704170028e-02
9.298477829252151106e-02
9.927200529450694311e-02
9.232296492389145681e-02
8.868299139642621398e-02
9.596293845135671352e-02
9.265387160820648393e-02
9.199205823957644357e-02
9.430840502978160567e-02
9.497021839841164603e-02
1.012574454003970920e-01
9.033752481800132184e-02
9.298477829252151106e-02
8.371939113170086266e-02
8.769027134348113262e-02
9.133024487094638932e-02
9.463931171409661891e-02
9.199205823957644357e-02
9.629384513567174064e-02
9.000661813368629471e-02
9.265387160820648393e-02
8.636664460622105188e-02
8.901389808074122723e-02
8.570483123759099764e-02
8.471211118464593015e-02
8.537392455327597052e-02
7.710125744540040349e-02
8.669755129053606513e-02
8.438120450033090303e-02
8.007941760423560595e-02
8.239576439444076805e-02
8.239576439444076805e-02
8.504301786896095727e-02
8.735936465916611937e-02
9.497021839841164603e-02
8.007941760423560595e-02
8.107213765718067344e-02
7.511581733951025464e-02
8.007941760423560595e-02
8.504301786896095727e-02
8.206485771012574093e-02
8.206485771012574093e-02
7.875579086697551134e-02
8.041032428855063308e-02
7.875579086697551134e-02
8.140304434149570056e-02
7.511581733951025464e-02
7.180675049636002505e-02
7.710125744540040349e-02
7.114493712772998468e-02
8.272667107875579517e-02
7.610853739245532212e-02
8.239576439444076805e-02
7.213765718067505217e-02
7.478491065519524139e-02
8.007941760423560595e-02
6.982131039046989007e-02
7.478491065519524139e-02
7.974851091992057883e-02
7.213765718067505217e-02
7.908669755129053847e-02
7.875579086697551134e-02
8.206485771012574093e-02
7.842488418266048422e-02
7.412309728656518715e-02
7.213765718067505217e-02
7.842488418266048422e-02
7.147584381204499793e-02
7.643944407677034925e-02
7.809397749834547098e-02
7.445400397088021427e-02
7.478491065519524139e-02
6.783587028457975510e-02
6.882859033752482258e-02
7.180675049636002505e-02
7.048312375909993044e-02
7.081403044341495756e-02
6.915949702183983583e-02
6.254136333553937666e-02
6.949040370615486295e-02
6.882859033752482258e-02
7.279947054930509254e-02
7.081403044341495756e-02
7.610853739245532212e-02
6.750496360026472797e-02
7.346128391793514678e-02
6.915949702183983583e-02
6.783587028457975510e-02
6.816677696889476834e-02
6.684315023163467373e-02
6.684315023163467373e-02
7.147584381204499793e-02
7.114493712772998468e-02
6.982131039046989007e-02
6.022501654533421456e-02
5.989410986101919437e-02
6.684315023163467373e-02
6.518861681005956588e-02
6.915949702183983583e-02
7.180675049636002505e-02
6.585043017868960624e-02
7.147584381204499793e-02
6.353408338848444414e-02
6.849768365320979546e-02
6.121773659827928205e-02
6.783587028457975510e-02
5.757776307081403228e-02
6.585043017868960624e-02
6.684315023163467373e-02
6.618133686300463336e-02
6.121773659827928205e-02
6.949040370615486295e-02
6.882859033752482258e-02
6.254136333553937666e-02
6.320317670416943090e-02
5.890138980807411995e-02
6.452680344142951163e-02
6.055592322964924168e-02
6.221045665122435647e-02
6.320317670416943090e-02
6.386499007279947127e-02
5.923229649238914707e-02
6.353408338848444414e-02
6.651224354731966049e-02
6.320317670416943090e-02
6.254136333553937666e-02
6.187954996690932935e-02
5.658504301786895785e-02
6.088682991396426186e-02
6.022501654533421456e-02
5.559232296492389036e-02
5.890138980807411995e-02
5.493050959629384306e-02
6.386499007279947127e-02
5.757776307081403228e-02
6.121773659827928205e-02
6.254136333553937666e-02
6.088682991396426186e-02
6.022501654533421456e-02
5.724685638649900515e-02
5.493050959629384306e-02
6.254136333553937666e-02
5.294506949040370808e-02
5.790866975512905246e-02
5.989410986101919437e-02
5.493050959629384306e-02
5.890138980807411995e-02
6.154864328259430917e-02
