1.000000000000000000e+00
8.260019550342131422e-01
8.299120234604105972e-01
8.181818181818182323e-01
8.162267839687195048e-01
8.025415444770283013e-01
7.644183773216031152e-01
7.507331378299120228e-01
7.223851417399804742e-01
7.497556207233626591e-01
7.341153470185728391e-01
7.292277614858260204e-01
7.644183773216031152e-01
7.565982404692082053e-01
7.311827956989247479e-01
7.135874877810362005e-01
7.243401759530792017e-01
7.018572825024438355e-01
6.979472140762463805e-01
6.979472140762463805e-01
6.891495601173021068e-01
6.901270772238514706e-01
6.608015640273704472e-01
6.783968719452589946e-01
6.715542521994134484e-01
6.823069403714564496e-01
6.764418377321602671e-01
6.520039100684261735e-01
6.920821114369501981e-01
6.725317693059628121e-01
6.764418377321602671e-01
6.744868035190615396e-01
6.578690127077223559e-01
6.246334310850439886e-01
6.598240469208210834e-01
6.471163245356793547e-01
6.314760508308895348e-01
6.119257086999022599e-01
6.265884652981427161e-01
6.363636363636363535e-01
6.441837732160312635e-01
6.217008797653958974e-01
6.441837732160312635e-01
6.119257086999022599e-01
6.109481915933528962e-01
6.041055718475073499e-01
6.158357771260997149e-01
5.933528836754643487e-01
5.933528836754643487e-01
5.786901270772238925e-01
5.894428152492668938e-01
5.786901270772238925e-01
5.767350928641251651e-01
5.865102639296188025e-01
5.650048875855328001e-01
5.747800586510264376e-01
5.767350928641251651e-01
5.728250244379277101e-01
5.581622678396871429e-01
5.816226783968719838e-01
5.444770283479960504e-01
5.620723362658845979e-01
5.610948191593352341e-01
5.434995112414466867e-01
5.640273704789834364e-01
5.620723362658845979e-01
5.278592375366568668e-01
5.288367546432062305e-01
5.151515151515151381e-01
5.219941348973606843e-01
5.376344086021505042e-01
5.122189638318670468e-01
4.877810361681329532e-01
5.004887585532746819e-01
5.288367546432062305e-01
5.053763440860215006e-01
5.366568914956011405e-01
4.926686217008797719e-01
5.112414467253176831e-01
5.131964809384164106e-01
5.317693059628543217e-01
5.347018572825024130e-01
5.063538611925708643e-01
5.151515151515151381e-01
4.985337243401759544e-01
4.877810361681329532e-01
5.131964809384164106e-01
4.965786901270772269e-01
4.858260019550342257e-01
4.965786901270772269e-01
5.102639296187683193e-01
4.731182795698924970e-01
4.770283479960899520e-01
5.063538611925708643e-01
4.760508308895405882e-01
4.809384164222874070e-01
4.672531769305962590e-01
4.780058651026393157e-01
4.721407624633431332e-01
4.555229716520038941e-01
4.613880742913000765e-01
4.789833822091886795e-01
4.574780058651026216e-01
4.662756598240468953e-01
4.613880742913000765e-01
4.506353861192570753e-01
4.594330400782013490e-01
4.780058651026393157e-01
4.936461388074291357e-01
4.780058651026393157e-01
4.222873900293255267e-01
4.535679374389051666e-01
4.408602150537634379e-01
4.574780058651026216e-01
4.486803519061583478e-01
4.496578690127077116e-01
4.437927663734115291e-01
4.320625610948191642e-01
4.330400782013685279e-01
4.340175953079178917e-01
4.320625610948191642e-01
4.379276637341153466e-01
4.320625610948191642e-01
4.584555229716519853e-01
4.291300097751710729e-01
4.359726295210166191e-01
4.291300097751710729e-01
4.213098729227761630e-01
4.115347018572825255e-01
4.261974584555229817e-01
4.389051808406647104e-01
4.379276637341153466e-01
4.349951124144672554e-01
4.056695992179862875e-01
3.998044965786901050e-01
4.066471163245357068e-01
3.851417399804496489e-01
3.646138807429130102e-01
3.968719452590420138e-01
3.949169110459432863e-01
4.017595307917888325e-01
3.958944281524926501e-01
4.017595307917888325e-01
3.831867057673509214e-01
3.861192570869990126e-01
3.949169110459432863e-01
3.880742913000977401e-01
3.880742913000977401e-01
3.831867057673509214e-01
3.978494623655913776e-01
3.998044965786901050e-01
3.734115347018572839e-01
3.870967741935483764e-01
4.066471163245357068e-01
3.929618768328445588e-01
3.763440860215053752e-01
3.528836754643206453e-01
3.695014662756598289e-01
3.646138807429130102e-01
3.763440860215053752e-01
3.646138807429130102e-01
3.734115347018572839e-01
3.763440860215053752e-01
3.851417399804496489e-01
3.655913978494623739e-01
3.567937438905181002e-01
3.792766373411534664e-01
3.831867057673509214e-01
3.626588465298142827e-01
3.646138807429130102e-01
3.704789833822091927e-01
3.919843597262951951e-01
3.734115347018572839e-01
3.792766373411534664e-01
3.792766373411534664e-01
3.636363636363636465e-01
3.861192570869990126e-01
3.499511241446725540e-01
3.822091886608015576e-01
3.499511241446725540e-01
3.538611925708700090e-01
3.382209188660801336e-01
3.352883675464320423e-01
3.274682306940371324e-01
3.401759530791788610e-01
3.411534701857282248e-01
3.176930596285434949e-01
3.206256109481915861e-01
3.274682306940371324e-01
3.264907135874877686e-01
3.206256109481915861e-01
3.157380254154447674e-01
3.128054740957966762e-01
3.274682306940371324e-01
3.264907135874877686e-01
3.098729227761485849e-01
3.343108504398826786e-01
3.069403714565004937e-01
3.098729227761485849e-01
3.372434017595307698e-01
3.450635386119257353e-01
3.245356793743890411e-01
3.079178885630498574e-01
3.157380254154447674e-01
3.274682306940371324e-01
2.971652003910068562e-01
3.118279569892473124e-01
3.225806451612903136e-01
3.059628543499511300e-01
3.108504398826979487e-01
3.059628543499511300e-01
3.157380254154447674e-01
3.088954056695992212e-01
2.971652003910068562e-01
2.991202346041055837e-01
3.020527859237536750e-01
3.040078201368524025e-01
3.000977517106549475e-01
2.991202346041055837e-01
2.913000977517106738e-01
3.040078201368524025e-01
2.864125122189638550e-01
2.932551319648094013e-01
2.971652003910068562e-01
3.167155425219941312e-01
3.137829912023460399e-01
2.825024437927664001e-01
2.942326490713587650e-01
3.000977517106549475e-01
2.756598240469207983e-01
2.864125122189638550e-01
2.981427174975562200e-01
2.737047898338220708e-01
2.932551319648094013e-01
2.942326490713587650e-01
3.020527859237536750e-01
2.981427174975562200e-01
3.098729227761485849e-01
2.883675464320625825e-01
2.805474095796676171e-01
2.815249266862170363e-01
2.707722385141739796e-01
2.561094819159335234e-01
2.697947214076246158e-01
2.785923753665688896e-01
2.688172043010752521e-01
3.020527859237536750e-01
2.737047898338220708e-01
2.785923753665688896e-01
3.010752688172043112e-01
2.981427174975562200e-01
2.629521016617790696e-01
2.873900293255132188e-01
2.609970674486803421e-01
2.766373411534701621e-01
2.834799608993157638e-01
2.629521016617790696e-01
2.678396871945258884e-01
2.756598240469207983e-01
2.834799608993157638e-01
2.961876832844574925e-01
2.688172043010752521e-01
2.707722385141739796e-01
2.776148582600195258e-01
2.776148582600195258e-01
2.580645161290322509e-01
2.561094819159335234e-01
2.629521016617790696e-01
2.658846529814271609e-01
2.678396871945258884e-01
2.913000977517106738e-01
2.688172043010752521e-01
2.590420332355816146e-01
2.609970674486803421e-01
2.737047898338220708e-01
2.521994134897360684e-01
2.521994134897360684e-01
2.717497556207233433e-01
2.629521016617790696e-01
2.580645161290322509e-01
2.609970674486803421e-01
2.629521016617790696e-01
2.443792766373411585e-01
2.590420332355816146e-01
2.619745845552297059e-01
2.639296187683284334e-01
2.561094819159335234e-01
2.570869990224828872e-01
2.570869990224828872e-01
2.463343108504398860e-01
2.609970674486803421e-01
2.561094819159335234e-01
2.336265884652981295e-01
2.443792766373411585e-01
2.385141739980449760e-01
2.521994134897360684e-01
2.238514173998044920e-01
2.365591397849462485e-01
2.668621700879765246e-01
2.561094819159335234e-01
2.443792766373411585e-01
2.561094819159335234e-01
2.453567937438905222e-01
2.629521016617790696e-01
2.443792766373411585e-01
2.473118279569892497e-01
2.492668621700879772e-01
2.502443792766373409e-01
2.404692082111437035e-01
2.414467253176930672e-01
2.473118279569892497e-01
2.658846529814271609e-01
2.463343108504398860e-01
2.434017595307917947e-01
2.316715542521994020e-01
2.531769305962854322e-01
2.326490713587487658e-01
2.453567937438905222e-01
2.482893450635386134e-01
2.326490713587487658e-01
2.297165200391006745e-01
2.531769305962854322e-01
2.277614858260019470e-01
2.267839687194525833e-01
2.394916911045943397e-01
2.336265884652981295e-01
2.218963831867057646e-01
2.297165200391006745e-01
2.228739002932551283e-01
2.404692082111437035e-01
2.111436950146627634e-01
2.179863147605083096e-01
2.140762463343108546e-01
2.199413489736070371e-01
2.150537634408602183e-01
2.267839687194525833e-01
2.355816226783968848e-01
2.189638318670576733e-01
2.091886608015640359e-01
2.248289345063538558e-01
2.062561094819159446e-01
2.316715542521994020e-01
2.228739002932551283e-01
2.346041055718475210e-01
2.170087976539589458e-01
2.003910068426197344e-01
2.179863147605083096e-01
2.209188660801564008e-01
2.052785923753665809e-01
2.258064516129032195e-01
2.150537634408602183e-01
2.375366568914956122e-01
2.160312805474095821e-01
2.189638318670576733e-01
2.258064516129032195e-01
2.306940371456500383e-01
2.287390029325513108e-01
2.326490713587487658e-01
2.199413489736070371e-01
2.346041055718475210e-01
2.297165200391006745e-01
2.306940371456500383e-01
2.150537634408602183e-01
2.287390029325513108e-01
2.179863147605083096e-01
2.209188660801564008e-01
2.258064516129032195e-01
2.277614858260019470e-01
2.326490713587487658e-01
2.258064516129032195e-01
2.316715542521994020e-01
2.306940371456500383e-01
2.033235581622678534e-01
2.248289345063538558e-01
2.082111436950146721e-01
2.287390029325513108e-01
1.984359726295210069e-01
2.179863147605083096e-01
2.121212121212121271e-01
2.121212121212121271e-01
2.111436950146627634e-01
2.297165200391006745e-01
2.218963831867057646e-01
2.189638318670576733e-01
2.150537634408602183e-01
2.082111436950146721e-01
2.072336265884653084e-01
2.297165200391006745e-01
2.160312805474095821e-01
2.238514173998044920e-01
2.267839687194525833e-01
2.258064516129032195e-01
2.199413489736070371e-01
2.189638318670576733e-01
2.189638318670576733e-01
2.091886608015640359e-01
2.062561094819159446e-01
2.121212121212121271e-01
2.209188660801564008e-01
2.091886608015640359e-01
2.052785923753665809e-01
