1.000000000000000000e+00
8.759204712812960203e-01
8.195876288659793563e-01
8.022827687776141747e-01
7.772459499263623117e-01
7.610456553755522435e-01
7.523932253313696528e-01
7.389543446244477565e-01
7.238586156111929126e-01
7.244108983799705248e-01
6.997422680412370699e-01
6.811487481590574600e-01
6.800441826215022356e-01
6.583210603829160457e-01
6.682621502209130648e-01
6.535346097201767401e-01
6.292341678939616934e-01
6.389911634756995085e-01
6.181885125184094498e-01
6.192930780559646742e-01
6.062223858615610750e-01
6.021723122238585857e-01
5.872606774668630569e-01
6.021723122238585857e-01
5.741899852724594577e-01
5.817378497790869352e-01
5.793446244477172824e-01
5.688512518409425400e-01
5.625920471281296020e-01
5.572533136966126843e-01
5.349779086892488822e-01
5.368188512518409228e-01
5.392120765832105755e-01
5.208026509572901697e-01
5.274300441826215158e-01
5.189617083946981291e-01
5.195139911634757413e-01
5.322164948453608213e-01
5.097569955817378151e-01
5.099410898379970192e-01
4.976067746686303472e-01
5.007363770250368162e-01
4.849042709867452117e-01
4.913475699558173537e-01
4.874815905743740685e-01
4.823269513991163548e-01
4.790132547864506818e-01
4.694403534609720152e-01
4.736745213549337086e-01
4.782768777614138656e-01
4.635493372606774853e-01
4.547128129602356350e-01
4.582106038291605121e-01
4.569219440353460837e-01
4.364874815905743777e-01
4.445876288659793563e-01
4.427466863033873157e-01
4.385125184094256223e-01
4.372238586156111939e-01
4.364874815905743777e-01
4.339101620029455209e-01
4.256259204712812827e-01
4.230486008836524259e-01
4.166053019145802838e-01
4.180780559646539163e-01
4.243372606774668543e-01
4.162371134020618757e-01
4.121870397643593309e-01
4.121870397643593309e-01
4.015095729013254955e-01
4.046391752577319645e-01
3.952503681885125020e-01
3.900957290132547883e-01
3.924889543446244411e-01
3.893593519882179721e-01
3.908321060382916046e-01
3.812592047128129380e-01
3.801546391752577136e-01
3.864138438880707072e-01
3.878865979381443396e-01
3.790500736377024893e-01
3.735272459499263675e-01
3.718703976435935310e-01
3.670839469808541700e-01
3.720544918998527351e-01
3.622974963181148644e-01
3.650589101620029253e-01
3.715022091310751229e-01
3.750000000000000000e-01
3.634020618556700888e-01
3.578792341678939670e-01
3.497790868924889329e-01
3.501472754050073410e-01
3.595360824742268036e-01
3.547496318114874980e-01
3.505154639175257492e-01
3.505154639175257492e-01
3.361561119293078326e-01
3.475699558173784842e-01
3.356038291605301649e-01
3.260309278350515538e-01
3.402061855670103219e-01
3.291605301914580228e-01
3.315537555228276756e-01
3.310014727540500634e-01
3.273195876288659822e-01
3.374447717231222610e-01
3.227172312223858808e-01
3.190353460972017441e-01
3.171944035346097035e-01
3.138807069219440304e-01
3.133284241531664183e-01
3.087260677466863168e-01
3.103829160530191533e-01
3.184830633284241319e-01
3.063328424153166640e-01
3.057805596465390519e-01
3.037555228276877517e-01
2.978645066273932218e-01
2.997054491899852624e-01
2.984167893961708340e-01
2.965758468335787934e-01
2.976804123711340178e-01
2.978645066273932218e-01
3.017304860088365071e-01
2.930780559646539163e-01
2.873711340206185350e-01
2.903166421207658554e-01
2.840574374079528619e-01
2.842415316642120660e-01
2.844256259204712700e-01
2.875552282768777390e-01
2.777982326951399239e-01
2.766936671575846995e-01
2.789027982326951483e-01
2.779823269513991280e-01
2.766936671575846995e-01
2.803755522827687807e-01
2.724594992636229507e-01
2.696980854197348898e-01
2.695139911634756857e-01
2.696980854197348898e-01
2.687776141384388695e-01
2.643593519882179721e-01
2.623343151693667274e-01
2.630706921944035437e-01
2.660162002945508086e-01
2.614138438880707072e-01
2.527614138438880609e-01
2.610456553755522990e-01
2.568114874815905502e-01
2.632547864506627477e-01
2.555228276877761218e-01
2.520250368188512446e-01
2.531296023564064690e-01
2.430044182621502180e-01
2.494477172312223878e-01
2.512886597938144284e-01
2.487113402061855716e-01
2.455817378497790748e-01
2.442930780559646464e-01
2.424521354933726058e-01
2.442930780559646464e-01
2.448453608247422586e-01
2.428203240058910140e-01
2.430044182621502180e-01
2.389543446244477287e-01
2.369293078055964563e-01
2.420839469808541977e-01
2.378497790868924766e-01
2.400589101620029531e-01
2.411634756995581774e-01
2.385861561119293206e-01
2.360088365243004360e-01
2.354565537555228238e-01
2.255154639175257769e-01
2.328792341678939670e-01
2.328792341678939670e-01
2.343519882179675995e-01
2.306701030927835183e-01
2.284609720176730419e-01
2.240427098674521444e-01
2.290132547864506540e-01
2.260677466863033891e-01
2.229381443298969201e-01
2.238586156111929404e-01
2.199926362297496274e-01
2.190721649484536071e-01
2.076583210603829277e-01
2.216494845360824639e-01
2.205449189985272396e-01
2.216494845360824639e-01
2.128129602356406413e-01
2.163107511045655462e-01
2.159425625920471381e-01
2.135493372606774576e-01
2.142857142857142738e-01
2.109720176730486008e-01
2.060014727540500634e-01
2.109720176730486008e-01
2.144698085419734779e-01
2.155743740795287300e-01
2.139175257731958657e-01
2.074742268041237236e-01
2.012150220913107579e-01
2.048969072164948391e-01
2.060014727540500634e-01
2.089469808541973561e-01
1.990058910162002814e-01
2.041605301914580228e-01
2.045287187039764309e-01
2.100515463917525805e-01
2.010309278350515538e-01
1.967967599410898327e-01
1.999263622974963295e-01
2.004786450662739417e-01
1.956921944035346084e-01
1.934830633284241597e-01
2.013991163475699619e-01
2.006627393225331457e-01
1.991899852724594855e-01
1.958762886597938124e-01
1.920103092783505272e-01
1.979013254786450571e-01
1.905375552282768670e-01
1.863033873343151736e-01
1.901693667157584589e-01
1.866715758468335817e-01
1.925625920471281394e-01
1.896170839469808467e-01
1.855670103092783574e-01
1.872238586156111939e-01
1.818851251840942485e-01
1.840942562592047249e-01
1.828055964653902687e-01
1.874079528718703980e-01
1.881443298969072142e-01
1.857511045655375614e-01
1.817010309278350444e-01
1.765463917525773307e-01
1.809646539027982282e-01
1.739690721649484462e-01
1.802282768777614119e-01
1.848306332842415411e-01
1.842783505154639290e-01
1.785714285714285754e-01
1.770986745213549429e-01
1.782032400589101673e-01
1.829896907216494728e-01
1.835419734904270850e-01
1.840942562592047249e-01
1.855670103092783574e-01
1.835419734904270850e-01
1.774668630338733510e-01
1.791237113402061876e-01
1.691826215022091406e-01
1.772827687776141470e-01
1.813328424153166363e-01
1.710235640648011812e-01
1.695508100147275488e-01
1.693667157584683447e-01
1.684462444771723244e-01
1.680780559646539163e-01
1.758100147275405145e-01
1.719440353460972015e-01
1.747054491899852624e-01
1.719440353460972015e-01
1.747054491899852624e-01
1.734167893961708340e-01
1.682621502209131203e-01
1.636597938144329911e-01
1.638438880706921952e-01
1.642120765832106033e-01
1.621870397643593587e-01
1.712076583210603853e-01
1.620029455081001546e-01
1.616347569955817465e-01
1.662371134020618479e-01
1.697349042709867528e-01
1.691826215022091406e-01
1.669734904270986642e-01
1.621870397643593587e-01
1.640279823269513992e-01
1.627393225331369708e-01
1.599779086892488822e-01
1.586892488954344538e-01
1.621870397643593587e-01
1.649484536082474195e-01
1.621870397643593587e-01
1.631075110456553789e-01
1.642120765832106033e-01
1.572164948453608213e-01
1.651325478645066236e-01
1.574005891016200254e-01
1.603460972017673181e-01
1.642120765832106033e-01
1.557437407952871888e-01
1.583210603829160457e-01
1.574005891016200254e-01
1.594256259204712700e-01
1.594256259204712700e-01
1.632916053019145830e-01
1.627393225331369708e-01
1.551914580265095767e-01
1.625552282768777668e-01
1.570324005891016172e-01
1.516936671575846718e-01
1.583210603829160457e-01
1.548232695139911685e-01
1.524300441826215158e-01
1.483799705449189987e-01
1.489322533136966109e-01
1.524300441826215158e-01
1.515095729013254677e-01
1.544550810014727604e-01
1.498527245949926312e-01
1.483799705449189987e-01
1.469072164948453663e-01
1.412002945508100127e-01
1.458026509572901419e-01
1.448821796759941216e-01
1.426730486008836452e-01
1.389911634756995640e-01
1.406480117820324005e-01
1.404639175257731964e-01
1.448821796759941216e-01
1.386229749631811559e-01
1.410162002945508086e-01
1.408321060382916046e-01
1.406480117820324005e-01
1.481958762886597947e-01
1.467231222385861622e-01
1.384388807069219518e-01
1.474594992636229784e-01
1.400957290132547883e-01
1.340206185567010266e-01
1.347569955817378429e-01
1.349410898379970469e-01
1.332842415316642104e-01
1.389911634756995640e-01
1.312592047128129658e-01
1.354933726067746591e-01
1.338365243004418226e-01
1.307069219440353536e-01
1.342047128129602307e-01
1.281296023564064690e-01
1.321796759941089860e-01
1.325478645066273942e-01
1.290500736377025170e-01
1.342047128129602307e-01
1.338365243004418226e-01
1.268409425625920406e-01
1.299705449189985373e-01
1.290500736377025170e-01
1.314432989690721698e-01
1.356774668630338632e-01
1.215022091310751090e-01
1.323637702503681901e-01
1.318114874815905779e-01
1.305228276877761495e-01
1.290500736377025170e-01
1.284977908689248771e-01
1.290500736377025170e-01
1.284977908689248771e-01
1.284977908689248771e-01
1.237113402061855716e-01
1.248159057437407959e-01
1.264727540500736325e-01
1.209499263622974968e-01
1.226067746686303334e-01
1.246318114874815919e-01
1.218703976435935171e-01
1.253681885125184081e-01
1.294182621502209252e-01
1.170839469808541977e-01
1.270250368188512446e-01
1.281296023564064690e-01
1.253681885125184081e-01
1.299705449189985373e-01
1.202135493372606806e-01
1.250000000000000000e-01
1.259204712812960203e-01
1.246318114874815919e-01
1.275773195876288568e-01
1.209499263622974968e-01
1.191089837997054424e-01
1.222385861561119252e-01
1.233431516936671635e-01
1.189248895434462383e-01
1.180044182621502180e-01
1.259204712812960203e-01
1.216863033873343131e-01
1.250000000000000000e-01
1.174521354933726058e-01
1.246318114874815919e-01
1.215022091310751090e-01
1.203976435935198847e-01
1.202135493372606806e-01
1.235272459499263675e-01
1.222385861561119252e-01
1.211340206185567009e-01
