1.000000000000000000e+00
8.745437956204379359e-01
8.316605839416058021e-01
8.138686131386860811e-01
7.969890510948904883e-01
8.220802919708029011e-01
7.741788321167882847e-01
7.682481751824817851e-01
7.440693430656933893e-01
7.322080291970802790e-01
7.194343065693430406e-01
6.906934306569343374e-01
6.993613138686131103e-01
6.765510948905109068e-01
6.651459854014598605e-01
6.783759124087591630e-01
6.729014598540146164e-01
6.715328467153284242e-01
6.364051094890510463e-01
6.496350364963503488e-01
6.172445255474452441e-01
6.003649635036496512e-01
6.250000000000000000e-01
6.040145985401459416e-01
6.012773722627736683e-01
6.026459854014598605e-01
6.017335766423357324e-01
6.049270072992700698e-01
6.008211678832117153e-01
5.875912408759124128e-01
5.752737226277372384e-01
5.921532846715328313e-01
5.757299270072993025e-01
5.898722627737226221e-01
5.697992700729926918e-01
5.524635036496350349e-01
5.497262773722627616e-01
5.492700729927006975e-01
5.346715328467153139e-01
5.602189781021897907e-01
5.415145985401459416e-01
5.310218978102190235e-01
5.255474452554744769e-01
5.168795620437955929e-01
5.278284671532846861e-01
5.474452554744525523e-01
5.291970802919707673e-01
5.164233576642335288e-01
5.045620437956204185e-01
4.945255474452554534e-01
4.977189781021897907e-01
5.114051094890510463e-01
5.077554744525547559e-01
4.963503649635036541e-01
5.136861313868613665e-01
4.812956204379562064e-01
4.826642335766423431e-01
4.666970802919708228e-01
4.822080291970802790e-01
4.685218978102189680e-01
4.844890510948904883e-01
4.744525547445255231e-01
4.612226277372262762e-01
4.625912408759124128e-01
4.552919708029197210e-01
4.470802919708029011e-01
4.698905109489051046e-01
4.708029197080291772e-01
4.493613138686131658e-01
4.475364963503649651e-01
4.370437956204379359e-01
4.525547445255474477e-01
4.612226277372262762e-01
4.416058394160584100e-01
4.548357664233576569e-01
4.379562043795620641e-01
4.215328467153284797e-01
4.420620437956204185e-01
4.543795620437955929e-01
4.114963503649635146e-01
4.292883211678832356e-01
4.229014598540146164e-01
4.064781021897810320e-01
4.142335766423357879e-01
4.083029197080291772e-01
4.187956204379562064e-01
4.073905109489051046e-01
4.201642335766423431e-01
4.133211678832116598e-01
4.183394160583941424e-01
4.206204379562044071e-01
3.909671532846715203e-01
4.069343065693430406e-01
4.055656934306569594e-01
4.174270072992700698e-01
3.927919708029197210e-01
3.959854014598540028e-01
4.019160583941605580e-01
3.895985401459853836e-01
3.932481751824817295e-01
3.859489051094890377e-01
3.959854014598540028e-01
3.836678832116788285e-01
3.873175182481751744e-01
3.886861313868613110e-01
3.964416058394160669e-01
3.800182481751824826e-01
3.841240875912408925e-01
3.727189781021897907e-01
3.795620437956204185e-01
4.019160583941605580e-01
3.987226277372262762e-01
3.763686131386861367e-01
3.946167883211678662e-01
3.786496350364963459e-01
3.704379562043795815e-01
3.873175182481751744e-01
3.708941605839415900e-01
3.836678832116788285e-01
3.699817518248175174e-01
3.626824817518248256e-01
3.672445255474452441e-01
3.713503649635036541e-01
3.827554744525547559e-01
3.622262773722627616e-01
3.713503649635036541e-01
3.768248175182482007e-01
3.549270072992700698e-01
3.407846715328466947e-01
3.489963503649635146e-01
3.553832116788321338e-01
3.531021897810219246e-01
3.740875912408759274e-01
3.594890510948904883e-01
3.572080291970802790e-01
3.622262773722627616e-01
3.398722627737226221e-01
3.626824817518248256e-01
3.512773722627737238e-01
3.590328467153284797e-01
3.380474452554744769e-01
3.567518248175182705e-01
3.499087591240875872e-01
3.499087591240875872e-01
3.503649635036496512e-01
3.412408759124087587e-01
3.430656934306569594e-01
3.298357664233576569e-01
3.275547445255474477e-01
3.366788321167883402e-01
3.371350364963503488e-01
3.416970802919708228e-01
3.284671532846715203e-01
3.307481751824817295e-01
3.312043795620437936e-01
3.357664233576642121e-01
3.330291970802919943e-01
3.312043795620437936e-01
3.197992700729926918e-01
3.170620437956204185e-01
3.179744525547445466e-01
3.211678832116788285e-01
3.275547445255474477e-01
3.188868613138686192e-01
3.202554744525547559e-01
3.193430656934306833e-01
2.992700729927007530e-01
3.010948905109488982e-01
3.339416058394160669e-01
3.207116788321167644e-01
3.065693430656934448e-01
3.179744525547445466e-01
3.061131386861313808e-01
3.170620437956204185e-01
3.074817518248175174e-01
3.371350364963503488e-01
3.257299270072992470e-01
3.225364963503649651e-01
3.170620437956204185e-01
3.193430656934306833e-01
3.020072992700729708e-01
3.010948905109488982e-01
2.992700729927007530e-01
3.065693430656934448e-01
2.937956204379562064e-01
3.065693430656934448e-01
3.143248175182482007e-01
3.047445255474452441e-01
3.020072992700729708e-01
3.134124087591240726e-01
2.988138686131386890e-01
3.102189781021897907e-01
3.106751824817517993e-01
2.883211678832116598e-01
2.960766423357664157e-01
2.974452554744525523e-01
2.937956204379562064e-01
2.901459854014598605e-01
2.887773722627737238e-01
3.001824817518248256e-01
2.887773722627737238e-01
2.979014598540146164e-01
3.001824817518248256e-01
2.915145985401459972e-01
3.125000000000000000e-01
3.006386861313868342e-01
2.965328467153284797e-01
2.992700729927007530e-01
2.828467153284671687e-01
2.965328467153284797e-01
2.869525547445255231e-01
2.928832116788321338e-01
2.864963503649635146e-01
2.883211678832116598e-01
2.864963503649635146e-01
2.805656934306569594e-01
2.796532846715328313e-01
2.878649635036496512e-01
2.869525547445255231e-01
2.755474452554744769e-01
2.855839416058394420e-01
2.878649635036496512e-01
2.787408759124087587e-01
2.892335766423357879e-01
2.823905109489051046e-01
2.732664233576642121e-01
2.814781021897810320e-01
2.819343065693430406e-01
2.773722627737226221e-01
2.782846715328466947e-01
2.769160583941605580e-01
2.892335766423357879e-01
2.618613138686131658e-01
2.696167883211678662e-01
2.718978102189780754e-01
2.833029197080291772e-01
2.869525547445255231e-01
2.682481751824817295e-01
2.796532846715328313e-01
2.828467153284671687e-01
2.801094890510948954e-01
2.782846715328466947e-01
2.814781021897810320e-01
2.851277372262773779e-01
2.860401459854014505e-01
2.828467153284671687e-01
2.814781021897810320e-01
2.823905109489051046e-01
2.823905109489051046e-01
2.883211678832116598e-01
2.732664233576642121e-01
2.741788321167883402e-01
2.846715328467153139e-01
2.709854014598540028e-01
2.709854014598540028e-01
2.700729927007299302e-01
2.673357664233576569e-01
2.718978102189780754e-01
2.791970802919708228e-01
2.737226277372262762e-01
2.691605839416058576e-01
2.577554744525547559e-01
2.709854014598540028e-01
2.787408759124087587e-01
2.769160583941605580e-01
2.764598540145985495e-01
2.627737226277372384e-01
2.773722627737226221e-01
2.664233576642335843e-01
2.741788321167883402e-01
2.682481751824817295e-01
2.700729927007299302e-01
2.655109489051095117e-01
2.618613138686131658e-01
2.687043795620437936e-01
2.632299270072992470e-01
2.700729927007299302e-01
2.691605839416058576e-01
2.659671532846715203e-01
2.636861313868613110e-01
2.614051094890511018e-01
2.531934306569342819e-01
2.536496350364963459e-01
2.495437956204379637e-01
2.568430656934306833e-01
2.568430656934306833e-01
2.545620437956204185e-01
2.591240875912408925e-01
2.481751824817518270e-01
2.545620437956204185e-01
2.417883211678832078e-01
2.477189781021897907e-01
2.527372262773722733e-01
2.623175182481751744e-01
2.559306569343065552e-01
2.591240875912408925e-01
2.623175182481751744e-01
2.618613138686131658e-01
2.641423357664233751e-01
2.522810218978102093e-01
2.440693430656934171e-01
2.440693430656934171e-01
2.531934306569342819e-01
2.518248175182482007e-01
2.504562043795620641e-01
2.363138686131386890e-01
2.454379562043795537e-01
2.427007299270073082e-01
2.340328467153284797e-01
2.545620437956204185e-01
2.372262773722627616e-01
2.408759124087591352e-01
2.536496350364963459e-01
2.413321167883211715e-01
2.404197080291970712e-01
2.541058394160584100e-01
2.385948905109488982e-01
2.500000000000000000e-01
2.509124087591240726e-01
2.367700729927007253e-01
2.504562043795620641e-01
2.541058394160584100e-01
2.312956204379562064e-01
2.463503649635036541e-01
2.531934306569342819e-01
2.468065693430656904e-01
2.208029197080292050e-01
2.477189781021897907e-01
2.568430656934306833e-01
2.477189781021897907e-01
2.395072992700729986e-01
2.422445255474452441e-01
2.559306569343065552e-01
2.367700729927007253e-01
2.454379562043795537e-01
2.363138686131386890e-01
2.340328467153284797e-01
2.395072992700729986e-01
2.331204379562043794e-01
2.317518248175182427e-01
2.322080291970802790e-01
2.390510948905109623e-01
2.408759124087591352e-01
2.454379562043795537e-01
2.349452554744525523e-01
2.363138686131386890e-01
2.317518248175182427e-01
2.417883211678832078e-01
2.463503649635036541e-01
2.518248175182482007e-01
2.504562043795620641e-01
2.354014598540145886e-01
2.381386861313868619e-01
2.408759124087591352e-01
2.436131386861313808e-01
2.427007299270073082e-01
2.486313868613138633e-01
2.490875912408758996e-01
2.504562043795620641e-01
2.417883211678832078e-01
2.390510948905109623e-01
2.427007299270073082e-01
2.518248175182482007e-01
2.458941605839416178e-01
2.431569343065693445e-01
2.367700729927007253e-01
2.299270072992700698e-01
2.381386861313868619e-01
2.440693430656934171e-01
2.408759124087591352e-01
2.376824817518248256e-01
2.372262773722627616e-01
2.331204379562043794e-01
2.340328467153284797e-01
2.312956204379562064e-01
2.354014598540145886e-01
2.436131386861313808e-01
2.344890510948905160e-01
2.381386861313868619e-01
2.344890510948905160e-01
2.322080291970802790e-01
2.340328467153284797e-01
2.244525547445255509e-01
2.244525547445255509e-01
2.308394160583941701e-01
2.349452554744525523e-01
2.299270072992700698e-01
2.276459854014598605e-01
2.208029197080292050e-01
2.340328467153284797e-01
2.226277372262773779e-01
2.244525547445255509e-01
2.399635036496350349e-01
2.249087591240875872e-01
2.217153284671532776e-01
2.262773722627737238e-01
2.221715328467153416e-01
2.221715328467153416e-01
2.180656934306569317e-01
2.322080291970802790e-01
2.267335766423357601e-01
