1.000000000000000000e+00
6.711772665764547119e-01
6.021650879566982084e-01
5.953991880920161961e-01
5.696887686062246381e-01
5.683355886332882578e-01
5.778078484438430307e-01
5.859269282814614233e-01
5.764546684709066504e-01
5.710419485791610184e-01
5.466847090663058406e-01
5.656292286874153863e-01
5.331529093369418160e-01
5.466847090663058406e-01
5.412719891745602085e-01
5.358592692828145765e-01
5.331529093369418160e-01
5.615696887686062455e-01
5.778078484438430307e-01
5.250338294993234234e-01
5.385656292286874480e-01
5.277401894451961839e-01
5.317997293640054357e-01
5.115020297699593987e-01
5.426251691474965888e-01
5.250338294993234234e-01
5.006765899864682456e-01
5.033829499323410062e-01
5.047361299052773864e-01
5.047361299052773864e-01
5.182679296346414111e-01
4.952638700947226136e-01
4.939106901217861778e-01
4.979702300405953741e-01
4.722598105548038161e-01
4.830852503382949692e-01
4.925575101488497975e-01
4.939106901217861778e-01
4.668470906630581840e-01
4.560216508795669754e-01
4.790257104194857729e-01
4.533152909336941594e-01
4.722598105548038161e-01
4.614343707713126075e-01
4.844384303112314050e-01
4.627875507442489877e-01
4.830852503382949692e-01
4.573748308525033557e-01
4.438430311231393866e-01
4.397834912043301903e-01
4.573748308525033557e-01
4.221921515561569693e-01
4.479025710419485828e-01
4.370771312584573742e-01
4.736129905277401964e-01
4.289580514208389816e-01
4.560216508795669754e-01
4.465493910690122026e-01
4.424898511502029508e-01
4.397834912043301903e-01
4.776725304465493926e-01
4.479025710419485828e-01
4.316644113667117977e-01
4.451962110960757668e-01
4.668470906630581840e-01
4.262516914749661656e-01
4.736129905277401964e-01
4.397834912043301903e-01
4.181326116373477730e-01
4.140730717185385767e-01
4.560216508795669754e-01
4.194857916102841533e-01
4.046008119079837484e-01
4.560216508795669754e-01
4.587280108254397915e-01
4.154262516914749570e-01
4.221921515561569693e-01
4.330175913396481779e-01
4.140730717185385767e-01
4.127198917456021410e-01
3.978349120433017361e-01
4.221921515561569693e-01
4.506089309878213989e-01
4.221921515561569693e-01
4.100135317997293805e-01
4.140730717185385767e-01
3.991880920162381718e-01
4.343707713125845582e-01
3.748308525033829386e-01
3.991880920162381718e-01
4.018944519621109879e-01
4.018944519621109879e-01
4.127198917456021410e-01
3.843031123139377669e-01
4.018944519621109879e-01
3.951285520974289756e-01
4.005412719891745521e-01
3.991880920162381718e-01
3.978349120433017361e-01
3.897158322056833435e-01
4.100135317997293805e-01
4.221921515561569693e-01
3.883626522327469632e-01
3.883626522327469632e-01
4.100135317997293805e-01
3.991880920162381718e-01
3.788903924221921349e-01
4.032476319350473681e-01
3.558863328822733374e-01
3.680649526387009263e-01
3.843031123139377669e-01
3.531799729364005214e-01
3.843031123139377669e-01
3.829499323410013312e-01
3.667117726657645460e-01
3.626522327469553497e-01
3.707713125845737423e-01
3.775372124492557546e-01
3.883626522327469632e-01
3.626522327469553497e-01
3.707713125845737423e-01
3.978349120433017361e-01
3.802435723951285707e-01
3.788903924221921349e-01
3.572395128552097177e-01
3.775372124492557546e-01
3.721244925575101226e-01
3.734776725304465583e-01
3.518267929634641411e-01
3.653585926928281657e-01
3.477672530446549448e-01
3.721244925575101226e-01
3.599458728010825337e-01
3.870094722598105275e-01
3.788903924221921349e-01
3.653585926928281657e-01
3.694181326116373620e-01
3.775372124492557546e-01
3.856562922868741472e-01
3.721244925575101226e-01
3.612990527740189695e-01
3.653585926928281657e-01
3.531799729364005214e-01
3.802435723951285707e-01
3.694181326116373620e-01
3.680649526387009263e-01
3.612990527740189695e-01
3.680649526387009263e-01
3.531799729364005214e-01
3.734776725304465583e-01
3.558863328822733374e-01
3.437077131258457485e-01
3.640054127198917300e-01
3.626522327469553497e-01
3.653585926928281657e-01
3.748308525033829386e-01
3.355886332882273559e-01
3.491204330175913251e-01
3.437077131258457485e-01
3.599458728010825337e-01
3.734776725304465583e-01
3.585926928281461534e-01
3.667117726657645460e-01
3.410013531799729325e-01
3.626522327469553497e-01
3.504736129905277608e-01
3.545331529093369571e-01
3.518267929634641411e-01
3.653585926928281657e-01
3.437077131258457485e-01
3.667117726657645460e-01
3.599458728010825337e-01
3.599458728010825337e-01
3.518267929634641411e-01
3.382949932341001165e-01
3.464140730717185646e-01
3.382949932341001165e-01
3.396481732070365522e-01
3.423545331529093128e-01
3.450608930987821288e-01
3.640054127198917300e-01
3.761840324763193744e-01
3.518267929634641411e-01
3.396481732070365522e-01
3.179972936400541350e-01
3.477672530446549448e-01
3.667117726657645460e-01
3.531799729364005214e-01
3.261163734776725276e-01
3.342354533152909202e-01
3.531799729364005214e-01
3.450608930987821288e-01
3.640054127198917300e-01
3.626522327469553497e-01
3.464140730717185646e-01
3.382949932341001165e-01
3.531799729364005214e-01
3.355886332882273559e-01
3.775372124492557546e-01
3.274695534506089079e-01
3.220568335588633313e-01
3.531799729364005214e-01
3.464140730717185646e-01
3.464140730717185646e-01
3.342354533152909202e-01
3.301759133964817239e-01
3.423545331529093128e-01
3.031123139377537301e-01
3.125845737483085029e-01
3.234100135317997116e-01
3.220568335588633313e-01
3.301759133964817239e-01
3.220568335588633313e-01
3.261163734776725276e-01
3.382949932341001165e-01
3.410013531799729325e-01
3.234100135317997116e-01
3.355886332882273559e-01
3.234100135317997116e-01
3.193504736129905153e-01
3.234100135317997116e-01
3.301759133964817239e-01
3.234100135317997116e-01
2.990527740189445338e-01
3.207036535859269510e-01
3.342354533152909202e-01
3.355886332882273559e-01
3.112313937753721227e-01
3.112313937753721227e-01
3.288227334235453436e-01
3.193504736129905153e-01
2.814614343707713129e-01
3.112313937753721227e-01
3.166441136671176992e-01
3.085250338294993067e-01
3.071718538565629264e-01
2.909336941813261412e-01
3.098782138024357424e-01
3.166441136671176992e-01
3.152909336941813190e-01
2.746955345060893006e-01
2.949932341001353375e-01
3.058186738836265461e-01
3.247631935047361473e-01
3.193504736129905153e-01
3.288227334235453436e-01
2.976995940460080980e-01
3.004059539918809141e-01
3.017591339648172943e-01
3.396481732070365522e-01
2.963464140730717178e-01
2.990527740189445338e-01
2.895805142083897055e-01
2.895805142083897055e-01
2.841677943166441289e-01
3.044654939106901104e-01
3.004059539918809141e-01
2.990527740189445338e-01
3.098782138024357424e-01
3.274695534506089079e-01
2.963464140730717178e-01
3.004059539918809141e-01
2.949932341001353375e-01
2.692828146143437240e-01
2.814614343707713129e-01
2.922868741542625215e-01
3.044654939106901104e-01
3.179972936400541350e-01
2.855209742895805092e-01
2.949932341001353375e-01
2.963464140730717178e-01
2.868741542625168894e-01
3.058186738836265461e-01
2.922868741542625215e-01
2.922868741542625215e-01
3.139377537212449387e-01
3.004059539918809141e-01
2.976995940460080980e-01
3.085250338294993067e-01
2.922868741542625215e-01
3.125845737483085029e-01
3.058186738836265461e-01
2.976995940460080980e-01
2.990527740189445338e-01
2.976995940460080980e-01
2.692828146143437240e-01
2.922868741542625215e-01
3.098782138024357424e-01
3.004059539918809141e-01
2.895805142083897055e-01
2.814614343707713129e-01
2.733423545331529203e-01
2.976995940460080980e-01
2.936400541271989018e-01
3.004059539918809141e-01
3.071718538565629264e-01
2.990527740189445338e-01
3.247631935047361473e-01
2.963464140730717178e-01
2.841677943166441289e-01
3.031123139377537301e-01
3.125845737483085029e-01
2.895805142083897055e-01
2.841677943166441289e-01
3.004059539918809141e-01
2.828146143437076931e-01
2.828146143437076931e-01
2.801082543978349326e-01
2.855209742895805092e-01
2.774018944519621166e-01
2.841677943166441289e-01
3.098782138024357424e-01
2.882273342354533252e-01
2.774018944519621166e-01
2.706359945872801043e-01
2.787550744248984969e-01
2.733423545331529203e-01
2.828146143437076931e-01
2.841677943166441289e-01
3.085250338294993067e-01
2.909336941813261412e-01
2.746955345060893006e-01
2.882273342354533252e-01
2.868741542625168894e-01
2.598105548037888957e-01
2.841677943166441289e-01
2.787550744248984969e-01
2.976995940460080980e-01
2.719891745602164845e-01
2.611637347767253314e-01
2.922868741542625215e-01
2.557510148849796994e-01
2.652232746955345277e-01
2.489851150202976870e-01
2.598105548037888957e-01
2.571041948579160796e-01
2.841677943166441289e-01
2.814614343707713129e-01
2.665764546684709080e-01
2.882273342354533252e-01
2.571041948579160796e-01
2.679296346414072882e-01
2.719891745602164845e-01
2.530446549391068833e-01
2.814614343707713129e-01
2.774018944519621166e-01
2.828146143437076931e-01
2.774018944519621166e-01
2.882273342354533252e-01
2.611637347767253314e-01
2.679296346414072882e-01
2.760487144790257363e-01
2.895805142083897055e-01
2.882273342354533252e-01
2.882273342354533252e-01
2.814614343707713129e-01
2.584573748308525154e-01
2.462787550744248988e-01
2.584573748308525154e-01
2.489851150202976870e-01
2.652232746955345277e-01
2.625169147496617117e-01
2.516914749661705031e-01
2.665764546684709080e-01
2.381596752368065062e-01
2.584573748308525154e-01
2.692828146143437240e-01
2.936400541271989018e-01
2.733423545331529203e-01
2.625169147496617117e-01
2.368064952638700982e-01
2.625169147496617117e-01
2.557510148849796994e-01
2.611637347767253314e-01
2.665764546684709080e-01
2.787550744248984969e-01
2.665764546684709080e-01
2.774018944519621166e-01
2.963464140730717178e-01
2.679296346414072882e-01
2.692828146143437240e-01
2.814614343707713129e-01
2.476319350473613068e-01
2.422192151556157025e-01
2.746955345060893006e-01
2.706359945872801043e-01
2.746955345060893006e-01
2.381596752368065062e-01
2.489851150202976870e-01
2.665764546684709080e-01
2.625169147496617117e-01
2.787550744248984969e-01
2.584573748308525154e-01
2.801082543978349326e-01
2.638700947225980920e-01
2.909336941813261412e-01
2.679296346414072882e-01
2.611637347767253314e-01
2.598105548037888957e-01
2.733423545331529203e-01
2.692828146143437240e-01
