1.000000000000000000e+00
8.361433087460484748e-01
7.760800842992623405e-01
7.428872497365648364e-01
7.273445732349842485e-01
6.973129610115911259e-01
6.725500526870389351e-01
6.567439409905163616e-01
6.217070600632244037e-01
5.937829293993677204e-01
6.030031612223393234e-01
5.795574288724973933e-01
5.587460484720758735e-01
5.518967334035826955e-01
5.318756585879873544e-01
5.266069546891464226e-01
5.118545837723920133e-01
4.971022128556374930e-01
4.726027397260273988e-01
4.712855637513171936e-01
4.510010537407797560e-01
4.604847207586933444e-01
4.459957850368809207e-01
4.346680716543730449e-01
4.204425711275026067e-01
4.267650158061117027e-01
4.175447839831401553e-01
4.041095890410958957e-01
4.067439409905163061e-01
4.009483667017913477e-01
3.969968387776606766e-01
4.014752370916754298e-01
3.854056902002107599e-01
3.835616438356164171e-01
3.759220231822971714e-01
3.624868282402529118e-01
3.701264488935721575e-01
3.640674394099051581e-01
3.609062170706006101e-01
3.495785036880927343e-01
3.535300316122234054e-01
3.479978925184404881e-01
3.406217070600632280e-01
3.277133825079030505e-01
3.324552160168598447e-01
3.277133825079030505e-01
3.206006322444678869e-01
3.171759747102212978e-01
3.182297154899894620e-01
3.013698630136986134e-01
2.924130663856691070e-01
3.034773445732349972e-01
2.939936775553214088e-01
2.966280295047418192e-01
2.879346680716543538e-01
2.939936775553214088e-01
2.821390937829293954e-01
2.826659641728134775e-01
2.776606954689146423e-01
2.805584826132771492e-01
2.737091675447839711e-01
2.726554267650158070e-01
2.592202318229715474e-01
2.658061116965226289e-01
2.560590094836669994e-01
2.486828240252897670e-01
2.542149631190727121e-01
2.428872497365648087e-01
2.536880927291886301e-01
2.471022128556375208e-01
2.449947312961011647e-01
2.486828240252897670e-01
2.484193888303477260e-01
2.457850368809272879e-01
2.439409905163329728e-01
2.418335089567966167e-01
2.413066385669125347e-01
2.315595363540569052e-01
2.181243414120126456e-01
2.297154899894625901e-01
2.318229715489989462e-01
2.220758693361433167e-01
2.099578503688092623e-01
2.083772391991570161e-01
2.165437302423603716e-01
2.049525816649104271e-01
2.083772391991570161e-01
2.070600632244467831e-01
2.094309799789251803e-01
2.062697576396206600e-01
2.028451001053740710e-01
1.994204425711275097e-01
2.044257112750263450e-01
1.999473129610115918e-01
1.978398314014752357e-01
1.949420442571127565e-01
1.920442571127502496e-01
1.930979978925184415e-01
1.891464699683877704e-01
1.862486828240252912e-01
1.857218124341412091e-01
1.899367755532139213e-01
1.952054794520547976e-01
1.883561643835616473e-01
1.757112750263435108e-01
1.749209694415173877e-01
1.722866174920969495e-01
1.801896733403582640e-01
1.815068493150684970e-01
1.765015806111696617e-01
1.765015806111696617e-01
1.851949420442570993e-01
1.772918861959957848e-01
1.862486828240252912e-01
1.699157007376185524e-01
1.628029504741833611e-01
1.612223393045310871e-01
1.709694415173867166e-01
1.670179135932560455e-01
1.667544783983140044e-01
1.696522655426765114e-01
1.630663856691254021e-01
1.628029504741833611e-01
1.609589041095890460e-01
1.649104320337197171e-01
1.588514225500526900e-01
1.585879873551106489e-01
1.591148577449947310e-01
1.580611169652265668e-01
1.570073761854583749e-01
1.538461538461538547e-01
1.628029504741833611e-01
1.572708113804004160e-01
1.530558482613277038e-01
1.591148577449947310e-01
1.564805057955742928e-01
1.483140147523709096e-01
1.496311907270811425e-01
1.412012644889357182e-01
1.496311907270811425e-01
1.472602739726027454e-01
1.430453108535300333e-01
1.438356164383561564e-01
1.459430979978925125e-01
1.390937829293993622e-01
1.364594309799789240e-01
1.412012644889357182e-01
1.401475237091675541e-01
1.377766069546891570e-01
1.417281348788198003e-01
1.448893572181243483e-01
1.369863013698630061e-01
1.383034773445732390e-01
1.351422550052686911e-01
1.322444678609062119e-01
1.348788198103266500e-01
1.348788198103266500e-01
1.404109589041095951e-01
1.356691253951528009e-01
1.351422550052686911e-01
1.348788198103266500e-01
1.309272918861960067e-01
1.298735511064278147e-01
1.306638566912539379e-01
1.306638566912539379e-01
1.338250790305584859e-01
1.385669125395152801e-01
1.306638566912539379e-01
1.306638566912539379e-01
1.322444678609062119e-01
1.304004214963118968e-01
1.275026343519494176e-01
1.290832455216016916e-01
1.282929399367755408e-01
1.246048472075869384e-01
1.240779768177028425e-01
1.219704952581664864e-01
1.235511064278187604e-01
1.243414120126448835e-01
1.217070600632244454e-01
1.232876712328767055e-01
1.235511064278187604e-01
1.188092729188619662e-01
1.219704952581664864e-01
1.164383561643835552e-01
1.206533192834562673e-01
1.246048472075869384e-01
1.188092729188619662e-01
1.224973656480505824e-01
1.151211801896733361e-01
1.195995785036880893e-01
1.140674394099051581e-01
1.143308746048472130e-01
1.159114857744994731e-01
1.161749209694415141e-01
1.135405690200210760e-01
1.103793466807165419e-01
1.127502634351949390e-01
1.148577449947312951e-01
1.059009483667017887e-01
1.111696522655426789e-01
1.119599578503688159e-01
1.095890410958904049e-01
1.056375131717597476e-01
1.093256059009483638e-01
1.074815595363540627e-01
1.053740779768177066e-01
1.061643835616438297e-01
1.053740779768177066e-01
1.109062170706006378e-01
1.087987355110642818e-01
1.032665964172813505e-01
1.011591148577449945e-01
1.035300316122233916e-01
1.040569020021074875e-01
1.006322444678609124e-01
1.022128556375131725e-01
9.984193888303477538e-02
1.022128556375131725e-01
9.510010537407798115e-02
9.984193888303477538e-02
9.957850368809273434e-02
1.016859852476290765e-01
1.008956796628029534e-01
9.720758693361433722e-02
1.030031612223393095e-01
9.905163329820863838e-02
1.011591148577449945e-01
9.299262381454162507e-02
9.957850368809273434e-02
9.615384615384615918e-02
9.562697576396206323e-02
9.088514225500526900e-02
9.483667017913592623e-02
9.457323498419388519e-02
8.877766069546891292e-02
9.062170706006322796e-02
9.272918861959958403e-02
8.825079030558483084e-02
9.483667017913592623e-02
9.193888303477344703e-02
9.088514225500526900e-02
9.062170706006322796e-02
9.193888303477344703e-02
9.299262381454162507e-02
8.904109589041095396e-02
9.720758693361433722e-02
9.483667017913592623e-02
9.536354056902002219e-02
9.035827186512118692e-02
9.878819810326659734e-02
8.851422550052687188e-02
9.378292939936776207e-02
8.508956796628029673e-02
9.325605900948366611e-02
9.694415173867228230e-02
9.220231822971548807e-02
9.984193888303477538e-02
8.324552160168598169e-02
8.561643835616437881e-02
9.299262381454162507e-02
8.877766069546891292e-02
9.246575342465752911e-02
8.587987355110643373e-02
9.009483667017913200e-02
8.904109589041095396e-02
9.035827186512118692e-02
8.614330874604847477e-02
9.589041095890410427e-02
8.614330874604847477e-02
8.693361433087461176e-02
8.429926238145415973e-02
8.403582718651211869e-02
8.746048472075869384e-02
8.825079030558483084e-02
8.983140147523709096e-02
8.508956796628029673e-02
8.798735511064277592e-02
8.403582718651211869e-02
8.561643835616437881e-02
8.825079030558483084e-02
8.298208640674394065e-02
8.561643835616437881e-02
8.904109589041095396e-02
8.956796628029504992e-02
8.746048472075869384e-02
8.587987355110643373e-02
8.298208640674394065e-02
8.640674394099051581e-02
8.587987355110643373e-02
8.219178082191780366e-02
8.403582718651211869e-02
8.298208640674394065e-02
8.298208640674394065e-02
8.561643835616437881e-02
8.219178082191780366e-02
8.561643835616437881e-02
8.535300316122233777e-02
7.824025289778714642e-02
8.192834562697576262e-02
7.876712328767122850e-02
7.639620653319283139e-02
8.008429926238144758e-02
7.771338250790305047e-02
7.481559536354057127e-02
7.903055848261328342e-02
7.955742887249736550e-02
7.613277133825079035e-02
7.639620653319283139e-02
7.955742887249736550e-02
7.718651211801896839e-02
7.692307692307692735e-02
8.324552160168598169e-02
8.271865121180189961e-02
8.113804004214962562e-02
7.797681770284510538e-02
7.850368809272918746e-02
7.718651211801896839e-02
7.428872497365647531e-02
7.718651211801896839e-02
7.507903055848261231e-02
8.008429926238144758e-02
8.087460484720758458e-02
7.613277133825079035e-02
8.140147523709168054e-02
8.166491043203372158e-02
8.166491043203372158e-02
8.324552160168598169e-02
8.403582718651211869e-02
8.350895679662802273e-02
8.166491043203372158e-02
8.061116965226554354e-02
7.771338250790305047e-02
7.744994731296100943e-02
7.850368809272918746e-02
8.192834562697576262e-02
7.850368809272918746e-02
7.086406743940990016e-02
7.376185458377239323e-02
7.586933614330874931e-02
7.560590094836670827e-02
7.692307692307692735e-02
7.586933614330874931e-02
7.534246575342465335e-02
8.140147523709168054e-02
7.297154899894625624e-02
7.613277133825079035e-02
7.718651211801896839e-02
7.376185458377239323e-02
7.007376185458377704e-02
7.428872497365647531e-02
7.349841938883035219e-02
7.218124341412013312e-02
7.323498419388829728e-02
7.560590094836670827e-02
7.270811380400421520e-02
7.191780821917807820e-02
7.323498419388829728e-02
7.139093782929399612e-02
7.112750263435195508e-02
7.481559536354057127e-02
6.638566912539514697e-02
7.244467860906217416e-02
6.691253951527924293e-02
6.717597471022128397e-02
6.691253951527924293e-02
6.743940990516332501e-02
6.770284510010537993e-02
7.060063224446785912e-02
7.086406743940990016e-02
7.455216016859853023e-02
6.902002107481559900e-02
7.086406743940990016e-02
6.902002107481559900e-02
6.796628029504742097e-02
6.822971548998946201e-02
6.902002107481559900e-02
7.191780821917807820e-02
6.770284510010537993e-02
6.612223393045310593e-02
6.928345626975764004e-02
7.165437302423603716e-02
7.165437302423603716e-02
7.297154899894625624e-02
7.560590094836670827e-02
7.033719704952581808e-02
7.402528977871443427e-02
7.428872497365647531e-02
7.139093782929399612e-02
7.033719704952581808e-02
7.560590094836670827e-02
7.349841938883035219e-02
7.507903055848261231e-02
7.323498419388829728e-02
7.033719704952581808e-02
7.007376185458377704e-02
7.060063224446785912e-02
7.165437302423603716e-02
7.191780821917807820e-02
7.323498419388829728e-02
7.534246575342465335e-02
