1.000000000000000000e+00
8.196380895876594908e-01
7.745476119845743357e-01
7.600118659151586797e-01
7.267873034707801327e-01
6.991990507267873411e-01
6.627113616137644270e-01
6.360130525066746143e-01
6.309700385642242892e-01
6.283002076535152414e-01
5.932957579353307365e-01
5.924058142984277575e-01
5.754968851972708244e-01
5.671907445861762431e-01
5.262533372886384342e-01
5.221002669830910881e-01
5.123108869771580975e-01
5.025215069712251070e-01
4.903589439335508948e-01
4.684070008899436366e-01
4.583209730050429864e-01
4.532779590625927169e-01
4.354790863245328048e-01
4.227232275289231622e-01
4.209433402551171488e-01
4.173835657075051775e-01
4.289528329872441259e-01
4.236131711658261412e-01
4.075941857015722425e-01
3.903886087214476497e-01
3.933550875111243017e-01
3.903886087214476497e-01
3.702165529516464049e-01
3.761495105309997089e-01
3.705132008306140645e-01
3.479679620290714870e-01
3.461880747552654736e-01
3.494512014239098407e-01
3.441115396024918560e-01
3.447048353604271753e-01
3.408484129338475443e-01
3.455947789973301543e-01
3.298724414120439152e-01
3.206763571640462995e-01
3.094037377632750108e-01
3.097003856422426704e-01
3.016908929101156933e-01
3.177098783743696475e-01
3.031741323049540471e-01
3.008009492732127144e-01
2.927914565410857373e-01
2.794423019875407754e-01
2.942746959359240355e-01
2.883417383565707315e-01
2.886383862355383911e-01
2.773657668347671579e-01
2.738059922871551310e-01
2.711361613764461387e-01
2.693562741026401808e-01
2.619400771284485230e-01
2.539305843963215459e-01
2.563037674280628786e-01
2.477009789380005822e-01
2.459210916641945965e-01
2.530406407594185669e-01
2.414713734796796185e-01
2.370216552951646405e-01
2.450311480272916176e-01
2.310886977158113365e-01
2.201127261940077073e-01
2.272322752892316777e-01
2.165529516463957360e-01
2.251557401364580324e-01
2.195194304360723880e-01
2.361317116582616338e-01
2.168495995253633957e-01
2.186294867991693813e-01
2.123998813408484176e-01
2.123998813408484176e-01
2.144764164936220630e-01
1.990507267873034836e-01
2.043903886087214405e-01
2.026105013349154549e-01
2.005339661821418096e-01
1.946010086027884778e-01
1.940077128448531585e-01
1.993473746662711432e-01
1.871848116285968477e-01
1.862948679916938688e-01
1.972708395134974702e-01
1.788786710175022110e-01
1.824384455651142101e-01
1.919311776920795132e-01
1.857015722337585217e-01
1.756155443488578993e-01
1.797686146544052177e-01
1.788786710175022110e-01
1.782853752595668917e-01
1.806585582913082244e-01
1.803619104123405648e-01
1.702758825274399423e-01
1.741323049540195733e-01
1.646395728270542980e-01
1.634529813111836316e-01
1.714624740433105810e-01
1.643429249480866106e-01
1.584099673687333065e-01
1.566300800949273209e-01
1.601898546425392922e-01
1.649362207060219576e-01
1.575200237318303276e-01
1.539602491842183285e-01
1.504004746366063572e-01
1.512904182735093361e-01
1.456541085731236917e-01
1.489172352417680312e-01
1.438742212993177061e-01
1.412043903886087137e-01
1.343814891723524307e-01
1.397211509937703877e-01
1.391278552358350684e-01
1.382379115989320617e-01
1.459507564520913792e-01
1.394245031148027281e-01
1.423909819044793801e-01
1.474339958469297052e-01
1.370513200830613953e-01
1.388312073568674088e-01
1.465440522100266985e-01
1.394245031148027281e-01
1.400177988727380474e-01
1.403144467517057348e-01
1.314150103826757510e-01
1.287451794719667864e-01
1.290418273509344460e-01
1.349747849302877500e-01
1.260753485612577940e-01
1.192524473450014832e-01
1.257787006822901343e-01
1.165826164342924909e-01
1.207356867398398093e-01
1.186591515870661501e-01
1.234055176505488016e-01
1.263719964402254536e-01
1.281518837140314393e-01
1.225155740136458088e-01
1.177692079501631572e-01
1.139127855235835124e-01
1.148027291604865052e-01
1.156926727973894981e-01
1.153960249184218384e-01
1.059032927914565353e-01
1.076831800652625348e-01
1.162859685553248312e-01
1.038267576386828900e-01
1.115396024918421797e-01
1.115396024918421797e-01
1.150993770394541649e-01
1.032334618807475568e-01
1.100563630970038537e-01
1.118362503708098532e-01
1.130228418866805057e-01
1.121328982497775129e-01
1.148027291604865052e-01
1.047167012755858828e-01
1.079798279442301945e-01
1.118362503708098532e-01
1.064965885493918685e-01
1.082764758231978680e-01
1.073865321862948613e-01
1.061999406704242088e-01
1.011569267279738976e-01
9.908039157520023843e-02
9.819044793829724560e-02
1.038267576386828900e-01
1.005636309700385644e-01
9.344408187481459405e-02
9.047760308513794203e-02
9.166419460100860839e-02
9.581726490655591288e-02
9.581726490655591288e-02
9.463067339068526040e-02
8.840106793236428284e-02
9.344408187481459405e-02
9.018095520617028238e-02
8.899436369029961602e-02
9.196084247997626804e-02
8.454464550578463800e-02
8.662118065855829718e-02
7.979827944230198644e-02
8.217146247404330528e-02
8.662118065855829718e-02
8.454464550578463800e-02
8.929101156926727567e-02
7.979827944230198644e-02
7.623850489469000125e-02
7.475526549985167524e-02
8.573123702165529048e-02
7.000889943636902368e-02
7.386532186294868241e-02
7.950163156333432679e-02
7.712844853159299408e-02
7.920498368436665326e-02
7.772174428952832725e-02
6.822901216256303802e-02
7.089884307327203039e-02
7.060219519430435686e-02
7.178878671017502322e-02
7.327202610501334923e-02
7.861168792643132008e-02
7.683180065262533442e-02
7.297537822604568958e-02
7.327202610501334923e-02
6.941560367843370438e-02
7.445861762088401559e-02
7.445861762088401559e-02
7.119549095223969004e-02
7.623850489469000125e-02
7.475526549985167524e-02
6.526253337288638601e-02
6.852566004153069767e-02
6.763571640462770485e-02
6.822901216256303802e-02
7.297537822604568958e-02
7.119549095223969004e-02
6.763571640462770485e-02
6.941560367843370438e-02
6.644912488875703849e-02
6.585582913082171919e-02
6.526253337288638601e-02
6.496588549391871248e-02
6.170275882527440081e-02
6.911895579946603085e-02
6.348264609908038647e-02
6.674577276772471202e-02
5.992287155146840821e-02
6.288935034114506717e-02
6.318599822011272682e-02
6.170275882527440081e-02
6.199940670424206740e-02
6.437258973598339318e-02
5.814298427766241562e-02
6.437258973598339318e-02
5.962622367250074162e-02
5.221002669830910464e-02
5.814298427766241562e-02
5.873628003559774879e-02
5.280332245624443782e-02
5.369326609314743065e-02
5.517650548798576360e-02
5.606644912488875643e-02
5.725304064075941585e-02
5.339661821417977100e-02
5.102343518243844522e-02
6.288935034114506717e-02
5.636309700385642302e-02
5.576980124592108984e-02
5.606644912488875643e-02
5.784633639869474903e-02
5.725304064075941585e-02
5.339661821417977100e-02
5.339661821417977100e-02
5.191337881934144499e-02
5.428656185108276383e-02
5.665974488282408961e-02
5.517650548798576360e-02
5.873628003559774879e-02
5.517650548798576360e-02
5.517650548798576360e-02
5.072678730347077863e-02
5.636309700385642302e-02
4.983684366656778580e-02
5.309997033521210441e-02
5.043013942450311204e-02
5.339661821417977100e-02
5.369326609314743065e-02
5.191337881934144499e-02
5.428656185108276383e-02
5.339661821417977100e-02
5.458320973005043042e-02
5.398991397211509724e-02
5.398991397211509724e-02
5.428656185108276383e-02
5.458320973005043042e-02
5.102343518243844522e-02
4.924354790863245263e-02
5.250667457727677123e-02
4.776030851379412662e-02
5.636309700385642302e-02
5.191337881934144499e-02
4.954019578760011921e-02
5.132008306140611181e-02
5.013349154553545239e-02
5.487985760901809701e-02
5.221002669830910464e-02
5.250667457727677123e-02
4.835360427172945980e-02
4.687036487689112685e-02
4.746366063482646003e-02
5.013349154553545239e-02
4.301394245031148200e-02
4.449718184514980801e-02
4.835360427172945980e-02
5.132008306140611181e-02
4.983684366656778580e-02
4.746366063482646003e-02
4.924354790863245263e-02
5.339661821417977100e-02
4.894690002966478604e-02
4.894690002966478604e-02
4.716701275585879344e-02
4.360723820824680824e-02
4.805695639276179321e-02
4.924354790863245263e-02
4.657371699792346720e-02
4.687036487689112685e-02
4.449718184514980801e-02
4.509047760308514119e-02
4.360723820824680824e-02
4.212399881340848223e-02
4.420053396618214142e-02
4.479382972411747460e-02
4.360723820824680824e-02
4.301394245031148200e-02
4.627706911895580061e-02
3.975081578166716340e-02
4.538712548205280084e-02
4.153070305547315599e-02
4.479382972411747460e-02
4.093740729753782281e-02
4.716701275585879344e-02
4.331059032927914859e-02
3.886087214476416363e-02
4.182735093444081564e-02
3.945416790269949681e-02
4.153070305547315599e-02
4.153070305547315599e-02
4.449718184514980801e-02
4.034411153960248964e-02
3.945416790269949681e-02
3.737763274992583762e-02
3.678433699199050444e-02
4.093740729753782281e-02
4.093740729753782281e-02
4.123405517650548940e-02
3.411450608128151901e-02
3.708098487095817103e-02
3.945416790269949681e-02
3.589439335508751161e-02
3.797092850786117080e-02
3.737763274992583762e-02
3.678433699199050444e-02
3.441115396024918560e-02
3.767428062889350421e-02
3.322456244437851924e-02
3.619104123405517820e-02
3.411450608128151901e-02
3.678433699199050444e-02
3.381785820231385242e-02
3.648768911302284479e-02
3.144467517057253358e-02
3.559774547611984502e-02
3.708098487095817103e-02
3.619104123405517820e-02
3.381785820231385242e-02
3.114802729160486353e-02
3.144467517057253358e-02
3.174132304954019324e-02
3.352121032334618583e-02
3.263126668644319300e-02
3.233461880747552641e-02
3.470780183921685219e-02
2.966478789676653752e-02
3.352121032334618583e-02
3.233461880747552641e-02
3.470780183921685219e-02
3.470780183921685219e-02
3.174132304954019324e-02
3.174132304954019324e-02
3.470780183921685219e-02
2.907149213883120781e-02
3.203797092850785982e-02
3.025808365470186723e-02
2.996143577573420411e-02
3.085137941263720041e-02
3.470780183921685219e-02
2.996143577573420411e-02
2.818154850192821151e-02
3.114802729160486353e-02
2.788490062296054492e-02
2.936814001779887440e-02
3.233461880747552641e-02
2.729160486502521521e-02
2.758825274399288180e-02
3.174132304954019324e-02
3.203797092850785982e-02
2.818154850192821151e-02
3.144467517057253358e-02
3.085137941263720041e-02
3.233461880747552641e-02
2.818154850192821151e-02
