1.000000000000000000e+00
9.110417479516191852e-01
8.911431915723760921e-01
8.876316816230979123e-01
8.728053062817011654e-01
8.626609442060085842e-01
8.534920015606710653e-01
8.550526726492391205e-01
8.456886461178306780e-01
8.482247366367537955e-01
8.257900897385875849e-01
8.156457276628950037e-01
8.353492001560670621e-01
8.197424892703862875e-01
8.144752243464690178e-01
8.090128755364807134e-01
8.033554428404213743e-01
8.041357783847054019e-01
7.781896215372610115e-01
7.832618025751072466e-01
7.906749902458056756e-01
7.836519703472493159e-01
7.801404603979711361e-01
7.682403433476394650e-01
7.721420210690597141e-01
7.774092859929769839e-01
7.645337495122902505e-01
7.424892703862661092e-01
7.594615684744440154e-01
7.380023410066328671e-01
7.344908310573546872e-01
7.434646898166211715e-01
7.372220054623488394e-01
7.342957471712836526e-01
7.422941865001950745e-01
7.134217713616854972e-01
7.044479126024190130e-01
7.198595396020288639e-01
7.171283651970347117e-01
7.038626609442060200e-01
7.044479126024190130e-01
7.079594225516971928e-01
7.077643386656262692e-01
7.023019898556379648e-01
6.974248927038626533e-01
6.880608661724542108e-01
6.868903628560281138e-01
6.798673429574717542e-01
6.636753804135778756e-01
6.755754974639094357e-01
6.706984003121342353e-01
6.691377292235661800e-01
6.628950448692938480e-01
6.673819742489270901e-01
6.572376121732345089e-01
6.619196254389387857e-01
6.693328131096371036e-01
6.470932500975419277e-01
6.500195083886071146e-01
6.467030823253999694e-01
6.396800624268434987e-01
6.441669918064767408e-01
6.390948107686305057e-01
6.349980491611393330e-01
6.410456496293406303e-01
6.394849785407725751e-01
6.248536870854467518e-01
6.242684354272337588e-01
6.424112368318376509e-01
6.205618415918845443e-01
6.346078813889972636e-01
6.258291065158018140e-01
6.328521264143581737e-01
6.113928989465470254e-01
6.100273117440498938e-01
6.010534529847834095e-01
6.076863051111978109e-01
5.985173624658602920e-01
6.004682013265704166e-01
6.006632852126414512e-01
6.028092079594224995e-01
6.012485368708544442e-01
5.928599297698010639e-01
6.031993757315645688e-01
5.916894264533749670e-01
5.916894264533749670e-01
5.848614904408895310e-01
5.817401482637534205e-01
5.815450643776823858e-01
5.710105345298478463e-01
5.684744440109247288e-01
5.739367928209130332e-01
5.797893094030432959e-01
5.673039406944986318e-01
5.708154506437768116e-01
5.739367928209130332e-01
5.626219274287943550e-01
5.768630511119781090e-01
5.608661724541552651e-01
5.641825985173625213e-01
5.604760046820133068e-01
5.610612563402262998e-01
5.516972298088177462e-01
5.600858369098712375e-01
5.573546625048770853e-01
5.513070620366757879e-01
5.507218103784626839e-01
5.472103004291845041e-01
5.491611392898946287e-01
5.399921966445571098e-01
5.515021459227468226e-01
5.421381193913382690e-01
5.399921966445571098e-01
5.355052672649238676e-01
5.360905189231369716e-01
5.263363246195864598e-01
5.341396800624268471e-01
5.327740928599297154e-01
5.230198985563792036e-01
5.277019118220834804e-01
5.278969957081545150e-01
5.267264923917284181e-01
5.179477175185329685e-01
5.234100663285212729e-01
5.105345298478345395e-01
5.126804525946156987e-01
5.103394459617635048e-01
5.136558720249707610e-01
5.146312914553258233e-01
5.113148653921185671e-01
5.089738587592664842e-01
5.031213421771362215e-01
5.019508388607101246e-01
5.013655872024970206e-01
4.927818962153726057e-01
5.081935232149824566e-01
5.027311744049941522e-01
5.017557549746390899e-01
5.060476004682012974e-01
4.923917284432305919e-01
4.892703862660944258e-01
4.838080374561061214e-01
4.873195474053843013e-01
4.867342957471713083e-01
4.799063597346859278e-01
4.955130706203667579e-01
4.894654701521654050e-01
4.908310573546624811e-01
4.847834568864611837e-01
4.824424502536090453e-01
4.693718298868513328e-01
4.791260241904019002e-01
4.789309403043308655e-01
4.726882559500585335e-01
4.756145142411236648e-01
4.797112758486148931e-01
4.726882559500585335e-01
4.707374170893484089e-01
4.783456886461178170e-01
4.662504877097151668e-01
4.662504877097151668e-01
4.644947327350760768e-01
4.672259071400702291e-01
4.617635583300819246e-01
4.619586422161529593e-01
4.705423332032774297e-01
4.641045649629340630e-01
4.652750682793601045e-01
4.535700351150994680e-01
4.504486929379633020e-01
4.516191962543893990e-01
4.502536090518923229e-01
4.607881388997268624e-01
4.623488099882949731e-01
4.549356223175965441e-01
4.551307062036675788e-01
4.494732735076082952e-01
4.483027701911821983e-01
4.469371829886851222e-01
4.418650019508388871e-01
4.492781896215372606e-01
4.447912602419040184e-01
4.389387436597737002e-01
4.410846664065548040e-01
4.408895825204838248e-01
4.293796332422941675e-01
4.510339445961763505e-01
4.278189621537261123e-01
4.344518142801404581e-01
4.371829886851346103e-01
4.252828716348029392e-01
4.243074522044479324e-01
4.325009754194303335e-01
4.332813109637144167e-01
4.274287943815840984e-01
4.323058915333593544e-01
4.317206398751463059e-01
4.315255559890753267e-01
4.250877877487319600e-01
4.172844323058915172e-01
4.172844323058915172e-01
4.245025360905189116e-01
4.305501365587202645e-01
4.246976199765899462e-01
4.206008583690987179e-01
4.231369488880218355e-01
4.250877877487319600e-01
4.215762777994537802e-01
4.209910261412407317e-01
4.219664455715957940e-01
4.147483417869683997e-01
4.176746000780335311e-01
4.219664455715957940e-01
4.046039797112758740e-01
4.073351541162699707e-01
4.151385095591104135e-01
4.161139289894654758e-01
4.005072181037846457e-01
4.131876706984002889e-01
4.047990635973468532e-01
4.085056574326960677e-01
4.055793991416308808e-01
4.001170503316426319e-01
3.936792820912992652e-01
3.997268825595005626e-01
3.993367147873585488e-01
3.995317986734295834e-01
3.979711275848614727e-01
4.071400702301989916e-01
3.971907920405774450e-01
4.077253218884120400e-01
4.026531408505657494e-01
3.999219664455715972e-01
3.940694498634412790e-01
3.913382754584471268e-01
4.044088958252048394e-01
3.921186110027311544e-01
3.979711275848614727e-01
3.891923527116660231e-01
3.796332422941864904e-01
3.907530238002340783e-01
3.934841982052282305e-01
3.886071010534529746e-01
3.905579399141630992e-01
4.049941474834178878e-01
3.852906749902458294e-01
3.872415138509558985e-01
3.872415138509558985e-01
3.786578228638314281e-01
3.796332422941864904e-01
3.856808427623878432e-01
3.852906749902458294e-01
3.825595005852516772e-01
3.792430745220444765e-01
3.774873195474053866e-01
3.809988294966835665e-01
3.829496683573936910e-01
3.788529067499024627e-01
3.761217323449083105e-01
3.772922356613343520e-01
3.780725712056184351e-01
3.659773702692157848e-01
3.792430745220444765e-01
3.767069840031213590e-01
3.737807257120561721e-01
3.702692157627779923e-01
3.679282091299258539e-01
3.642216152945766949e-01
3.673429574717128610e-01
3.780725712056184351e-01
3.655872024970737155e-01
3.650019508388607226e-01
3.630511119781505980e-01
3.739758095981272068e-01
3.708544674209910408e-01
3.659773702692157848e-01
3.679282091299258539e-01
3.648068669527896879e-01
3.675380413577838401e-01
3.509559110417479477e-01
3.564182598517362521e-01
3.581740148263753420e-01
3.708544674209910408e-01
3.579789309403043074e-01
3.607101053452984596e-01
3.638314475224346256e-01
3.538821693328131346e-01
3.571985953960202798e-01
3.540772532188841137e-01
3.587592664845883905e-01
3.495903238392508716e-01
3.523214982442450238e-01
3.490050721810378231e-01
3.513460788138899615e-01
3.521264143581739892e-01
3.466640655481857403e-01
3.499804916113928854e-01
3.513460788138899615e-01
3.468591494342567194e-01
3.415918845103394497e-01
3.462738977760437264e-01
3.410066328521264012e-01
3.484198205228248302e-01
3.451033944596176295e-01
3.431525555989075049e-01
3.513460788138899615e-01
3.454935622317596433e-01
3.466640655481857403e-01
3.376902067889192560e-01
3.380803745610612698e-01
3.490050721810378231e-01
3.326180257510729654e-01
3.394459617635583459e-01
3.394459617635583459e-01
3.472493172063987332e-01
3.449083105735466503e-01
3.388607101053452975e-01
3.456886461178306780e-01
3.492001560671088578e-01
3.373000390167771867e-01
3.458837300039016571e-01
3.412017167381974359e-01
3.363246195864221799e-01
3.308622707764338755e-01
3.394459617635583459e-01
3.433476394849785396e-01
3.373000390167771867e-01
3.345688646117830900e-01
3.380803745610612698e-01
3.320327740928599169e-01
3.378852906749902352e-01
3.390557939914163321e-01
3.328131096371439446e-01
3.353492001560671176e-01
3.339836129535700415e-01
3.224736636753804397e-01
3.265704252828716125e-01
3.355442840421380968e-01
3.267655091689426472e-01
3.337885290674990069e-01
3.216933281310963566e-01
3.345688646117830900e-01
3.273507608271556957e-01
3.304721030042918617e-01
3.248146703082325226e-01
3.250097541943035573e-01
3.242294186500195297e-01
3.226687475614514189e-01
3.255950058525166058e-01
3.271556769410846610e-01
3.386656262192742628e-01
3.248146703082325226e-01
3.222785797893094051e-01
3.134998049161139555e-01
3.246195864221615435e-01
3.211080764728833636e-01
3.216933281310963566e-01
3.203277409285992805e-01
3.255950058525166058e-01
3.244245025360905088e-01
3.261802575107295987e-01
3.201326570425283013e-01
3.226687475614514189e-01
3.224736636753804397e-01
3.226687475614514189e-01
3.240343347639484950e-01
3.195474053843152529e-01
3.199375731564572667e-01
3.281310963714397233e-01
3.168162309793211007e-01
3.142801404603979831e-01
3.164260632071790869e-01
3.179867342957471976e-01
3.226687475614514189e-01
3.242294186500195297e-01
3.213031603589543428e-01
3.222785797893094051e-01
3.191572376121732391e-01
3.168162309793211007e-01
3.213031603589543428e-01
3.259851736246586196e-01
3.174014826375341491e-01
3.129145532579009070e-01
3.181818181818181768e-01
3.125243854857588932e-01
3.080374561061256511e-01
3.172063987514631145e-01
3.174014826375341491e-01
3.218884120171673913e-01
3.111587982832618171e-01
3.140850565743269485e-01
3.125243854857588932e-01
3.164260632071790869e-01
3.142801404603979831e-01
3.111587982832618171e-01
3.107686305111198033e-01
3.008193523214982568e-01
3.078423722200546164e-01
3.092079594225516925e-01
3.111587982832618171e-01
3.097932110807647410e-01
