1.000000000000000000e+00
8.430353430353429989e-01
8.097713097713097330e-01
7.728690228690228148e-01
7.494802494802494941e-01
7.046084546084545597e-01
6.975051975051974607e-01
6.735966735966736341e-01
6.507276507276507083e-01
6.361746361746362100e-01
6.235273735273735296e-01
6.088011088011088257e-01
5.935550935550935048e-01
5.753638253638253541e-01
5.694733194733194726e-01
5.621968121968121679e-01
5.438322938322938116e-01
5.379417879417879300e-01
5.401940401940401593e-01
5.275467775467775899e-01
5.152460152460152099e-01
5.062370062370061818e-01
4.970547470547470592e-01
4.980942480942480710e-01
4.975744975744975651e-01
4.641372141372141491e-01
4.634442134442134376e-01
4.556479556479556270e-01
4.537422037422037535e-01
4.417879417879417847e-01
4.371101871101871206e-01
4.345114345114345356e-01
4.281011781011780926e-01
4.260221760221760134e-01
4.132016632016631830e-01
4.178794178794179026e-01
4.126819126819126771e-01
4.085239085239085188e-01
3.908523908523908741e-01
3.974358974358974117e-01
3.908523908523908741e-01
3.808038808038807788e-01
3.717948717948718063e-01
3.685031185031185097e-01
3.629591129591129839e-01
3.646916146916147072e-01
3.527373527373527384e-01
3.423423423423423428e-01
3.296950796950797180e-01
3.361053361053361055e-01
3.270963270963270775e-01
3.205128205128205399e-01
3.170478170478170377e-01
3.198198198198198283e-01
3.215523215523215517e-01
3.139293139293139467e-01
3.042273042273042072e-01
3.085585585585585711e-01
3.049203049203049187e-01
2.988565488565488315e-01
2.929660429660429499e-01
2.927927927927927998e-01
2.889812889812889973e-01
2.874220374220374241e-01
2.726957726957727202e-01
2.855162855162854951e-01
2.768537768537768784e-01
2.803187803187803251e-01
2.718295218295218030e-01
2.707900207900207912e-01
2.638600138600138423e-01
2.694040194040194236e-01
2.598752598752598897e-01
2.664587664587664828e-01
2.609147609147609015e-01
2.541580041580041582e-01
2.430699930699930789e-01
2.430699930699930789e-01
2.456687456687456639e-01
2.370062370062370194e-01
2.312889812889812879e-01
2.363132363132363079e-01
2.364864864864864857e-01
2.409909909909909997e-01
2.295564795564795646e-01
2.364864864864864857e-01
2.253984753984754064e-01
2.281704781704781693e-01
2.210672210672210702e-01
2.186417186417186354e-01
2.224532224532224656e-01
2.160429660429660503e-01
2.141372141372141491e-01
2.122314622314622201e-01
2.143104643104642992e-01
2.061677061677061606e-01
2.047817047817047931e-01
2.103257103257103189e-01
2.021829521829521803e-01
2.002772002772002791e-01
1.902286902286902393e-01
1.950796950796950813e-01
1.959459459459459429e-01
1.936936936936936859e-01
1.942134442134442196e-01
1.858974358974359031e-01
1.886694386694386660e-01
1.871101871101871206e-01
1.867636867636867648e-01
1.860706860706860810e-01
1.841649341649341520e-01
1.845114345114345078e-01
1.871101871101871206e-01
1.819126819126819228e-01
1.793139293139293100e-01
1.725571725571725668e-01
1.765419265419265471e-01
1.713444213444213493e-01
1.730769230769230727e-01
1.763686763686763692e-01
1.763686763686763692e-01
1.637214137214137166e-01
1.687456687456687365e-01
1.692654192654192702e-01
1.709979209979209935e-01
1.618156618156618154e-01
1.623354123354123490e-01
1.621621621621621712e-01
1.606029106029105979e-01
1.600831600831600920e-01
1.593901593901593805e-01
1.567914067914067955e-01
1.585239085239085188e-01
1.526334026334026372e-01
1.600831600831600920e-01
1.521136521136521036e-01
1.512474012474012419e-01
1.505544005544005581e-01
1.476091476091476173e-01
1.448371448371448267e-01
1.463963963963963999e-01
1.476091476091476173e-01
1.415453915453915579e-01
1.399861399861399847e-01
1.399861399861399847e-01
1.372141372141372218e-01
1.328828828828828856e-01
1.327096327096327077e-01
1.353083853083853205e-01
1.344421344421344311e-01
1.327096327096327077e-01
1.370408870408870439e-01
1.316701316701316682e-01
1.301108801108801227e-01
1.294178794178794112e-01
1.301108801108801227e-01
1.309771309771309844e-01
1.299376299376299448e-01
1.301108801108801227e-01
1.295911295911295891e-01
1.299376299376299448e-01
1.288981288981289053e-01
1.325363825363825299e-01
1.280318780318780436e-01
1.287248787248787274e-01
1.233541233541233517e-01
1.238738738738738715e-01
1.328828828828828856e-01
1.275121275121275100e-01
1.252598752598752530e-01
1.188496188496188516e-01
1.212751212751212726e-01
1.207553707553707528e-01
1.216216216216216284e-01
1.216216216216216284e-01
1.197158697158697133e-01
1.214483714483714505e-01
1.209286209286209307e-01
1.145183645183645155e-01
1.129591129591129561e-01
1.164241164241164306e-01
1.133056133056133119e-01
1.165973665973665946e-01
1.162508662508662527e-01
1.108801108801108770e-01
1.117463617463617526e-01
1.084546084546084560e-01
1.068953568953568967e-01
1.091476091476091537e-01
1.082813582813582781e-01
1.067221067221067188e-01
1.068953568953568967e-01
1.046431046431046397e-01
1.044698544698544757e-01
1.018711018711018768e-01
1.113998613998613968e-01
1.081081081081081141e-01
1.086278586278586339e-01
1.036036036036036001e-01
1.053361053361053373e-01
1.113998613998613968e-01
1.041233541233541199e-01
1.056826056826056792e-01
1.093208593208593177e-01
1.096673596673596734e-01
1.048163548163548175e-01
1.053361053361053373e-01
1.042966042966042978e-01
1.058558558558558571e-01
1.029106029106029163e-01
9.944559944559944187e-02
1.010048510048510012e-01
9.788634788634788253e-02
9.372834372834372429e-02
9.805959805959806042e-02
9.650034650034650108e-02
9.650034650034650108e-02
9.719334719334719874e-02
9.459459459459459985e-02
9.112959112959112540e-02
9.216909216909216496e-02
8.558558558558558571e-02
8.974358974358974395e-02
9.095634095634096139e-02
8.991683991683992183e-02
9.372834372834372429e-02
9.303534303534304051e-02
8.957033957033956606e-02
8.818433818433818461e-02
8.905058905058904628e-02
8.835758835758836249e-02
8.679833679833680316e-02
8.818433818433818461e-02
8.645183645183644738e-02
8.575883575883576360e-02
8.645183645183644738e-02
8.385308385308384849e-02
7.813582813582813091e-02
8.316008316008316470e-02
7.848232848232848669e-02
8.437283437283436827e-02
8.853083853083852650e-02
7.744282744282744713e-02
7.934857934857934836e-02
8.194733194733194726e-02
8.523908523908524382e-02
8.056133056133056580e-02
7.796257796257796691e-02
7.674982674982674946e-02
8.090783090783090770e-02
7.709632709632709135e-02
7.813582813582813091e-02
8.160083160083160536e-02
7.986832986832986814e-02
7.519057519057519012e-02
7.692307692307692735e-02
7.571032571032570990e-02
7.588357588357588779e-02
7.900207900207900646e-02
7.778932778932778902e-02
7.969507969507969025e-02
7.380457380457380867e-02
7.432432432432432845e-02
7.415107415107415056e-02
7.241857241857241334e-02
7.449757449757449246e-02
6.947331947331947255e-02
7.224532224532224933e-02
7.120582120582120977e-02
7.120582120582120977e-02
7.449757449757449246e-02
7.068607068607068999e-02
6.930006930006929466e-02
7.016632016632017022e-02
6.739431739431739343e-02
6.531531531531531432e-02
7.207207207207207145e-02
7.241857241857241334e-02
6.860706860706861088e-02
6.687456687456687365e-02
7.293832293832293312e-02
6.930006930006929466e-02
6.670131670131669577e-02
6.531531531531531432e-02
6.479556479556479454e-02
6.808731808731809110e-02
6.462231462231461665e-02
6.687456687456687365e-02
6.548856548856549220e-02
6.843381843381843299e-02
6.895356895356895277e-02
7.016632016632017022e-02
6.964656964656965044e-02
6.496881496881497242e-02
6.670131670131669577e-02
7.016632016632017022e-02
6.635481635481635387e-02
6.410256410256409687e-02
6.306306306306305731e-02
6.271656271656271542e-02
6.496881496881497242e-02
6.271656271656271542e-02
6.462231462231461665e-02
6.392931392931393286e-02
6.531531531531531432e-02
6.427581427581427476e-02
6.479556479556479454e-02
6.271656271656271542e-02
6.444906444906445264e-02
6.254331254331253753e-02
6.185031185031185375e-02
6.202356202356202469e-02
6.011781011781011652e-02
6.011781011781011652e-02
5.907830907830907696e-02
5.613305613305613617e-02
6.288981288981289330e-02
5.855855855855855718e-02
5.994455994455994557e-02
5.647955647955647807e-02
5.873180873180873507e-02
5.734580734580734668e-02
5.925155925155925485e-02
5.751905751905751762e-02
5.994455994455994557e-02
6.288981288981289330e-02
5.838530838530838624e-02
5.734580734580734668e-02
5.994455994455994557e-02
5.613305613305613617e-02
5.353430353430353728e-02
5.318780318780318844e-02
5.266805266805266866e-02
5.370755370755370822e-02
5.509355509355509661e-02
5.838530838530838624e-02
5.751905751905751762e-02
5.561330561330561639e-02
5.076230076230076049e-02
5.370755370755370822e-02
4.954954954954954999e-02
5.232155232155231983e-02
5.180180180180180005e-02
5.232155232155231983e-02
4.954954954954954999e-02
5.353430353430353728e-02
5.128205128205128027e-02
5.336105336105335939e-02
4.920304920304920115e-02
5.128205128205128027e-02
5.093555093555093838e-02
5.058905058905058955e-02
5.180180180180180005e-02
4.989604989604989882e-02
4.954954954954954999e-02
5.214830214830214888e-02
5.110880110880110933e-02
5.145530145530145816e-02
4.799029799029799065e-02
4.989604989604989882e-02
4.989604989604989882e-02
5.214830214830214888e-02
5.249480249480249772e-02
4.851004851004851043e-02
5.110880110880110933e-02
5.076230076230076049e-02
5.076230076230076049e-02
4.989604989604989882e-02
4.851004851004851043e-02
5.284130284130283961e-02
5.145530145530145816e-02
4.902979902979903021e-02
4.747054747054747087e-02
5.232155232155231983e-02
4.989604989604989882e-02
4.764379764379764182e-02
4.487179487179487197e-02
4.764379764379764182e-02
4.851004851004851043e-02
4.435204435204435219e-02
4.521829521829522081e-02
4.833679833679833948e-02
4.469854469854470103e-02
4.296604296604296380e-02
4.573804573804574058e-02
4.729729729729729992e-02
4.643104643104643131e-02
4.504504504504504292e-02
4.521829521829522081e-02
4.573804573804574058e-02
4.608454608454608248e-02
4.799029799029799065e-02
4.747054747054747087e-02
4.539154539154539175e-02
4.331254331254331263e-02
4.452529452529452314e-02
4.227304227304227308e-02
4.348579348579348358e-02
4.643104643104643131e-02
4.175329175329175330e-02
4.244629244629244402e-02
