1.000000000000000000e+00
8.975903614457830804e-01
9.017608897126969669e-01
8.934198331788693048e-01
8.772011121408711531e-01
8.660797034291010110e-01
8.577386468952733489e-01
8.225208526413345655e-01
8.568118628359592259e-01
8.095458758109360664e-01
8.151065801668211375e-01
8.202038924930491470e-01
7.988878591288229858e-01
7.831325301204818956e-01
7.914735866543095577e-01
7.622798887859129069e-01
7.618164967562558454e-01
7.493049119555144078e-01
7.599629286376273773e-01
7.632066728452270299e-01
7.446709916589434597e-01
7.502316960148285307e-01
7.335495829471733176e-01
7.335495829471733176e-01
7.228915662650602370e-01
7.126969416126042178e-01
7.029657089898053712e-01
7.136237256719184519e-01
7.094531974050046763e-01
7.015755329008340757e-01
6.904541241890639336e-01
6.974050046339203002e-01
6.964782205746060662e-01
6.978683966635773617e-01
6.918443002780352291e-01
6.876737720111214536e-01
6.821130676552363825e-01
6.589434661723818643e-01
6.700648748841520064e-01
6.677479147358665879e-01
6.533827618164967932e-01
6.445783132530120696e-01
6.677479147358665879e-01
6.506024096385542022e-01
6.733086190917516589e-01
6.404077849860982941e-01
6.297497683039852134e-01
6.450417052826691311e-01
6.408711770157553556e-01
6.098239110287303477e-01
6.172381835032437758e-01
6.214087117701575513e-01
6.163113994439295418e-01
6.190917516218721328e-01
5.926784059314179620e-01
6.075069508804448182e-01
6.107506950880444707e-01
6.042632066728452767e-01
6.093605189990731752e-01
6.042632066728452767e-01
5.991658943466172671e-01
5.880444856348471250e-01
5.996292863762743286e-01
5.801668211306765244e-01
5.931417979610750235e-01
5.727525486561630963e-01
5.926784059314179620e-01
6.024096385542169196e-01
5.773864689527340444e-01
5.750695088044485148e-01
5.815569972196478199e-01
5.852641334569045339e-01
5.810936051899907584e-01
5.699721964782206163e-01
5.597775718257645972e-01
5.542168674698795261e-01
5.518999073215941076e-01
5.644114921223355452e-01
5.546802594995365876e-01
5.574606116774791786e-01
5.537534754402224646e-01
5.551436515291936491e-01
5.430954587581093840e-01
5.361445783132530174e-01
5.324374420759963034e-01
5.324374420759963034e-01
5.148285449490268562e-01
5.227062094531974568e-01
5.231696014828545183e-01
5.329008341056533649e-01
5.301204819277108848e-01
5.162187210379981517e-01
5.319740500463392419e-01
5.222428174235402842e-01
5.157553290083410902e-01
5.185356811862835702e-01
5.106580166821130806e-01
5.152919369786839177e-01
5.083410565338276621e-01
5.148285449490268562e-01
5.176088971269694472e-01
5.074142724745134281e-01
5.208526413345690997e-01
5.115848007414272036e-01
4.925857275254865719e-01
4.823911028730306083e-01
4.745134383688600632e-01
4.916589434661723934e-01
4.694161260426320537e-01
4.800741427247451343e-01
4.689527340129749922e-01
4.879518072289156794e-01
4.962928637627432860e-01
4.749768303985171247e-01
4.828544949026876698e-01
4.647822057460611611e-01
4.851714550509731438e-01
4.675625579240036966e-01
4.666357738646895181e-01
4.531974050046339020e-01
4.411492122335495814e-01
4.411492122335495814e-01
4.601482854494902686e-01
4.615384615384615641e-01
4.518072289156626620e-01
4.406858202038925199e-01
4.522706209453197235e-01
4.550509731232622590e-01
4.425393883225208769e-01
4.430027803521779384e-01
4.439295644114921169e-01
4.416126042632066984e-01
4.494902687673771879e-01
4.582947173308619115e-01
4.443929564411492339e-01
4.360518999073215718e-01
4.332715477293790363e-01
4.170528266913808846e-01
4.193697868396663586e-01
4.184430027803521801e-01
4.476367006487488309e-01
4.230769230769230727e-01
4.360518999073215718e-01
4.258572752548656082e-01
4.328081556997219748e-01
4.411492122335495814e-01
4.133456904541241705e-01
4.138090824837812876e-01
4.087117701575532780e-01
4.124189063948099920e-01
4.026876737720111454e-01
3.920296570898980648e-01
4.249304911955514297e-01
4.017608897126969669e-01
4.105653382761816350e-01
4.091751621872103950e-01
4.017608897126969669e-01
4.054680259499536810e-01
4.263206672845227252e-01
4.012974976830398499e-01
4.008341056533827884e-01
3.975903614457831359e-01
4.003707136237256714e-01
3.873957367933271723e-01
3.957367933271547789e-01
4.161260426320667061e-01
4.054680259499536810e-01
4.026876737720111454e-01
3.901760889712697078e-01
3.934198331788693048e-01
3.934198331788693048e-01
3.804448563484708057e-01
3.841519925857275197e-01
3.734939759036144391e-01
3.957367933271547789e-01
3.860055607043558767e-01
3.873957367933271723e-01
3.711770157553290206e-01
3.702502316960148421e-01
3.702502316960148421e-01
3.762743280815569746e-01
3.693234476367006636e-01
3.804448563484708057e-01
3.753475440222427961e-01
3.809082483781279227e-01
3.730305838739573776e-01
3.799814643188136887e-01
3.860055607043558767e-01
3.637627432808155925e-01
3.614457831325301185e-01
3.730305838739573776e-01
3.656163113994439495e-01
3.702502316960148421e-01
3.609823911028730570e-01
3.577386468952734044e-01
3.600556070435588785e-01
3.540315106580166904e-01
3.558850787766450474e-01
3.591288229842446444e-01
3.582020389249304659e-01
3.734939759036144391e-01
3.433734939759036098e-01
3.438368860055607268e-01
3.466172381835032623e-01
3.563484708063021089e-01
3.568118628359592259e-01
3.600556070435588785e-01
3.507877664504170379e-01
3.410565338276181913e-01
3.475440222428174408e-01
3.563484708063021089e-01
3.470806302131603238e-01
3.443002780352177883e-01
3.401297497683040127e-01
3.387395736793327172e-01
3.503243744207599764e-01
3.392029657089897787e-01
3.424467099165894313e-01
3.364226135310472432e-01
3.392029657089897787e-01
3.475440222428174408e-01
3.378127896200185387e-01
3.368860055607043602e-01
3.327154772937905292e-01
3.336422613531047077e-01
3.285449490268767536e-01
3.137164040778498419e-01
3.303985171455051106e-01
3.211306765523633255e-01
3.396663577386468957e-01
3.294717330861909321e-01
3.248378127896200396e-01
3.317886932344763506e-01
3.364226135310472432e-01
3.262279888785912796e-01
3.206672845227062085e-01
3.178869323447636730e-01
3.280815569972196366e-01
3.169601482854494945e-01
3.280815569972196366e-01
3.229842446709916826e-01
3.025949953660796998e-01
3.104726598702502449e-01
3.058387395736793524e-01
3.063021316033364139e-01
3.141797961075069590e-01
3.202038924930491470e-01
3.053753475440222354e-01
2.919369786839666192e-01
3.063021316033364139e-01
3.100092678405931279e-01
3.021316033364226383e-01
3.016682113067655213e-01
3.025949953660796998e-01
3.063021316033364139e-01
3.002780352177942813e-01
3.030583873957368168e-01
3.030583873957368168e-01
3.067655236329935309e-01
3.063021316033364139e-01
3.076923076923077094e-01
2.900834105653382622e-01
3.016682113067655213e-01
3.021316033364226383e-01
3.086190917516218879e-01
3.039851714550509953e-01
2.974976830398516903e-01
2.896200185356812007e-01
2.886932344763670222e-01
2.919369786839666192e-01
2.882298424467099052e-01
2.734012974976830490e-01
2.933271547729379147e-01
2.877664504170528437e-01
2.914735866543095577e-01
3.035217794253938783e-01
2.905468025949953792e-01
2.928637627432807977e-01
2.905468025949953792e-01
2.961075069508804503e-01
2.970342910101946288e-01
3.030583873957368168e-01
2.771084337349397630e-01
2.831325301204819511e-01
2.951807228915662717e-01
2.891566265060240837e-01
2.877664504170528437e-01
2.794253938832251816e-01
2.812789620018535941e-01
2.979610750695088073e-01
2.798887859128822986e-01
2.775718257645968245e-01
2.780352177942539416e-01
2.734012974976830490e-01
2.780352177942539416e-01
2.794253938832251816e-01
2.882298424467099052e-01
2.650602409638554424e-01
2.720111214087117535e-01
2.720111214087117535e-01
2.738646895273401105e-01
2.761816496756255845e-01
2.826691380908248341e-01
2.669138090824837994e-01
2.650602409638554424e-01
2.710843373493975750e-01
2.678405931417979779e-01
2.618164967562557899e-01
2.608897126969416114e-01
2.557924003707136018e-01
2.497683039851714415e-01
2.613531047265987284e-01
2.553290083410565403e-01
2.590361445783132543e-01
2.534754402224281833e-01
2.557924003707136018e-01
2.488415199258572630e-01
2.618164967562557899e-01
2.557924003707136018e-01
2.710843373493975750e-01
2.534754402224281833e-01
2.553290083410565403e-01
2.557924003707136018e-01
2.659870250231696209e-01
2.488415199258572630e-01
2.488415199258572630e-01
2.428174235403151027e-01
2.659870250231696209e-01
2.539388322520852448e-01
2.511584800741427093e-01
2.664504170528266824e-01
2.594995366079703158e-01
2.599629286376274329e-01
2.525486561631140048e-01
2.474513438368859952e-01
2.544022242817423618e-01
2.493049119555143522e-01
2.479147358665430845e-01
2.608897126969416114e-01
2.479147358665430845e-01
2.581093605189990758e-01
2.474513438368859952e-01
2.506950880444856478e-01
2.497683039851714415e-01
2.340129749768304068e-01
2.479147358665430845e-01
2.414272474513438349e-01
2.423540315106580134e-01
2.321594068582020498e-01
2.344763670064874961e-01
2.284522706209453080e-01
2.474513438368859952e-01
2.460611677479147275e-01
2.228915662650602370e-01
2.312326227988878713e-01
2.293790546802594865e-01
2.265987025023169510e-01
2.270620945319740402e-01
2.113067655236330056e-01
2.228915662650602370e-01
2.279888785912882188e-01
2.293790546802594865e-01
2.321594068582020498e-01
2.442075996292863704e-01
2.228915662650602370e-01
2.196478220574606122e-01
2.173308619091751659e-01
2.275254865616311295e-01
2.298424467099165758e-01
2.224281742354031477e-01
2.321594068582020498e-01
2.307692307692307820e-01
2.367933271547729424e-01
2.261353104726598617e-01
2.270620945319740402e-01
2.247451343836885940e-01
2.247451343836885940e-01
2.340129749768304068e-01
2.330861909175162283e-01
2.386468952734012994e-01
2.349397590361445853e-01
2.252085264133456832e-01
2.215013901760889692e-01
2.159406858202038981e-01
2.177942539388322551e-01
2.275254865616311295e-01
2.122335495829471841e-01
2.215013901760889692e-01
2.210379981464318799e-01
2.201112140871177014e-01
2.377201112140871209e-01
2.164040778498609874e-01
2.330861909175162283e-01
2.233549582947173262e-01
2.242817423540315047e-01
2.168674698795180766e-01
2.252085264133456832e-01
2.242817423540315047e-01
2.177942539388322551e-01
2.298424467099165758e-01
2.075996292863762638e-01
