1.000000000000000000e+00
9.126008451786400411e-01
8.864771417595083136e-01
8.661160199769496471e-01
8.346139070303495444e-01
8.278908951210142142e-01
8.167499039569727781e-01
8.013830195927775790e-01
8.000384172109105130e-01
7.862082212831348338e-01
7.689204763734153181e-01
7.612370341913177185e-01
7.675758739915482520e-01
7.583557433730311326e-01
7.431809450633883873e-01
7.333845562812140173e-01
7.426046868997310257e-01
7.437572032270457489e-01
7.205147906262004964e-01
7.118709181713407386e-01
6.959277756434882889e-01
6.895889358432577554e-01
6.886285055704955971e-01
6.844026123703419451e-01
6.678832116788321338e-01
6.596235113330771727e-01
6.452170572416442429e-01
6.492508643872454410e-01
6.417595082597002953e-01
6.421436803688052031e-01
6.242796772954283258e-01
6.121782558586246203e-01
6.173645793315405417e-01
6.342681521321552607e-01
6.152516327314636602e-01
6.012293507491356381e-01
6.165962351133307262e-01
5.991164041490587566e-01
5.854782942758355313e-01
5.989243180945063028e-01
5.856703803303879852e-01
5.804840568574721749e-01
5.706876680752976938e-01
5.626200537840952975e-01
5.578179024202842839e-01
5.524394928928160198e-01
5.466769112562428479e-01
5.557049558202074024e-01
5.462927391471379401e-01
5.301575105647330366e-01
5.257395313100269307e-01
5.313100268920476488e-01
5.315021129466001026e-01
5.211294660007683710e-01
5.184402612370342389e-01
5.096043027276220272e-01
5.117172493276987977e-01
5.082597003457548501e-01
4.844410295812524025e-01
4.863618901267767747e-01
4.917402996542450944e-01
4.807913945447560566e-01
4.830964271993853365e-01
4.915482135996926405e-01
4.798309642719938428e-01
4.788705339992316290e-01
4.684978870533998974e-01
4.654245101805609131e-01
4.684978870533998974e-01
4.610065309258548072e-01
4.663849404533230714e-01
4.684978870533998974e-01
4.556281213983864875e-01
4.479446792162888880e-01
4.446792162888974498e-01
4.456396465616596081e-01
4.540914329619669676e-01
4.429504417979254760e-01
4.412216673069535022e-01
4.410295812524010484e-01
4.195159431425278251e-01
4.268152132155205725e-01
4.137533615059546532e-01
4.160583941605839331e-01
4.289281598155973985e-01
4.197080291970802790e-01
4.141375336150595610e-01
4.145217057241644132e-01
4.033807145601229216e-01
4.131771033422973471e-01
4.010756819054936417e-01
4.074145217057241752e-01
4.008835958509412434e-01
3.928159815597387361e-01
3.914713791778716701e-01
3.947368421052631637e-01
3.905109489051095117e-01
3.876296580868228703e-01
3.774490971955435925e-01
3.734152900499423944e-01
3.830195927775643661e-01
3.726469458317326344e-01
3.726469458317326344e-01
3.628505570495582089e-01
3.693814829043411407e-01
3.615059546676911428e-01
3.632347291586630611e-01
3.547829427583557571e-01
3.547829427583557571e-01
3.530541682673837833e-01
3.499807913945447435e-01
3.584325777948521030e-01
3.574721475220898892e-01
3.513253937764118096e-01
3.505570495582020496e-01
3.422973492124471995e-01
3.442182097579715716e-01
3.417210910487898379e-01
3.442182097579715716e-01
3.374951978486361859e-01
3.373031117940837320e-01
3.328851325393776261e-01
3.309642719938532540e-01
3.288513253937764280e-01
3.351901651940069060e-01
3.278908951210142142e-01
3.246254321936227205e-01
3.209757971571263746e-01
3.244333461390703222e-01
3.171340760660776303e-01
3.155973876296581104e-01
3.223203995389934962e-01
3.240491740299654144e-01
3.184786784479446964e-01
3.215520553207837362e-01
3.184786784479446964e-01
3.134844410295812289e-01
3.081060315021129647e-01
3.119477525931617090e-01
3.117556665386093107e-01
3.054168267383787772e-01
3.048405685747214711e-01
2.948520937379946472e-01
2.938916634652324333e-01
2.890895121014214197e-01
2.935074913561275256e-01
2.900499423741836336e-01
2.906262005378409397e-01
2.902420284287360874e-01
2.954283519016519532e-01
2.933154053015751273e-01
2.825585862466384879e-01
2.883211678832116598e-01
2.785247791010372898e-01
2.808298117556665141e-01
2.769880906646177698e-01
2.791010372646945958e-01
2.719938532462543024e-01
2.694967345370726242e-01
2.677679600461006504e-01
2.712255090280445424e-01
2.694967345370726242e-01
2.691125624279677164e-01
2.625816365731847846e-01
2.719938532462543024e-01
2.658470995005762783e-01
2.791010372646945958e-01
2.693046484825201703e-01
2.666154437187860382e-01
2.696888205916250225e-01
2.562427967729543066e-01
2.677679600461006504e-01
2.606607760276604124e-01
2.548981943910871850e-01
2.566269688820591588e-01
2.566269688820591588e-01
2.589320015366884387e-01
2.522089896273530529e-01
2.612370341913177185e-01
2.595082597003457447e-01
2.547061083365347867e-01
2.472147522089896410e-01
2.449097195543603611e-01
2.537456780637725728e-01
2.466384940453323071e-01
2.439492892815981473e-01
2.464464079907798810e-01
2.456780637725701211e-01
2.418363426815213213e-01
2.379946215904725215e-01
2.437572032270457212e-01
2.387629658086822815e-01
2.312716096811371358e-01
2.303111794083749497e-01
2.239723396081444440e-01
2.379946215904725215e-01
2.345370726085286295e-01
2.358816749903956955e-01
2.385708797541298554e-01
2.333845562812139895e-01
2.285824049174030037e-01
2.306953515174798297e-01
2.331924702266615357e-01
2.278140606991932438e-01
2.201306185170956720e-01
2.268536304264310299e-01
2.243565117172493240e-01
2.287744909719554298e-01
2.228198232808298040e-01
2.210910487898578580e-01
2.162888974260468722e-01
2.232039953899346840e-01
2.155205532078371122e-01
2.174414137533615121e-01
2.112946600076834325e-01
2.105263157894736725e-01
2.185939300806761521e-01
2.130234344986554063e-01
2.139838647714175923e-01
2.116788321167883125e-01
2.130234344986554063e-01
2.026507875528236746e-01
2.095658855167114865e-01
2.084133691893968465e-01
2.084133691893968465e-01
2.026507875528236746e-01
2.063004225893200205e-01
2.101421436803687925e-01
2.024587014982712208e-01
2.053399923165578067e-01
2.020745293891663408e-01
2.005378409527468209e-01
2.020745293891663408e-01
2.032270457164809807e-01
1.976565501344602349e-01
2.066845946984249005e-01
1.966961198616980488e-01
1.974644640799078088e-01
1.999615827890895148e-01
1.940069150979638890e-01
2.038033038801383146e-01
1.880522474068382632e-01
1.957356895889358350e-01
1.899731079523626631e-01
1.895889358432577831e-01
1.928543987706492491e-01
1.930464848252017029e-01
1.968882059162504750e-01
1.909335382251248492e-01
2.007299270072992747e-01
1.917018824433346091e-01
1.951594314252785289e-01
1.888205916250480232e-01
1.911256242796773031e-01
1.824817518248175174e-01
1.836342681521321574e-01
1.822896657702650913e-01
1.813292354975028775e-01
1.788321167883211715e-01
1.815213215520553314e-01
1.865155589704187433e-01
1.834421820975797035e-01
1.845946984248943434e-01
1.844026123703419173e-01
1.803688052247406914e-01
1.815213215520553314e-01
1.880522474068382632e-01
1.847867844794467973e-01
1.899731079523626631e-01
1.828659239339223974e-01
1.813292354975028775e-01
1.776796004610065316e-01
1.753745678063772517e-01
1.794083749519784776e-01
1.794083749519784776e-01
1.776796004610065316e-01
1.715328467153284797e-01
1.755666538609297056e-01
1.723011909335382119e-01
1.746062235881674918e-01
1.742220514790626118e-01
1.688436419515943199e-01
1.713407606607760258e-01
1.682673837879369860e-01
1.684594698424894399e-01
1.680752977333845599e-01
1.709565885516711459e-01
1.692278140606991998e-01
1.713407606607760258e-01
1.717249327698809058e-01
1.715328467153284797e-01
1.696119861698040798e-01
1.701882443334613859e-01
1.705724164425662659e-01
1.698040722243565059e-01
1.646177487514406401e-01
1.638494045332308802e-01
1.617364579331540542e-01
1.626968882059162402e-01
1.565501344602381883e-01
1.600076834421821081e-01
1.578947368421052544e-01
1.498271225509028026e-01
1.569343065693430683e-01
1.625048021513638141e-01
1.569343065693430683e-01
1.527084133691893886e-01
1.555897041874760023e-01
1.561659623511333084e-01
1.548213599692662423e-01
1.532846715328467224e-01
1.550134460238186684e-01
1.601997694967345343e-01
1.552055320783711223e-01
1.509796388782174426e-01
1.488666922781406166e-01
1.502112946600076826e-01
1.498271225509028026e-01
1.521321552055320825e-01
1.511717249327698687e-01
1.469458317326162167e-01
1.473300038417210966e-01
1.463695735689588828e-01
1.436803688052247507e-01
1.438724548597771768e-01
1.404149058778332571e-01
1.446407990779869368e-01
1.473300038417210966e-01
1.488666922781406166e-01
1.507875528236649887e-01
1.417595082597003509e-01
1.427199385324625369e-01
1.409911640414905909e-01
1.392623895505186449e-01
1.429120245870149908e-01
1.440645409143296307e-01
1.438724548597771768e-01
1.363810987322320312e-01
1.371494429504417911e-01
1.333077218593930191e-01
1.369573568958893650e-01
1.365731847867844850e-01
1.359969266231271512e-01
1.373415290049942450e-01
1.369573568958893650e-01
1.375336150595466711e-01
1.423357664233576569e-01
1.379177871686515511e-01
1.384940453323088849e-01
1.407990779869381370e-01
1.334998079139454452e-01
1.304264310411064054e-01
1.331156358048405652e-01
1.325393776411832591e-01
1.334998079139454452e-01
1.363810987322320312e-01
1.340760660776027791e-01
1.277372262773722733e-01
1.294660007683442193e-01
1.288897426046869132e-01
1.333077218593930191e-01
1.248559354590856735e-01
1.262005378409527534e-01
1.288897426046869132e-01
1.231271609681137136e-01
1.213983864771417537e-01
1.290818286592393394e-01
1.262005378409527534e-01
1.275451402228198194e-01
1.254321936227429934e-01
1.244717633499807935e-01
1.152516327314637018e-01
1.210142143680368737e-01
1.227429888590088336e-01
1.202458701498271276e-01
1.179408374951978478e-01
1.164041490587783279e-01
1.177487514406454078e-01
1.173645793315405278e-01
1.160199769496734479e-01
1.219746446407990736e-01
1.210142143680368737e-01
1.158278908951210079e-01
1.194775259316173677e-01
1.177487514406454078e-01
1.131386861313868619e-01
1.183250096043027277e-01
1.133307721859393019e-01
1.181329235497502878e-01
1.119861698040722220e-01
1.167883211678832078e-01
1.198616980407222476e-01
1.169804072224356478e-01
1.146753745678063818e-01
1.139070303495966219e-01
1.146753745678063818e-01
1.096811371494429560e-01
1.146753745678063818e-01
1.165962351133307678e-01
1.075681905493661161e-01
1.100653092585478360e-01
