1.000000000000000000e+00
8.127410369947150048e-01
7.594629338665904728e-01
7.181831166976145875e-01
6.954720754177974307e-01
6.699042993858019823e-01
6.410512783888016042e-01
6.221968290244250799e-01
5.997714612198257189e-01
5.730609912869589762e-01
5.507784602199685686e-01
5.457791744036566417e-01
5.334952149692900880e-01
5.073560919868590480e-01
5.009284387944579198e-01
4.830738465933437920e-01
4.745036423368090284e-01
4.592201114126553407e-01
4.542208255963433583e-01
4.473646621911155363e-01
4.332238251678331431e-01
4.236537637480359830e-01
4.317954577917440528e-01
4.160834166547636159e-01
3.975146407656048875e-01
3.922296814740751092e-01
3.998000285673475318e-01
3.923725182116840626e-01
3.770889872875303750e-01
3.753749464362233779e-01
3.586630481359806000e-01
3.569490072846736028e-01
3.579488644479359993e-01
3.518068847307527225e-01
3.429510069990001631e-01
3.282388230252821226e-01
3.240965576346236388e-01
3.236680474217968895e-01
3.195257820311384056e-01
3.135266390515640822e-01
3.055277817454649103e-01
3.003856591915440855e-01
2.939580059991429573e-01
2.893872303956577796e-01
2.918154549350092664e-01
2.811026996143408119e-01
2.773889444365090773e-01
2.755320668475931822e-01
2.682473932295386110e-01
2.623910869875731855e-01
2.643908013140979785e-01
2.589630052849593023e-01
2.542493929438651712e-01
2.486787601771175416e-01
2.459648621625482035e-01
2.455363519497214819e-01
2.452506784745036306e-01
2.431081274103699397e-01
2.329667190401371324e-01
2.413940865590629981e-01
2.311098414512212651e-01
2.236823310955577682e-01
2.198257391801171357e-01
2.132552492501071373e-01
2.132552492501071373e-01
2.139694329381516824e-01
2.066847593200971389e-01
2.056849021568347424e-01
2.079702899585773590e-01
2.026853306670475530e-01
1.992572489644336420e-01
1.989715754892158184e-01
1.912583916583345256e-01
1.916869018711612749e-01
1.905442079702899527e-01
1.882588201685473639e-01
1.889730038565919090e-01
1.851164119411512765e-01
1.799742893872303962e-01
1.805456363376660434e-01
1.845450649907156015e-01
1.794029424367947489e-01
1.774032281102699560e-01
1.716897586059134284e-01
1.695472075417797375e-01
1.759748607341808380e-01
1.726896157691758249e-01
1.778317383230967053e-01
1.649764319382945321e-01
1.699757177546064868e-01
1.645479217254677828e-01
1.648335952006856064e-01
1.601199828595914754e-01
1.586916154835023574e-01
1.625482073989430176e-01
1.612626767604627975e-01
1.554063705184973443e-01
1.578345950578488865e-01
1.538351664047993006e-01
1.554063705184973443e-01
1.592629624339380046e-01
1.554063705184973443e-01
1.436937580345664933e-01
1.461219825739180078e-01
1.416940437080417003e-01
1.401228395943436567e-01
1.405513498071704059e-01
1.454077988858734349e-01
1.441222682473932426e-01
1.359805742036852005e-01
1.384087987430367150e-01
1.375517783173832442e-01
1.372661048421653929e-01
1.369804313669475693e-01
1.396943293815169351e-01
1.311241251249821438e-01
1.322668190258534382e-01
1.302671046993286730e-01
1.266961862591058363e-01
1.272675332095414835e-01
1.292672475360662765e-01
1.249821454077988808e-01
1.248393086701899690e-01
1.269818597343236599e-01
1.225539208684473663e-01
1.222682473932295427e-01
1.188401656906156317e-01
1.222682473932295427e-01
1.215540637051849698e-01
1.146979002999571479e-01
1.171261248393086762e-01
1.151264105127838833e-01
1.084130838451649731e-01
1.122696757606056334e-01
1.121268390229967216e-01
1.118411655477788841e-01
1.065562062562491058e-01
1.091272675332095460e-01
1.076989001571204141e-01
1.082702471075560613e-01
1.045564919297243267e-01
1.068418797314669294e-01
1.051278388801599739e-01
1.036994715040708420e-01
1.041279817168975913e-01
1.045564919297243267e-01
1.025567776031995476e-01
1.028424510784173712e-01
1.005570632766747546e-01
1.038423082416797538e-01
9.927153263819454843e-02
1.012712469647193275e-01
9.941436937580346023e-02
9.527210398514497636e-02
9.412941008427368195e-02
9.384373660905584447e-02
9.641479788601628464e-02
9.170118554492215357e-02
9.270104270818455006e-02
8.855877731752606619e-02
8.927296100557063907e-02
8.855877731752606619e-02
8.898728753035280159e-02
8.970147121839737447e-02
8.813026710469933078e-02
8.555920582773889060e-02
8.684473646621911069e-02
8.827310384230824258e-02
8.455934866447650800e-02
8.470218540208541980e-02
8.427367518925867051e-02
8.013140979860020052e-02
7.898871589772889223e-02
7.856020568490215683e-02
7.813169547207542143e-02
7.913155263533780404e-02
7.656049135837737774e-02
7.841736894729324503e-02
7.756034852163976034e-02
7.670332809598628954e-02
7.670332809598628954e-02
7.256106270532780567e-02
7.227538923010998206e-02
7.384659334380802576e-02
7.113269532923867378e-02
7.227538923010998206e-02
7.598914440794171665e-02
7.156120554206542306e-02
7.213255249250107026e-02
7.213255249250107026e-02
7.027567490358520297e-02
6.770461362662476279e-02
7.070418511641193837e-02
6.670475646336238018e-02
7.113269532923867378e-02
7.056134837880302657e-02
6.827596057706042387e-02
6.970432795314955576e-02
6.684759320097129198e-02
7.113269532923867378e-02
6.941865447793171828e-02
6.884730752749607108e-02
6.641908298814455658e-02
7.013283816597629117e-02
6.770461362662476279e-02
6.727610341379802739e-02
6.613340951292671910e-02
6.613340951292671910e-02
6.556206256249107189e-02
6.827596057706042387e-02
6.813312383945151207e-02
6.641908298814455658e-02
6.470504213683760109e-02
6.356234823596629280e-02
6.499071561205542469e-02
6.713326667618911558e-02
6.684759320097129198e-02
6.499071561205542469e-02
6.299100128553063171e-02
6.127696043422368316e-02
6.084845022139694082e-02
6.256249107270389631e-02
5.956291958291672767e-02
6.341951149835738100e-02
5.999142979574346307e-02
6.241965433509498451e-02
5.970575632052563947e-02
5.756320525639194163e-02
5.713469504356520623e-02
5.942008284530781587e-02
5.599200114269389794e-02
5.527781745464933894e-02
5.599200114269389794e-02
5.356377660334237650e-02
5.656334809312955209e-02
5.513498071704042020e-02
5.684902156834737569e-02
5.956291958291672767e-02
5.770604199400086037e-02
5.742036851878302983e-02
5.642051135552064028e-02
5.956291958291672767e-02
5.727753178117411803e-02
5.142122553920868561e-02
5.542065419225825074e-02
5.227824596486216335e-02
5.370661334095129524e-02
5.613483788030281668e-02
5.399228681616911885e-02
5.313526639051564110e-02
5.427796029138694245e-02
5.356377660334237650e-02
5.470647050421368479e-02
5.570632766747607434e-02
5.342093986573346470e-02
5.284959291529781750e-02
5.070704185116411966e-02
5.284959291529781750e-02
5.056420511355520786e-02
5.084987858877303146e-02
5.156406227681759741e-02
4.942151121268389957e-02
5.213540922725325155e-02
4.985002142551064191e-02
5.056420511355520786e-02
5.099271532638194326e-02
5.084987858877303146e-02
5.027853163833737732e-02
4.827881731181259822e-02
5.056420511355520786e-02
5.013569490072846552e-02
5.027853163833737732e-02
5.084987858877303146e-02
5.184973575203542101e-02
4.870732752463934057e-02
5.070704185116411966e-02
5.213540922725325155e-02
5.042136837594629606e-02
4.813598057420368642e-02
4.756463362376803228e-02
4.727896014855020868e-02
4.670761319811455453e-02
4.813598057420368642e-02
4.356520497071846715e-02
4.699328667333237813e-02
4.885016426224825237e-02
4.527924582202542264e-02
4.356520497071846715e-02
4.370804170832737895e-02
4.270818454506498940e-02
4.227967433223825400e-02
4.327953149550064355e-02
4.113698043136694571e-02
4.170832738180259985e-02
4.185116411941151165e-02
4.599342951006998859e-02
4.342236823310955535e-02
4.456506213398085670e-02
4.327953149550064355e-02
4.242251106984716580e-02
4.270818454506498940e-02
4.127981716897585751e-02
4.199400085702042346e-02
4.042279674332237976e-02
3.899442936723325481e-02
3.956577631766890202e-02
4.099414369375803391e-02
3.999428653049564436e-02
4.199400085702042346e-02
4.327953149550064355e-02
4.256534780745607760e-02
4.013712326810455616e-02
3.870875589201542427e-02
3.885159262962433607e-02
4.099414369375803391e-02
4.199400085702042346e-02
3.899442936723325481e-02
3.856591915440651247e-02
3.899442936723325481e-02
3.928010284245107842e-02
4.070847021854021031e-02
3.999428653049564436e-02
3.742322525353521112e-02
3.770889872875303472e-02
3.628053135266390283e-02
3.913726610484216661e-02
3.713755177831738058e-02
3.985144979288673256e-02
3.713755177831738058e-02
3.713755177831738058e-02
3.770889872875303472e-02
3.628053135266390283e-02
3.813740894157977707e-02
3.628053135266390283e-02
3.756606199114412292e-02
3.656620482788173337e-02
3.913726610484216661e-02
3.799457220397085833e-02
3.670904156549064518e-02
3.499500071418368968e-02
3.685187830309955698e-02
3.685187830309955698e-02
3.642336809027282157e-02
3.799457220397085833e-02
3.799457220397085833e-02
3.813740894157977707e-02
3.556634766461933689e-02
3.313812312526781545e-02
3.370947007570346959e-02
3.399514355092130014e-02
3.199542922439651410e-02
3.556634766461933689e-02
3.528067418940151329e-02
3.528067418940151329e-02
3.299528638765890365e-02
3.142408227396085996e-02
3.499500071418368968e-02
3.485216397657477788e-02
3.256677617483216824e-02
3.542351092701042509e-02
3.385230681331238139e-02
3.642336809027282157e-02
3.513783745179260148e-02
3.356663333809455779e-02
3.485216397657477788e-02
3.470932723896585914e-02
3.199542922439651410e-02
3.442365376374803554e-02
3.185259248678760230e-02
3.099557206113412455e-02
3.185259248678760230e-02
3.399514355092130014e-02
3.428081702613912374e-02
3.285244965004999185e-02
3.470932723896585914e-02
3.499500071418368968e-02
3.285244965004999185e-02
3.228110269961433770e-02
3.456649050135694734e-02
3.485216397657477788e-02
3.456649050135694734e-02
3.556634766461933689e-02
3.085273532352520928e-02
3.356663333809455779e-02
3.356663333809455779e-02
3.513783745179260148e-02
3.356663333809455779e-02
3.156691901156977870e-02
3.142408227396085996e-02
3.128124553635194816e-02
3.242393943722325644e-02
3.299528638765890365e-02
3.228110269961433770e-02
3.213826596200542590e-02
3.556634766461933689e-02
2.985287816026281973e-02
3.142408227396085996e-02
3.285244965004999185e-02
3.170975574917869050e-02
2.956720468504499266e-02
3.113840879874303635e-02
