1.000000000000000000e+00
7.796191819464033390e-01
7.500000000000000000e-01
7.073342736248237062e-01
6.886459802538786867e-01
6.826516220028209236e-01
6.664315937940761270e-01
6.509167842031029494e-01
6.054301833568406233e-01
6.043723554301833056e-01
5.881523272214386200e-01
6.019040902679830829e-01
5.645275035260930441e-01
5.486600846262341680e-01
5.451339915373766276e-01
5.437235543018336115e-01
5.313822284908321647e-01
5.208039492242595436e-01
5.130465444287729548e-01
5.003526093088858095e-01
5.042313117066290484e-01
4.869534555712271007e-01
5.063469675599435726e-01
4.703808180535966055e-01
4.784908321579689483e-01
4.721438645980253757e-01
4.559238363892806900e-01
4.509873060648801335e-01
4.439351198871649973e-01
4.266572637517630495e-01
4.414668547249647190e-01
4.238363892806770172e-01
4.188998589562764607e-01
4.132581100141043962e-01
3.984485190409026711e-01
3.952750352609308848e-01
4.005641748942171954e-01
4.055007052186177519e-01
3.832863187588152476e-01
3.871650211565585420e-01
3.744710860366713412e-01
3.889280677009873122e-01
3.755289139633286588e-01
3.684767277856135226e-01
3.624823695345557040e-01
3.614245416078984419e-01
3.631875881523272120e-01
3.561354019746121313e-01
3.529619181946403450e-01
3.557827926657263773e-01
3.504936530324400668e-01
3.392101551480958821e-01
3.367418899858956038e-01
3.314527503526092933e-01
3.332157968970380635e-01
3.272214386459802449e-01
3.138222849083215915e-01
3.173483779971791319e-01
3.215796897038081803e-01
3.194640338504936561e-01
3.155853314527503617e-01
3.191114245416079021e-01
2.961918194640338342e-01
3.011283497884343907e-01
2.894922425952045075e-01
2.954866008462623261e-01
3.032440056417489149e-01
2.951339915373765721e-01
2.827926657263751808e-01
2.838504936530324430e-01
3.110014104372355592e-01
2.849083215796897051e-01
2.909026798307475237e-01
2.909026798307475237e-01
2.961918194640338342e-01
2.753878702397743461e-01
2.722143864598025598e-01
2.739774330042313299e-01
2.619887165021156372e-01
2.655148095909731776e-01
2.725669957686883138e-01
2.686882933709450194e-01
2.626939351198871453e-01
2.531734837799717863e-01
2.510578279266572621e-01
2.524682651622002783e-01
2.581100141043723428e-01
2.468265162200282137e-01
2.517630465444287702e-01
2.500000000000000000e-01
2.528208744710860323e-01
2.485895627644569839e-01
2.609308885754583751e-01
2.563469675599435726e-01
2.507052186177715081e-01
2.436530324400564274e-01
2.521156558533145242e-01
2.394217207334273512e-01
2.277856135401974680e-01
2.330747531734837785e-01
2.341325811001410406e-01
2.295486600846262382e-01
2.316643159379407624e-01
2.337799717912552866e-01
2.358956276445698108e-01
2.260225669957686978e-01
2.316643159379407624e-01
2.073342736248237062e-01
2.267277856135402059e-01
2.126234132581100167e-01
2.140338504936530328e-01
2.214386459802538676e-01
2.207334273624823595e-01
2.140338504936530328e-01
2.189703808180535893e-01
2.136812411847672788e-01
2.150916784203102949e-01
2.193229901269393434e-01
2.228490832157968837e-01
2.186177715091678353e-01
2.101551480959097384e-01
2.200282087447108514e-01
2.157968970380818030e-01
2.073342736248237062e-01
2.189703808180535893e-01
2.172073342736248192e-01
2.157968970380818030e-01
2.221438645980253757e-01
2.119181946403385086e-01
2.196755994358250974e-01
1.999294781382228436e-01
2.002820874471085977e-01
2.023977433004231219e-01
2.052186177715091542e-01
1.900564174894217306e-01
2.031029619181946300e-01
2.038081805359661380e-01
1.893511988716502226e-01
1.907616361071932387e-01
1.861777150916784085e-01
1.889985895627644685e-01
1.865303244005641625e-01
1.918194640338505008e-01
2.055712270803949360e-01
1.928772919605077629e-01
1.889985895627644685e-01
1.865303244005641625e-01
1.914668547249647468e-01
1.794781382228490818e-01
1.777150916784203116e-01
1.819464033850493601e-01
1.688998589562764330e-01
1.801833568406205899e-01
1.681946403385049249e-01
1.717207334273624930e-01
1.805359661495063439e-01
1.865303244005641625e-01
1.731311706629055092e-01
1.717207334273624930e-01
1.657263751763046467e-01
1.717207334273624930e-01
1.812411847672778520e-01
1.586741889985895659e-01
1.780677009873060657e-01
1.759520451339915414e-01
1.674894217207334168e-01
1.593794076163610740e-01
1.632581100141043684e-01
1.562059238363892877e-01
1.537376586741890094e-01
1.555007052186177796e-01
1.473906911142454090e-01
1.512693935119887034e-01
1.604372355430183361e-01
1.572637517630465498e-01
1.357545839210155258e-01
1.445698166431593767e-01
1.438645980253878687e-01
1.516220028208744575e-01
1.477433004231311631e-01
1.505641748942171954e-01
1.509167842031029494e-01
1.523272214386459933e-01
1.466854724964739010e-01
1.562059238363892877e-01
1.435119887165021146e-01
1.484485190409026711e-01
1.403385049365303283e-01
1.480959097320169171e-01
1.382228490832158041e-01
1.488011283497884252e-01
1.378702397743300501e-01
1.512693935119887034e-01
1.452750352609308848e-01
1.371650211565585420e-01
1.435119887165021146e-01
1.495063469675599332e-01
1.572637517630465498e-01
1.435119887165021146e-01
1.463328631875881469e-01
1.512693935119887034e-01
1.385754583921015581e-01
1.466854724964739010e-01
1.530324400564175014e-01
1.456276445698166389e-01
1.456276445698166389e-01
1.484485190409026711e-01
1.438645980253878687e-01
1.364598025387870339e-01
1.325811001410437118e-01
1.378702397743300501e-01
1.364598025387870339e-01
1.396332863187588202e-01
1.417489421720733445e-01
1.406911142454160824e-01
1.375176304654442960e-01
1.357545839210155258e-01
1.392806770098730662e-01
1.361071932299012799e-01
1.269393511988716472e-01
1.251763046544428770e-01
1.445698166431593767e-01
1.283497884344146633e-01
1.265867418899858932e-01
1.241184767277856149e-01
1.332863187588152198e-01
1.339915373765867557e-01
1.297602256699576795e-01
1.181241184767277824e-01
1.167136812411847663e-01
1.212976022566995826e-01
1.234132581100141068e-01
1.191819464033850445e-01
1.128349788434414719e-01
1.121297602256699638e-01
1.223554301833568447e-01
1.234132581100141068e-01
1.145980253878702421e-01
1.188293370944992905e-01
1.181241184767277824e-01
1.195345557122707986e-01
1.177715091678420284e-01
1.248236953455571230e-01
1.241184767277856149e-01
1.220028208744710907e-01
1.205923836389280746e-01
1.184767277856135365e-01
1.205923836389280746e-01
1.082510578279266555e-01
1.124823695345557178e-01
1.195345557122707986e-01
1.202397743300423066e-01
1.103667136812411798e-01
1.198871650211565526e-01
1.153032440056417501e-01
1.114245416078984419e-01
1.170662905500705203e-01
1.287023977433004174e-01
1.237658674188998609e-01
1.138928067700987340e-01
1.184767277856135365e-01
1.202397743300423066e-01
1.290550070521861714e-01
1.209449929478138286e-01
1.142454160789844880e-01
1.156558533145275042e-01
1.205923836389280746e-01
1.156558533145275042e-01
1.191819464033850445e-01
1.131875881523272259e-01
1.311706629055006956e-01
1.142454160789844880e-01
1.188293370944992905e-01
1.124823695345557178e-01
1.114245416078984419e-01
1.114245416078984419e-01
1.223554301833568447e-01
1.160084626234132582e-01
1.156558533145275042e-01
1.082510578279266555e-01
1.096614950634696717e-01
1.124823695345557178e-01
1.103667136812411798e-01
1.131875881523272259e-01
1.064880112834978854e-01
1.156558533145275042e-01
1.050775740479548692e-01
1.117771509167842098e-01
1.170662905500705203e-01
1.047249647390691152e-01
1.110719322990126878e-01
1.100141043723554257e-01
1.047249647390691152e-01
1.019040902679830690e-01
1.117771509167842098e-01
1.022566995768688231e-01
1.064880112834978854e-01
1.124823695345557178e-01
1.071932299012693934e-01
1.047249647390691152e-01
1.043723554301833611e-01
1.057827926657263773e-01
1.026093088857545771e-01
1.036671368124118531e-01
1.064880112834978854e-01
9.837799717912552866e-02
1.064880112834978854e-01
9.873060648801128270e-02
1.089562764456981636e-01
9.696755994358251252e-02
9.802538787023977462e-02
1.071932299012693934e-01
9.978843441466854480e-02
9.590973201692525041e-02
9.732016925246826655e-02
1.100141043723554257e-01
1.001410437235542988e-01
1.047249647390691152e-01
1.100141043723554257e-01
9.555712270803949637e-02
1.004936530324400529e-01
9.767277856135402059e-02
8.991537376586741792e-02
9.696755994358251252e-02
9.485190409026798830e-02
9.273624823695345021e-02
9.449929478138223427e-02
9.767277856135402059e-02
8.956276445698166389e-02
9.696755994358251252e-02
9.837799717912552866e-02
8.744710860366713967e-02
9.626234132581100444e-02
9.555712270803949637e-02
9.449929478138223427e-02
8.674188998589563160e-02
9.414668547249648023e-02
9.626234132581100444e-02
9.449929478138223427e-02
9.555712270803949637e-02
9.485190409026798830e-02
9.203102961918194214e-02
8.533145275035261546e-02
9.273624823695345021e-02
9.238363892806769617e-02
9.555712270803949637e-02
1.019040902679830690e-01
1.004936530324400529e-01
9.132581100141043406e-02
9.167842031029618810e-02
9.449929478138223427e-02
9.696755994358251252e-02
8.991537376586741792e-02
9.344146685472495828e-02
9.026798307475317196e-02
9.837799717912552866e-02
8.392101551480958543e-02
9.097320169252468003e-02
9.379407616361072619e-02
9.167842031029618810e-02
8.039492242595204508e-02
9.203102961918194214e-02
8.603667136812412353e-02
8.603667136812412353e-02
8.921015514809590985e-02
9.308885754583920424e-02
9.555712270803949637e-02
9.238363892806769617e-02
9.802538787023977462e-02
8.921015514809590985e-02
9.062059238363892599e-02
9.167842031029618810e-02
9.026798307475317196e-02
9.026798307475317196e-02
8.779971791255289371e-02
8.779971791255289371e-02
9.696755994358251252e-02
9.132581100141043406e-02
9.132581100141043406e-02
8.991537376586741792e-02
8.356840620592383140e-02
8.779971791255289371e-02
9.344146685472495828e-02
9.273624823695345021e-02
8.991537376586741792e-02
8.039492242595204508e-02
8.462623413258109351e-02
9.062059238363892599e-02
9.379407616361072619e-02
9.097320169252468003e-02
1.019040902679830690e-01
9.449929478138223427e-02
8.850493653032440178e-02
9.732016925246826655e-02
8.603667136812412353e-02
9.167842031029618810e-02
8.815232722143864774e-02
9.485190409026798830e-02
9.273624823695345021e-02
9.097320169252468003e-02
8.039492242595204508e-02
