1.000000000000000000e+00
8.117461982170949275e-01
7.430519140010487522e-01
7.168327215521761442e-01
6.895647614053487251e-01
6.733088620870477659e-01
6.439433665443103916e-01
6.310959622443629291e-01
6.074986890403775153e-01
5.878342947037231703e-01
5.983219716832721691e-01
5.587309910854745265e-01
5.516518091242790245e-01
5.498164656528579108e-01
5.338227582590455711e-01
5.078657577346618046e-01
5.015731515469323831e-01
4.947561615102255006e-01
4.921342422653382509e-01
4.816465652857891966e-01
4.611955951756686045e-01
4.530676455165180694e-01
4.580492920818038938e-01
4.252753015207131893e-01
4.268484530676455169e-01
4.302569480859989581e-01
4.132144729942317518e-01
4.105925537493445021e-01
4.014158363922391004e-01
3.817514420555846999e-01
3.930256948085998903e-01
3.733613004719454898e-01
3.607760880964866468e-01
3.536969061352910337e-01
3.361300471945464219e-01
3.324593602517042501e-01
3.269533298374410202e-01
3.392763502884111326e-01
3.314105925537493280e-01
3.248557944415311760e-01
3.211851074986890597e-01
3.091242789722076778e-01
3.009963293130571427e-01
2.949659150498164517e-01
2.981122181436811625e-01
2.871001573151547026e-01
2.868379653906659721e-01
2.891976927110644913e-01
2.716308337703198794e-01
2.687467226009438992e-01
2.697954902988988213e-01
2.663869952805453800e-01
2.724174095437860710e-01
2.755637126376507817e-01
2.598321971683272280e-01
2.574724698479287088e-01
2.621919244887257472e-01
2.501310959622443653e-01
2.519664394336654234e-01
2.472469847928683850e-01
2.551127425275301341e-01
2.438384897745149438e-01
2.370214997378080890e-01
2.283691662296801206e-01
2.427897220765600494e-01
2.278447823807026873e-01
2.315154693235448313e-01
2.220765600419506991e-01
2.283691662296801206e-01
2.176192973256423635e-01
2.115888830624016725e-01
2.134242265338227584e-01
2.121132669113791336e-01
2.131620346093340279e-01
2.042475091767173567e-01
2.021499737808075403e-01
1.976927110644992047e-01
2.011012060828526460e-01
1.992658626114315601e-01
1.979549029889879352e-01
1.845831148400629285e-01
1.885159937073938030e-01
1.848453067645516590e-01
1.893025694808599946e-01
1.911379129522810805e-01
1.756685894074462573e-01
1.929732564237021386e-01
1.796014682747771318e-01
1.879916098584163697e-01
1.756685894074462573e-01
1.712113266911379217e-01
1.719979024646040855e-01
1.654431043523859335e-01
1.672784478238070194e-01
1.625589931830099533e-01
1.520713162034609267e-01
1.617724174095437895e-01
1.536444677503932821e-01
1.557420031463030985e-01
1.478762454116413216e-01
1.512847404299947629e-01
1.536444677503932821e-01
1.607236497115888951e-01
1.541688515993707431e-01
1.494493969585736770e-01
1.465652857891976968e-01
1.436811746198217166e-01
1.504981646565285713e-01
1.476140534871525911e-01
1.413214472994231696e-01
1.376507603565810256e-01
1.392239119035133810e-01
1.368641845831148340e-01
1.386995280545359199e-01
1.376507603565810256e-01
1.386995280545359199e-01
1.324069218668064984e-01
1.276874672260094323e-01
1.276874672260094323e-01
1.279496591504981629e-01
1.305715783953854126e-01
1.248033560566334521e-01
1.255899318300996437e-01
1.255899318300996437e-01
1.274252753015207018e-01
1.255899318300996437e-01
1.240167802831672744e-01
1.208704771893025637e-01
1.208704771893025637e-01
1.219192448872574719e-01
1.253277399056109132e-01
1.232302045097010967e-01
1.187729417933927611e-01
1.182485579444153140e-01
1.206082852648138470e-01
1.192973256423702083e-01
1.174619821709491363e-01
1.151022548505506032e-01
1.090718405873099123e-01
1.137912952281069784e-01
1.106449921342422676e-01
1.166754063974829586e-01
1.122181436811746230e-01
1.143156790770844256e-01
1.077608809648662874e-01
1.067121132669113792e-01
9.937073938122706340e-02
1.014682747771368659e-01
9.832197168327215520e-02
1.025170424750917603e-01
9.832197168327215520e-02
9.937073938122706340e-02
1.019926586261143131e-01
1.025170424750917603e-01
9.517566858940744445e-02
9.884635553224960236e-02
9.937073938122706340e-02
9.517566858940744445e-02
9.674882013633979982e-02
8.835867855270057580e-02
9.412690089145255012e-02
9.674882013633979982e-02
9.019402202412166170e-02
9.596224436287362214e-02
9.937073938122706340e-02
9.071840587309910886e-02
9.753539590980597751e-02
9.019402202412166170e-02
9.229155742003146423e-02
8.468799160985841790e-02
8.599895123230204275e-02
9.019402202412166170e-02
8.075511274252752947e-02
8.049292081803879895e-02
8.023072889355008230e-02
8.259045621394861536e-02
8.363922391190350969e-02
7.577346617724174671e-02
7.944415312008390462e-02
7.839538542212899641e-02
7.839538542212899641e-02
7.682223387519664104e-02
8.180388044048243767e-02
8.180388044048243767e-02
7.288935500786575261e-02
7.446250655479810798e-02
7.420031463030939134e-02
8.049292081803879895e-02
7.000524383848977239e-02
7.315154693235448313e-02
7.262716308337703597e-02
7.315154693235448313e-02
6.921866806502359470e-02
6.633455689564761448e-02
7.000524383848977239e-02
7.184058730991085828e-02
7.026743576297850291e-02
6.318825380178290374e-02
6.974305191400104187e-02
7.052962768746721955e-02
6.843209229155741702e-02
7.184058730991085828e-02
6.685894074462506165e-02
6.607236497115888396e-02
7.131620346093339724e-02
7.105401153644468060e-02
6.633455689564761448e-02
7.052962768746721955e-02
7.420031463030939134e-02
6.423702149973781195e-02
6.816990036706870038e-02
6.659674882013634500e-02
7.184058730991085828e-02
7.131620346093339724e-02
6.345044572627163426e-02
6.292606187729417322e-02
6.109071840587310120e-02
6.240167802831672605e-02
5.977975878342946942e-02
6.109071840587310120e-02
6.502359727320398963e-02
5.610907184058731151e-02
5.846879916098584457e-02
5.846879916098584457e-02
6.030414263240692352e-02
5.715783953854221278e-02
6.109071840587310120e-02
5.873099108547456815e-02
5.873099108547456815e-02
5.610907184058731151e-02
5.322496067121132435e-02
5.820660723649711404e-02
5.217619297325642308e-02
5.689564761405348919e-02
5.768222338751966688e-02
5.558468799160985740e-02
5.532249606712113382e-02
5.427372836916623255e-02
5.506030414263241024e-02
6.109071840587310120e-02
5.007865757734662054e-02
5.427372836916623255e-02
5.689564761405348919e-02
5.846879916098584457e-02
5.348715259570005487e-02
5.899318300996329173e-02
5.532249606712113382e-02
5.453592029365495614e-02
5.034084950183534413e-02
5.217619297325642308e-02
4.876769795490298876e-02
4.955427372836916644e-02
5.951756685894074583e-02
4.929208180388044286e-02
5.138961719979024539e-02
5.637126376507603509e-02
4.955427372836916644e-02
5.112742527530152181e-02
5.427372836916623255e-02
5.086523335081279823e-02
4.719454640797063338e-02
5.584687991609858099e-02
5.191400104876769950e-02
5.584687991609858099e-02
4.850550603041426517e-02
4.745673833245935697e-02
4.929208180388044286e-02
4.824331410592553465e-02
4.640797063450445570e-02
5.007865757734662054e-02
4.955427372836916644e-02
4.326166754063974496e-02
4.535920293654955443e-02
4.798112218143681107e-02
4.614577871001573212e-02
4.824331410592553465e-02
4.326166754063974496e-02
4.195070791819612011e-02
4.667016255899318622e-02
4.745673833245935697e-02
4.667016255899318622e-02
4.037755637126376473e-02
4.326166754063974496e-02
4.431043523859465316e-02
4.483481908757210033e-02
4.640797063450445570e-02
3.854221289984268578e-02
4.457262716308337674e-02
4.535920293654955443e-02
4.326166754063974496e-02
4.063974829575248832e-02
4.273728369166229779e-02
4.483481908757210033e-02
4.352385946512847548e-02
4.142632406921866600e-02
4.063974829575248832e-02
4.221289984268484369e-02
3.723125327739905399e-02
3.959098059779758705e-02
4.247509176717357421e-02
4.431043523859465316e-02
4.011536444677504115e-02
4.037755637126376473e-02
3.723125327739905399e-02
4.063974829575248832e-02
3.696906135291033041e-02
3.801782905086523168e-02
3.749344520188778451e-02
4.011536444677504115e-02
3.644467750393287631e-02
3.224960671211326430e-02
3.906659674882013294e-02
3.854221289984268578e-02
3.985317252228631063e-02
3.565810173046669862e-02
3.329837441006817250e-02
3.067645516518091239e-02
3.723125327739905399e-02
3.565810173046669862e-02
3.382275825904561967e-02
3.696906135291033041e-02
3.618248557944415272e-02
3.618248557944415272e-02
3.696906135291033041e-02
3.172522286313581713e-02
3.723125327739905399e-02
3.382275825904561967e-02
2.648138437336130038e-02
3.146303093864708661e-02
2.936549554273728407e-02
3.120083901415836303e-02
3.067645516518091239e-02
2.857891976927110639e-02
3.408495018353435019e-02
3.670686942842160683e-02
3.277399056109071840e-02
3.329837441006817250e-02
3.120083901415836303e-02
2.988987939171473471e-02
3.224960671211326430e-02
3.277399056109071840e-02
3.120083901415836303e-02
3.434714210802307377e-02
3.093864708966963945e-02
2.936549554273728407e-02
3.093864708966963945e-02
2.936549554273728407e-02
3.172522286313581713e-02
3.303618248557944198e-02
3.172522286313581713e-02
3.041426324069218534e-02
2.753015207131620512e-02
2.569480859989512270e-02
2.857891976927110639e-02
3.093864708966963945e-02
2.884111169375983344e-02
2.936549554273728407e-02
2.700576822233875102e-02
2.726796014682747807e-02
2.936549554273728407e-02
2.621919244887257333e-02
2.962768746722601113e-02
2.753015207131620512e-02
2.281069743051913901e-02
2.726796014682747807e-02
2.726796014682747807e-02
2.831672784478237934e-02
2.569480859989512270e-02
2.543261667540639911e-02
2.490823282642894501e-02
2.753015207131620512e-02
2.359727320398531669e-02
2.149973780807551069e-02
2.228631358154168837e-02
2.071316203460933300e-02
2.307288935500786606e-02
2.202412165705296132e-02
2.202412165705296132e-02
2.569480859989512270e-02
2.045097011012060942e-02
2.438384897745149438e-02
2.359727320398531669e-02
2.359727320398531669e-02
2.307288935500786606e-02
2.621919244887257333e-02
2.045097011012060942e-02
2.307288935500786606e-02
2.517042475091767206e-02
2.123754588358678710e-02
2.490823282642894501e-02
1.861562663869952700e-02
2.071316203460933300e-02
1.992658626114315532e-02
2.281069743051913901e-02
2.018877818563188237e-02
1.914001048767698110e-02
2.438384897745149438e-02
2.018877818563188237e-02
2.281069743051913901e-02
2.097535395909806005e-02
2.333508127949659311e-02
