1.000000000000000000e+00
8.645901639344262257e-01
8.371584699453551437e-01
8.087431693989071135e-01
7.924590163934426279e-01
7.728961748633880191e-01
7.496174863387977672e-01
7.389071038251365797e-01
7.256830601092896238e-01
7.041530054644808967e-01
6.936612021857923027e-01
6.730054644808742825e-01
6.585792349726775630e-01
6.535519125683060260e-01
6.406557377049180158e-01
6.387978142076502497e-01
6.181420765027322295e-01
6.147540983606557541e-01
6.046994535519125691e-01
6.031693989071038597e-01
5.762841530054644279e-01
5.766120218579234846e-01
5.649180327868852380e-01
5.697267759562841816e-01
5.544262295081967551e-01
5.340983606557376806e-01
5.275409836065573232e-01
5.236065573770491977e-01
5.183606557377049562e-01
5.112568306010929486e-01
5.017486338797814138e-01
4.965027322404371724e-01
4.865573770491803396e-01
4.808743169398906891e-01
4.749726775956283897e-01
4.684153005464480879e-01
4.610928961748633759e-01
4.587978142076502563e-01
4.579234972677595494e-01
4.387978142076502941e-01
4.421857923497267695e-01
4.381420765027322362e-01
4.286338797814207568e-01
4.314754098360655821e-01
4.209836065573770436e-01
4.168306010928961580e-01
4.085245901639344424e-01
4.031693989071038486e-01
3.993442622950819643e-01
3.897267759562841327e-01
3.915846994535518988e-01
3.877595628415300699e-01
3.792349726775956498e-01
3.737704918032787038e-01
3.695081967213114660e-01
3.718032786885245855e-01
3.556284153005464521e-01
3.582513661202185729e-01
3.545355191256830407e-01
3.510382513661202131e-01
3.486338797814207413e-01
3.387978142076502608e-01
3.354098360655737854e-01
3.342076502732240217e-01
3.337704918032786683e-01
3.239344262295081878e-01
3.237158469945355388e-01
3.144262295081967085e-01
3.081967213114754078e-01
3.080874316939890556e-01
2.998907103825136367e-01
2.990163934426229297e-01
2.973770491803278682e-01
2.951912568306011009e-01
2.884153005464480946e-01
2.876502732240437399e-01
2.863387978142076240e-01
2.828415300546447964e-01
2.797814207650273222e-01
2.708196721311475486e-01
2.701639344262294906e-01
2.646994535519125447e-01
2.661202185792349573e-01
2.626229508196721296e-01
2.590163934426229497e-01
2.559562841530054755e-01
2.538797814207650050e-01
2.545355191256830629e-01
2.483060109289617623e-01
2.406557377049180213e-01
2.409836065573770503e-01
2.394535519125683132e-01
2.386885245901639307e-01
2.369398907103825169e-01
2.377049180327868716e-01
2.335519125683060138e-01
2.286338797814207735e-01
2.236065573770491810e-01
2.248087431693989169e-01
2.255737704918032716e-01
2.236065573770491810e-01
2.214207650273224137e-01
2.174863387978142049e-01
2.189071038251366175e-01
2.178142076502732338e-01
2.107103825136611985e-01
2.085245901639344313e-01
2.078688524590164011e-01
2.101639344262295206e-01
2.048087431693988991e-01
2.027322404371584563e-01
2.053551912568306048e-01
2.045901639344262224e-01
1.963934426229508312e-01
1.960655737704918022e-01
1.935519125683060060e-01
1.974863387978142149e-01
1.867759562841529997e-01
1.902732240437158551e-01
1.874316939890710298e-01
1.832786885245901720e-01
1.877595628415300588e-01
1.851366120218579103e-01
1.790163934426229619e-01
1.769398907103825191e-01
1.768306010928961669e-01
1.757377049180327833e-01
1.771584699453551959e-01
1.712568306010928965e-01
1.690710382513661292e-01
1.709289617486338675e-01
1.713661202185792487e-01
1.664480874316939807e-01
1.646994535519125669e-01
1.619672131147540939e-01
1.618579234972677694e-01
1.638251366120218599e-01
1.581420765027322373e-01
1.608743169398907102e-01
1.547540983606557341e-01
1.558469945355191177e-01
1.561748633879781467e-01
1.540983606557377039e-01
1.521311475409836134e-01
1.501639344262294951e-01
1.478688524590164033e-01
1.481967213114754045e-01
1.450273224043715781e-01
1.471038251366120209e-01
1.441530054644808712e-01
1.444808743169399001e-01
1.437158469945355177e-01
1.410928961748633970e-01
1.365027322404371579e-01
1.418579234972677516e-01
1.405464480874316913e-01
1.348633879781420686e-01
1.321311475409835956e-01
1.345355191256830674e-01
1.351912568306010975e-01
1.319125683060109189e-01
1.316939890710382421e-01
1.315846994535519177e-01
1.261202185792349717e-01
1.304918032786885340e-01
1.237158469945355138e-01
1.230601092896174836e-01
1.249180327868852497e-01
1.225136612021857918e-01
1.231693989071038220e-01
1.225136612021857918e-01
1.184699453551912585e-01
1.189071038251366119e-01
1.210928961748633931e-01
1.162841530054644773e-01
1.173770491803278748e-01
1.172677595628415365e-01
1.127868852459016358e-01
1.167213114754098308e-01
1.118032786885245905e-01
1.083060109289617490e-01
1.076502732240437188e-01
1.087431693989071024e-01
1.116939890710382521e-01
1.095081967213114710e-01
1.086338797814207641e-01
1.088524590163934408e-01
1.106010928961748685e-01
1.086338797814207641e-01
1.061202185792349678e-01
1.044808743169398924e-01
1.048087431693989074e-01
1.022950819672131112e-01
1.068852459016393502e-01
1.020765027322404345e-01
1.039344262295082005e-01
1.033879781420765087e-01
9.836065573770491621e-02
1.007650273224043741e-01
9.989071038251366719e-02
9.868852459016393130e-02
1.018579234972677577e-01
1.026229508196721263e-01
1.009836065573770508e-01
9.825136612021857785e-02
9.748633879781420930e-02
9.639344262295082566e-02
9.420765027322404450e-02
9.387978142076502941e-02
9.584699453551911996e-02
9.431693989071038287e-02
9.573770491803278160e-02
9.169398907103824825e-02
9.420765027322404450e-02
8.972677595628415770e-02
9.409836065573770614e-02
8.786885245901639163e-02
9.005464480874317279e-02
8.546448087431693375e-02
8.284153005464481301e-02
8.568306010928962435e-02
8.622950819672131617e-02
8.622950819672131617e-02
8.459016393442622683e-02
8.174863387978141549e-02
8.426229508196721174e-02
8.480874316939890356e-02
8.120218579234972367e-02
8.142076502732240040e-02
7.792349726775955887e-02
8.000000000000000167e-02
7.923497267759563312e-02
7.715846994535519032e-02
7.584699453551912995e-02
7.693989071038251359e-02
7.584699453551912995e-02
7.256830601092896516e-02
7.322404371584699534e-02
7.278688524590164188e-02
7.431693989071037898e-02
7.267759562841530352e-02
7.409836065573770225e-02
7.311475409836065698e-02
7.169398907103825824e-02
7.060109289617486072e-02
7.136612021857922927e-02
7.125683060109289091e-02
6.765027322404371102e-02
6.950819672131147708e-02
6.754098360655737265e-02
6.622950819672131229e-02
7.027322404371584563e-02
6.808743169398906447e-02
7.060109289617486072e-02
7.060109289617486072e-02
6.852459016393443181e-02
6.677595628415300411e-02
6.808743169398906447e-02
6.677595628415300411e-02
6.743169398907103429e-02
6.797814207650272611e-02
6.491803278688525192e-02
6.765027322404371102e-02
6.633879781420765065e-02
6.655737704918032738e-02
6.612021857923497392e-02
6.437158469945354622e-02
6.404371584699453113e-02
6.437158469945354622e-02
6.404371584699453113e-02
6.087431693989071163e-02
6.021857923497267451e-02
6.032786885245901981e-02
6.251366120218579403e-02
5.661202185792349462e-02
5.814207650273223865e-02
5.573770491803278770e-02
5.934426229508196760e-02
5.857923497267759905e-02
6.054644808743169654e-02
5.846994535519125374e-02
5.748633879781420847e-02
5.748633879781420847e-02
5.857923497267759905e-02
5.737704918032787010e-02
5.639344262295081789e-02
5.595628415300546443e-02
5.464480874316939712e-02
5.781420765027322356e-02
5.814207650273223865e-02
5.617486338797814116e-02
5.650273224043715625e-02
5.704918032786885501e-02
5.551912568306011098e-02
5.530054644808743425e-02
5.300546448087431473e-02
5.464480874316939712e-02
5.639344262295081789e-02
5.366120218579235185e-02
5.322404371584699145e-02
4.983606557377049523e-02
5.377049180327869021e-02
5.158469945355191599e-02
5.431693989071038203e-02
5.202185792349726945e-02
5.442622950819672040e-02
5.060109289617486378e-02
5.049180327868852541e-02
5.049180327868852541e-02
5.038251366120218705e-02
4.808743169398907447e-02
5.071038251366120214e-02
4.983606557377049523e-02
4.732240437158469898e-02
4.961748633879781156e-02
4.885245901639344301e-02
4.896174863387978138e-02
4.896174863387978138e-02
4.622950819672130840e-02
4.655737704918033043e-02
4.830601092896175119e-02
4.612021857923497004e-02
4.415300546448087254e-02
4.491803278688524803e-02
4.327868852459016563e-02
4.426229508196721091e-02
4.546448087431693985e-02
4.262295081967212851e-02
4.153005464480874487e-02
4.382513661202185745e-02
4.229508196721311342e-02
4.295081967213115054e-02
4.273224043715846687e-02
4.174863387978142160e-02
3.978142076502732410e-02
4.000000000000000083e-02
4.174863387978142160e-02
4.284153005464481218e-02
4.109289617486339141e-02
3.945355191256830901e-02
4.163934426229508323e-02
3.923497267759562535e-02
3.814207650273224171e-02
3.617486338797814421e-02
3.704918032786885113e-02
3.945355191256830901e-02
3.475409836065573854e-02
3.726775956284152785e-02
3.737704918032786622e-02
3.639344262295082094e-02
3.967213114754098574e-02
3.759562841530054988e-02
3.693989071038251276e-02
3.737704918032786622e-02
3.628415300546448258e-02
3.792349726775956498e-02
3.595628415300546749e-02
3.475409836065573854e-02
3.475409836065573854e-02
3.726775956284152785e-02
3.551912568306010709e-02
3.595628415300546749e-02
3.551912568306010709e-02
3.497267759562841527e-02
3.792349726775956498e-02
3.836065573770491843e-02
3.475409836065573854e-02
3.584699453551912912e-02
3.704918032786885113e-02
3.781420765027322661e-02
3.409836065573770836e-02
3.661202185792349767e-02
3.322404371584699451e-02
3.693989071038251276e-02
3.551912568306010709e-02
3.442622950819672345e-02
3.377049180327868633e-02
3.333333333333333287e-02
3.409836065573770836e-02
3.584699453551912912e-02
3.234972677595628759e-02
3.289617486338797941e-02
3.366120218579234796e-02
3.333333333333333287e-02
3.300546448087431778e-02
3.486338797814207691e-02
3.256830601092896432e-02
3.453551912568306181e-02
3.191256830601092720e-02
3.158469945355191211e-02
3.092896174863387845e-02
3.191256830601092720e-02
3.213114754098360393e-02
3.224043715846994229e-02
3.256830601092896432e-02
3.420765027322404672e-02
3.333333333333333287e-02
3.136612021857923538e-02
3.125683060109289702e-02
3.224043715846994229e-02
3.355191256830600960e-02
