1.000000000000000000e+00
7.988614800759012979e-01
8.159392789373813848e-01
8.178368121442125549e-01
7.666034155597722943e-01
7.666034155597722943e-01
7.628083491461100651e-01
7.362428842504743498e-01
7.343453510436432907e-01
7.855787476280834403e-01
7.457305502846299783e-01
6.850094876660342003e-01
7.096774193548387455e-01
7.609108159392788950e-01
7.229601518026564921e-01
7.115749525616698046e-01
7.229601518026564921e-01
7.058823529411765163e-01
6.717267552182163426e-01
6.603415559772296550e-01
6.869070208728652593e-01
6.793168880455408010e-01
7.362428842504743498e-01
6.603415559772296550e-01
6.793168880455408010e-01
6.375711574952561689e-01
7.172675521821632039e-01
6.774193548387096309e-01
6.603415559772296550e-01
7.191650853889942629e-01
7.476280834914611484e-01
6.831119544592030302e-01
6.660341555977229433e-01
6.489563567362428564e-01
7.172675521821632039e-01
6.869070208728652593e-01
6.850094876660342003e-01
7.096774193548387455e-01
6.850094876660342003e-01
7.191650853889942629e-01
6.982922201138519469e-01
6.603415559772296550e-01
6.508538899430740265e-01
7.400379506641365790e-01
6.982922201138519469e-01
7.020872865275141761e-01
6.356736242884249988e-01
7.191650853889942629e-01
7.134724857685009747e-01
6.850094876660342003e-01
6.812144212523719711e-01
6.831119544592030302e-01
6.831119544592030302e-01
6.736242884250474017e-01
7.324478178368121206e-01
6.944971537001897177e-01
6.148007590132826827e-01
6.527514231499050856e-01
6.470588235294117974e-01
6.432637571157495682e-01
6.622390891840607141e-01
7.153700189753320338e-01
6.565464895635673148e-01
7.191650853889942629e-01
6.451612903225806273e-01
6.660341555977229433e-01
6.963946869070208878e-01
6.584440227703984849e-01
6.944971537001897177e-01
6.565464895635673148e-01
7.001897533206831170e-01
6.204933586337760820e-01
6.185958254269450229e-01
6.394686907020873390e-01
6.299810246679317105e-01
6.337760910815939397e-01
6.812144212523719711e-01
6.869070208728652593e-01
6.527514231499050856e-01
6.793168880455408010e-01
6.755218216318785718e-01
6.413662239089183981e-01
6.660341555977229433e-01
6.717267552182163426e-01
6.963946869070208878e-01
6.489563567362428564e-01
6.717267552182163426e-01
6.508538899430740265e-01
6.337760910815939397e-01
6.394686907020873390e-01
6.432637571157495682e-01
6.584440227703984849e-01
6.204933586337760820e-01
6.508538899430740265e-01
6.432637571157495682e-01
6.223908918406072521e-01
6.603415559772296550e-01
6.204933586337760820e-01
6.546489563567362557e-01
6.451612903225806273e-01
6.888045540796964294e-01
6.451612903225806273e-01
6.565464895635673148e-01
6.337760910815939397e-01
6.223908918406072521e-01
6.679316888045541134e-01
6.736242884250474017e-01
6.622390891840607141e-01
6.337760910815939397e-01
6.812144212523719711e-01
6.318785578747627696e-01
6.698292220113851725e-01
6.129032258064516236e-01
6.223908918406072521e-01
6.489563567362428564e-01
6.660341555977229433e-01
6.432637571157495682e-01
6.641366223908918842e-01
6.755218216318785718e-01
6.356736242884249988e-01
6.679316888045541134e-01
6.489563567362428564e-01
6.963946869070208878e-01
6.888045540796964294e-01
6.432637571157495682e-01
6.679316888045541134e-01
6.546489563567362557e-01
6.982922201138519469e-01
6.736242884250474017e-01
6.432637571157495682e-01
6.736242884250474017e-01
6.755218216318785718e-01
7.153700189753320338e-01
6.793168880455408010e-01
6.925996204933586586e-01
6.261859582542694813e-01
6.280834914611005404e-01
5.977229601518027069e-01
6.072106261859582244e-01
6.451612903225806273e-01
6.261859582542694813e-01
6.015180265654649361e-01
6.261859582542694813e-01
6.470588235294117974e-01
6.394686907020873390e-01
6.470588235294117974e-01
5.901328273244781375e-01
6.565464895635673148e-01
6.110056925996204535e-01
6.831119544592030302e-01
6.470588235294117974e-01
6.622390891840607141e-01
6.261859582542694813e-01
6.546489563567362557e-01
6.869070208728652593e-01
6.546489563567362557e-01
5.901328273244781375e-01
6.679316888045541134e-01
6.394686907020873390e-01
5.901328273244781375e-01
6.413662239089183981e-01
6.698292220113851725e-01
6.280834914611005404e-01
6.451612903225806273e-01
6.394686907020873390e-01
6.337760910815939397e-01
6.394686907020873390e-01
5.692599620493358215e-01
6.432637571157495682e-01
6.717267552182163426e-01
6.717267552182163426e-01
6.698292220113851725e-01
6.242884250474383112e-01
5.996204933586337660e-01
6.223908918406072521e-01
6.546489563567362557e-01
6.565464895635673148e-01
7.153700189753320338e-01
6.869070208728652593e-01
6.603415559772296550e-01
6.622390891840607141e-01
7.039848197343453462e-01
6.527514231499050856e-01
6.698292220113851725e-01
6.166982922201138528e-01
6.413662239089183981e-01
6.679316888045541134e-01
6.394686907020873390e-01
6.091081593927893945e-01
6.261859582542694813e-01
6.660341555977229433e-01
6.034155597722959952e-01
5.692599620493358215e-01
6.299810246679317105e-01
5.977229601518027069e-01
6.375711574952561689e-01
6.223908918406072521e-01
6.698292220113851725e-01
6.091081593927893945e-01
6.925996204933586586e-01
6.755218216318785718e-01
6.432637571157495682e-01
6.015180265654649361e-01
6.318785578747627696e-01
6.280834914611005404e-01
6.280834914611005404e-01
6.470588235294117974e-01
6.280834914611005404e-01
6.375711574952561689e-01
6.072106261859582244e-01
6.489563567362428564e-01
6.204933586337760820e-01
6.072106261859582244e-01
6.470588235294117974e-01
5.996204933586337660e-01
6.166982922201138528e-01
5.996204933586337660e-01
6.603415559772296550e-01
6.261859582542694813e-01
6.185958254269450229e-01
6.337760910815939397e-01
5.711574952561669916e-01
5.958254269449715368e-01
6.261859582542694813e-01
6.148007590132826827e-01
6.527514231499050856e-01
6.413662239089183981e-01
6.432637571157495682e-01
6.204933586337760820e-01
6.204933586337760820e-01
6.204933586337760820e-01
6.470588235294117974e-01
6.053130929791271653e-01
6.432637571157495682e-01
6.129032258064516236e-01
5.711574952561669916e-01
6.129032258064516236e-01
6.698292220113851725e-01
6.565464895635673148e-01
6.166982922201138528e-01
6.053130929791271653e-01
6.034155597722959952e-01
6.242884250474383112e-01
6.318785578747627696e-01
6.166982922201138528e-01
6.318785578747627696e-01
6.394686907020873390e-01
6.413662239089183981e-01
6.261859582542694813e-01
5.806451612903226200e-01
6.280834914611005404e-01
5.768500948766603909e-01
6.413662239089183981e-01
6.356736242884249988e-01
6.755218216318785718e-01
6.622390891840607141e-01
6.413662239089183981e-01
6.489563567362428564e-01
6.356736242884249988e-01
5.901328273244781375e-01
5.806451612903226200e-01
5.958254269449715368e-01
6.242884250474383112e-01
6.451612903225806273e-01
6.413662239089183981e-01
6.432637571157495682e-01
6.527514231499050856e-01
5.806451612903226200e-01
5.901328273244781375e-01
6.204933586337760820e-01
6.223908918406072521e-01
6.261859582542694813e-01
6.375711574952561689e-01
5.844402277039848492e-01
5.958254269449715368e-01
6.375711574952561689e-01
6.166982922201138528e-01
6.565464895635673148e-01
5.901328273244781375e-01
6.110056925996204535e-01
5.882352941176470784e-01
6.356736242884249988e-01
6.451612903225806273e-01
6.337760910815939397e-01
6.053130929791271653e-01
6.185958254269450229e-01
6.148007590132826827e-01
7.001897533206831170e-01
6.148007590132826827e-01
6.470588235294117974e-01
6.565464895635673148e-01
5.825426944971536791e-01
6.261859582542694813e-01
6.489563567362428564e-01
5.977229601518027069e-01
6.527514231499050856e-01
6.470588235294117974e-01
6.223908918406072521e-01
5.863377609108159083e-01
6.470588235294117974e-01
5.426944971537002171e-01
5.825426944971536791e-01
5.920303605313093076e-01
5.654648956356735923e-01
5.920303605313093076e-01
5.882352941176470784e-01
5.977229601518027069e-01
5.730550284629980506e-01
5.806451612903226200e-01
5.768500948766603909e-01
5.483870967741935054e-01
5.958254269449715368e-01
6.204933586337760820e-01
5.920303605313093076e-01
5.787476280834914499e-01
5.692599620493358215e-01
5.578747628083491339e-01
5.692599620493358215e-01
5.996204933586337660e-01
6.242884250474383112e-01
6.091081593927893945e-01
6.015180265654649361e-01
5.901328273244781375e-01
6.148007590132826827e-01
5.825426944971536791e-01
5.768500948766603909e-01
5.332068311195445887e-01
5.939278937381403667e-01
6.148007590132826827e-01
6.015180265654649361e-01
6.375711574952561689e-01
5.597722960151803040e-01
5.920303605313093076e-01
5.445920303605312762e-01
6.072106261859582244e-01
5.635673624288425332e-01
5.768500948766603909e-01
5.426944971537002171e-01
5.996204933586337660e-01
6.034155597722959952e-01
5.996204933586337660e-01
5.920303605313093076e-01
5.920303605313093076e-01
5.901328273244781375e-01
5.445920303605312762e-01
5.692599620493358215e-01
5.806451612903226200e-01
6.129032258064516236e-01
5.920303605313093076e-01
5.825426944971536791e-01
6.204933586337760820e-01
5.882352941176470784e-01
5.882352941176470784e-01
5.901328273244781375e-01
5.863377609108159083e-01
6.166982922201138528e-01
6.185958254269450229e-01
5.958254269449715368e-01
6.185958254269450229e-01
6.508538899430740265e-01
5.958254269449715368e-01
6.091081593927893945e-01
5.597722960151803040e-01
5.787476280834914499e-01
6.470588235294117974e-01
5.825426944971536791e-01
5.882352941176470784e-01
5.882352941176470784e-01
5.901328273244781375e-01
5.559772296015180748e-01
5.863377609108159083e-01
6.166982922201138528e-01
6.242884250474383112e-01
5.958254269449715368e-01
6.223908918406072521e-01
6.812144212523719711e-01
5.920303605313093076e-01
5.920303605313093076e-01
6.432637571157495682e-01
5.996204933586337660e-01
5.768500948766603909e-01
6.356736242884249988e-01
6.072106261859582244e-01
5.958254269449715368e-01
6.185958254269450229e-01
5.464895635673624463e-01
5.597722960151803040e-01
6.072106261859582244e-01
5.920303605313093076e-01
5.901328273244781375e-01
6.280834914611005404e-01
5.768500948766603909e-01
6.034155597722959952e-01
5.711574952561669916e-01
5.825426944971536791e-01
5.673624288425047624e-01
5.977229601518027069e-01
6.072106261859582244e-01
6.072106261859582244e-01
6.072106261859582244e-01
5.825426944971536791e-01
