1.000000000000000000e+00
8.801602508273820291e-01
8.556000696742728229e-01
8.233757185159379377e-01
8.064797073680542994e-01
7.892353248562967716e-01
7.744295418916564699e-01
7.613656157463856156e-01
7.545723741508447713e-01
7.489984323288625401e-01
7.489984323288625401e-01
7.136387388956627609e-01
7.136387388956627609e-01
7.064971259362480271e-01
6.920397143354816150e-01
6.899494861522382783e-01
6.777564884166521475e-01
6.730534750043546399e-01
6.716599895488590821e-01
6.702665040933635243e-01
6.514544504441734940e-01
6.490158508970562679e-01
6.542414213551646096e-01
6.383905242989026396e-01
6.357777390698484687e-01
6.328165824769204084e-01
6.326423967949834637e-01
6.178366138303431621e-01
6.037275735934506393e-01
6.115659292806131520e-01
6.066887301863786996e-01
6.063403588225048102e-01
5.967601463159728503e-01
5.866573767636300563e-01
5.863090053997561668e-01
5.870057481275039457e-01
5.772513499390350411e-01
5.809092492597108803e-01
5.624455669743947395e-01
5.728967078906114230e-01
5.709806653893050310e-01
5.575683678801602872e-01
5.533879115136736138e-01
5.544330256052952821e-01
5.572199965162863977e-01
5.472914126458805484e-01
5.291761017244382970e-01
5.281309876328166286e-01
5.227312314927713421e-01
5.227312314927713421e-01
5.148928758056088295e-01
5.185507751262846687e-01
5.143703187597979953e-01
5.087963769378157641e-01
5.197700748998432818e-01
5.007838355687163068e-01
5.065319630726354827e-01
4.978226789757881909e-01
4.955582651106079095e-01
4.830168960111478893e-01
4.884166521511931758e-01
4.856296812402020602e-01
4.708238982755617585e-01
4.769203971433548239e-01
4.837136387388956682e-01
4.817975962375892762e-01
4.755269116878592661e-01
4.638564709980839695e-01
4.788364396446612159e-01
4.777913255530395475e-01
4.598502003135342409e-01
4.556697439470475675e-01
4.661208848632642510e-01
4.643790280438948037e-01
4.521860303083086730e-01
4.593276432677234067e-01
4.476572025779481101e-01
4.413865180282181000e-01
4.507925448528131152e-01
4.375544330256053160e-01
4.485281309876328337e-01
4.354642048423619793e-01
4.412123323462811553e-01
4.345932764326772557e-01
4.319804912036230848e-01
4.300644487023166929e-01
4.314579341578122507e-01
4.251872496080822406e-01
4.201358648319108435e-01
4.335481623410555874e-01
4.197874934680369541e-01
4.163037798292980041e-01
4.236195784706497380e-01
4.173488939209197279e-01
4.109040236892527176e-01
4.082912384601985467e-01
4.229228357429019591e-01
4.084654241421354914e-01
4.072461243685768784e-01
4.089879811879463256e-01
4.105556523253788281e-01
4.067235673227660442e-01
4.013238111827207577e-01
4.020205539104685366e-01
4.032398536840271497e-01
4.011496255007838130e-01
4.070719386866399336e-01
4.001045114091621446e-01
4.023689252743424261e-01
4.009754398188468683e-01
4.028914823201532602e-01
3.936596411774951898e-01
3.919177843581257425e-01
3.967949834523601949e-01
3.865180282180804561e-01
3.797247866225396118e-01
3.821633861696568379e-01
3.706671311618184861e-01
3.774603727573593304e-01
3.734541020728096017e-01
3.701445741160076519e-01
3.797247866225396118e-01
3.786796725309179434e-01
3.713638738895662650e-01
3.765894443476746067e-01
3.670092318411426469e-01
3.760668873018637726e-01
3.600418045636648579e-01
3.677059745688904258e-01
3.621320327469081946e-01
3.619578470649712498e-01
3.588225047901062448e-01
3.610869186552865262e-01
3.588225047901062448e-01
3.548162341055565161e-01
3.562097195610520739e-01
3.529001916042501241e-01
3.509841491029437321e-01
3.490681066016373402e-01
3.582999477442954106e-01
3.544678627416826266e-01
3.515067061487545663e-01
3.539453056958717925e-01
3.434941647796551090e-01
3.421006793241595512e-01
3.358299947744295411e-01
3.356558090924925963e-01
3.400104511409162145e-01
3.323462811356906466e-01
3.309527956801950888e-01
3.337397665911862044e-01
3.318237240898798124e-01
3.319979097718167571e-01
3.389653370492945461e-01
3.349590663647448174e-01
3.332172095453753702e-01
3.339139522731231491e-01
3.259014109040236917e-01
3.337397665911862044e-01
3.255530395401498023e-01
3.351332520466817622e-01
3.248562968124020234e-01
3.217209545375370183e-01
3.229402543110956314e-01
3.285141961330778626e-01
3.189339836265459027e-01
3.123149277129420032e-01
3.079602856645183850e-01
3.142309702142483951e-01
3.013412297509144855e-01
3.011670440689775408e-01
2.999477442954189277e-01
3.030830865702839327e-01
3.029089008883469880e-01
2.962898449747430885e-01
2.999477442954189277e-01
3.093537711200139428e-01
3.004703013412297619e-01
2.995993729315450382e-01
2.987284445218603146e-01
3.063926145270858825e-01
3.039540149799686564e-01
2.982058874760494804e-01
2.941996167914997518e-01
2.989026302037972593e-01
3.018637867967253197e-01
2.995993729315450382e-01
3.002961156592928171e-01
3.002961156592928171e-01
3.025605295244730986e-01
2.887998606514544653e-01
2.912384601985716914e-01
2.912384601985716914e-01
2.860128897404633497e-01
2.945479881553736412e-01
2.898449747430761336e-01
2.907159031527608573e-01
2.950705452011844754e-01
2.835742901933461235e-01
2.854903326946525155e-01
2.821808047378505657e-01
2.884514892875805758e-01
2.861870754224002944e-01
2.867096324682111286e-01
2.875805608778958522e-01
2.769552342797422240e-01
2.828775474655983446e-01
2.800905765546072290e-01
2.760843058700575003e-01
2.839226615572200130e-01
2.860128897404633497e-01
2.825291761017244552e-01
2.743424490506880531e-01
2.842710329210939024e-01
2.750391917784358320e-01
2.766068629158683345e-01
2.807873192823550079e-01
2.734715206410033295e-01
2.773036056436161134e-01
2.797422051907333396e-01
2.727747779132555506e-01
2.732973349590663847e-01
2.673750217732102641e-01
2.698136213203274902e-01
2.684201358648319324e-01
2.807873192823550079e-01
2.649364222260930379e-01
2.726005922313186058e-01
2.720780351855077717e-01
2.727747779132555506e-01
2.678975788190210983e-01
2.795680195087963948e-01
2.659815363177147063e-01
2.652847935899669274e-01
2.607559658596063645e-01
2.637171224525344249e-01
2.640654938164083143e-01
2.598850374499216409e-01
2.551820240376241333e-01
2.572722522208674700e-01
2.637171224525344249e-01
2.645880508622191485e-01
2.628461940428497012e-01
2.642396794983452590e-01
2.600592231318585856e-01
2.564013238111827464e-01
2.553562097195610781e-01
2.562271381292458017e-01
2.672008360912733194e-01
2.546594669918132992e-01
2.659815363177147063e-01
2.579689949486152489e-01
2.537885385821285755e-01
2.609301515415433093e-01
2.581431806305521937e-01
2.607559658596063645e-01
2.574464379028044148e-01
2.579689949486152489e-01
2.590141090402369173e-01
2.633687510886605354e-01
2.586657376763630278e-01
2.544852813098763544e-01
2.530917958543807966e-01
2.544852813098763544e-01
2.518724960808221836e-01
2.503048249433896810e-01
2.558787667653719122e-01
2.494338965337049296e-01
2.506531963072635705e-01
2.396794983452360250e-01
2.468211113046507588e-01
2.468211113046507588e-01
2.449050688033443668e-01
2.508273819892005152e-01
2.468211113046507588e-01
2.450792544852813115e-01
2.412471694826685276e-01
2.398536840271729698e-01
2.400278697091099145e-01
2.412471694826685276e-01
2.487371538059571507e-01
2.443825117575335326e-01
2.454276258491552010e-01
2.419439122104163065e-01
2.407246124368576934e-01
2.440341403936596432e-01
2.424664692562271406e-01
2.391569412994251909e-01
2.464727399407768693e-01
2.372408987981187989e-01
2.381118272078035225e-01
2.433373976659118643e-01
2.414213551646054723e-01
2.410729838007315828e-01
2.449050688033443668e-01
2.443825117575335326e-01
2.440341403936596432e-01
2.405504267549207487e-01
2.386343842536143567e-01
2.318411426580735124e-01
2.447308831214074221e-01
2.375892701619926883e-01
2.402020553910468592e-01
2.356732276606862964e-01
2.407246124368576934e-01
2.323636997038843466e-01
2.346281135690646280e-01
2.288799860651454521e-01
2.356732276606862964e-01
2.318411426580735124e-01
2.271381292457760048e-01
2.250479010625326681e-01
2.294025431109562863e-01
2.250479010625326681e-01
2.250479010625326681e-01
2.271381292457760048e-01
2.278348719735237837e-01
2.273123149277129496e-01
2.208674446960459947e-01
2.246995296986587787e-01
2.199965162863612711e-01
2.255704581083435023e-01
2.222609301515415525e-01
2.199965162863612711e-01
2.126807176450095926e-01
2.206932590141090500e-01
2.246995296986587787e-01
2.191255878766765475e-01
2.199965162863612711e-01
2.260930151541543365e-01
2.196481449224873816e-01
2.177321024211809897e-01
2.156418742379376530e-01
2.172095453753701555e-01
2.215641874237937736e-01
2.125065319630726479e-01
2.192997735586134922e-01
2.217383731057307183e-01
2.192997735586134922e-01
2.139000174185682057e-01
2.222609301515415525e-01
2.139000174185682057e-01
2.184288451489287686e-01
2.102421180978923665e-01
2.154676885560007082e-01
2.076293328688381679e-01
2.152935028740637635e-01
2.128549033269465374e-01
2.078035185507751126e-01
2.132032746908204268e-01
2.147709458282529293e-01
2.062358474133426101e-01
2.090228183243337534e-01
2.130290890088834821e-01
2.135516460546943163e-01
2.121581605991987585e-01
2.050165476397839970e-01
2.088486326423968087e-01
2.067584044591534442e-01
2.065842187772164995e-01
2.011844626371712130e-01
2.065842187772164995e-01
2.039714335481623286e-01
2.067584044591534442e-01
1.999651628636126000e-01
2.076293328688381679e-01
2.025779480926667708e-01
2.078035185507751126e-01
2.050165476397839970e-01
2.076293328688381679e-01
2.095453753701445876e-01
2.093711896882076429e-01
2.062358474133426101e-01
2.039714335481623286e-01
2.123323462811357032e-01
2.010102769552342683e-01
1.997909771816756552e-01
2.015328340010451025e-01
1.973523776345584291e-01
2.036230621842884392e-01
2.006619055913603789e-01
1.989200487719909316e-01
1.959588921790628713e-01
1.933461069500087004e-01
1.975265633164953738e-01
1.983974917261800974e-01
2.011844626371712130e-01
1.973523776345584291e-01
2.025779480926667708e-01
2.037972478662253839e-01
1.961330778609998160e-01
2.001393485455495447e-01
2.060616617314056653e-01
2.003135342274864894e-01
1.959588921790628713e-01
1.973523776345584291e-01
1.910816930848284190e-01
1.950879637693781476e-01
1.968298205887475949e-01
1.950879637693781476e-01
1.926493642222609215e-01
