1.000000000000000000e+00
7.033898305084745894e-01
6.779661016949152241e-01
6.440677966101694407e-01
6.610169491525423879e-01
6.271186440677966045e-01
6.186440677966101864e-01
6.525423728813559698e-01
6.694915254237288060e-01
5.762711864406779849e-01
6.779661016949152241e-01
6.186440677966101864e-01
5.508474576271186196e-01
5.677966101694915668e-01
5.169491525423728362e-01
5.932203389830508211e-01
5.508474576271186196e-01
5.254237288135593653e-01
5.847457627118644030e-01
4.915254237288135819e-01
5.847457627118644030e-01
4.491525423728813804e-01
5.423728813559322015e-01
5.254237288135593653e-01
4.915254237288135819e-01
5.169491525423728362e-01
4.406779661016949068e-01
5.084745762711864181e-01
5.593220338983050377e-01
4.830508474576271083e-01
4.237288135593220151e-01
3.983050847457627053e-01
4.491525423728813804e-01
4.661016949152542166e-01
4.830508474576271083e-01
4.576271186440677985e-01
5.000000000000000000e-01
5.254237288135593653e-01
4.661016949152542166e-01
5.508474576271186196e-01
5.169491525423728362e-01
4.661016949152542166e-01
4.745762711864406902e-01
3.898305084745762872e-01
4.152542372881355970e-01
4.152542372881355970e-01
4.237288135593220151e-01
4.745762711864406902e-01
4.406779661016949068e-01
4.152542372881355970e-01
4.491525423728813804e-01
4.406779661016949068e-01
3.898305084745762872e-01
4.830508474576271083e-01
4.745762711864406902e-01
4.237288135593220151e-01
4.152542372881355970e-01
3.983050847457627053e-01
5.000000000000000000e-01
4.406779661016949068e-01
4.745762711864406902e-01
4.322033898305084887e-01
3.983050847457627053e-01
3.728813559322033955e-01
4.491525423728813804e-01
4.576271186440677985e-01
5.000000000000000000e-01
4.237288135593220151e-01
4.406779661016949068e-01
4.745762711864406902e-01
4.406779661016949068e-01
4.067796610169491789e-01
3.898305084745762872e-01
4.237288135593220151e-01
4.237288135593220151e-01
3.305084745762711940e-01
4.237288135593220151e-01
4.322033898305084887e-01
3.983050847457627053e-01
4.576271186440677985e-01
3.389830508474576121e-01
4.322033898305084887e-01
3.813559322033898136e-01
3.644067796610169219e-01
3.898305084745762872e-01
3.813559322033898136e-01
4.152542372881355970e-01
3.813559322033898136e-01
4.745762711864406902e-01
4.406779661016949068e-01
3.813559322033898136e-01
4.152542372881355970e-01
4.576271186440677985e-01
3.559322033898305038e-01
4.322033898305084887e-01
3.559322033898305038e-01
3.983050847457627053e-01
4.661016949152542166e-01
3.813559322033898136e-01
4.745762711864406902e-01
3.898305084745762872e-01
3.728813559322033955e-01
4.237288135593220151e-01
4.152542372881355970e-01
5.000000000000000000e-01
4.576271186440677985e-01
4.322033898305084887e-01
3.728813559322033955e-01
5.423728813559322015e-01
4.830508474576271083e-01
4.067796610169491789e-01
3.898305084745762872e-01
3.728813559322033955e-01
3.728813559322033955e-01
3.813559322033898136e-01
3.644067796610169219e-01
3.050847457627118842e-01
2.796610169491525189e-01
2.711864406779661008e-01
2.711864406779661008e-01
2.966101694915254106e-01
3.474576271186440857e-01
3.135593220338983023e-01
3.305084745762711940e-01
2.966101694915254106e-01
3.728813559322033955e-01
3.728813559322033955e-01
3.898305084745762872e-01
3.898305084745762872e-01
3.305084745762711940e-01
3.474576271186440857e-01
3.559322033898305038e-01
3.728813559322033955e-01
3.220338983050847204e-01
3.220338983050847204e-01
4.406779661016949068e-01
3.813559322033898136e-01
3.135593220338983023e-01
3.135593220338983023e-01
3.559322033898305038e-01
3.728813559322033955e-01
3.559322033898305038e-01
2.966101694915254106e-01
2.966101694915254106e-01
3.389830508474576121e-01
3.305084745762711940e-01
4.237288135593220151e-01
3.135593220338983023e-01
3.220338983050847204e-01
3.728813559322033955e-01
2.966101694915254106e-01
3.559322033898305038e-01
2.796610169491525189e-01
2.372881355932203451e-01
3.050847457627118842e-01
2.796610169491525189e-01
3.135593220338983023e-01
3.474576271186440857e-01
2.966101694915254106e-01
3.559322033898305038e-01
3.644067796610169219e-01
4.152542372881355970e-01
3.559322033898305038e-01
4.152542372881355970e-01
3.813559322033898136e-01
3.898305084745762872e-01
3.728813559322033955e-01
3.983050847457627053e-01
4.067796610169491789e-01
3.474576271186440857e-01
3.305084745762711940e-01
3.474576271186440857e-01
3.220338983050847204e-01
3.220338983050847204e-01
3.135593220338983023e-01
3.220338983050847204e-01
2.711864406779661008e-01
2.796610169491525189e-01
2.966101694915254106e-01
3.220338983050847204e-01
3.305084745762711940e-01
3.305084745762711940e-01
2.796610169491525189e-01
2.881355932203389925e-01
2.457627118644067910e-01
3.389830508474576121e-01
2.118644067796610075e-01
3.220338983050847204e-01
2.542372881355932090e-01
2.711864406779661008e-01
2.118644067796610075e-01
3.220338983050847204e-01
2.711864406779661008e-01
2.542372881355932090e-01
2.627118644067796827e-01
2.796610169491525189e-01
2.796610169491525189e-01
2.966101694915254106e-01
3.135593220338983023e-01
3.220338983050847204e-01
3.050847457627118842e-01
2.796610169491525189e-01
2.542372881355932090e-01
2.966101694915254106e-01
2.033898305084745894e-01
2.288135593220338992e-01
3.050847457627118842e-01
3.389830508474576121e-01
2.542372881355932090e-01
2.627118644067796827e-01
2.796610169491525189e-01
2.627118644067796827e-01
2.881355932203389925e-01
3.050847457627118842e-01
2.796610169491525189e-01
2.711864406779661008e-01
2.881355932203389925e-01
3.220338983050847204e-01
2.457627118644067910e-01
2.627118644067796827e-01
2.457627118644067910e-01
2.627118644067796827e-01
2.118644067796610075e-01
2.711864406779661008e-01
2.457627118644067910e-01
2.288135593220338992e-01
2.203389830508474534e-01
1.694915254237288060e-01
2.288135593220338992e-01
2.457627118644067910e-01
2.372881355932203451e-01
2.711864406779661008e-01
2.203389830508474534e-01
2.711864406779661008e-01
2.542372881355932090e-01
2.288135593220338992e-01
2.288135593220338992e-01
2.203389830508474534e-01
2.881355932203389925e-01
2.711864406779661008e-01
3.135593220338983023e-01
2.711864406779661008e-01
2.372881355932203451e-01
2.627118644067796827e-01
2.288135593220338992e-01
2.627118644067796827e-01
2.457627118644067910e-01
3.135593220338983023e-01
2.796610169491525189e-01
2.203389830508474534e-01
3.050847457627118842e-01
2.711864406779661008e-01
2.457627118644067910e-01
2.288135593220338992e-01
2.542372881355932090e-01
2.203389830508474534e-01
2.711864406779661008e-01
2.288135593220338992e-01
2.372881355932203451e-01
2.118644067796610075e-01
2.033898305084745894e-01
2.542372881355932090e-01
2.118644067796610075e-01
2.457627118644067910e-01
2.288135593220338992e-01
1.949152542372881436e-01
2.796610169491525189e-01
2.118644067796610075e-01
2.118644067796610075e-01
2.372881355932203451e-01
2.542372881355932090e-01
2.966101694915254106e-01
2.542372881355932090e-01
2.881355932203389925e-01
2.118644067796610075e-01
2.372881355932203451e-01
2.542372881355932090e-01
2.203389830508474534e-01
2.288135593220338992e-01
2.288135593220338992e-01
2.033898305084745894e-01
2.033898305084745894e-01
1.694915254237288060e-01
2.372881355932203451e-01
2.118644067796610075e-01
2.033898305084745894e-01
2.711864406779661008e-01
2.457627118644067910e-01
2.203389830508474534e-01
2.711864406779661008e-01
2.372881355932203451e-01
2.457627118644067910e-01
2.033898305084745894e-01
2.372881355932203451e-01
2.542372881355932090e-01
2.542372881355932090e-01
2.627118644067796827e-01
2.711864406779661008e-01
2.203389830508474534e-01
2.288135593220338992e-01
2.203389830508474534e-01
2.203389830508474534e-01
2.542372881355932090e-01
2.033898305084745894e-01
2.627118644067796827e-01
2.457627118644067910e-01
2.203389830508474534e-01
2.711864406779661008e-01
2.118644067796610075e-01
2.372881355932203451e-01
2.033898305084745894e-01
2.288135593220338992e-01
2.033898305084745894e-01
2.203389830508474534e-01
1.864406779661016977e-01
1.694915254237288060e-01
1.864406779661016977e-01
1.949152542372881436e-01
2.372881355932203451e-01
1.779661016949152519e-01
2.203389830508474534e-01
1.864406779661016977e-01
2.033898305084745894e-01
1.440677966101694962e-01
1.864406779661016977e-01
1.779661016949152519e-01
1.779661016949152519e-01
2.033898305084745894e-01
2.542372881355932090e-01
2.118644067796610075e-01
2.288135593220338992e-01
2.372881355932203451e-01
2.033898305084745894e-01
2.203389830508474534e-01
2.203389830508474534e-01
2.542372881355932090e-01
2.288135593220338992e-01
2.457627118644067910e-01
1.864406779661016977e-01
2.372881355932203451e-01
2.203389830508474534e-01
2.033898305084745894e-01
2.711864406779661008e-01
2.542372881355932090e-01
2.372881355932203451e-01
2.372881355932203451e-01
1.525423728813559421e-01
2.288135593220338992e-01
1.949152542372881436e-01
2.288135593220338992e-01
2.372881355932203451e-01
2.118644067796610075e-01
2.881355932203389925e-01
2.881355932203389925e-01
1.949152542372881436e-01
2.372881355932203451e-01
2.288135593220338992e-01
2.457627118644067910e-01
2.203389830508474534e-01
2.033898305084745894e-01
2.288135593220338992e-01
2.203389830508474534e-01
2.118644067796610075e-01
1.864406779661016977e-01
1.440677966101694962e-01
1.440677966101694962e-01
2.118644067796610075e-01
2.033898305084745894e-01
1.864406779661016977e-01
2.033898305084745894e-01
2.203389830508474534e-01
1.949152542372881436e-01
1.949152542372881436e-01
1.525423728813559421e-01
2.203389830508474534e-01
1.779661016949152519e-01
2.118644067796610075e-01
2.288135593220338992e-01
2.033898305084745894e-01
2.118644067796610075e-01
1.779661016949152519e-01
2.203389830508474534e-01
2.033898305084745894e-01
2.372881355932203451e-01
1.440677966101694962e-01
1.864406779661016977e-01
1.525423728813559421e-01
1.271186440677966045e-01
1.440677966101694962e-01
2.203389830508474534e-01
1.271186440677966045e-01
1.525423728813559421e-01
1.186440677966101725e-01
1.440677966101694962e-01
1.525423728813559421e-01
1.864406779661016977e-01
1.101694915254237267e-01
1.186440677966101725e-01
1.440677966101694962e-01
1.355932203389830504e-01
1.186440677966101725e-01
