1.000000000000000000e+00
8.388301182327317917e-01
7.963078199543662805e-01
7.846919726197884026e-01
7.730761252852105248e-01
7.419622484961626574e-01
7.160340178386226384e-01
6.948765816220701108e-01
7.004770794440987602e-01
6.735117195602572382e-01
6.693632026550507819e-01
6.606513171541174012e-01
6.496577473553204474e-01
6.473760630574569852e-01
6.299522920555901129e-01
6.341008089607965692e-01
6.270483302219456156e-01
6.044389130885707839e-01
5.957270275876374033e-01
6.025720804812280118e-01
5.990458411118024795e-01
5.805849408836341041e-01
5.845260319435802154e-01
5.785106824310308760e-01
5.604646338933830796e-01
5.739473138353038406e-01
5.644057249533291909e-01
5.639908732628085009e-01
5.538270068450529271e-01
5.440779921178179324e-01
5.399294752126114760e-01
5.424185853557352832e-01
5.249948143538685219e-01
5.100601534951254568e-01
5.202240199128811415e-01
5.067413399709603805e-01
5.098527276498652228e-01
4.938809375648205990e-01
4.903546981953951223e-01
4.820576643849823761e-01
4.984443061605475789e-01
4.718937979672266914e-01
4.768720182534743612e-01
4.656710226094171179e-01
4.609002281684297930e-01
4.652561709188964834e-01
4.683675585978012701e-01
4.604853764779091585e-01
4.519809168222360674e-01
4.445135863928645348e-01
4.505289359054138187e-01
4.482472516075503011e-01
4.443061605476042453e-01
4.405724953329184790e-01
4.374611076540136922e-01
4.351794233561501746e-01
4.494918066791122047e-01
4.438913088570836107e-01
4.409873470234391135e-01
4.324828873677660224e-01
4.187927815805849163e-01
4.248081310931342003e-01
4.196224849616262409e-01
4.173408006637627232e-01
4.102883219249118252e-01
4.051026757934038658e-01
3.945239576851275465e-01
4.055175274839245003e-01
4.019912881144990791e-01
3.949388093756481810e-01
3.997096038166355614e-01
3.930719767683053534e-01
3.874714789462767039e-01
3.820784069695083995e-01
3.872640531010163589e-01
3.771001866832607297e-01
3.783447417548226333e-01
3.789670192906036128e-01
3.692180045633686181e-01
3.648620618129018722e-01
3.706699854801908112e-01
3.642397842771209482e-01
3.640323584318606032e-01
3.634100808960796791e-01
3.573947313835303952e-01
3.542833437046256084e-01
3.567724538477494156e-01
3.517942335615017457e-01
3.522090852520223803e-01
3.559427504667081466e-01
3.439120514416096341e-01
3.476457166562954004e-01
3.582244347645716642e-01
3.497199751088985731e-01
3.486828458825969590e-01
3.410080896079651369e-01
3.378967019290603502e-01
3.333333333333333148e-01
3.422526446795270960e-01
3.381041277743206952e-01
3.248288736776602237e-01
3.312590748807301422e-01
3.343704625596349289e-01
3.244140219871395892e-01
3.295996681186476041e-01
3.285625388923459900e-01
3.169466915577681121e-01
3.217174859987554369e-01
3.215100601534951474e-01
3.148724331051648839e-01
3.186060983198506502e-01
3.183986724745903607e-01
3.105164903546981936e-01
3.136278780336029803e-01
3.198506533914125538e-01
3.082348060568346759e-01
3.163244140219871325e-01
3.130056004978220563e-01
3.086496577473553105e-01
3.030491599253267165e-01
3.051234183779298892e-01
3.007674756274631989e-01
3.001451980916822193e-01
2.986932171748599707e-01
3.042937149968886201e-01
2.991080688653806052e-01
3.001451980916822193e-01
2.947521261149139149e-01
2.953744036506948945e-01
2.893590541381456105e-01
2.959966811864758185e-01
2.993154947106409502e-01
2.845882596971582856e-01
2.926778676623107422e-01
2.854179630781995547e-01
2.816842978635137884e-01
2.860402406139804787e-01
2.835511304708566716e-01
2.812694461729931539e-01
2.881144990665837069e-01
2.742169674341423113e-01
2.752540966604438699e-01
2.671644886952914133e-01
2.704833022194565451e-01
2.684090437668533724e-01
2.704833022194565451e-01
2.652976560879485857e-01
2.719352831362787937e-01
2.723501348267994282e-01
2.704833022194565451e-01
2.588674548848786672e-01
2.630159717900850680e-01
2.667496370047707788e-01
2.613565650280024744e-01
2.559634930512341700e-01
2.551337896701929009e-01
2.588674548848786672e-01
2.538892345986309973e-01
2.592823065753993017e-01
2.543040862891516318e-01
2.574154739680564186e-01
2.572080481227960735e-01
2.478738850860817133e-01
2.520224019912881142e-01
2.530595312175897282e-01
2.543040862891516318e-01
2.462144783239991752e-01
2.532669570628500177e-01
2.557560672059738804e-01
2.524372536818087487e-01
2.543040862891516318e-01
2.499481435386849137e-01
2.480813109313420584e-01
2.462144783239991752e-01
2.377100186683260841e-01
2.489110143123833274e-01
2.503629952292055760e-01
2.441402198713959748e-01
2.406139805019705535e-01
2.404065546567102363e-01
2.399917029661895740e-01
2.428956647998340712e-01
2.414436838830118226e-01
2.412362580377515053e-01
2.325243725368180969e-01
2.387471478946276704e-01
2.372951669778054218e-01
2.462144783239991752e-01
2.354283343704625664e-01
2.356357602157228837e-01
2.370877411325451045e-01
2.275461522505704270e-01
2.327317983820784142e-01
2.333540759178593660e-01
2.323169466915577797e-01
2.306575399294752138e-01
2.277535780958307443e-01
2.302426882389545792e-01
2.231902095001037090e-01
2.211159510475005086e-01
2.292055590126529652e-01
2.219456544285418054e-01
2.244347645716656403e-01
2.254718937979672266e-01
2.310723916199958483e-01
2.146857498444306178e-01
2.223605061190624399e-01
2.198713959759386050e-01
2.223605061190624399e-01
2.231902095001037090e-01
2.215308027380211708e-01
2.308649657747355310e-01
2.196639701306782877e-01
2.180045633685957218e-01
2.161377307612528387e-01
2.188342667496370186e-01
2.138560464633893488e-01
2.088778261771416789e-01
2.086704003318813616e-01
2.076332711055797475e-01
2.076332711055797475e-01
2.059738643434972094e-01
2.130263430823480519e-01
2.128189172370877347e-01
2.126114913918274174e-01
2.163451566065131837e-01
2.173822858328147700e-01
2.190416925948973359e-01
2.105372329392242170e-01
2.109520846297448793e-01
2.126114913918274174e-01
2.063887160340178439e-01
2.097075295581829479e-01
2.016179215930304913e-01
2.026550508193320776e-01
2.024476249740717604e-01
2.036921800456336917e-01
2.024476249740717604e-01
2.049367351171955953e-01
2.016179215930304913e-01
2.024476249740717604e-01
1.982991080688653873e-01
2.103298070939638997e-01
2.009956440572495395e-01
2.041070317361543263e-01
1.985065339141257046e-01
2.024476249740717604e-01
2.005807923667289050e-01
2.047293092719352781e-01
2.012030699025098568e-01
1.976768305330844355e-01
1.993362372951669736e-01
1.982991080688653873e-01
1.877203899605890958e-01
2.016179215930304913e-01
1.999585148309479254e-01
1.997510889856876082e-01
1.931134619373574002e-01
1.970545529973034560e-01
1.891723708774113166e-01
1.966397013067828214e-01
1.897946484131922962e-01
1.924911844015764484e-01
1.910392034847541998e-01
1.895872225679319512e-01
1.819124662933001568e-01
1.964322754615225042e-01
1.889649450321509994e-01
1.897946484131922962e-01
1.860609831985065299e-01
1.900020742584526134e-01
1.916614810205351516e-01
1.935283136278780347e-01
1.939431653183986692e-01
1.868906865795477990e-01
1.920763327110557861e-01
1.941505911636589865e-01
1.935283136278780347e-01
1.862684090437668472e-01
1.910392034847541998e-01
1.873055382700684612e-01
1.827421696743414259e-01
1.771416718523128042e-01
1.939431653183986692e-01
1.875129641153287785e-01
1.868906865795477990e-01
1.912466293300145170e-01
1.841941505911636467e-01
1.860609831985065299e-01
1.804604853764779082e-01
1.835718730553826950e-01
1.825347438290811086e-01
1.839867247459033295e-01
1.806679112217382255e-01
1.761045426260111901e-01
1.769342460070524869e-01
1.790085044596556596e-01
1.817050404480398396e-01
1.738228583281477002e-01
1.767268201617921697e-01
1.827421696743414259e-01
1.794233561501763219e-01
1.775565235428334387e-01
1.777639493880937560e-01
1.717485998755444998e-01
1.773490976975731215e-01
1.744451358639286520e-01
1.758971167807508729e-01
1.740302841734080175e-01
1.705040448039825685e-01
1.694669155776809821e-01
1.779713752333540733e-01
1.752748392449699211e-01
1.709188964945032030e-01
1.754822650902302383e-01
1.667703795892968299e-01
1.688446380419000303e-01
1.727857291018460861e-01
1.740302841734080175e-01
1.684297863513793680e-01
1.752748392449699211e-01
1.740302841734080175e-01
1.696743414229412994e-01
1.698817672682016167e-01
1.732005807923667207e-01
1.725783032565857689e-01
1.673926571250777817e-01
1.669778054345571472e-01
1.657332503629952158e-01
1.673926571250777817e-01
1.657332503629952158e-01
1.653183986724745813e-01
1.626218626840904291e-01
1.665629537440365127e-01
1.601327525409665942e-01
1.657332503629952158e-01
1.630367143746110636e-01
1.636589919103920432e-01
1.601327525409665942e-01
1.678075088155984163e-01
1.624144368388301118e-01
1.615847334577888428e-01
1.651109728272142640e-01
1.615847334577888428e-01
1.661481020535158781e-01
1.561916614810205384e-01
1.555693839452395866e-01
1.636589919103920432e-01
1.510060153495125512e-01
1.584733457788840560e-01
1.551545322547189243e-01
1.530802738021157516e-01
1.597179008504459596e-01
1.553619580999792693e-01
1.584733457788840560e-01
1.576436423978427592e-01
1.593030491599253251e-01
1.609624559220078910e-01
1.549471064094586070e-01
1.624144368388301118e-01
1.632441402198714087e-01
1.582659199336237388e-01
1.597179008504459596e-01
1.588881974694046906e-01
1.599253266957062769e-01
1.551545322547189243e-01
1.551545322547189243e-01
1.572287907073221247e-01
1.534951254926363862e-01
1.619995851483094773e-01
1.522505704210744548e-01
1.499688861232109649e-01
1.534951254926363862e-01
1.584733457788840560e-01
1.599253266957062769e-01
1.530802738021157516e-01
1.472723501348268127e-01
1.524579962663347721e-01
1.543248288736776552e-01
1.597179008504459596e-01
1.524579962663347721e-01
1.534951254926363862e-01
1.553619580999792693e-01
1.557768097904999038e-01
1.593030491599253251e-01
1.570213648620618074e-01
1.537025513378967034e-01
1.501763119684712822e-01
1.524579962663347721e-01
1.510060153495125512e-01
1.516282928852935030e-01
1.559842356357602211e-01
1.580584940883634215e-01
1.485169052063887163e-01
1.443683883011823155e-01
1.499688861232109649e-01
1.476872018253474472e-01
1.468574984443061504e-01
1.474797759800871300e-01
1.487243310516490336e-01
1.516282928852935030e-01
