1.000000000000000000e+00
8.267326732673266898e-01
7.992799279927992329e-01
8.019801980198020264e-01
7.934293429342934578e-01
7.610261026102610460e-01
7.511251125112511362e-01
7.758775877587759107e-01
7.394239423942394751e-01
7.286228622862286342e-01
7.241224122412240893e-01
7.200720072007200656e-01
7.290729072907290442e-01
6.926192619261926087e-01
6.953195319531952912e-01
6.980198019801979736e-01
6.935193519351935398e-01
6.831683168316832200e-01
6.813681368136813576e-01
6.692169216921691755e-01
6.678667866786678342e-01
6.566156615661565832e-01
6.588658865886588556e-01
6.840684068406840401e-01
6.548154815481548319e-01
6.399639963996399672e-01
6.300630063006300574e-01
6.543654365436543108e-01
6.350135013501350123e-01
6.174617461746174651e-01
6.422142214221422396e-01
6.242124212421241713e-01
6.215121512151214889e-01
6.210621062106210788e-01
6.233123312331233512e-01
6.345634563456346022e-01
6.125112511251125103e-01
6.399639963996399672e-01
6.066606660666066242e-01
6.062106210621062141e-01
5.958595859585958943e-01
5.841584158415841221e-01
6.161116111611161239e-01
6.021602160216021904e-01
6.053105310531052830e-01
5.877587758775877358e-01
5.873087308730873257e-01
6.003600360036003281e-01
5.603060306030602788e-01
5.634563456345634824e-01
5.711071107110711198e-01
5.697569756975697786e-01
5.715571557155715299e-01
5.616561656165616201e-01
5.630063006300629613e-01
5.589558955895589376e-01
5.715571557155715299e-01
5.621062106210621412e-01
5.531053105310530515e-01
5.553555355535553240e-01
5.378037803780377768e-01
5.391539153915391180e-01
5.634563456345634824e-01
5.355535553555355044e-01
5.238523852385238433e-01
5.270027002700270469e-01
5.337533753375337531e-01
5.472547254725472765e-01
5.454545454545454142e-01
5.333033303330333430e-01
5.337533753375337531e-01
5.292529252925292083e-01
5.117011701170116611e-01
5.355535553555355044e-01
5.391539153915391180e-01
5.067506750675067062e-01
5.198019801980198196e-01
5.229522952295229121e-01
5.063006300630062961e-01
5.189018901890188884e-01
5.243024302430242534e-01
5.274527452745274569e-01
5.369036903690369567e-01
5.378037803780377768e-01
5.067506750675067062e-01
5.207020702070207507e-01
5.067506750675067062e-01
5.072007200720072273e-01
5.094509450945094997e-01
4.842484248424842597e-01
4.797479747974797704e-01
5.225022502250225021e-01
5.054005400540053650e-01
4.914491449144914315e-01
4.972997299729973175e-01
4.959495949594959763e-01
5.018001800180017513e-01
5.031503150315032036e-01
5.027002700270026825e-01
4.846984698469847253e-01
5.027002700270026825e-01
4.936993699369937039e-01
4.810981098109811116e-01
4.941494149414941695e-01
4.846984698469847253e-01
4.761476147614761567e-01
4.882988298829882834e-01
4.873987398739874077e-01
4.837983798379837941e-01
4.896489648964896246e-01
4.824482448244824528e-01
4.869486948694869421e-01
4.828982898289829184e-01
4.788478847884788392e-01
4.756975697569756911e-01
4.774977497749774979e-01
4.648964896489649057e-01
4.716471647164716674e-01
4.711971197119712018e-01
4.842484248424842597e-01
4.509450945094509722e-01
4.666966696669667125e-01
4.644464446444644401e-01
4.639963996399639745e-01
4.576957695769576784e-01
4.675967596759675882e-01
4.693969396939693950e-01
4.540954095409541202e-01
4.522952295229523134e-01
4.540954095409541202e-01
4.603960396039604164e-01
4.648964896489649057e-01
4.378937893789379143e-01
4.567956795679568027e-01
4.509450945094509722e-01
4.432943294329432793e-01
4.657965796579657813e-01
4.689468946894689294e-01
4.410441044104410624e-01
4.473447344734473585e-01
4.473447344734473585e-01
4.500450045004500410e-01
4.477947794779477686e-01
4.360936093609361075e-01
4.342934293429343007e-01
4.563456345634563371e-01
4.374437443744374487e-01
4.450945094509450861e-01
4.419441944194419380e-01
4.356435643564356419e-01
4.518451845184518478e-01
4.306930693069306870e-01
4.234923492349235152e-01
4.351935193519351763e-01
4.257425742574257321e-01
4.378937893789379143e-01
4.284428442844284701e-01
4.387938793879387900e-01
4.441944194419442105e-01
4.356435643564356419e-01
4.333933393339333695e-01
4.032403240324032301e-01
4.243924392439243909e-01
4.261926192619261977e-01
4.239423942394239253e-01
4.054905490549055025e-01
4.207920792079207772e-01
4.441944194419442105e-01
4.261926192619261977e-01
4.095409540954095262e-01
4.356435643564356419e-01
4.252925292529252665e-01
4.221422142214221185e-01
4.266426642664266633e-01
4.185418541854185603e-01
4.315931593159316182e-01
4.270927092709270734e-01
4.135913591359136054e-01
4.239423942394239253e-01
4.117911791179117986e-01
4.099909990999099918e-01
4.167416741674167535e-01
4.077407740774077194e-01
4.090909090909091161e-01
4.180918091809180948e-01
4.158415841584158223e-01
4.270927092709270734e-01
4.108910891089108675e-01
4.059405940594059681e-01
4.149414941494149467e-01
4.063906390639063781e-01
4.086408640864086506e-01
4.068406840684068437e-01
4.063906390639063781e-01
4.180918091809180948e-01
4.122412241224122642e-01
3.978397839783978651e-01
3.942394239423942515e-01
4.041404140414041612e-01
3.901890189018901722e-01
3.960396039603960583e-01
3.901890189018901722e-01
4.077407740774077194e-01
4.099909990999099918e-01
4.090909090909091161e-01
3.996399639963996164e-01
3.964896489648964684e-01
4.000900090009000820e-01
3.982898289828982752e-01
4.014401440144014233e-01
4.014401440144014233e-01
4.077407740774077194e-01
4.068406840684068437e-01
3.883888388838883654e-01
3.991899189918992064e-01
3.865886588658866141e-01
3.915391539153915135e-01
4.018901890189018888e-01
4.032403240324032301e-01
4.072907290729073093e-01
3.969396939693969339e-01
3.928892889288929102e-01
4.036903690369036957e-01
3.897389738973897622e-01
3.775877587758775800e-01
3.879387938793879553e-01
3.969396939693969339e-01
4.027902790279027645e-01
4.045904590459045713e-01
4.167416741674167535e-01
3.901890189018901722e-01
4.014401440144014233e-01
4.104410441044104574e-01
4.009900990099010132e-01
3.978397839783978651e-01
3.915391539153915135e-01
4.014401440144014233e-01
3.951395139513951271e-01
3.856885688568856829e-01
3.915391539153915135e-01
3.820882088208820693e-01
3.820882088208820693e-01
3.870387038703870242e-01
3.901890189018901722e-01
3.780378037803780455e-01
3.762376237623762387e-01
3.766876687668767043e-01
3.739873987398739663e-01
3.703870387038704082e-01
3.811881188118811936e-01
3.753375337533753631e-01
3.820882088208820693e-01
3.708370837083708182e-01
3.789378937893789212e-01
3.744374437443744319e-01
3.577857785778577604e-01
3.816381638163816592e-01
3.699369936993699426e-01
3.870387038703870242e-01
3.883888388838883654e-01
3.667866786678667945e-01
3.834383438343834660e-01
3.739873987398739663e-01
3.829882988298830004e-01
3.663366336633663289e-01
3.789378937893789212e-01
3.676867686768676702e-01
3.735373537353735562e-01
3.721872187218721595e-01
3.609360936093609085e-01
3.730873087308730907e-01
3.730873087308730907e-01
3.771377137713771144e-01
3.600360036003600328e-01
3.627362736273627153e-01
3.775877587758775800e-01
3.600360036003600328e-01
3.595859585958595672e-01
3.721872187218721595e-01
3.690369036903690114e-01
3.658865886588658634e-01
3.699369936993699426e-01
3.586858685868586916e-01
3.726372637263726251e-01
3.681368136813681358e-01
3.762376237623762387e-01
3.834383438343834660e-01
3.541854185418542023e-01
3.649864986498649877e-01
3.573357335733573503e-01
3.627362736273627153e-01
3.595859585958595672e-01
3.609360936093609085e-01
3.640864086408641120e-01
3.582358235823582260e-01
3.649864986498649877e-01
3.496849684968496574e-01
3.640864086408641120e-01
3.568856885688568847e-01
3.555355535553555435e-01
3.586858685868586916e-01
3.505850585058505886e-01
3.501350135013501230e-01
3.442844284428442925e-01
3.460846084608460993e-01
3.523852385238523954e-01
3.541854185418542023e-01
3.550855085508550779e-01
3.559855985598560091e-01
3.604860486048604984e-01
3.537353735373537367e-01
3.411341134113411444e-01
3.681368136813681358e-01
3.496849684968496574e-01
3.681368136813681358e-01
3.393339333933393376e-01
3.478847884788479061e-01
3.456345634563456337e-01
3.492349234923492474e-01
3.483348334833483162e-01
3.438343834383438269e-01
3.456345634563456337e-01
3.366336633663366551e-01
3.330333033303330414e-01
3.483348334833483162e-01
3.514851485148514643e-01
3.397839783978398032e-01
3.411341134113411444e-01
3.348334833483348483e-01
3.411341134113411444e-01
3.582358235823582260e-01
3.546354635463546123e-01
3.469846984698469750e-01
3.370837083708370652e-01
3.321332133213321103e-01
3.429342934293429512e-01
3.411341134113411444e-01
3.478847884788479061e-01
3.564356435643564192e-01
3.343834383438343827e-01
3.343834383438343827e-01
3.411341134113411444e-01
3.280828082808280866e-01
3.424842484248424856e-01
3.384338433843384064e-01
3.447344734473447581e-01
3.366336633663366551e-01
3.334833483348335070e-01
3.406840684068406788e-01
3.285328532853285521e-01
3.586858685868586916e-01
3.388838883888388720e-01
3.379837983798379963e-01
3.334833483348335070e-01
3.460846084608460993e-01
3.492349234923492474e-01
3.370837083708370652e-01
3.523852385238523954e-01
3.478847884788479061e-01
3.244824482448244729e-01
3.424842484248424856e-01
3.339333933393339171e-01
3.586858685868586916e-01
3.361836183618361895e-01
3.343834383438343827e-01
3.213321332133213248e-01
3.415841584158416100e-01
3.388838883888388720e-01
3.280828082808280866e-01
3.384338433843384064e-01
3.222322232223222560e-01
3.150315031503150287e-01
3.262826282628262797e-01
3.343834383438343827e-01
3.330333033303330414e-01
3.294329432943294278e-01
3.393339333933393376e-01
3.262826282628262797e-01
3.267326732673267453e-01
3.249324932493249385e-01
3.438343834383438269e-01
3.217821782178217904e-01
3.217821782178217904e-01
3.258325832583258141e-01
3.217821782178217904e-01
3.280828082808280866e-01
3.222322232223222560e-01
3.208820882088208593e-01
3.204320432043204492e-01
3.307830783078307690e-01
3.267326732673267453e-01
3.262826282628262797e-01
3.258325832583258141e-01
3.078307830783078569e-01
3.159315931593159044e-01
3.208820882088208593e-01
3.267326732673267453e-01
3.253825382538254041e-01
3.271827182718271554e-01
3.384338433843384064e-01
3.321332133213321103e-01
